65657
0.0 54
0.0 54
0.0 54
0.008041858673095703 1101
0.008041858673095703 1100
0.008041858673095703 1100
0.010560035705566406 183
0.015568971633911133 54
0.02500295639038086 54
0.025065898895263672 203
0.025255918502807617 54
0.03026103973388672 174
0.03203392028808594 54
0.04962897300720215 178
0.06238985061645508 70
0.07231903076171875 171
0.07231903076171875 203
0.07578587532043457 1105
0.07597589492797852 1104
0.07597589492797852 1104
0.08253288269042969 54
0.08920407295227051 169
0.09126687049865723 203
0.09830999374389648 54
0.10303592681884766 82
0.10666704177856445 54
0.10666704177856445 54
0.10894083976745605 161
0.13053107261657715 151
0.14239096641540527 1182
0.14239096641540527 1181
0.14239096641540527 1181
0.14239096641540527 70
0.14926600456237793 54
0.15067005157470703 132
0.15067005157470703 189
0.15916085243225098 203
0.16580986976623535 54
0.16837191581726074 54
0.16862797737121582 122
0.19263601303100586 139
0.20831894874572754 837
0.2084050178527832 836
0.2084050178527832 836
0.2084050178527832 836
0.2094099521636963 147
0.2154550552368164 54
0.22254586219787598 66
0.23056697845458984 147
0.23056697845458984 167
0.23264193534851074 54
0.23264193534851074 54
0.2330939769744873 194
0.24014997482299805 54
0.24109697341918945 203
0.24793291091918945 54
0.24924707412719727 170
0.2564258575439453 54
0.2744460105895996 167
0.27458906173706055 1111
0.27458906173706055 1110
0.2746858596801758 1110
0.281419038772583 54
0.281419038772583 54
0.2902379035949707 203
0.2902379035949707 167
0.2973148822784424 54
0.2973148822784424 54
0.3026299476623535 70
0.309445858001709 177
0.309445858001709 197
0.3304939270019531 170
0.342512845993042 1141
0.342756986618042 1140
0.342756986618042 1140
0.3493518829345703 54
0.351423978805542 170
0.35918688774108887 203
0.3626549243927002 54
0.3637099266052246 54
0.36614298820495605 54
0.36924004554748535 161
0.3823108673095703 70
0.3934168815612793 161
0.3934168815612793 190
0.41034889221191406 1094
0.41077303886413574 1093
0.41077303886413574 1093
0.4125499725341797 175
0.4184598922729492 54
0.4186239242553711 54
0.42223596572875977 498
0.42223596572875977 88
0.4252350330352783 54
0.4262509346008301 203
0.43035006523132324 164
0.433560848236084 54
0.4485318660736084 54
0.4485969543457031 54
0.4485969543457031 173
0.46233487129211426 70
0.4714980125427246 178
0.4714980125427246 198
0.4745829105377197 1177
0.4745829105377197 1176
0.4745829105377197 1176
0.4882650375366211 177
0.49104905128479004 203
0.49825000762939453 54
0.5003800392150879 54
0.507598876953125 54
0.5091888904571533 176
0.5314009189605713 162
0.5414178371429443 1098
0.5416090488433838 1097
0.5417559146881104 1097
0.543241024017334 70
0.5482609272003174 54
0.5482609272003174 54
0.5484049320220947 54
0.5534639358520508 168
0.5534639358520508 197
0.5563969612121582 194
0.5635318756103516 54
0.5649359226226807 203
0.5693180561065674 54
0.5693180561065674 54
0.5693180561065674 166
0.5923700332641602 144
0.6024868488311768 82
0.606252908706665 1179
0.606252908706665 1178
0.6092219352722168 123
0.6126229763031006 1178
0.613684892654419 54
0.613684892654419 54
0.6196520328521729 54
0.6221089363098145 66
0.6239809989929199 203
0.6291348934173584 119
0.6291348934173584 182
0.6315619945526123 54
0.634361982345581 54
0.634361982345581 54
0.6490979194641113 145
0.6718430519104004 160
0.6902449131011963 162
0.6964888572692871 54
0.7023320198059082 70
0.7094860076904297 174
0.7094860076904297 194
0.7296948432922363 159
0.7315030097961426 170
0.7402389049530029 833
0.7402389049530029 832
0.7402389049530029 832
0.7402389049530029 832
0.7473390102386475 54
0.7502379417419434 150
0.7584710121154785 54
0.7584710121154785 203
0.7606430053710938 54
0.7653899192810059 54
0.7694530487060547 132
0.7883610725402832 70
0.7926149368286133 121
0.7926149368286133 175
0.8091959953308105 120
0.8112919330596924 1102
0.8112919330596924 1101
0.8112919330596924 1101
0.818673849105835 54
0.824760913848877 54
0.8279800415039062 203
0.8297359943389893 122
0.8358149528503418 54
0.8498449325561523 124
0.862401008605957 70
0.8733248710632324 121
0.8733248710632324 144
0.8755059242248535 830
0.8755059242248535 829
0.8755059242248535 829
0.8755059242248535 829
0.8824858665466309 54
0.8897459506988525 121
0.8923239707946777 194
0.8932969570159912 54
0.8995048999786377 54
0.9003279209136963 203
0.910193920135498 152
0.9302129745483398 181
0.9436728954315186 70
0.9443719387054443 1129
0.9443719387054443 1128
0.9445350170135498 1128
0.9506778717041016 190
0.9506778717041016 210
0.9506778717041016 54
0.9506778717041016 54
0.9585909843444824 203
0.9685609340667725 185
