3335902
0.0 69
9.5367431640625e-07 68
0.2932310104370117 68
0.5620160102844238 174
0.6633398532867432 77
0.6633398532867432 93
0.9697840213775635 1477
0.9697849750518799 1480
0.9707047939300537 1477
0.972221851348877 1479
0.9722228050231934 1480
1.2219808101654053 76
1.3709609508514404 1477
1.3709609508514404 1480
1.3709609508514404 1477
1.3709638118743896 1478
1.3709650039672852 1480
1.3721158504486084 1477
1.3721179962158203 1479
1.3721189498901367 1480
1.8728959560394287 573
1.9747729301452637 1480
1.9747748374938965 1479
1.9747748374938965 1478
1.9747779369354248 1480
1.9747788906097412 1478
1.9747798442840576 1478
1.9769618511199951 1479
1.9769678115844727 1477
1.9769678115844727 1479
2.5355188846588135 1478
3.455698013305664 75
3.5028719902038574 1478
3.5028719902038574 1480
3.504549026489258 1480
3.5064289569854736 1480
3.506431818008423 1479
3.506431818008423 1478
3.5064358711242676 1477
3.5064358711242676 1480
3.50833797454834 1477
3.5083389282226562 1479
3.508340835571289 1478
3.6176559925079346 77
3.6571078300476074 77
3.737720012664795 75
3.832465887069702 574
4.082113981246948 1477
4.082114934921265 1477
4.082114934921265 1478
4.0821168422698975 1478
4.082117795944214 1478
4.084465980529785 1480
4.084465980529785 1477
4.084469795227051 1478
4.084471940994263 1478
4.0844738483428955 1478
4.084474802017212 1477
4.413479804992676 1478
4.8183510303497314 76
4.84913182258606 1480
4.849133014678955 1479
4.849133014678955 1477
4.851012945175171 1480
4.851012945175171 1478
4.851012945175171 1477
4.851013898849487 1478
4.851013898849487 1480
4.851013898849487 1479
4.851014852523804 1479
4.85101580619812 1480
4.852766990661621 1480
4.852766990661621 1479
4.8527679443359375 1477
4.852768898010254 1480
4.8548479080200195 1477
4.854851961135864 1477
4.856316804885864 1478
4.85631799697876 1479
4.85631799697876 1480
4.856318950653076 1479
4.856323003768921 1477
4.856323957443237 1480
5.217578887939453 573
5.368307828903198 1479
5.613637924194336 1478
5.613637924194336 1479
5.613639831542969 1478
5.613641023635864 1480
5.614969968795776 1478
5.614970922470093 1478
5.618376016616821 1478
5.618379831314087 1480
5.618381023406982 1477
5.620020866394043 1480
5.6212098598480225 1479
5.621210813522339 1479
5.621210813522339 1477
5.621212005615234 1478
5.623180866241455 1478
5.623180866241455 1479
5.623186826705933 1479
5.623186826705933 1477
5.6231889724731445 1477
5.623189926147461 1477
5.62517786026001 1478
5.62517786026001 1480
5.625182867050171 1478
5.6270530223846436 1477
5.6270530223846436 1478
5.627054929733276 1478
5.627054929733276 1477
5.628292798995972 1480
5.630265951156616 1478
5.630266904830933 1477
5.630266904830933 1480
5.630270957946777 1479
5.631845951080322 1479
5.631846904754639 1477
5.631846904754639 1478
5.631847858428955 1478
5.632238864898682 1479
5.633662939071655 1480
5.633663892745972 1480
5.7538299560546875 76
5.951294898986816 1073
6.063704013824463 1478
6.063704967498779 1478
6.063704967498779 1478
6.063709020614624 1477
6.063709020614624 1480
6.06371283531189 1479
6.065079927444458 1480
6.065080881118774 1479
6.159946918487549 1480
6.543644905090332 1074
6.59840989112854 75
6.708817958831787 1477
6.7088189125061035 1479
6.7088189125061035 1478
6.710335969924927 1479
6.710336923599243 1479
6.71033787727356 1479
6.71033787727356 1480
6.710338830947876 1480
6.710338830947876 1477
6.7154669761657715 1478
6.7154669761657715 1477
6.7154669761657715 1477
6.715467929840088 1480
6.717366933822632 1480
6.717366933822632 1477
6.717366933822632 1478
6.717369794845581 1478
6.717369794845581 1479
6.717371940612793 1479
6.717371940612793 1480
6.719812870025635 1478
6.719812870025635 1478
6.719813823699951 1480
6.719813823699951 1480
6.719815015792847 1478
6.719815969467163 1479
6.723433971405029 1479
6.723434925079346 1478
6.7234368324279785 1480
6.72343897819519 1478
6.723439931869507 1480
6.723439931869507 1480
6.723440885543823 1480
6.723443031311035 1479
6.724846839904785 1479
6.724846839904785 1479
6.724852800369263 1478
6.726780891418457 1478
6.728907823562622 1479
6.728907823562622 1478
6.728909015655518 1479
6.728909015655518 1480
6.72891092300415 1479
6.728911876678467 1478
6.728912830352783 1478
6.730585813522339 1478
6.732468843460083 76
7.084517955780029 1479
7.084518909454346 1478
7.0845208168029785 1477
7.08715295791626 1477
7.08715295791626 1479
7.087153911590576 1479
7.087154865264893 1478
7.088409900665283 1477
7.0884108543396 1479
7.088411808013916 1477
7.088411808013916 1480
7.088413953781128 1479
7.088414907455444 1480
7.088414907455444 1479
7.088415861129761 1477
7.088416814804077 1478
7.090498924255371 1479
7.090498924255371 1477
7.0904998779296875 1480
7.0904998779296875 1477
7.090500831604004 1477
7.090500831604004 1479
7.090502023696899 1480
7.090502023696899 1480
7.090502977371216 1478
7.090502977371216 1479
7.090503931045532 1479
7.090504884719849 1479
7.0905070304870605 1478
7.091732025146484 1479
7.091732978820801 1479
7.091734886169434 1478
7.091734886169434 1479
7.09173583984375 1477
7.091736793518066 1478
7.093815803527832 1479
7.0938169956207275 1479
7.093817949295044 1479
7.09381890296936 1479
7.09381890296936 1477
7.101217985153198 1477
7.101218938827515 1480
7.101219892501831 1479
7.101219892501831 1480
7.261951923370361 1478
7.303131818771362 1477
7.303133010864258 1480
7.303133964538574 1480
7.303138017654419 1479
7.303138017654419 1478
7.3051018714904785 1477
7.3051018714904785 1478
7.305104970932007 1480
7.305107831954956 1477
7.3063437938690186 1478
7.3063459396362305 1478
7.306352853775024 1480
7.306355953216553 1478
7.306356906890869 1478
7.308182001113892 1479
7.308183908462524 1477
7.31007194519043 1479
7.389463901519775 77
7.3956358432769775 1478
7.485010862350464 1477
7.485010862350464 1479
7.48501181602478 1478
7.485013008117676 1478
7.485014915466309 1480
7.485667943954468 1477
7.48629093170166 1478
7.486291885375977 1478
7.577293872833252 74
7.645097970962524 1074
7.67535400390625 1479
7.748766899108887 1480
7.748767852783203 1479
7.748767852783203 1478
7.7487688064575195 1479
7.748769998550415 1478
7.751055955886841 1480
7.751065015792847 1480
7.7533628940582275 1477
7.753363847732544 1478
7.75336480140686 1478
7.75336480140686 1480
7.75336480140686 1478
7.753365993499756 1479
7.753365993499756 1479
7.753366947174072 1480
7.753367900848389 1477
7.753368854522705 1480
7.753368854522705 1477
7.754894018173218 1477
7.754894971847534 1477
7.827507972717285 1480
8.183543920516968 1075
8.19383692741394 476
8.257365942001343 75
8.319715023040771 1477
8.319715976715088 1479
8.319716930389404 1477
8.31971788406372 1477
8.321329832077026 1478
8.321332931518555 1480
8.322553873062134 1477
8.322556972503662 1479
8.323584794998169 1479
8.32358694076538 1477
8.323608875274658 1478
8.323609828948975 1478
8.323609828948975 1479
8.323781967163086 1479
8.323783874511719 1478
8.326043844223022 1480
8.326044797897339 1478
8.3260498046875 1477
8.326051950454712 1479
8.327301979064941 1478
8.32730484008789 1479
8.327309846878052 1478
8.32731294631958 1479
8.328955888748169 1479
8.328961849212646 1479
8.331650972366333 1477
8.331652879714966 1477
8.331655979156494 1477
8.33165693283081 1477
8.331658840179443 1477
8.331661939620972 1478
8.333264827728271 1480
8.3332679271698 1480
8.3332679271698 1479
8.333268880844116 1478
8.333271980285645 1479
8.334784030914307 1480
8.33478593826294 1479
8.334788799285889 1480
8.334789991378784 1477
8.33654499053955 1480
8.336545944213867 1478
8.336546897888184 1478
8.336546897888184 1478
8.3365478515625 1478
8.338226795196533 1477
8.353485822677612 1477
8.353487014770508 1479
8.353487968444824 1478
8.353490829467773 1477
8.504206895828247 1073
8.505414009094238 475
8.505414009094238 1072
8.505414962768555 478
8.505414962768555 1075
8.505416870117188 476
8.505417823791504 1074
8.5054190158844 475
8.5054190158844 1073
8.505419969558716 475
8.507608890533447 1072
8.507608890533447 475
8.507608890533447 1074
8.507611989974976 571
8.647873878479004 1480
8.649937868118286 1477
8.649938821792603 1477
8.649938821792603 1479
8.651594877243042 1478
8.651594877243042 1477
8.651595830917358 1480
8.651595830917358 1479
8.651595830917358 1477
8.651597023010254 1480
8.651597023010254 1478
8.651599884033203 1480
8.65160083770752 1477
8.732144832611084 1480
8.819378852844238 1075
8.915562868118286 478
8.917585849761963 1480
8.91998291015625 1480
8.919983863830566 1478
8.919986009597778 1480
8.919986009597778 1480
8.919986963272095 1477
8.919987916946411 1479
8.919988870620728 1479
8.919988870620728 1480
8.919989824295044 1479
8.919989824295044 1477
8.922041893005371 1477
8.922045946121216 1479
8.92204999923706 1478
8.923602819442749 1479
8.923606872558594 1479
8.924996852874756 1477
8.924997806549072 1478
8.926501989364624 1480
8.92756700515747 1477
8.929476976394653 1478
8.929476976394653 1480
8.92947793006897 1477
8.929479837417603 1480
8.929481029510498 1480
8.929481983184814 1477
8.92948293685913 1479
8.929483890533447 1478
8.931249856948853 1477
8.931249856948853 1479
8.931254863739014 1477
8.931257009506226 1478
8.931257963180542 1477
8.931258916854858 1479
8.932824850082397 1479
8.932828903198242 1479
8.932832956314087 1479
8.932833909988403 1478
8.934724807739258 1478
8.934725999832153 1480
8.93472695350647 1477
8.934727907180786 1478
8.934728860855103 1480
8.934731006622314 1479
8.936335802078247 1480
8.936338901519775 1477
9.030476808547974 1479
9.030478954315186 1478
9.032415866851807 1477
9.032416820526123 1477
9.032418012619019 1478
9.0344820022583 1477
9.0344820022583 1480
9.034483909606934 1479
9.036036014556885 1480
9.036036968231201 1478
9.036036968231201 1480
9.036037921905518 1478
9.03603982925415 1478
9.036041975021362 1478
9.03836989402771 1477
9.038370847702026 1478
9.038370847702026 1480
9.038371801376343 1479
9.04035997390747 1480
9.04036283493042 1480
9.04036283493042 1478
9.041682958602905 1479
9.041685819625854 1480
9.047671794891357 1479
9.047672986984253 1478
9.047672986984253 1477
9.04767394065857 1479
9.04767394065857 1477
9.04968786239624 1480
9.04968786239624 1477
9.04968786239624 1478
9.049688816070557 1478
9.339088916778564 1074
9.33908987045288 478
9.33908987045288 1075
9.339340925216675 476
9.339341878890991 668
9.504527807235718 1479
9.504528999328613 1479
9.506946802139282 1478
9.622967958450317 1480
9.876150846481323 1479
9.876150846481323 1477
9.876153945922852 1477
9.876153945922852 1478
9.876154899597168 1479
9.876155853271484 1477
9.878144025802612 1477
9.878145933151245 1477
9.878146886825562 1480
9.878147840499878 1479
10.096894979476929 77
10.232512950897217 1480
10.232512950897217 1478
10.232513904571533 1478
10.232513904571533 1478
10.23251485824585 1477
10.23251485824585 1478
10.232515811920166 1478
10.232517004013062 1480
10.232517957687378 1479
10.242185831069946 1478
10.242187023162842 1479
10.242187023162842 1479
10.242187976837158 1479
10.243978023529053 1478
10.659986972808838 1478
10.661559820175171 1479
10.663607835769653 1479
10.663609027862549 1480
10.664991855621338 1478
10.66499400138855 1480
10.66499400138855 1478
10.664996862411499 1477
10.747036933898926 1477
10.88547682762146 1477
10.885483980178833 1480
10.885485887527466 1477
10.887578964233398 1479
10.887579917907715 1477
10.887580871582031 1478
10.887581825256348 1477
10.889003992080688 1478
10.889007806777954 1478
10.967836856842041 1477
11.160429954528809 1479
11.160429954528809 1477
11.163232803344727 1480
11.163234949111938 1478
11.1632399559021 1479
11.163240909576416 1480
11.164562940597534 1480
11.164562940597534 1480
11.16456389427185 1477
11.164564847946167 1479
11.164565801620483 1479
11.164565801620483 1479
11.391434907913208 1479
11.60791301727295 1479
11.607914924621582 1479
11.609349012374878 1479
11.610765933990479 1479
11.610767841339111 1480
11.612578868865967 1480
11.612579822540283 1478
11.612581968307495 1479
11.612582921981812 1477
11.612582921981812 1479
11.614276885986328 1479
11.614277839660645 1477
11.614277839660645 1477
11.614278793334961 1479
11.614279985427856 1477
11.614280939102173 1479
11.614280939102173 1480
11.62588882446289 1478
11.625890016555786 1478
11.93646502494812 1479
11.936466932296753 1480
12.010082006454468 166
12.109194993972778 1384
12.110208988189697 166
12.110209941864014 1382
12.134553909301758 1478
12.134554862976074 1480
12.134554862976074 1478
12.134558916091919 1478
12.134558916091919 1477
12.134559869766235 1480
12.134560823440552 1479
12.13600492477417 1479
12.136005878448486 1477
12.136008024215698 1477
12.136009931564331 1478
12.136009931564331 1479
12.138077974319458 1478
12.138078927993774 1478
12.13807988166809 1477
12.13807988166809 1477
12.138080835342407 1480
12.241345882415771 1477
12.243289947509766 1478
12.243290901184082 1477
12.243291854858398 1478
12.243291854858398 1480
12.24329400062561 1479
12.245361804962158 1479
12.245361804962158 1478
12.245361804962158 1477
12.378314971923828 167
12.378314971923828 1384
12.392135858535767 166
12.392136812210083 1382
12.392136812210083 169
12.392136812210083 1382
12.393908023834229 168
12.393908977508545 1383
12.394972801208496 169
12.394975900650024 1381
12.39497685432434 168
12.394977807998657 1382
12.394979000091553 169
12.394979000091553 1384
12.394980907440186 169
12.394981861114502 1383
12.394981861114502 168
12.396852016448975 1383
12.396853923797607 167
12.39685583114624 120
12.53272294998169 1478
12.532724857330322 1480
12.538379907608032 1480
12.538381814956665 1477
12.53838300704956 1479
12.538383960723877 1477
12.538383960723877 1479
12.540236949920654 1480
12.54023790359497 1477
12.540238857269287 1478
12.540239810943604 1480
12.540241003036499 1480
12.540241003036499 1480
12.541991949081421 1479
12.543076992034912 1478
12.545183897018433 1478
12.781608819961548 1431
12.797497987747192 118
12.797498941421509 1336
12.79750394821167 216
12.799499988555908 1430
12.891839027404785 121
12.893845796585083 1431
12.893847942352295 121
12.898676872253418 1478
12.898692846298218 1429
12.898692846298218 118
12.898693799972534 1477
12.898693799972534 119
12.898695945739746 1478
12.901948928833008 1479
12.901954889297485 1479
12.901957988739014 1478
12.901959896087646 1478
12.901960849761963 1480
12.903674840927124 1480
12.90507197380066 1480
12.905077934265137 1478
12.905078887939453 1479
12.905081987380981 1480
12.906863927841187 1480
12.906867980957031 1479
12.906868934631348 1480
12.916059970855713 1477
12.916061878204346 1479
12.922889947891235 1479
12.992453813552856 1477
12.992456912994385 1477
12.992457866668701 1478
12.992457866668701 1480
12.997092008590698 1478
12.997093915939331 1477
12.99937391281128 1478
12.99937391281128 1477
12.999375820159912 1477
13.000881910324097 1477
13.000882863998413 1479
13.002363920211792 1478
13.002365827560425 1479
13.00236701965332 1479
13.418251991271973 1072
13.469795942306519 477
13.532497882843018 1479
13.540745973587036 1478
13.542251825332642 1477
13.546590805053711 1479
13.546591997146606 1480
13.54659390449524 1478
13.548517942428589 1480
13.548523902893066 1478
13.550190925598145 1478
13.550191879272461 1477
13.550192832946777 1480
13.55019497871399 1479
13.550195932388306 1477
13.553673028945923 1480
13.55367398262024 1478
13.554837942123413 1479
13.554839849472046 1478
13.55484390258789 1477
13.557935953140259 1477
13.559576988220215 1480
13.559581995010376 1477
13.561170816421509 1479
13.561173915863037 1480
13.561174869537354 1479
13.562896966934204 1480
13.56289792060852 1479
13.56289792060852 1479
13.562898874282837 1477
13.562899827957153 1478
13.562901020050049 1478
13.562902927398682 1478
13.562903881072998 1477
13.562904834747314 1478
13.564623832702637 1479
13.564625024795532 1479
13.564625978469849 1480
13.564628839492798 1477
13.564629793167114 1477
13.564629793167114 1477
13.56463098526001 1477
13.564631938934326 1478
13.564633846282959 1480
13.56705379486084 1480
13.567062854766846 1479
13.568833827972412 1480
13.568837881088257 1477
13.568840026855469 1480
13.57552981376648 1478
13.577711820602417 1479
13.577713012695312 1479
13.577713966369629 1478
13.577714920043945 1477
13.577714920043945 1477
13.577715873718262 1477
13.577716827392578 1477
13.577718019485474 1479
13.57771897315979 1479
13.57771897315979 1478
13.59810495376587 1480
13.598106861114502 1478
13.598107814788818 1478
13.598111867904663 1478
13.607883930206299 1478
13.607884883880615 1477
13.607884883880615 1478
13.607887983322144 1477
13.607890844345093 1477
13.607892990112305 1478
13.607892990112305 1480
13.607894897460938 1480
13.607894897460938 1479
13.60813283920288 1477
13.609243869781494 1478
13.610281944274902 1478
13.61227297782898 1480
13.61227297782898 1477
13.612273931503296 1477
13.612273931503296 1479
13.612275838851929 1477
13.612275838851929 1479
13.612277030944824 1479
13.614125967025757 1477
13.840161800384521 1074
13.840162992477417 475
13.840162992477417 1075
13.840163946151733 475
13.840163946151733 1072
13.84016489982605 476
13.841736793518066 1074
13.841737985610962 478
13.841738939285278 1075
13.841741800308228 477
13.84174394607544 1072
13.841744899749756 478
13.841745853424072 1074
13.842491865158081 475
13.84249496459961 1072
13.842495918273926 476
13.843518018722534 1075
13.843518018722534 619
13.893227815628052 1073
13.941125869750977 1479
13.954923868179321 1479
13.954924821853638 1477
13.956384897232056 1479
13.956385850906372 1480
13.956386804580688 1479
13.956390857696533 1477
13.956393003463745 1477
13.956393003463745 1478
13.956394910812378 1480
13.958272933959961 1479
13.960110902786255 1477
13.960111856460571 1477
13.960114002227783 1477
13.962260961532593 1479
13.962262868881226 1479
13.972566843032837 1479
13.97488784790039 1480
13.988839864730835 1478
14.302570819854736 1480
14.302572011947632 1478
14.302573919296265 1478
14.302574872970581 1478
14.302574872970581 1477
14.304634809494019 1477
14.30463695526123 1480
14.304643869400024 1480
14.306203842163086 1478
14.306204795837402 1477
14.306205987930298 1479
14.445720911026001 1024
14.597071886062622 1477
14.67654299736023 1477
14.843398809432983 77
14.853068828582764 1074
14.865389823913574 1073
14.880812883377075 1074
14.97425389289856 1479
14.974254846572876 1477
14.974255800247192 1478
14.974257946014404 1479
14.97425889968872 1480
14.975899934768677 1479
14.975902795791626 1479
14.975904941558838 1477
14.975905895233154 1479
14.97590684890747 1480
14.9774329662323 1478
14.977433919906616 1480
14.977435827255249 1478
14.979269981384277 1479
14.979270935058594 1477
14.979272842407227 1480
14.979273796081543 1478
14.981156826019287 1480
14.981158018112183 1480
14.981158018112183 1478
14.981158018112183 1479
14.981159925460815 1479
14.981160879135132 1480
14.981161832809448 1478
14.982563018798828 1480
14.982563972473145 1479
14.984182834625244 1480
14.98418402671814 1477
14.984184980392456 1479
14.984185934066772 1480
14.984185934066772 1477
14.984188795089722 1478
14.984189987182617 1480
14.985596895217896 1479
14.985596895217896 1480
14.985596895217896 1477
14.985598802566528 1480
14.985599994659424 1477
14.985601902008057 1480
14.987501859664917 1479
14.987502813339233 1478
14.987502813339233 1480
14.988981008529663 1477
14.988981008529663 1480
14.988982915878296 1478
14.988984823226929 1477
14.991904020309448 1477
14.991904973983765 1478
14.991904973983765 1479
14.991905927658081 1480
14.99190902709961 1480
14.993310928344727 1479
14.99331283569336 1479
14.99331283569336 1479
14.993314027786255 1478
14.993314981460571 1477
14.995548963546753 1480
14.995550870895386 1480
14.995550870895386 1479
14.995553970336914 1480
14.99555492401123 1479
14.997366905212402 1479
14.997368812561035 1477
14.99737000465393 1479
14.998816013336182 1480
15.000841856002808 1478
15.008822917938232 1480
15.012125015258789 1477
15.012131929397583 1479
15.013718843460083 1477
15.0137197971344 1479
15.0137197971344 1477
15.013725996017456 1478
15.015726804733276 1478
15.015728950500488 1477
15.015730857849121 1479
15.01573395729065 1479
15.01573395729065 1479
15.015735864639282 1480
15.016892910003662 1480
15.018337965011597 1478
15.018342018127441 1479
15.018342971801758 1477
15.020341873168945 1479
15.020342826843262 1479
15.020342826843262 1477
15.02034592628479 1480
15.02034592628479 1478
15.020346879959106 1478
15.020347833633423 1480
15.020349025726318 1477
15.020349025726318 1478
15.024125814437866 1478
15.024130821228027 1477
15.024557828903198 1477
15.025951862335205 1478
15.025951862335205 1478
15.025954008102417 1477
15.025954008102417 1478
15.028033018112183 1478
15.028033971786499 1477
15.028034925460815 1477
15.028036832809448 1480
15.02804183959961 1480
15.028042793273926 1479
15.029488801956177 1477
15.029489994049072 1478
15.029490947723389 1479
15.029642820358276 1480
15.032046794891357 1478
15.032047986984253 1477
15.03204894065857 1480
15.032050848007202 1479
15.032054901123047 1479
15.033854007720947 1477
15.03385591506958 1477
15.03385591506958 1478
15.033861875534058 1479
15.040127992630005 1479
15.040128946304321 1477
15.040129899978638 1480
15.042683839797974 1480
15.044264793395996 1478
15.044272899627686 1480
15.274881839752197 1480
15.468097925186157 1478
15.47202181816101 1478
15.472023010253906 1480
15.475448846817017 1479
16.271780014038086 1478
16.271782875061035 1479
16.271782875061035 1478
16.27542781829834 1480
16.275429010391235 1479
16.27898097038269 1479
16.278981924057007 1477
16.278981924057007 1480
16.278982877731323 1479
16.27898383140564 1478
16.282333850860596 1477
16.282334804534912 1478
16.282335996627808 1480
16.58958888053894 1479
16.964733839035034 1478
16.96473503112793 1479
16.964738845825195 1478
16.96473979949951 1477
17.922998905181885 1479
17.9229998588562 1478
17.9229998588562 1478
17.9229998588562 1479
17.924742937088013 1478
17.924744844436646 1480
17.924744844436646 1479
18.981130838394165 1480
18.98311495780945 1479
18.983120918273926 1478
18.983121871948242 1479
18.985527992248535 1478
18.985529899597168 1479
19.029812812805176 1478
19.340713024139404 1477
19.342309951782227 1480
19.342310905456543 1479
19.34231185913086 1480
19.34231185913086 1479
19.342312812805176 1478
19.34231400489807 1479
19.342314958572388 1477
19.344499826431274 1478
19.406322956085205 1479
19.654245853424072 1478
20.05530285835266 1477
20.055305004119873 1480
20.055307865142822 1478
20.055310010910034 1478
20.05531096458435 1480
20.055311918258667 1477
20.055312871932983 1479
20.05531597137451 1480
20.055317878723145 1478
20.05531883239746 1480
20.055360794067383 1480
20.05536699295044 1477
20.055368900299072 1477
20.059027910232544 1478
20.059029817581177 1477
20.059032917022705 1478
20.05903387069702 1479
20.512993812561035 166
20.52058982849121 1478
20.520591020584106 1477
20.520591974258423 1477
20.520594835281372 1478
20.520599842071533 1478
20.522202014923096 1479
20.52220392227173 1478
20.522204875946045 1480
20.522204875946045 1477
20.522204875946045 1479
20.52220582962036 1480
20.522207021713257 1477
20.522207975387573 1477
20.522207975387573 1478
20.522222995758057 1478
20.524098873138428 1477
20.524099826812744 1477
20.52410101890564 1479
20.52554702758789 1479
20.525547981262207 1480
20.525548934936523 1479
20.525551795959473 1479
20.527536869049072 1480
20.527536869049072 1478
20.606292963027954 1384
20.69506001472473 167
20.695060968399048 1383
20.695060968399048 167
20.695060968399048 1381
20.695061922073364 168
20.695061922073364 1383
20.695061922073364 166
20.702804803848267 1383
20.702804803848267 166
20.702805995941162 1383
20.702805995941162 169
20.702805995941162 1383
20.70280694961548 169
20.702807903289795 1381
20.702807903289795 169
20.707759857177734 1384
20.707759857177734 168
20.707759857177734 573
20.754405975341797 881
20.833858966827393 1479
20.833860874176025 1480
20.833861827850342 1479
20.833863019943237 1477
20.833863019943237 1478
20.83386993408203 667
20.83386993408203 976
20.850027799606323 1478
20.85139298439026 1480
20.85327696800232 1479
20.853278875350952 1478
20.8552348613739 1478
20.855237007141113 1478
20.855239868164062 1478
20.855239868164062 1480
20.85524082183838 1480
20.908823013305664 1477
20.90882396697998 1478
20.90882396697998 1479
20.908824920654297 1478
20.908825874328613 1479
20.90882682800293 1478
20.91384196281433 1477
20.913842916488647 1480
20.91384482383728 1480
20.91384482383728 1479
20.913846015930176 1477
20.913846969604492 1477
20.913846969604492 1480
20.972917795181274 574
20.972917795181274 976
20.972917795181274 574
20.97291898727417 978
20.972919940948486 572
20.97292184829712 979
20.989030838012695 1479
21.05291199684143 572
21.05291485786438 121
21.092947959899902 1478
21.092947959899902 1479
21.09294891357422 1480
21.09294891357422 1478
21.092949867248535 1479
21.09295082092285 1478
21.09295082092285 1478
21.09295082092285 1477
21.092952966690063 1478
21.09440588951111 1479
21.09440779685974 1479
21.09440779685974 1478
21.205684900283813 1479
21.205687999725342 1477
21.205691814422607 1480
21.239923000335693 1478
21.453128814697266 120
21.484050989151 1478
21.578810930252075 1478
21.578810930252075 1477
21.580861806869507 1478
21.58086395263672 1479
21.58086395263672 1477
21.58316397666931 1478
21.583165884017944 1478
21.583168029785156 1478
21.589842796325684 1477
21.58984398841858 1479
21.589844942092896 1480
21.617213010787964 1479
21.617214918136597 1478
21.617215871810913 1479
21.619419813156128 1478
21.82002902030945 1480
21.849076986312866 1477
22.295650959014893 1477
22.355458974838257 1477
22.355459928512573 1480
22.35725688934326 1480
22.357263803482056 1477
22.357263803482056 1480
22.35726499557495 1480
22.357265949249268 1480
22.357266902923584 1480
22.357266902923584 1479
22.358951807022095 1479
22.35895299911499 1477
22.358953952789307 1479
22.358953952789307 1479
22.358954906463623 1477
22.358954906463623 1478
22.35895586013794 1477
22.358956813812256 1478
22.601852893829346 1478
22.644685983657837 1479
22.716826915740967 77
22.886103868484497 1480
22.886104822158813 1477
22.886104822158813 1478
22.88610601425171 1477
23.16497492790222 1480
23.164975881576538 1477
23.164976835250854 1480
23.16763997077942 1477
23.16763997077942 1478
23.167640924453735 1477
23.167642831802368 1480
23.167642831802368 1479
23.500545024871826 1480
23.500545978546143 1480
23.500545978546143 1480
23.50054693222046 1478
23.503439903259277 1478
23.503439903259277 1477
23.503439903259277 1479
23.503440856933594 1477
23.503440856933594 1478
23.50344181060791 1478
23.505157947540283 1479
23.512876987457275 1478
23.512876987457275 1478
23.512877941131592 1477
23.512878894805908 1478
23.512879848480225 1480
23.512879848480225 1480
23.721730947494507 1478
23.721736907958984 1480
23.72288179397583 1477
23.72288179397583 1479
23.722882986068726 1480
23.722882986068726 1478
23.72288680076599 1479
23.723203897476196 1478
23.726218938827515 1478
23.737802982330322 1480
23.737802982330322 1477
23.751884937286377 1480
23.75188684463501 1478
23.75424289703369 1478
23.75424289703369 1477
23.769819974899292 1478
23.771332025527954 1477
23.773541927337646 1478
23.77354383468628 1477
23.773545026779175 1478
23.773545026779175 1479
23.77354598045349 1479
23.77354598045349 1480
23.773546934127808 1477
23.773547887802124 1479
23.8385648727417 167
23.999799013137817 1479
24.001724004745483 1479
24.001724004745483 1478
24.0017249584198 1478
24.001726865768433 1480
24.00172781944275 1479
24.00172781944275 1480
24.001729011535645 1480
24.001729011535645 1477
24.00172996520996 1477
24.003997802734375 1477
24.004000902175903 1479
24.005189895629883 1479
24.005189895629883 1478
24.0051908493042 1477
24.005191802978516 1479
24.006760835647583 1478
24.006762981414795 1478
24.010021924972534 1480
24.02271580696106 1381
24.162792921066284 1479
24.162792921066284 1477
24.165077924728394 1478
24.166314840316772 1477
24.166314840316772 1478
24.166316986083984 1477
24.166316986083984 1480
24.166316986083984 1478
24.24704599380493 169
24.247046947479248 1384
24.247046947479248 166
24.247047901153564 573
24.39416790008545 1477
24.394169807434082 1480
24.394169807434082 1478
24.394170999526978 1480
24.39417290687561 1479
24.430267810821533 1479
24.627163887023926 1479
24.627164840698242 1477
24.627164840698242 1480
24.627166986465454 1479
24.629211902618408 1478
24.630783796310425 1479
24.630785942077637 1478
24.630785942077637 1479
24.630786895751953 1480
24.630786895751953 1478
24.630786895751953 1480
24.632970809936523 1480
24.632970809936523 1479
24.63297390937805 1480
24.632974863052368 1480
24.635202884674072 1479
24.937488794326782 1478
24.93938398361206 1479
24.985683917999268 1477
24.9856858253479 1478
24.98944902420044 1479
24.989450931549072 1479
25.339146852493286 1480
25.34096097946167 1478
25.340961933135986 1478
25.340962886810303 1479
25.34096384048462 1478
25.3429958820343 1478
25.342996835708618 1479
25.7161808013916 1479
25.718341827392578 1478
25.718341827392578 1477
25.718343019485474 1478
25.718343019485474 1477
25.723086833953857 1479
25.723088026046753 1477
25.723088026046753 1477
25.723089933395386 1477
25.83641290664673 1480
26.386085987091064 1478
26.38608694076538 1478
26.386087894439697 1480
26.386088848114014 1479
26.38608980178833 1480
26.386090993881226 1480
26.39738392829895 1478
26.397385835647583 1478
26.39738702774048 1480
26.39738702774048 1479
26.397387981414795 1480
26.39738893508911 1480
26.501824855804443 1479
26.50182580947876 1480
26.503015995025635 1479
26.807796001434326 1480
26.807796001434326 1478
26.807796955108643 1477
26.807796955108643 1479
26.80779790878296 1480
26.807798862457275 1480
26.81029486656189 1477
26.8769588470459 1480
26.87804102897644 1480
26.878042936325073 1480
26.879802942276 1480
26.879804849624634 1477
26.95142698287964 1478
26.951427936553955 1480
26.951427936553955 1478
26.95858097076416 1479
27.047046899795532 1479
27.444248914718628 1477
27.44425082206726 1479
27.444252014160156 1480
27.444257974624634 1480
27.444257974624634 1478
27.44425892829895 1479
27.487834930419922 1477
27.48783588409424 1479
27.487836837768555 1479
27.548882007598877 1478
27.81074094772339 1478
27.909036874771118 1480
28.22326898574829 1477
28.22326898574829 1477
28.223269939422607 1479
28.22328495979309 1479
28.67482590675354 1479
28.771055936813354 1480
29.05516290664673 1477
29.055166959762573 1480
29.055169820785522 1479
29.326156854629517 1479
29.326156854629517 1478
29.32744288444519 1480
29.32744288444519 1480
29.432955980300903 1477
29.631662845611572 1477
29.631662845611572 1477
29.631664991378784 1477
29.6316659450531 1480
29.631666898727417 1478
29.631667852401733 1477
29.923892974853516 1479
29.924781799316406 1480
30.21354579925537 1477
30.2135488986969 1478
30.231141805648804 1478
30.667956829071045 1477
30.67215085029602 1479
30.67518901824951 1479
30.67661190032959 1478
30.676613807678223 1477
30.676613807678223 1479
30.676615953445435 1480
30.67661690711975 1478
30.676617860794067 1477
31.17021083831787 1479
31.170212984085083 1479
31.17021679878235 1480
31.170219898223877 1477
31.170219898223877 1480
31.172446966171265 1480
31.172449827194214 1480
31.17373299598694 1480
31.173733949661255 1478
31.17373490333557 1480
31.173735857009888 1478
31.188849925994873 1477
31.438992023468018 1170
31.574136972427368 1480
31.574137926101685 1479
31.574137926101685 1477
31.577821016311646 1480
31.577821969985962 1477
31.57782292366028 1477
31.57978391647339 1480
31.579784870147705 1478
31.57978582382202 1478
31.58163595199585 1479
31.5816388130188 1480
31.581642866134644 1480
31.58164381980896 1479
31.58164381980896 1479
31.581645011901855 1478
31.837581872940063 1480
31.837581872940063 1479
31.92650294303894 1477
32.18118691444397 76
32.368130922317505 1480
32.36981391906738 1480
32.36981391906738 1479
32.3698148727417 1478
32.369815826416016 1480
32.37517690658569 1477
32.37519383430481 1478
32.37598896026611 1480
32.37741184234619 1477
32.37741279602051 1480
32.3774139881134 1477
32.766180992126465 1479
32.766180992126465 1477
32.76618194580078 1478
32.7661828994751 1479
32.7661828994751 1477
32.766183853149414 1478
32.76801586151123 1477
32.76801681518555 1480
32.76801681518555 1477
32.76801800727844 1480
32.76801800727844 1479
32.76801896095276 1477
32.76801896095276 1480
32.768019914627075 1480
32.76927590370178 1477
32.85948085784912 1480
32.9618878364563 1074
33.11222982406616 1480
33.11223101615906 1480
33.112231969833374 1477
33.11223292350769 1479
33.11223387718201 1479
33.11223483085632 1480
33.31922698020935 1477
34.03264093399048 1478
34.03264093399048 1479
34.034552812576294 1479
34.03455686569214 1480
34.03455996513367 1478
34.275646924972534 1480
34.56587886810303 1477
34.565879821777344 1480
34.565892934799194 1477
34.56822085380554 1479
34.56822085380554 1478
34.56822180747986 1477
34.575809955596924 1477
34.839720010757446 1477
34.83972096443176 1478
34.84225082397461 1478
34.842252016067505 1478
34.842252016067505 1478
34.842252016067505 1478
34.84225296974182 1479
34.84225392341614 1478
34.84225392341614 1480
35.02741098403931 1477
35.02741289138794 1480
35.02741289138794 1479
35.02741479873657 1478
35.06095886230469 1480
35.0609610080719 1478
35.06278681755066 1479
35.06278681755066 1479
35.06278896331787 1478
35.06426191329956 1479
35.06426382064819 1479
35.06426382064819 1480
35.06426501274109 1477
35.31340003013611 1479
35.313400983810425 1480
35.31340193748474 1480
35.31340193748474 1477
35.31340289115906 1477
35.313403844833374 1479
35.31340789794922 1479
35.315656900405884 1480
35.343626976013184 1478
35.3436279296875 1480
35.343631982803345 1478
35.34363293647766 1477
35.34363389015198 1480
35.343634843826294 1478
35.34363579750061 1480
35.343636989593506 1478
35.34363794326782 1477
35.34364199638367 1477
35.3436439037323 1477
35.34364581108093 1477
35.38856482505798 1478
35.38856601715088 1480
35.4941840171814 1073
35.61588096618652 1477
35.61588096618652 1479
35.61588191986084 1477
35.61588191986084 1478
35.6396369934082 1479
35.69371294975281 77
35.87569785118103 1480
35.87569785118103 1479
35.87569999694824 1480
35.87570095062256 1479
35.87570095062256 1477
35.875701904296875 1477
35.875701904296875 1478
35.88282895088196 1478
35.882829904556274 1477
35.882829904556274 1477
35.88283181190491 1477
36.08490586280823 1479
36.08490800857544 1479
36.084908962249756 1479
36.086615800857544 1477
36.086617946624756 1479
36.086617946624756 1480
36.086681842803955 1479
36.08850598335266 1477
36.08850598335266 1478
36.08850598335266 1479
36.08850693702698 1479
36.11269998550415 1478
36.592052936553955 1480
36.59476184844971 1480
36.59476280212402 1480
36.59476280212402 1480
36.594764947891235 1480
36.59476685523987 1477
36.59476685523987 1477
36.59605288505554 1479
36.59605383872986 1478
36.5960578918457 1477
36.603776931762695 1477
36.603776931762695 1477
36.603776931762695 1478
36.60377788543701 1477
37.004732847213745 1480
37.0091438293457 1477
37.0091450214386 1480
37.01139283180237 1478
37.38425302505493 1480
37.7432758808136 1480
37.745121002197266 1478
38.387274980545044 1075
38.53176999092102 1480
38.53177189826965 1477
39.140892028808594 1074
39.258821964263916 1477
39.26063299179077 1477
39.4070348739624 1479
39.40703797340393 1479
39.40915894508362 1478
39.409159898757935 1480
39.69828796386719 1477
39.69937300682068 1479
39.69937300682068 1477
39.699373960494995 1479
39.778728008270264 1477
39.89626383781433 1479
39.89626502990723 1479
39.89626693725586 1479
40.34821891784668 1479
40.42365884780884 1478
40.42365884780884 1479
40.42366099357605 1478
40.42556691169739 1479
40.47343683242798 1478
40.637117862701416 1480
40.63711881637573 1479
40.63711881637573 1478
40.63712000846863 1478
40.637120962142944 1477
40.63874101638794 1477
40.68133187294006 1478
40.68133282661438 1479
40.893558979034424 1477
41.01431584358215 1477
41.01431894302368 1478
41.016902923583984 1478
41.01690483093262 1479
41.01690697669983 1478
41.016907930374146 1478
41.016911029815674 1479
41.06307888031006 1480
41.06308102607727 1478
41.06706500053406 1478
41.067065954208374 1477
41.068885803222656 1480
41.5914568901062 1074
41.73932695388794 1479
41.739327907562256 1477
41.739327907562256 1479
41.739331007003784 1477
41.7393319606781 1479
41.73933386802673 1479
41.73933386802673 1480
41.741290807724 1478
41.741291999816895 1477
41.74129295349121 1477
41.74129581451416 1479
41.743305921554565 1480
41.74330687522888 1480
41.74330687522888 1479
42.148638010025024 74
42.41123294830322 1478
42.411234855651855 1477
42.41123700141907 1478
42.41124200820923 1480
42.502301931381226 571
42.705101013183594 1477
43.89657783508301 1478
43.89657783508301 1480
43.8965790271759 1477
43.8965790271759 1479
43.8965790271759 1479
43.89657998085022 1480
43.898658990859985 1477
43.90145993232727 1478
43.90146088600159 1480
43.90146493911743 1477
43.901466846466064 1477
43.903980016708374 1480
43.903985023498535 1478
43.90588188171387 1480
43.905882835388184 1478
43.905882835388184 1480
43.90588402748108 1480
43.90588402748108 1477
44.250335931777954 1479
44.25033688545227 1478
44.25033903121948 1480
44.25033903121948 1479
44.2503399848938 1479
44.250340938568115 1477
44.250340938568115 1479
44.250343799591064 1477
44.25034499168396 1478
44.250345945358276 1479
44.250345945358276 1478
44.25215482711792 1480
44.25215983390808 1478
44.25215983390808 1479
44.25429892539978 1478
44.2621808052063 1479
44.353808879852295 574
44.48134994506836 1479
44.48134994506836 1478
44.48134994506836 1480
44.481350898742676 1477
45.71492600440979 1480
45.71492600440979 1480
45.716912031173706 1479
46.161834955215454 76
46.332666873931885 1480
46.33266997337341 1478
46.33267283439636 1477
46.33461093902588 1478
46.334611892700195 1479
46.33461284637451 1477
46.33461380004883 1477
46.33575201034546 1480
46.335752964019775 1479
46.337543964385986 1477
46.33963584899902 1477
46.341415882110596 1478
46.4543719291687 118
46.45501899719238 1432
48.395033836364746 1478
48.39503598213196 1477
48.395036935806274 1479
48.41175985336304 1477
48.41367292404175 1480
48.413673877716064 1480
48.41490602493286 1479
48.41490697860718 1479
48.414907932281494 1477
48.41713190078735 1477
48.41713285446167 1478
48.85596179962158 1477
49.31600594520569 1479
50.35010600090027 1479
50.851043939590454 1480
50.85104489326477 1479
50.85241484642029 1478
50.85241484642029 1480
50.852415800094604 1478
51.33175587654114 1479
51.33175587654114 1478
51.331756830215454 1480
51.331758975982666 1480
51.501554012298584 119
51.502864837646484 1431
51.648061990737915 1477
51.64806294441223 1477
51.648066997528076 1480
51.64806890487671 1479
51.648069858551025 1478
51.64855098724365 1479
51.88288879394531 118
51.90827679634094 1026
52.05362796783447 1477
52.082077980041504 1479
52.08207988739014 1478
52.391605854034424 1479
52.391607999801636 1479
52.393534898757935 1479
52.39353585243225 1479
52.39353680610657 1479
52.39354085922241 1480
52.39510202407837 1478
52.395102977752686 1478
52.40187883377075 1480
52.40188002586365 1478
52.401880979537964 1477
52.40387487411499 1478
52.40387487411499 1478
52.40387582778931 1479
52.71061086654663 573
52.84575891494751 1480
52.845759868621826 1480
52.84710097312927 1477
52.847102880477905 1478
52.84710502624512 1479
52.84710502624512 1478
52.847105979919434 1477
52.849133014678955 1477
52.849133014678955 1477
52.873387813568115 1480
53.35872793197632 75
53.456907987594604 572
53.52072286605835 1477
53.52072501182556 1478
53.52073001861572 1477
53.52073097229004 1478
53.520731925964355 1478
53.52073287963867 1480
53.52159094810486 1480
53.52159595489502 1479
53.52160096168518 1480
53.521605014801025 1478
53.52161002159119 1480
53.52161192893982 1477
53.52262496948242 1477
53.557852029800415 1477
53.56156802177429 1480
53.56346297264099 1478
53.56913995742798 1480
53.56913995742798 1479
53.57099485397339 1479
53.573028802871704 1480
53.573028802871704 1478
53.5730299949646 1480
53.573030948638916 1477
54.12825393676758 1479
54.18336796760559 1477
54.183372020721436 1480
54.18337297439575 1479
54.18551683425903 1478
54.18551683425903 1478
54.185518980026245 1478
54.18551993370056 1480
54.18551993370056 1479
54.7877938747406 1477
54.7877938747406 1479
54.78779482841492 1477
55.216641902923584 1478
55.2166428565979 1480
55.22039580345154 1480
55.220396995544434 1480
55.220396995544434 1477
55.22109079360962 1477
55.221091985702515 1477
55.22405695915222 1477
55.22405791282654 1480
55.224058866500854 1480
55.22405982017517 1479
55.224061012268066 1479
55.224061012268066 1479
55.22406196594238 1478
55.22766089439392 1477
55.22766399383545 1480
55.22766590118408 1480
55.2276668548584 1478
55.22766900062561 1480
56.01127099990845 1477
56.01315879821777 1480
56.252131938934326 1478
56.25213289260864 1477
56.25213599205017 1480
56.25213599205017 1477
56.25213694572449 1477
56.25356101989746 1478
56.25356197357178 1479
56.25356197357178 1478
56.86192989349365 1480
56.86192989349365 1479
56.861931800842285 1479
56.863818883895874 1480
57.31210279464722 1074
57.639137983322144 1480
57.63914394378662 1477
57.639147996902466 1479
57.821247816085815 74
57.98499584197998 1479
57.98714590072632 1478
57.98714590072632 1480
57.987146854400635 1479
57.98714780807495 1478
58.51256084442139 1479
58.512563943862915 1480
58.51440691947937 1479
58.520811796188354 1477
58.52081489562988 1477
58.522573947906494 1480
58.52514100074768 1477
58.525144815444946 1479
58.57292580604553 1477
58.573675870895386 1478
59.01182579994202 1480
59.01182579994202 1479
59.01182699203491 1478
59.01383590698242 1478
59.013837814331055 1479
59.01383900642395 1479
59.01383900642395 1479
59.01383996009827 1478
59.01383996009827 1479
59.01383996009827 1480
59.01384091377258 1479
59.015995025634766 1480
59.185707807540894 1479
59.18570899963379 1478
59.18711996078491 1480
59.74548602104187 1073
59.892040967941284 1477
59.89204287528992 1477
59.89204382896423 1478
59.892356872558594 1480
60.06092691421509 1478
60.060927867889404 1478
60.06092882156372 1477
60.723702907562256 1480
60.94865393638611 1479
60.948654890060425 1479
60.950376987457275 1478
61.54678797721863 1479
61.778676986694336 1480
61.77867794036865 1479
62.628434896469116 1477
62.62843585014343 1479
62.80279898643494 1480
62.80279898643494 1477
62.80279994010925 1480
63.17753982543945 82
63.50072693824768 1477
63.503068923950195 1477
63.503079891204834 1477
64.0393898487091 1479
64.0393898487091 1479
64.03939294815063 1478
64.04078602790833 1480
64.04078698158264 1477
64.41939496994019 1480
64.41939496994019 1478
64.41939687728882 1479
64.41939687728882 1477
64.41939783096313 1480
64.4213638305664 1478
64.58908987045288 1479
64.59104180335999 1480
64.63285779953003 1478
64.63286685943604 1478
64.63286685943604 1479
64.63286900520325 1478
64.63287091255188 1478
64.63287591934204 1479
64.63375186920166 1480
64.63547492027283 1477
64.63547587394714 1477
64.69572591781616 573
64.8194568157196 1480
64.99004292488098 77
65.2492790222168 1477
65.2492790222168 1479
65.24927997589111 1479
65.24927997589111 1479
65.24928092956543 1480
65.25068783760071 1480
65.25068998336792 1478
65.25068998336792 1480
65.25069189071655 1477
65.25069284439087 1477
65.25069284439087 1479
66.27335000038147 572
66.32897400856018 1479
66.38044095039368 1480
66.38044285774231 1479
66.41791296005249 1480
66.42806696891785 1478
66.43189692497253 1480
66.43189787864685 1480
66.49894189834595 1479
66.50006580352783 1479
66.50006699562073 1477
66.50006890296936 1480
66.50006890296936 1478
67.10336780548096 1478
67.10336899757385 1477
67.10337090492249 1478
67.10523390769958 1480
67.1068389415741 1478
67.10684084892273 1477
67.10885787010193 1479
67.10885882377625 1479
67.10886001586914 1480
67.10886096954346 1477
67.1088638305664 1480
67.1088650226593 1480
67.11098599433899 1478
67.11098599433899 1480
67.11098599433899 1478
67.1109869480133 1477
67.11400985717773 1479
67.11401200294495 1480
67.11401391029358 1480
67.44305181503296 572
67.57606983184814 1477
67.57606983184814 1478
67.57803893089294 1477
67.57804203033447 1480
67.57804203033447 1480
67.76515197753906 75
67.93937492370605 1479
67.93937587738037 1478
67.93981790542603 1477
67.93981885910034 1478
67.94104886054993 1479
67.94105195999146 1480
67.94316792488098 1480
67.9431688785553 1479
67.9431688785553 1477
67.94316983222961 1479
67.94317102432251 1477
67.94317102432251 1480
67.94317197799683 1477
67.94317197799683 1479
68.52115488052368 1479
68.521155834198 1478
68.521155834198 1479
68.521155834198 1480
68.5211570262909 1479
68.5211570262909 1477
68.52291584014893 1478
68.52291679382324 1477
68.52291798591614 1479
68.52291798591614 1477
68.83545398712158 1480
68.9747519493103 1480
68.97475290298462 1480
68.97475290298462 1477
68.97475695610046 1480
68.97683000564575 1478
68.97796893119812 1477
68.97796988487244 1479
68.97970080375671 1479
68.97970199584961 1477
68.97970199584961 1478
68.98891091346741 1478
68.99036502838135 1480
68.99036502838135 1477
68.99036502838135 1478
68.99036884307861 1477
68.99257802963257 1478
68.99257898330688 1480
69.26897501945496 1074
69.4250659942627 1478
69.48654580116272 1478
70.33691000938416 1480
70.33691191673279 1477
70.33963799476624 1480
70.71001982688904 1477
70.71157002449036 1477
70.7115728855133 1477
70.71157383918762 1479
70.71312379837036 1479
70.96373081207275 1479
70.96373200416565 1480
70.96504282951355 1477
70.96504402160645 1480
70.97432589530945 1480
70.97432684898376 1480
70.97432684898376 1478
70.97432780265808 1479
71.07224082946777 1478
71.07379198074341 1478
71.74811697006226 1478
71.76961183547974 1479
71.76961493492126 1477
71.78232884407043 1478
71.78232979774475 1479
71.78233098983765 1479
71.78425884246826 1479
71.78426194190979 1479
71.7842628955841 1480
71.78754091262817 1480
71.78754186630249 1479
71.78754186630249 1478
71.7875440120697 1479
71.85418200492859 1478
71.85418200492859 1478
71.8541829586029 1479
72.4202299118042 1479
72.42023086547852 1477
72.61796283721924 1479
72.61796402931213 1480
72.61921787261963 1479
72.68249487876892 1075
72.81699395179749 1478
72.81699395179749 1477
72.81699895858765 1480
72.81700301170349 1477
72.81700301170349 1477
72.81700301170349 1479
72.81700396537781 1477
72.81906390190125 1478
72.81906485557556 1477
72.81906485557556 1479
72.81906580924988 1479
73.10149788856506 76
73.27543902397156 1477
73.27543997764587 1479
73.27544093132019 1477
73.2754418849945 1477
73.2754418849945 1478
73.27544283866882 1477
73.27940797805786 1477
73.27940797805786 1477
73.27940893173218 1477
73.27940893173218 1479
73.2794098854065 1477
73.27941083908081 1480
73.2816870212555 1480
73.28168892860413 1478
73.66865992546082 1477
73.66865992546082 1477
73.66865992546082 1480
73.66866183280945 1479
73.66866302490234 1477
73.66866302490234 1478
73.670569896698 1480
73.670569896698 1479
73.67057180404663 1479
73.68473291397095 1480
73.68607997894287 1477
73.68815302848816 1477
73.69053292274475 1479
73.69053387641907 1479
73.69053387641907 1480
73.69053483009338 1479
73.69053792953491 1479
73.69253182411194 1479
73.69253182411194 1480
73.69433879852295 1477
73.69433999061584 1480
74.03197979927063 1075
74.17252898216248 1480
74.37770700454712 1479
74.37770795822144 1478
74.37934398651123 1477
74.37934589385986 1477
74.37934589385986 1480
74.37934994697571 1479
74.37934994697571 1479
74.37935400009155 1478
74.38186883926392 1478
74.38187098503113 1477
74.38187098503113 1477
74.80058693885803 1479
74.80058884620667 1480
74.8005919456482 1479
74.8005919456482 1477
74.80059289932251 1479
74.80223202705383 1479
74.80223393440247 1477
74.80223488807678 1480
74.8022358417511 1480
74.80591893196106 1480
74.80591893196106 1480
74.80592083930969 1480
74.80592083930969 1477
74.80592179298401 1478
74.80592179298401 1479
74.80592179298401 1480
74.8396270275116 1477
74.83962798118591 1478
74.83962798118591 1479
74.83962893486023 1478
74.83963179588318 1477
74.83963179588318 1479
74.8410279750824 1477
74.84102892875671 1477
74.84102892875671 1480
74.84103083610535 1480
74.84103202819824 1480
74.84365701675415 1477
74.94096183776855 1075
75.07846283912659 1479
75.07846283912659 1477
75.08052182197571 1477
75.08204984664917 1478
75.08205080032349 1480
75.08389902114868 1480
75.08593201637268 1478
75.08593201637268 1478
75.085932970047 1478
75.08704090118408 1480
75.0870418548584 1480
75.08704280853271 1480
75.0936508178711 1478
76.86488699913025 1479
76.86488795280457 1477
76.86488890647888 1480
76.86488890647888 1478
76.86488890647888 1477
76.8648898601532 1477
77.31436085700989 75
77.62450385093689 1480
77.62450385093689 1479
78.47997879981995 1478
78.47997999191284 1478
78.50418591499329 1478
78.5041868686676 1479
78.50418901443481 1480
79.09506702423096 1479
79.19120192527771 1480
79.19120192527771 1479
79.66559600830078 1480
80.2949378490448 1477
82.35825300216675 1478
82.35825490951538 1477
82.35825490951538 1477
82.76930499076843 1477
82.771479845047 1477
82.77323389053345 1478
82.84914779663086 1478
82.84914898872375 1477
82.95090889930725 1477
83.68202090263367 1477
83.68417000770569 1477
83.68986201286316 1478
83.68986201286316 1479
84.44215893745422 1477
84.44215893745422 1479
84.44215989112854 1477
84.44215989112854 1480
84.53420686721802 1479
84.53621196746826 1477
84.53622102737427 1478
84.53622198104858 1480
84.53622198104858 1480
85.04080390930176 1480
85.04080700874329 1478
85.0421998500824 1480
85.04220080375671 1477
85.04220199584961 1480
85.08703994750977 1477
85.23058581352234 1479
85.23058700561523 1477
85.40020799636841 1478
85.40313601493835 1477
85.62115502357483 1477
85.70235395431519 1480
85.70235395431519 1478
85.70235395431519 1477
85.70408701896667 1480
85.72457599639893 1479
85.72457599639893 1477
85.72457599639893 1480
86.42497301101685 1478
86.43172097206116 1478
86.4334819316864 1477
86.43578290939331 1480
86.43578696250916 1477
86.45016598701477 1477
86.45016598701477 1478
86.45016694068909 1477
86.6421468257904 1479
87.2981309890747 1477
87.2981309890747 1477
87.2981309890747 1477
87.29911184310913 1477
87.29911279678345 1478
87.29911494255066 1480
87.29911494255066 1477
87.30089998245239 1480
87.30090093612671 1480
87.30090379714966 1479
87.30090689659119 1480
87.30090689659119 1479
87.61145782470703 167
87.75631380081177 1480
87.75631499290466 1477
87.75631594657898 1480
87.75879502296448 1480
87.75879502296448 1480
87.75999593734741 1478
87.761962890625 1477
87.7638988494873 1479
87.76390194892883 1477
87.7656569480896 1479
87.76780796051025 1477
87.76780891418457 1479
87.76780986785889 1478
87.7678108215332 1479
88.651193857193 1478
88.97872996330261 1480
89.79509592056274 1480
89.79509592056274 1479
89.79509592056274 1478
89.79509687423706 1479
89.79509782791138 1477
89.79509782791138 1478
89.79509902000427 1478
89.79509902000427 1480
89.79690194129944 1479
89.79690289497375 1477
89.79690289497375 1478
89.79690384864807 1477
89.79690480232239 1479
89.79690480232239 1477
89.79690480232239 1480
89.79690599441528 1477
89.79690599441528 1480
89.79891300201416 1480
90.5985918045044 574
90.70444393157959 1478
90.70444393157959 1478
90.7044448852539 1479
90.70649790763855 1480
90.70649886131287 1480
90.99294686317444 74
91.18853497505188 1478
91.18853497505188 1478
91.1885359287262 1478
91.1885359287262 1478
91.18979501724243 1479
91.18979597091675 1477
91.18979692459106 1477
91.18979787826538 1480
91.1897988319397 1478
91.19513201713562 1477
91.22423982620239 1477
91.22580695152283 1478
91.22580695152283 1480
91.22580790519714 1478
91.22580790519714 1480
91.22580885887146 1480
91.22580885887146 1477
91.22733092308044 1480
91.22733187675476 1479
91.22733283042908 1477
91.22733402252197 1480
91.22733402252197 1477
91.2273359298706 1479
91.73693990707397 573
91.82522988319397 571
92.06689500808716 1479
92.06845688819885 1477
92.06845688819885 1477
92.07010889053345 1479
92.07010984420776 1478
92.07010984420776 1478
92.07210183143616 1478
92.07210302352905 1479
92.07210397720337 1479
92.07210493087769 1479
92.07314586639404 1477
92.07314682006836 1478
92.07314682006836 1477
92.0731589794159 1477
92.081130027771 1478
92.08297181129456 1477
92.08297395706177 1479
92.08297395706177 1477
92.08297491073608 1479
92.0829758644104 1478
92.08297801017761 1479
92.09072279930115 1478
92.09072399139404 1477
92.09072399139404 1480
92.09072399139404 1479
92.09072494506836 1478
92.09072494506836 1478
92.09072589874268 1479
92.52685499191284 1073
92.65500998497009 1478
92.65500998497009 1480
92.65669894218445 1477
92.65669894218445 1478
92.65669894218445 1477
93.00598001480103 1479
93.00598096847534 1479
93.00598192214966 1477
93.00599098205566 1478
93.00599098205566 1479
93.00599193572998 1477
93.00811195373535 1477
93.00811386108398 1479
93.0081148147583 1479
93.01026797294617 1480
93.01026892662048 1480
93.01026892662048 1480
93.0102698802948 1478
93.01204180717468 1480
93.40254092216492 74
93.56014084815979 1480
93.58737182617188 1480
93.58737301826477 1478
93.58737301826477 1478
93.60450983047485 1480
93.6059079170227 1479
93.60740399360657 1480
93.60740780830383 1479
94.52132797241211 1477
94.52133083343506 1477
94.52133202552795 1479
94.52351498603821 1478
94.52351689338684 1477
94.72974181175232 1478
94.79113793373108 1479
95.31456184387207 1477
95.31456184387207 1479
95.31456184387207 1479
95.31456279754639 1480
95.31456279754639 1480
95.31456279754639 1477
95.31456398963928 1480
95.31456685066223 1478
95.64957880973816 1478
96.1712749004364 1479
96.33826398849487 1478
96.33826494216919 1479
97.46588587760925 1479
97.61248779296875 1477
98.24743986129761 1478
98.24744391441345 1479
98.24744391441345 1480
98.24946284294128 1477
98.24946284294128 1480
98.77604794502258 1480
98.7760488986969 1479
98.77605199813843 1478
98.7760558128357 1479
98.77605700492859 1480
98.779296875 1480
98.88939189910889 1478
99.61136198043823 1074
99.65444779396057 1477
99.65444779396057 1480
99.65444898605347 1480
99.65633702278137 1479
99.65633797645569 1480
99.65633797645569 1477
99.74036693572998 1477
101.08944392204285 1478
101.0912299156189 1479
101.09123086929321 1480
101.09123301506042 1479
101.09123396873474 1480
101.1067419052124 1479
101.10674285888672 1477
101.10773086547852 1477
101.10773181915283 1478
101.10773396492004 1478
101.10947895050049 1478
101.69219493865967 1477
101.80661702156067 1479
101.80661702156067 1479
102.46382188796997 1477
102.46382284164429 1480
102.4638249874115 1480
102.47481989860535 1477
102.74827194213867 1479
102.76437091827393 1479
102.76437091827393 1479
102.76548600196838 1480
102.76703596115112 1477
103.79545283317566 573
104.04770088195801 1477
104.04770088195801 1478
104.15211486816406 1477
104.15316200256348 1477
104.1531629562378 1480
104.99435687065125 1479
107.55832290649414 77
107.59364891052246 1479
107.59364986419678 1480
107.59364986419678 1478
107.5936508178711 1478
107.5936508178711 1479
107.5936508178711 1480
108.09432888031006 1478
108.09432888031006 1479
108.09432983398438 1480
108.09432983398438 1479
108.09433102607727 1477
108.09433102607727 1480
108.09433102607727 1477
108.09993290901184 1480
108.09993290901184 1478
108.09993386268616 1479
108.46187591552734 573
108.46187591552734 1480
108.46187686920166 1478
108.46187686920166 1477
108.46187686920166 1478
108.46187782287598 1480
108.46187782287598 1477
108.46187782287598 1479
