832551
0.0 71
0.32231903076171875 164
0.32231903076171875 82
0.400482177734375 75
0.4004831314086914 92
16.654624223709106 52
18.281183004379272 79
18.505694150924683 77
21.275398015975952 1477
21.2767550945282 1479
21.276756048202515 1480
21.27675700187683 1479
21.276759147644043 1477
21.278003215789795 1478
21.27800416946411 1479
21.53599715232849 1479
21.535999059677124 1479
21.53956413269043 1477
21.539566040039062 1477
21.540871143341064 1480
21.54087209701538 1480
21.54087519645691 1480
21.54236912727356 1479
21.54236912727356 1477
21.542370080947876 1480
21.542371034622192 1478
21.544462203979492 1480
21.677789211273193 1480
21.677789211273193 1479
21.752320051193237 571
21.908554077148438 1480
21.910519123077393 1480
21.91413116455078 1478
22.26455521583557 75
22.268323183059692 75
22.382912158966064 74
24.80694818496704 574
24.956812143325806 1480
24.956812143325806 1478
24.956812143325806 1478
24.958845138549805 1480
24.958847045898438 1480
24.958847999572754 1478
24.95884919166565 1477
24.95884919166565 1480
24.961299180984497 1479
24.961299180984497 1480
24.961300134658813 1479
24.961300134658813 1480
24.96130108833313 1479
24.961302042007446 1478
24.961304187774658 1477
25.344271183013916 1480
25.612590074539185 1479
25.6125910282135 1480
25.61420702934265 1479
26.31015419960022 1477
26.312369108200073 1478
26.312371015548706 1479
26.3123722076416 1479
26.53860306739807 74
26.547805070877075 76
29.22689199447632 1480
29.22689199447632 1477
29.226893186569214 1480
29.22689414024353 1477
29.22689414024353 1477
32.08608102798462 1480
32.08978509902954 1477
32.08978509902954 1480
32.08978605270386 1477
32.089787006378174 1480
32.089787006378174 1477
32.08978819847107 1478
32.091607093811035 1479
32.43899607658386 1480
32.43899917602539 1477
32.630208015441895 1477
32.99742412567139 1479
32.99742412567139 1478
32.999577045440674 1478
33.24577212333679 574
33.971702098846436 1477
33.97170901298523 1477
33.97599005699158 1477
33.97807002067566 1479
34.201091051101685 76
35.853931188583374 1478
35.85393214225769 1477
35.855995178222656 1480
35.855998039245605 1477
35.856001138687134 1477
35.85601019859314 1478
36.03321814537048 1480
36.03321814537048 1480
36.03321814537048 1478
36.033220052719116 1477
36.034919023513794 1479
36.03492021560669 1478
36.034921169281006 1480
36.03492212295532 1479
36.03492212295532 1478
36.073254108428955 573
36.222712993621826 1478
36.22271418571472 1480
36.25693106651306 1479
36.79998517036438 1477
36.79998803138733 1479
36.79999399185181 1480
36.80044913291931 1480
36.80045199394226 1478
37.023691177368164 76
39.17551803588867 1478
39.17551803588867 1478
39.17753005027771 1478
39.17753219604492 1478
39.17753314971924 1480
39.177534103393555 1480
39.179413080215454 1479
39.18119716644287 1478
39.18119716644287 1477
39.36827111244202 1478
39.36827111244202 1479
39.36827301979065 1480
39.37203907966614 1480
39.373608112335205 1478
39.374619007110596 1478
39.37462115287781 1479
39.37462306022644 1478
39.37462306022644 1479
39.37462401390076 1480
39.3762731552124 1477
39.3762731552124 1477
39.37627410888672 1480
39.37627410888672 1480
39.44692921638489 574
39.567124128341675 1479
39.6437931060791 572
39.67714810371399 1477
39.677149057388306 1477
39.67715001106262 1480
39.678794145584106 1477
39.678797006607056 1480
39.678797006607056 1478
39.678797006607056 1480
39.67879819869995 1478
39.67879915237427 1477
39.678800106048584 1480
39.68192911148071 1477
39.68192911148071 1480
39.68193006515503 1477
39.681931018829346 1477
39.68193316459656 1479
39.681934118270874 1477
39.68481802940369 1477
39.684821128845215 1480
39.68658900260925 1478
39.686591148376465 1477
39.68659210205078 1479
39.6865930557251 1477
39.686594009399414 1479
39.700016021728516 75
39.93186807632446 1478
39.93186902999878 1479
39.93407201766968 1477
39.93407607078552 1480
39.93407607078552 1479
39.934078216552734 1480
40.19506907463074 1479
40.19737911224365 1477
40.19738006591797 1479
40.19738221168518 1480
40.1973831653595 1480
40.19738411903381 1480
40.19738507270813 1480
40.197386026382446 1477
40.19925498962402 1478
40.19925618171692 1478
40.19925618171692 1477
40.19925618171692 1479
40.199257135391235 1477
40.19925808906555 1478
40.774293184280396 1479
40.95600605010986 1478
41.039252042770386 1477
41.20666313171387 572
41.331722021102905 76
43.155779123306274 1477
43.15578007698059 1477
43.342005014419556 1477
43.34216499328613 1477
43.34368109703064 1479
43.343682050704956 1478
43.49468207359314 1479
43.494683027267456 1479
43.49468421936035 1479
43.49468517303467 1477
43.49468517303467 1477
43.49661111831665 1480
43.49661302566528 1478
43.49661421775818 1478
43.694364070892334 1479
43.696290016174316 1477
43.69629120826721 1480
43.69629216194153 1479
43.69629406929016 1478
43.69942903518677 1478
43.699429988861084 1479
43.699429988861084 1479
43.69943118095398 1478
43.69943118095398 1479
43.699432134628296 1478
43.700847148895264 1478
43.7008490562439 1478
43.702800035476685 1479
43.87428021430969 1480
43.87428116798401 1477
43.87428116798401 1479
43.87428116798401 1480
43.874282121658325 1480
43.87428307533264 1479
43.87428402900696 1480
43.87428522109985 1477
43.87428522109985 1478
43.875102043151855 1479
43.87510299682617 1477
43.87510299682617 1477
43.87510299682617 1477
43.87510418891907 1480
43.875105142593384 1479
43.87787103652954 1480
43.87787413597107 1480
43.877875089645386 1477
43.8778760433197 1480
44.25402307510376 1074
44.46281409263611 1479
44.46281599998474 1479
44.643357038497925 1478
44.64335799217224 1480
44.64335918426514 1479
44.64336013793945 1478
44.80771613121033 1480
44.80771613121033 1477
44.99334716796875 1478
44.993901014328 1480
45.126195192337036 1477
45.12619614601135 1478
45.12800717353821 1478
45.12800717353821 1477
45.128008127212524 1477
45.12800908088684 1477
45.31396818161011 1478
45.31397008895874 1477
45.31498408317566 1479
45.314988136291504 1480
45.314988136291504 1479
45.31683707237244 1479
45.31683921813965 1479
45.31683921813965 1479
45.31683921813965 1477
45.316840171813965 1477
45.50501799583435 1478
45.50502014160156 1480
45.61981511116028 1477
45.6865119934082 1477
45.824684143066406 1479
45.824684143066406 1477
45.82468509674072 1477
45.82609820365906 1480
45.82610106468201 1479
45.82610201835632 1477
45.826104164123535 1478
45.82835817337036 1480
45.82835817337036 1480
45.828360080718994 1478
45.82836103439331 1479
45.82836198806763 1477
45.82836198806763 1478
45.858060121536255 1075
46.02331614494324 1479
46.025104999542236 1479
46.02510619163513 1479
46.02510714530945 1477
46.025108098983765 1478
46.058911085128784 1480
46.0650691986084 77
48.384438037872314 1478
48.38665819168091 1478
48.38666605949402 1477
48.38666605949402 1479
48.38883399963379 1479
48.57505512237549 1478
48.575056076049805 1478
48.5810661315918 1479
48.5810661315918 1480
48.58106708526611 1477
48.58106708526611 1480
48.58106708526611 1480
48.6677451133728 1478
48.773367166519165 1477
48.773367166519165 1479
48.77336812019348 1478
48.77685618400574 1477
48.776857137680054 1478
48.77685809135437 1478
48.776859998703 1478
48.779614210128784 1477
48.7796151638031 1478
48.77961611747742 1478
48.77961707115173 1477
48.82727122306824 208
48.841721057891846 1477
48.9502592086792 1478
48.95026206970215 1480
48.950263023376465 1480
48.950263023376465 1477
48.950263023376465 1479
48.95226812362671 1477
48.95226812362671 1480
48.952269077301025 1480
48.952272176742554 1477
48.95227408409119 1477
48.99242901802063 1479
60.16806721687317 79
61.340349197387695 81
61.46030521392822 77
64.38381314277649 1480
64.38381314277649 1478
64.38381600379944 1477
64.3856360912323 1480
64.39481711387634 572
64.5582070350647 1480
64.73306012153625 1478
64.73490309715271 1479
64.73490405082703 1477
64.73645401000977 1479
64.73645401000977 1477
64.73645615577698 1477
64.7364571094513 1479
64.73645806312561 1480
64.73771119117737 1479
64.73771214485168 1477
64.737713098526 1479
64.73771500587463 1479
64.73771619796753 1478
64.74145603179932 1478
64.74145722389221 1480
64.74145817756653 1480
65.15111207962036 1480
65.15111303329468 1477
65.34677410125732 1478
65.71975207328796 1480
65.71975207328796 1477
65.71975421905518 1479
65.8749270439148 1480
65.87492799758911 1478
65.87492799758911 1478
65.87492799758911 1478
65.874929189682 1479
66.03939819335938 1477
66.03939914703369 1479
66.03939914703369 1477
66.03939914703369 1480
66.03940105438232 1477
66.03940320014954 1477
66.05454301834106 572
66.15640807151794 1477
66.2007532119751 1480
66.20075416564941 1480
66.20075416564941 1477
66.20075511932373 1479
66.20075607299805 1477
66.20075821876526 1479
66.20269322395325 1477
66.20440602302551 1480
66.21402311325073 75
68.51939702033997 1477
68.79319310188293 1480
68.79319405555725 1477
68.79319500923157 1480
68.79319500923157 1479
68.79319620132446 1480
68.79319715499878 1477
68.79662704467773 1477
68.79662704467773 1480
68.79662799835205 1478
68.79662919044495 1480
68.79663014411926 1477
68.79663109779358 1480
68.79663109779358 1479
68.79789710044861 1479
68.81304907798767 571
68.95180606842041 1479
68.95180606842041 1479
68.95180702209473 1480
68.95180702209473 1479
68.95180821418762 1479
68.95314621925354 1477
68.95314717292786 1479
69.07436108589172 1477
69.11940622329712 1480
69.18357515335083 74
69.36656022071838 1480
69.3665611743927 1478
69.36656212806702 1478
69.36656212806702 1477
69.5221951007843 1480
69.68508815765381 1477
69.6874930858612 1477
69.68749499320984 1480
69.68919515609741 1479
69.69063019752502 1480
69.84800815582275 1480
69.84800910949707 1479
69.84801006317139 1480
69.85040307044983 1479
69.85040402412415 1479
69.85040616989136 1478
69.85040616989136 1478
69.86688899993896 574
69.99612307548523 1477
69.99612402915955 1478
69.99612617492676 1477
69.99612617492676 1480
69.99612617492676 1477
70.13230919837952 1477
70.23954820632935 74
72.61878418922424 1478
72.61878418922424 1479
72.61878514289856 1480
72.61878514289856 1479
72.61878514289856 1479
72.61878514289856 1478
72.61878609657288 1480
72.61878609657288 1480
72.62072420120239 1477
72.62286710739136 1477
72.62460422515869 1479
72.62576222419739 1477
72.64117908477783 571
72.7743980884552 1477
72.77610206604004 1477
72.77610301971436 1477
72.77610301971436 1479
72.77610516548157 1477
72.77610611915588 1479
72.77879118919373 1477
72.77879309654236 1480
72.77879309654236 1478
72.78030109405518 1477
72.78030204772949 1480
72.79184603691101 1478
72.99700403213501 1478
72.99700403213501 1477
72.99700617790222 1480
72.99700713157654 1478
72.99700713157654 1480
72.99700808525085 1480
73.16633701324463 1478
73.16633701324463 1478
73.16634011268616 1479
73.16634011268616 1479
73.32092714309692 1480
73.32092714309692 1479
73.32277822494507 1479
73.32278108596802 1480
73.32278299331665 1477
73.4928810596466 1478
73.72314310073853 1478
73.72314405441284 1478
73.85165905952454 1479
73.97228717803955 1477
73.97228717803955 1480
74.11753821372986 1479
74.25290322303772 1480
74.25290417671204 1478
75.17859721183777 1478
75.18024516105652 1478
75.18025207519531 1479
75.42734599113464 1479
75.70924615859985 1478
75.70924615859985 1480
75.70924711227417 1480
75.84591507911682 1479
75.84591722488403 1479
75.84591722488403 1479
75.84591913223267 1480
75.97756314277649 1477
75.98796200752258 1479
75.98796200752258 1479
75.98796319961548 1477
75.98947620391846 1479
75.98947715759277 1480
75.98947811126709 1480
76.0051600933075 1073
76.50676321983337 1480
76.50676321983337 1480
76.50676417350769 1479
77.39898300170898 1477
77.42530107498169 76
78.21567702293396 1478
78.21567821502686 1479
78.47694420814514 1478
78.47694420814514 1477
78.47694706916809 1480
78.83391618728638 1477
78.83757901191711 1480
78.97009110450745 1480
79.08081102371216 1480
79.24889206886292 1479
79.43963408470154 1478
79.7309820652008 1478
79.76677203178406 1477
79.76677322387695 1480
79.87562012672424 1479
79.87562012672424 1477
79.87562108039856 1477
79.87562108039856 1479
79.87562108039856 1477
80.02281022071838 572
80.02788519859314 1480
80.02788615226746 1478
80.0278890132904 1479
80.03028011322021 1480
80.20806002616882 76
81.79223203659058 1477
81.79223299026489 1477
81.97791910171509 1479
81.97792100906372 1478
81.97792220115662 1480
82.29709219932556 1478
82.29709219932556 1478
82.29709315299988 1480
82.29709315299988 1478
82.29709315299988 1478
82.2970941066742 1479
82.2970941066742 1478
83.052481174469 1479
83.19593501091003 1479
83.19593501091003 1478
83.19593715667725 1478
83.19593715667725 1480
83.19593715667725 1480
83.19593811035156 1477
83.19807600975037 1477
83.21271419525146 572
83.84139919281006 1480
83.84140014648438 1477
83.84140014648438 1479
83.99119400978088 77
85.42188620567322 1477
85.42188715934753 1477
85.42725014686584 1480
85.42725205421448 1479
85.42725205421448 1478
85.63528513908386 1480
85.63710021972656 1479
85.63710308074951 1479
85.63852310180664 1477
85.63852500915527 1478
85.64075708389282 1480
85.64075803756714 1477
85.64075803756714 1478
85.67593312263489 571
85.74186706542969 1479
85.74356508255005 1478
85.80460500717163 1477
85.80460619926453 1480
85.80460619926453 1480
85.80621910095215 1477
85.8070650100708 1479
85.80706715583801 1480
85.80792617797852 1478
85.80792617797852 1477
85.80792713165283 1480
85.84096908569336 1478
85.93565917015076 75
88.72373414039612 1478
88.72373509407043 1478
88.72373509407043 1478
88.72373604774475 1478
88.72373604774475 1478
88.72500705718994 1477
88.72500801086426 1477
88.72500801086426 1479
88.72500801086426 1477
88.72986102104187 1478
88.72986221313477 1477
88.72986221313477 1479
88.72986316680908 1477
88.72986316680908 1478
88.7298641204834 1477
88.7298641204834 1478
88.7298641204834 1479
88.73243713378906 1478
88.73243808746338 1478
88.73243808746338 1479
88.74123120307922 572
88.80944013595581 1477
88.80944108963013 1478
88.80944108963013 1477
91.35980319976807 159
