1049325
0.0 69
0.4413321018218994 163
0.4413321018218994 79
0.4681370258331299 77
0.4681370258331299 92
0.5626909732818604 75
0.7015490531921387 1478
0.7015500068664551 1478
0.7015509605407715 1478
0.7015509605407715 1479
0.701552152633667 1479
0.7015531063079834 1479
0.788316011428833 1477
0.7883260250091553 1478
0.7883269786834717 1477
0.7883291244506836 1480
0.7883310317993164 1477
0.7919530868530273 1480
0.7936289310455322 1480
0.7936339378356934 1480
0.7936370372772217 1478
0.7936379909515381 1477
0.7936389446258545 1479
0.7983770370483398 1477
0.8282270431518555 572
0.883181095123291 1479
0.8831830024719238 1477
0.8831839561462402 1479
0.8831851482391357 1478
0.8842220306396484 1479
0.8861780166625977 1480
1.005167007446289 1480
1.005167007446289 1480
1.0051679611206055 1480
1.0067200660705566 1477
1.0067219734191895 1479
1.0067241191864014 1477
1.0086829662322998 1480
1.0086839199066162 1478
1.0104119777679443 1479
1.0104119777679443 1477
1.0104150772094727 1477
1.010416030883789 1477
1.0104179382324219 1479
1.0121381282806396 1477
1.012139081954956 1478
1.0121400356292725 1480
1.0121400356292725 1480
1.0121419429779053 1477
1.013612985610962 1480
1.013612985610962 1477
1.0136139392852783 1477
1.0136139392852783 1478
1.0136139392852783 1477
1.0136151313781738 74
1.0484261512756348 574
1.1580359935760498 75
1.233260154724121 1478
1.233260154724121 1480
1.233262062072754 1478
1.2332630157470703 1478
1.2332630157470703 1477
1.2332639694213867 1479
1.233530044555664 1477
1.236496925354004 1477
1.2364981174468994 1477
1.2365031242370605 1478
1.2381479740142822 1479
1.2381489276885986 1477
1.2381510734558105 1479
1.2398350238800049 1478
1.2398350238800049 1480
1.2398369312286377 1479
1.2412779331207275 1480
1.2412800788879395 1480
1.2412819862365723 1479
1.2433879375457764 1479
1.2433900833129883 1478
1.2433900833129883 1479
1.243391990661621 1479
1.2452011108398438 1480
1.2452011108398438 1480
1.2452020645141602 1477
1.245203971862793 1478
1.2452049255371094 1477
1.2452049255371094 1477
1.2452061176300049 1478
1.2452061176300049 1477
1.2468149662017822 1479
1.2468180656433105 1479
1.246819019317627 1478
1.246819019317627 1478
1.2468199729919434 1478
1.2855279445648193 1074
1.4355299472808838 1480
1.4355320930480957 1480
1.435534954071045 1478
1.4355361461639404 1477
1.4355361461639404 1478
1.4355370998382568 1479
1.4355380535125732 1477
1.4379961490631104 1480
1.4379980564117432 1479
1.440985918045044 1478
1.4614770412445068 1479
1.5282981395721436 1073
1.5542969703674316 477
1.6703119277954102 1478
1.6703119277954102 1479
1.6703131198883057 1477
1.6703131198883057 1477
1.670314073562622 1478
1.670314073562622 1478
1.6703150272369385 1479
1.6703159809112549 1479
1.6703159809112549 1477
1.6703169345855713 1477
1.6703169345855713 1480
1.6703181266784668 1480
1.6703181266784668 1480
1.6721060276031494 1477
1.6721079349517822 1477
1.6721091270446777 1480
1.6758830547332764 1477
1.6758840084075928 1480
1.6758840084075928 1479
1.6758849620819092 1478
1.6780080795288086 1480
1.678009033203125 1478
1.6780099868774414 1479
1.6780121326446533 1479
1.6794960498809814 1478
1.6794970035552979 1479
1.6794991493225098 1479
1.6811370849609375 1480
1.6822259426116943 1477
1.682232141494751 1480
1.6822330951690674 1478
1.6822340488433838 1480
1.6840600967407227 1479
1.684061050415039 1479
1.7016990184783936 1480
1.7017021179199219 1479
1.7017030715942383 1479
1.7017080783843994 1478
1.7017130851745605 1477
1.7017171382904053 1480
1.7028660774230957 1480
1.702868938446045 1478
1.7028789520263672 1479
1.702883005142212 1477
1.7039649486541748 1477
1.7039661407470703 1478
1.7121031284332275 1075
1.712104082107544 476
1.712104082107544 1072
1.7121050357818604 478
1.7121059894561768 1074
1.7121119499206543 476
1.7121131420135498 1072
1.7121140956878662 571
1.7252161502838135 1478
1.7273280620574951 1477
1.727329969406128 1479
1.7273330688476562 1480
1.7273459434509277 1478
1.7289841175079346 1480
1.728985071182251 1479
1.7289869785308838 1478
1.728990077972412 1478
1.728991985321045 1480
1.7309720516204834 1479
1.730983018875122 1479
1.8724761009216309 1479
1.8724780082702637 1479
1.87247896194458 1478
1.8724801540374756 1479
1.872481107711792 1480
1.8741569519042969 1478
1.874161958694458 1480
1.8741631507873535 1477
1.8855690956115723 1480
1.8959269523620605 1477
1.9283521175384521 1477
1.9353201389312744 74
1.9600560665130615 1074
1.988084077835083 1073
2.0167999267578125 880
2.0601260662078857 1477
2.060131072998047 1477
2.062462091445923 1480
2.062462091445923 1477
2.0624630451202393 1479
2.0624639987945557 1479
2.0624661445617676 1480
2.063512086868286 1477
2.063512086868286 1480
2.063513994216919 1479
2.0654659271240234 1479
2.065467119216919 1478
2.065467119216919 1478
2.0654680728912354 1479
2.0654680728912354 1479
2.0654690265655518 1480
2.0654690265655518 1479
2.065469980239868 1480
2.065469980239868 1478
2.0666520595550537 1477
2.06665301322937 1479
2.06665301322937 1477
2.06665301322937 1479
2.0666539669036865 1478
2.0666539669036865 1477
2.066654920578003 1479
2.066654920578003 1479
2.0666561126708984 1479
2.0666580200195312 1477
2.0675480365753174 1479
2.068895101547241 1480
2.0688960552215576 1477
2.0688979625701904 1479
2.0689010620117188 1480
2.0712599754333496 1477
2.0712621212005615 1478
2.0712640285491943 1477
2.0712649822235107 1478
2.071265935897827 1477
2.072528123855591 1478
2.0725319385528564 1480
2.072533130645752 1480
2.072533130645752 1479
2.072535991668701 1478
2.07485294342041 1479
2.0748541355133057 1480
2.1155149936676025 668
2.115515947341919 881
2.115515947341919 669
2.115515947341919 1480
2.115515947341919 1478
2.1155171394348145 1477
2.1155171394348145 880
2.1155171394348145 670
2.115518093109131 1478
2.115518093109131 881
2.1155190467834473 668
2.1155190467834473 881
2.1155190467834473 669
2.1155190467834473 881
2.1155200004577637 669
2.1155200004577637 880
2.11552095413208 669
2.118109941482544 572
2.1181111335754395 1479
2.1181111335754395 1479
2.1181139945983887 1477
2.118114948272705 1480
2.1193339824676514 1477
2.1193361282348633 1478
2.119338035583496 1480
2.1210711002349854 1478
2.1210720539093018 1478
2.1210720539093018 1480
2.1225149631500244 1479
2.1225149631500244 1480
2.12251615524292 1479
2.12251615524292 1477
2.1241519451141357 1478
2.124155044555664 1478
2.126352071762085 1480
2.1263539791107178 1478
2.1263539791107178 1479
2.12746000289917 1480
2.12746000289917 1480
2.1274609565734863 1479
2.129487991333008 1479
2.1294901371002197 1480
2.129491090774536 1479
2.131103038787842 1478
2.1352601051330566 1477
2.1352601051330566 1480
2.135261058807373 1479
2.1397271156311035 1478
2.13972806930542 1478
2.13972806930542 1479
2.15434193611145 1480
2.154344081878662 1478
2.1543450355529785 1479
2.192897081375122 1477
2.2442071437835693 1478
2.245703935623169 1478
2.245703935623169 1479
2.2457070350646973 1479
2.247218132019043 1479
2.2472190856933594 1478
2.249220132827759 1479
2.249220132827759 1480
2.249221086502075 1477
2.2492220401763916 1480
2.249222993850708 1479
2.2492289543151855 1477
2.251538038253784 1477
2.313110113143921 1478
2.31311297416687 1478
2.332839012145996 1480
2.4604270458221436 1477
2.46042799949646 1478
2.46042799949646 1478
2.46042799949646 1480
2.460430145263672 1480
2.4604310989379883 1478
2.4622631072998047 1480
2.4622631072998047 1478
2.462264060974121 1478
2.660438060760498 1479
2.6624879837036133 1479
2.6624951362609863 1477
2.6624951362609863 1480
2.662497043609619 1480
2.6624979972839355 1479
2.666563034057617 1477
2.6665689945220947 1477
2.666569948196411 1478
2.666569948196411 1479
2.666572093963623 1478
2.6665730476379395 1480
2.6691489219665527 1478
2.669152021408081 1480
2.6691629886627197 1480
2.6717071533203125 1478
2.671708106994629 1478
2.6717090606689453 1480
2.671710968017578 1479
2.6717119216918945 1479
2.671715021133423 1480
2.671720027923584 1480
2.6717209815979004 1480
2.6717209815979004 1479
2.6735761165618896 1477
2.6735780239105225 1477
2.6735780239105225 1478
2.673581123352051 1479
2.673581123352051 1477
2.6735830307006836 1479
2.6755969524383545 1479
2.675607919692993 1477
2.6776819229125977 1477
2.677683115005493 1479
2.6776840686798096 1478
2.677685022354126 1477
2.6776859760284424 1478
2.6776859760284424 1478
2.677686929702759 1477
2.677686929702759 1477
2.6776881217956543 1477
2.6776890754699707 1479
2.6776890754699707 1480
2.677690029144287 1477
2.6776909828186035 1478
2.677891969680786 1479
2.733978033065796 621
2.8313469886779785 928
2.840656042098999 1479
2.8434741497039795 1477
2.843475103378296 1477
2.8434760570526123 1478
2.8434770107269287 1477
2.843477964401245 1478
2.8434789180755615 1479
2.843480110168457 1478
2.8434810638427734 1477
2.8434829711914062 1477
2.8434829711914062 1477
2.8434839248657227 1478
2.8450491428375244 1479
2.859194040298462 1480
2.865039110183716 620
2.8650400638580322 929
2.8650400638580322 622
2.8650410175323486 930
2.865041971206665 619
2.865044116973877 931
2.865044116973877 622
2.8650450706481934 931
2.8650460243225098 622
2.8650460243225098 931
2.865046977996826 620
2.865049123764038 930
2.865049123764038 622
2.95373797416687 1479
2.953740119934082 1477
2.953742027282715 1477
2.9537429809570312 1480
2.9537429809570312 1479
2.9537439346313477 1479
2.9557430744171143 1480
2.9557430744171143 1479
2.9557440280914307 1477
2.95575213432312 1478
2.9585299491882324 1479
2.958531141281128 1478
2.958531141281128 1480
2.9585320949554443 1477
2.9595839977264404 1478
2.959584951400757 1479
2.9595861434936523 1478
2.9595870971679688 1479
2.9595870971679688 1479
2.959588050842285 1477
2.961338996887207 1478
2.9613399505615234 1479
2.9632821083068848 1480
2.9649429321289062 1478
2.964945077896118 1478
2.964946985244751 1477
2.9667301177978516 1477
2.968670129776001 1478
2.978543996810913 1480
2.978548049926758 1477
2.9808690547943115 1479
2.98087215423584 1480
2.9836721420288086 1478
2.9850070476531982 1479
2.988853931427002 1478
2.988853931427002 1478
2.9888551235198975 1480
2.988856077194214 1479
2.988856077194214 1477
2.9888570308685303 1478
2.9888570308685303 1477
2.9888579845428467 1480
2.988858938217163 1480
2.988861083984375 1478
2.9910449981689453 1479
2.9910471439361572 1479
2.99104905128479 1479
2.992119073867798 1477
2.9921200275421143 1479
2.9921209812164307 1477
2.9921209812164307 1479
2.992121934890747 1479
2.9921231269836426 1480
2.994033098220825 1478
2.9940340518951416 1477
2.994035005569458 1478
2.994035005569458 1478
2.994035005569458 1479
2.9940359592437744 1479
2.9940359592437744 1479
2.9958689212799072 1478
2.9958689212799072 1477
2.9986729621887207 1122
3.049710988998413 1073
3.0531280040740967 1478
3.0549299716949463 1477
3.0549309253692627 1478
3.054932117462158 1478
3.0549330711364746 1480
3.0549349784851074 1477
3.056662082672119 1477
3.066102981567383 1480
3.1597471237182617 1479
3.16339111328125 1480
3.1971211433410645 1480
3.201545000076294 1480
3.201547145843506 1477
3.2015490531921387 1478
3.201550006866455 1480
3.2015509605407715 1478
3.201552152633667 1480
3.2015531063079834 1477
3.2021939754486084 1480
3.205080986022949 1478
3.205080986022949 1478
3.205080986022949 1480
3.2050819396972656 1478
3.2050819396972656 1478
3.2050819396972656 1479
3.205083131790161 1480
3.246428966522217 1478
3.3715131282806396 1477
3.373674154281616 1478
3.373676061630249 1480
3.3736770153045654 1480
3.5481491088867188 1480
3.6873741149902344 1480
3.689176082611084 1478
3.689176082611084 1479
3.6891770362854004 1478
3.690622091293335 1478
3.6906239986419678 1480
3.690624952316284 1479
3.690627098083496 1479
3.69268798828125 1478
3.6952409744262695 1477
3.6952459812164307 1479
3.695249080657959 1480
3.696601152420044 1479
3.698423147201538 1480
3.6984241008758545 1480
3.700084924697876 1477
3.701986074447632 1477
3.701991081237793 1479
3.703300952911377 1479
3.7033050060272217 1480
3.721804141998291 1480
3.7218101024627686 1478
3.9084370136260986 1477
4.295773983001709 1477
4.295774936676025 1477
4.6316609382629395 1480
4.631663084030151 1479
4.787091970443726 1480
4.88923192024231 1477
4.891181945800781 1477
4.944112062454224 76
5.151551961898804 1479
5.151553153991699 1478
5.151556968688965 1480
5.151559114456177 1477
5.151560068130493 1479
5.348907947540283 1479
5.545552968978882 1478
5.713058948516846 1479
5.713060140609741 1478
5.713061094284058 1479
5.713061094284058 1479
5.713062047958374 1477
5.899874925613403 1480
5.899874925613403 1479
5.90126895904541 1480
5.90126895904541 1479
5.901271104812622 1478
5.901273965835571 1477
5.902594089508057 1477
5.902595043182373 1478
6.011980056762695 1479
6.082711935043335 1480
6.084458112716675 1480
6.084459066390991 1480
6.084459066390991 1479
6.084459066390991 1477
6.084460020065308 1478
6.084460020065308 1478
6.08446192741394 1477
6.084463119506836 1477
6.086498022079468 1478
6.090175151824951 1477
6.092922925949097 1477
6.308928966522217 1477
6.308931112289429 1477
6.3126060962677 1478
6.488929033279419 1480
6.620559930801392 1479
6.620561122894287 1479
6.620561122894287 1478
6.622549057006836 1478
6.622549057006836 1477
6.622550964355469 1478
6.622551918029785 1480
6.622553110122681 1478
6.6239800453186035 1479
6.626070022583008 1479
6.626070976257324 1477
6.626070976257324 1478
6.626070976257324 1479
6.626071929931641 1480
6.825230121612549 1478
6.82893705368042 1479
6.82893705368042 1478
6.828938007354736 1478
6.828938961029053 1477
6.828942060470581 1478
6.8289430141448975 1477
6.828943967819214 1479
6.8327600955963135 1480
6.8327600955963135 1479
6.83276104927063 1480
6.83276104927063 1477
6.832773923873901 1478
6.832775115966797 1477
6.832775115966797 1477
6.83445405960083 1479
7.048097133636475 1477
7.048098087310791 1479
7.04810094833374 1477
7.04810094833374 1478
7.048102140426636 1478
7.048103094100952 1480
7.050384998321533 1479
7.05038595199585 1478
7.053493022918701 1477
7.053493976593018 1480
7.236433982849121 1477
7.236433982849121 1477
7.236433982849121 1480
7.2364349365234375 1479
7.447958946228027 1479
7.572293043136597 1477
7.574038982391357 1477
7.574042081832886 1479
7.738292932510376 1477
7.815299034118652 1477
7.815299034118652 1479
7.815299987792969 1479
7.815299987792969 1479
7.815300941467285 1478
7.815302133560181 1480
7.9699931144714355 1477
7.969994068145752 1480
7.969995975494385 1480
8.168816089630127 1479
8.169830083847046 1479
8.169830083847046 1479
8.171795129776001 1477
8.395602941513062 1477
8.397228002548218 1478
8.700268983840942 1477
8.999655961990356 1479
8.999657154083252 1480
8.999657154083252 1477
9.184952974319458 1479
9.184953927993774 1478
9.18495512008667 1478
9.280839920043945 1477
9.375083923339844 1478
9.375083923339844 1477
9.37508511543274 1480
9.441992044448853 1478
9.44422197341919 1478
9.444226026535034 1478
9.444227933883667 1478
9.556110143661499 1477
9.55611515045166 1480
9.55611515045166 1477
9.600522994995117 1478
9.600523948669434 1479
9.60053014755249 1477
9.600532054901123 1477
9.602679014205933 1479
9.602679967880249 1479
9.735105991363525 1479
9.740731000900269 1479
9.740731954574585 1480
9.785961151123047 1479
9.785967111587524 1478
9.785967111587524 1479
9.78596806526184 1477
9.785972118377686 1479
9.785973072052002 1477
9.785980939865112 1478
9.785980939865112 1480
9.785982131958008 1480
9.823630094528198 1216
9.823630094528198 334
9.852250099182129 1478
9.852252006530762 1479
9.88574504852295 1218
9.885746002197266 331
9.915256977081299 1480
9.915256977081299 1478
9.915257930755615 1480
9.954689979553223 1478
9.954689979553223 1477
9.954690933227539 1217
9.954692125320435 334
9.956537961959839 1477
9.956539154052734 1479
9.95654010772705 1479
9.95654010772705 1477
9.956543922424316 1480
9.956543922424316 1478
9.956545114517212 1479
9.958588123321533 1478
9.958590984344482 1477
9.95859408378601 1477
9.960196018218994 1477
9.961326122283936 1477
9.961327075958252 1480
9.995151996612549 1219
9.997197151184082 331
9.997197151184082 1218
9.997198104858398 334
9.997198104858398 1217
9.997200012207031 334
9.997200012207031 1217
9.997200965881348 332
9.997200965881348 1218
9.997204065322876 333
9.998553037643433 1217
9.998553991317749 331
9.998553991317749 1218
9.998553991317749 334
10.002888917922974 310
10.010442018508911 1480
10.010442018508911 1477
10.046231985092163 1479
10.051964044570923 977
10.053483963012695 571
10.05348515510559 977
10.07231092453003 1478
10.072314977645874 1477
10.117711067199707 572
10.117712020874023 978
10.138483047485352 1479
10.138484001159668 1480
10.138484001159668 1480
10.143902063369751 1477
10.143902063369751 1479
10.143903017044067 1480
10.143903017044067 1478
10.145496129989624 1477
10.145498991012573 1477
10.180191040039062 571
10.180191993713379 573
10.18962812423706 1479
10.200101137161255 1480
10.200102090835571 1477
10.200102090835571 1478
10.200103044509888 1480
10.202309131622314 1478
10.239174127578735 1477
10.25699496269226 978
10.286638021469116 571
10.286638021469116 979
10.312350988388062 1477
10.317781925201416 1477
10.317783117294312 1480
10.317783117294312 1480
10.384359121322632 1478
10.402894020080566 1478
10.4028959274292 1479
10.402897119522095 1480
10.404968976974487 1479
10.404972076416016 1480
10.40637993812561 1478
10.406383037567139 1480
10.408385038375854 1478
10.408385038375854 1480
10.408385992050171 1479
10.408385992050171 1479
10.408385992050171 1480
10.408386945724487 1479
10.408386945724487 1477
10.40993595123291 1477
10.436511993408203 1477
10.475569009780884 1480
10.587194919586182 1479
10.587196111679077 1478
10.587216138839722 1477
10.587218999862671 1478
10.85099196434021 1477
10.85331392288208 1477
10.85331392288208 1479
10.853316068649292 1479
10.858168125152588 1478
10.858169078826904 1478
