9377
0 3
0.01012996 1
0.014982509 3
0.022476818 1
0.026586612 2
0.031761116 2
0.034589376 2
0.038484786 1
0.038560538 3
0.042383217 3
0.042927642 2
0.043581933 2
0.045842032 3
0.046143245 2
0.049106811 1
0.050123137 1
0.050614305 2
0.050906172 1
0.051027493 3
0.05239847 3
0.063153811 3
0.063785755 2
0.065837223 1
0.073900273 3
0.074311925 1
0.074394918 1
0.079451932 3
0.079698651 3
0.084486122 1
0.08510547 1
0.088634396 2
0.0962352 3
0.097254096 3
0.11518215 1
0.115608834 1
0.117000965 3
0.117876966 2
0.120236464 3
0.124631438 3
0.13948308 2
0.140320931 1
0.140772665 2
0.140978643 3
0.142568525 1
0.142594298 1
0.142802516 3
0.146810488 3
0.149150009 3
0.150839198 1
0.151029549 2
0.155193018 2
0.156307075 2
0.159045035 2
0.161396755 1
0.162127505 1
0.16439187 2
0.166785062 1
0.16774842 1
0.168542877 3
0.169199961 2
0.174712549 1
0.176730169 1
0.177306838 3
0.177595909 1
0.177745099 1
0.178548766 3
0.183328855 3
0.183971398 1
0.184878406 2
0.18509024 1
0.186545962 2
0.18671528 3
0.187225183 3
0.187901909 2
0.189092568 2
0.189967452 3
0.190717642 1
0.191769382 2
0.193330771 3
0.195008461 2
0.196011491 3
0.198775655 3
0.200979111 2
0.201153795 1
0.201901756 2
0.210583434 1
0.210894986 1
0.21107418 2
0.211592459 2
0.212246515 3
0.21476586 1
0.214944071 3
0.222464089 1
0.2252471 1
0.228372787 2
0.228544777 3
0.229937069 3
0.233407842 2
0.233718419 1
0.238023481 2
0.239217542 3
0.241145056 1
0.242262205 3
0.246365144 1
0.249741261 3
0.250918598 1
0.259466621 3
0.260052016 3
0.266266176 2
0.273291742 3
0.274380712 3
0.277894881 2
0.277906661 3
0.281258631 2
0.2827409 2
0.29017536 1
0.29183099 3
0.294651139 2
0.29597354 1
0.298457661 3
0.304851983 3
0.307217443 3
0.307468086 1
0.307632282 1
0.30980681 1
0.310160055 1
0.310315517 3
0.311965875 1
0.313184534 1
0.313376092 3
0.314360622 1
0.316871289 3
0.317672266 3
0.31837871 2
0.31969717 2
0.330871138 1
0.335383144 2
0.340888875 3
0.343006192 2
0.34437138 3
0.345062119 3
0.347447373 1
0.348493595 1
0.351962994 1
0.352770209 1
0.356653971 1
0.356923216 1
0.361260033 3
0.361272786 1
0.362265144 2
0.363700674 1
0.373005498 1
0.374571257 2
0.381084746 2
0.381978027 2
0.383320217 3
0.38509376 1
0.387622222 3
0.389366338 2
0.390160848 2
0.393567024 3
0.395424634 2
0.395427072 1
0.396796832 2
0.396813686 3
0.399086743 2
0.402398838 1
0.404604714 3
0.406068728 3
0.406723081 2
0.407843634 3
0.410757584 2
0.416055241 2
0.418029956 3
0.41970138 1
0.423121035 1
0.434806156 1
0.439435159 1
0.440552819 2
0.441887046 1
0.443064427 2
0.447306497 2
0.452949051 2
0.45671731 2
0.458302349 1
0.458877426 1
0.459430798 2
0.462873674 2
0.463005651 2
0.469320849 3
0.470518032 3
0.474297306 3
0.474957796 3
0.475913197 2
0.478957236 1
0.483836608 3
0.488272099 1
0.490684764 2
0.493059733 3
0.493347384 1
0.497824132 2
0.497963975 2
0.500141126 2
0.502522144 2
0.503639789 1
0.505983394 2
0.510307038 3
0.512901112 3
0.51321509 3
0.513750059 3
0.514705535 2
0.515472889 1
0.516078842 3
0.518139657 2
0.519636607 1
0.52012873 3
0.526705564 3
0.528278484 3
0.528666553 2
0.529839026 3
0.530160566 3
0.538466105 2
0.540826525 3
0.543023889 1
0.543774271 1
0.544113622 2
0.544197446 1
0.551883065 2
0.552482009 1
0.552929512 3
0.559043889 3
0.559414446 2
0.563807169 1
0.565877528 1
0.568297062 2
0.573183266 2
0.574081204 1
0.574357275 2
0.5789913 3
0.579767444 1
0.582075438 2
0.583456852 1
0.584642394 3
0.586915491 1
0.587905602 3
0.590242401 2
0.591617733 1
0.594058405 1
0.599443469 1
0.600522689 3
0.600664407 1
0.601487859 2
0.602152504 1
0.60308622 3
0.603523806 2
0.608454169 3
0.609647699 1
0.63018685 1
0.631849796 3
0.633171251 2
0.639920318 1
0.640840366 2
0.642343048 3
0.646975777 1
0.651701781 1
0.656828408 2
0.658704563 3
0.662980604 3
0.663033247 1
0.663774966 2
0.668673232 3
0.669009132 3
0.669342309 3
0.669699134 2
0.67263821 1
0.677379717 3
0.677573315 3
0.680282445 1
0.681418879 2
0.681683673 3
0.681722931 3
0.681908297 1
0.682902758 1
0.684179245 1
0.685425604 2
0.687197884 2
0.687486861 2
0.688679206 3
0.689356434 3
0.691131072 3
0.695894085 2
0.696096767 2
0.707179543 1
0.712911162 3
0.714299947 1
0.716996467 3
0.717685257 2
0.719682536 2
0.721663773 2
0.721741969 3
0.732509447 3
0.739168247 2
0.744595608 1
0.744596422 3
0.745243906 2
0.746115275 1
0.747987051 2
0.757312493 2
0.76101416 1
0.762716771 2
0.763829789 1
0.768909998 2
0.770402093 1
0.775806747 1
0.775922036 2
0.77653022 1
0.777295011 2
0.779546861 1
0.78113048 3
0.782273482 3
0.783822009 1
0.787689929 1
0.78961046 1
0.792645679 1
0.794766867 3
0.795541939 3
0.79660893 1
0.798182428 3
0.80002723 3
0.802229955 1
0.80483548 2
0.806143966 2
0.806144289 3
0.807499355 2
0.808480676 2
0.809215107 2
0.813214264 2
0.814554091 3
0.816783024 1
0.820956841 3
0.822219139 3
0.825730549 1
0.827277378 2
0.82813459 1
0.828654897 3
0.829710467 2
0.835954562 2
0.836073312 3
0.841267928 1
0.843238545 2
0.843495783 2
0.843762611 2
0.849053515 2
0.849594536 3
0.850162541 3
0.851516221 1
0.852432554 2
0.854211136 3
0.857271021 2
0.857604062 1
0.859031427 1
0.864201472 2
0.869135661 1
0.870013734 1
0.872837782 2
0.87313115 2
0.873344941 3
0.873569905 3
0.874009657 3
0.879379319 2
0.879928549 2
0.882675446 2
0.885929035 1
0.8864631 1
0.890474135 3
0.892514697 2
0.896807503 1
0.900085245 1
0.900211711 3
0.900604157 2
0.901008192 2
0.902028806 3
0.90401311 3
0.90719742 3
0.909140633 2
0.909777578 3
0.913392063 3
0.914422478 1
0.915213963 3
0.920667506 3
0.920772398 2
0.921065592 2
0.921129373 2
0.928014866 2
0.933852184 3
0.93426104 2
0.934783072 1
0.938496872 3
0.941276687 2
0.943397403 1
0.944595989 2
0.946217716 1
0.949125968 2
0.949463819 1
0.953207734 1
0.955647104 3
0.963980121 1
0.965021778 1
0.965919463 1
0.970672386 3
0.970821889 2
0.972622275 1
0.975908747 2
0.980372057 3
0.980824756 3
0.985530346 3
0.985885404 3
0.988321139 2
0.988609654 2
0.990012924 3
0.998056493 1
0.998151845 3
1.001307415 3
1.006086687 3
1.007169523 3
1.00750202 3
1.010856144 2
1.014945367 1
1.015205047 3
1.015243678 1
1.018153388 3
1.01842764 1
1.019175827 3
1.019991454 1
1.021433719 1
1.021917101 3
1.023107201 3
1.025889301 3
1.040179083 1
1.042071619 1
1.046655603 2
1.050533591 3
1.051403063 1
1.05294601 2
1.054552006 2
1.055775308 2
1.056399532 3
1.057172815 3
1.057517845 1
1.058908282 3
1.059573471 1
1.061910024 2
1.066710353 2
1.06766351 1
1.069353953 1
1.069364952 3
1.070447837 1
1.075048106 2
1.075677172 1
1.077332643 1
1.077564889 2
1.081402324 1
1.0841096 3
1.084345914 3
1.084521091 3
1.086684941 2
1.087917802 3
1.087945229 3
1.088618434 3
1.090116924 2
1.091823914 1
1.092285335 3
1.092309066 3
1.092958652 2
1.097803889 3
1.10088398 2
1.105380647 2
1.105575704 2
1.10589066 2
1.105979085 1
1.110225599 2
1.115801433 3
1.116446456 3
1.118557904 1
1.119196594 3
1.119426521 3
1.120842957 3
1.122810194 1
1.123984412 1
1.126524967 3
1.130832776 2
1.138031439 3
1.138600816 3
1.141317594 3
1.141779328 3
1.147948595 2
1.149370101 2
1.149479739 1
1.150811172 3
1.152024084 3
1.152630024 3
1.154492931 1
1.156049268 3
1.156789487 3
1.16460714 1
1.166852363 1
1.16878509 3
1.169228182 3
1.170415372 2
1.172643711 3
1.17436576 1
1.176840022 1
1.177821035 3
1.186588275 2
1.190168352 2
1.190339923 3
1.191022479 3
1.19313668 3
1.193297893 1
1.198665059 1
1.208580297 1
1.208707466 3
1.213835795 1
1.214898437 2
1.215114786 2
1.223764826 2
1.225968062 2
1.23047813 3
1.23786795 2
1.238654426 1
1.242205326 3
1.244171027 1
1.246726991 3
1.247328956 2
1.249716141 3
1.251677781 1
1.25235297 1
1.25505273 2
1.25591786 2
1.259611906 1
1.263053036 2
1.263660925 3
1.2638151 3
1.26446127 1
1.269530051 2
1.271204711 3
1.273989393 2
1.281051334 1
1.287724804 3
1.296671909 2
1.299140794 3
1.300528887 3
1.301458849 2
1.302035155 3
1.306689641 1
1.309454057 1
1.315915095 1
1.316769331 1
1.326348371 2
1.337343564 2
1.337443253 3
1.338291728 2
1.340464837 1
1.341339531 2
1.342550485 2
1.3499347 2
1.352372328 1
1.352453362 1
1.355113593 3
1.356209126 2
1.358186085 1
1.360219084 3
1.363344373 1
1.367177251 2
1.370421438 2
1.373745717 2
1.380478225 3
1.382217065 1
1.383527343 2
1.383813308 2
1.384028459 1
1.387546582 2
1.388580563 2
1.390328891 1
1.396183163 1
1.400454158 3
1.400511727 1
1.401104045 2
1.404954616 1
1.40673693 2
1.406866557 3
1.407585498 2
1.40773063 1
1.408259263 3
1.413998794 3
1.414482797 2
1.41451719 3
1.423871671 3
1.427879833 3
1.428864618 2
1.429960235 3
1.431230953 1
1.433608869 2
1.43634239 3
1.438281693 3
1.438402932 1
1.439558068 1
1.442962411 2
1.444217478 1
1.444944383 1
1.451547311 1
1.452883809 1
1.454096024 2
1.455105946 3
1.456710971 3
1.458679354 1
1.459883147 2
1.461309144 1
1.467038953 1
1.467431676 3
1.468902876 1
1.474199686 2
1.478622768 3
1.478946688 3
1.479723925 2
1.481131459 3
1.481625134 1
1.48371386 2
1.484177449 1
1.491954073 1
1.492380632 3
1.493497233 3
1.495139824 1
1.49605196 2
1.501853857 3
1.506645728 3
1.507759298 3
1.507833734 1
1.508629587 2
1.512325923 2
1.513144512 3
1.513747783 3
1.51419017 3
1.517949831 1
1.526396177 1
1.52831097 2
1.529151599 3
1.529338598 3
1.529371941 3
1.531435081 3
1.53326574 2
1.54198053 1
1.544190549 3
1.545553612 1
1.553736891 1
1.557771182 1
1.558661636 3
1.559170607 1
1.559228885 1
1.559515049 2
1.563560003 2
1.56871201 2
1.571043744 2
1.57150544 2
1.573718462 1
1.577615337 3
1.578428114 3
1.578542011 3
1.580983012 2
1.582929721 1
1.583140306 1
1.590719541 2
1.591298216 3
1.592496402 2
1.594552167 2
1.595338809 3
1.596259814 3
1.596603747 2
1.597125338 2
1.598663462 1
1.59985423 3
1.605511118 3
1.606516915 2
1.606934982 2
1.608152042 1
1.608686032 2
1.60879652 3
1.610861692 1
1.61819499 1
1.618603749 2
1.622198311 1
1.624622943 3
1.627390042 3
1.630666967 2
1.632239389 2
1.63360688 2
1.635982548 1
1.641051831 1
1.642073522 3
1.643000235 3
1.643891592 3
1.649426945 1
1.65422478 3
1.655923644 1
1.657646053 1
1.662439465 1
1.662479236 2
1.664594817 3
1.66658296 1
1.670861083 2
1.674178449 2
1.676113677 3
1.677000497 1
1.680212179 3
1.684791358 2
1.70075943 3
1.706499514 3
1.707153748 2
1.708462589 1
1.70846385 3
1.711980335 1
1.715258159 1
1.718826243 2
1.72115458 3
1.722301289 1
1.723629659 2
1.724293993 3
1.727608093 2
1.731147779 2
1.736887301 3
1.738711612 2
1.739322626 2
1.744576312 3
1.747185726 3
1.749141639 2
1.75143419 1
1.751536242 1
1.756073074 3
1.765630985 3
1.767688904 2
1.771032062 3
1.771546609 3
1.78407979 3
1.788453049 1
1.789474034 2
1.791947192 1
1.794959438 1
1.800419961 1
1.800761947 2
1.805629448 1
1.806979849 3
1.807060482 2
1.809502415 1
1.809687268 2
1.822539936 1
1.822679599 1
1.82508098 2
1.831439704 2
1.836727397 1
1.839267411 3
1.839596849 1
1.840702291 3
1.847856488 3
1.848135224 2
1.848280868 2
1.853288383 1
1.853313568 1
1.854123807 3
1.858223488 2
1.860388556 2
1.864190073 3
1.864280732 3
1.865127395 1
1.867286182 2
1.867786567 1
1.867910074 3
1.868726556 2
1.870386091 2
1.878424525 1
1.878565064 2
1.883587917 3
1.884070322 3
1.884222458 1
1.889134924 3
1.896360261 1
1.903536061 2
1.904084548 1
1.904568325 2
1.907615344 1
1.911173459 1
1.919673043 3
1.921250787 2
1.92514295 1
1.939025296 2
1.940447426 1
1.941046747 2
1.941123112 2
1.941620138 3
1.944557451 3
1.949964016 1
1.954469914 1
1.961887004 1
1.965185481 2
1.969217505 1
1.970381001 1
1.971561216 3
1.971918064 2
1.972596121 2
1.974291833 3
1.97735476 1
1.981107828 1
1.981411343 2
1.9861625 2
1.986789674 3
1.987827001 3
1.990325946 3
1.99473756 1
1.995953205 1
1.996104263 3
1.997310342 2
2.000973261 1
2.007730927 3
2.012937128 2
2.018059301 1
2.018786712 2
2.021017841 3
2.022956855 3
2.023164087 3
2.024424208 1
2.03017188 1
2.033200613 2
2.038565854 2
2.041612511 2
2.043513017 3
2.043686046 2
2.044490841 3
2.046897577 3
2.047712311 3
2.05017278 3
2.051030781 3
2.053828294 1
2.055589949 3
2.059897744 3
2.060061674 2
2.060333204 1
2.060573791 1
2.062846371 1
2.068573189 3
2.070388531 1
2.07145408 3
2.073701673 2
2.074588053 3
2.078055307 2
2.079579002 3
2.080356242 1
2.083128486 2
2.084249585 3
2.084848538 2
2.089544317 1
2.093215628 2
2.093505358 2
2.103258377 1
2.106699178 3
2.107542953 3
2.112849207 1
2.115845545 3
2.118695787 3
2.119897848 2
2.119945532 2
2.121112834 3
2.122124246 3
2.12245084 2
2.124592115 3
2.124656804 2
2.12505305 2
2.126491079 3
2.132848232 1
2.133270954 3
2.133414176 1
2.133482187 1
2.134101854 1
2.134136422 2
2.135729543 1
2.139154285 2
2.140517187 2
2.142819469 2
2.148332454 1
2.149197911 1
2.153657597 1
2.157433703 3
2.163611734 2
2.164735254 3
2.168933628 1
2.169324957 1
2.169674368 3
2.173723747 3
2.176133727 2
2.177377026 3
2.182594919 1
2.182617206 1
2.185983174 2
2.188760589 3
2.191567595 1
2.192966727 1
2.196284919 1
2.196480876 1
2.196933352 3
2.197917138 3
2.208456127 3
2.208520098 3
2.212508368 2
2.213949084 1
2.21546761 3
2.219066037 3
2.220994575 2
2.222336024 1
2.222365666 1
2.222894236 2
2.22323168 1
2.224206463 3
2.224671774 1
2.22907432 1
2.229780236 1
2.235794757 1
2.246474971 3
2.246612847 1
2.247667168 2
2.248610428 2
2.254020072 3
2.254727195 2
2.258925244 3
2.261949319 1
2.262487886 2
2.268297554 3
2.269018328 3
2.272214376 2
2.27299292 3
2.273140761 3
2.274053402 2
2.275861641 1
2.281420682 1
2.2833414 1
2.289758232 3
2.299383151 1
2.299907447 2
2.30032278 2
2.306983445 3
2.315210941 1
2.316197106 3
2.320022178 3
2.321036039 3
2.321500116 1
2.322998265 2
2.324547259 3
2.329141876 2
2.330168229 2
2.330529884 1
2.335416596 2
2.337781442 3
2.343476312 2
2.34510604 1
2.347592078 1
2.352701826 1
2.35317343 1
2.356688849 1
2.358125891 1
2.358490786 1
2.36282886 2
2.363707196 2
2.366572726 2
2.368715514 1
2.369369564 2
2.378237753 1
2.381296065 1
2.381393366 3
2.384102452 3
2.385537968 1
2.390479866 2
2.393211542 1
2.394368157 3
2.394622951 3
2.397009942 1
2.397539079 3
2.398695468 2
2.39965365 2
2.39995448 1
2.402499229 2
2.403384662 3
2.406120574 2
2.40847147 3
2.411130901 1
2.412104463 2
2.414958717 1
2.415627333 2
2.416674447 1
2.417556438 2
2.421433384 2
2.421585469 3
2.422882685 1
2.425812423 3
2.426588541 3
2.429435763 1
2.43133957 1
2.432985944 2
2.434729933 1
2.442816426 1
2.445173693 1
2.445709644 2
2.446365583 3
2.446586621 1
2.448261242 2
2.449109971 1
2.456587888 2
2.457686083 1
2.469687405 3
2.474833584 2
2.475850005 3
2.477987058 3
2.478272673 1
2.480643975 2
2.484404479 2
2.485091335 3
2.485590151 2
2.487901663 3
2.488806664 2
2.491093624 3
2.496843952 2
2.497892456 1
2.500633059 1
2.502981666 2
2.503108922 1
2.503646366 1
2.503672371 3
2.505697024 3
2.507921409 3
2.508473597 2
2.509863648 1
2.51038815 3
2.510907042 1
2.513595868 2
2.514424062 3
2.515947675 2
2.51725067 2
2.520440947 3
2.527071183 3
2.52762665 3
2.528264865 2
2.52977827 1
2.529969325 1
2.530955541 1
2.533834347 1
2.534210428 3
2.540291249 2
2.540412426 3
2.541114868 2
2.542081269 3
2.544008686 1
2.546045472 1
2.561270092 2
2.561822057 3
2.565617358 1
2.56635431 2
2.567166171 3
2.570489708 1
2.57077117 1
2.577321246 2
2.578280806 3
2.578318867 2
2.58076265 1
2.581203772 3
2.581878689 2
2.582538288 2
2.585719991 2
2.585743505 2
2.587002657 3
2.587748338 2
2.59021054 3
2.595221713 2
2.600847041 1
2.602485886 3
2.605354391 3
2.611265249 2
2.6119758 1
2.612565038 3
2.614542129 3
2.614615222 3
2.615095052 2
2.617590333 1
2.618796565 2
2.619158614 2
2.620816961 3
2.620896996 2
2.621363073 3
2.623473072 3
2.624086937 1
2.625963012 2
2.627555157 2
2.627905077 3
2.628656394 1
2.633141046 1
2.634047265 1
2.635408512 3
2.636325783 3
2.646976267 3
2.64722242 1
2.647392957 2
2.650054676 3
2.650589988 2
2.651331689 2
2.653464344 2
2.653996982 3
2.654114601 1
2.658281612 3
2.660773529 3
2.663770807 1
2.663795895 2
2.665108211 2
2.666000514 2
2.666026776 1
2.668042039 3
2.671241018 2
2.672802734 3
2.674653732 2
2.679943016 2
2.682717932 2
2.688981633 3
2.689911175 2
2.691709779 2
2.693817061 2
2.695678472 1
2.696341143 1
2.696935838 3
2.703517803 2
2.707683007 1
2.71298386 1
2.716778251 2
2.718498242 1
2.72173673 1
2.722579632 3
2.723143564 3
2.725583643 3
2.725831239 1
2.726059087 3
2.733476423 3
2.733823468 2
2.738318275 3
2.738825237 1
2.741535856 3
2.741843444 2
2.751173017 1
2.751332178 2
2.751800758 2
2.753941146 1
2.763134491 3
2.766319047 1
2.76816837 3
2.769768417 2
2.774249025 1
2.775723904 3
2.780510998 3
2.782316962 2
2.785888165 1
2.789405383 3
2.793976592 3
2.794407124 2
2.7981858 3
2.798287577 2
2.798555462 1
2.799538193 1
2.804312075 1
2.805661346 1
2.805819738 1
2.806293464 2
2.80692396 3
2.812425705 2
2.815848592 2
2.817397804 3
2.818482525 1
2.819676941 3
2.820062579 2
2.820761022 3
2.824674223 1
2.826509176 3
2.831161297 1
2.831179157 2
2.833615421 1
2.836433657 2
2.836989203 2
2.83811424 2
2.839334536 1
2.84493989 2
2.846059367 2
2.847068337 2
2.850184766 1
2.852100346 1
2.853718519 3
2.858157286 1
2.858960472 2
2.860422727 1
2.860765234 1
2.864355339 2
2.864858682 2
2.865471147 3
2.865553781 3
2.86998148 1
2.870112484 3
2.871432253 1
2.872535965 2
2.873746281 3
2.874200023 1
2.879428813 1
2.883967798 2
2.8840699 1
2.88502015 1
2.887264213 2
2.890081914 3
2.891429183 1
2.891485957 3
2.893587764 2
2.894256923 3
2.895987532 2
2.897016501 1
2.901765957 3
2.902970731 2
2.904804701 1
2.905465363 1
2.906870204 3
2.913765102 2
2.917115682 2
2.923787923 1
2.923999763 1
2.92583981 2
2.926484448 1
2.927261539 2
2.927330638 3
2.929651735 3
2.932550956 3
2.934915416 3
2.939535493 1
2.946147583 3
2.94831746 3
2.94870748 1
2.954869017 3
2.962595769 2
2.968039026 3
2.971967876 3
2.978863159 2
2.981128007 2
2.982503886 2
2.991802103 3
2.993084557 1
2.998787449 1
2.999115614 3
3.002916339 2
3.004258268 2
3.008260657 2
3.00917219 3
3.011074929 1
3.01301273 1
3.022898371 2
3.023097504 1
3.030365033 3
3.030887285 3
3.032069163 1
3.036161851 2
3.042077562 2
3.045372424 1
3.045500083 2
3.045686338 3
3.047215165 2
3.047357811 1
3.050267922 3
3.051212701 1
3.05476421 3
3.056542983 1
3.057614476 2
3.059836226 3
3.061868575 2
3.063393578 3
3.06403576 3
3.065652153 1
3.068147512 2
3.069391481 1
3.070343292 1
3.070633288 1
3.07658673 1
3.081450349 1
3.083199737 3
3.084150178 2
3.084393735 1
3.085209026 3
3.085898491 2
3.087364218 2
3.08828148 1
3.095683791 1
3.095768025 2
3.112681701 3
3.117376476 2
3.122673329 3
3.128134184 1
3.131971314 2
3.137111426 2
3.141677539 2
3.14215894 3
3.145194334 3
3.145256475 3
3.146390994 1
3.149102494 3
3.153764284 3
3.15693885 1
3.158086439 3
3.166157684 1
3.168275868 1
3.1697481 3
3.169956375 3
3.171418191 3
3.173100591 2
3.174046698 2
3.174635306 3
3.178020935 3
3.17930449 3
3.180766548 1
3.185063749 1
3.186584927 3
3.188424847 2
3.191476757 2
3.193968799 2
3.195994779 3
3.202911996 2
3.206222545 3
3.206403754 1
3.211512589 1
3.211994667 1
3.214146353 1
3.214208259 2
3.214322672 1
3.215006121 3
3.218116124 2
3.21863929 1
3.21984779 2
3.225064004 3
3.228130289 2
3.229895132 1
3.230202725 3
3.237305373 1
3.237348955 3
3.239273411 3
3.240775545 1
3.241908877 2
3.245230873 3
3.247462361 3
3.248232272 1
3.25190538 1
3.25326603 2
3.260786152 1
3.262029243 3
3.262095283 3
3.264234283 2
3.264806047 2
3.267278422 3
3.267583938 3
3.269815368 3
3.271869708 2
3.272689559 2
3.273643716 1
3.275968124 1
3.276567215 2
3.277903765 1
3.280388966 2
3.280823293 1
3.281118064 2
3.283299611 1
3.285575366 1
3.290769977 1
3.304175283 2
3.311144305 3
3.311826134 3
3.319044362 3
3.31904613 3
3.325362493 1
3.325475921 3
3.329828601 3
3.331744982 1
3.332205672 2
3.335062025 2
3.34205628 1
3.346549492 3
3.346714 3
3.350038134 3
3.351208508 2
3.351811708 2
3.35294268 1
3.353132216 2
3.354006991 1
3.355166021 2
3.35778363 2
3.358460813 3
3.3620609 2
3.36267195 1
3.366068505 3
3.367237346 3
3.3691824 1
3.37458824 3
3.378295325 2
3.379277451 2
3.382193859 1
3.383363488 1
3.38426872 2
3.386616321 2
3.387780842 3
3.389285602 3
3.390447826 3
3.391418017 2
3.391599412 1
3.397365764 2
3.398382158 1
3.401204284 1
3.401617953 3
3.402101053 3
3.406898591 3
3.407204523 3
3.407963123 3
3.410134294 1
3.41304513 3
3.413081462 3
3.417966494 3
3.418708595 2
3.419085885 1
3.42046285 2
3.432607516 2
3.436974619 3
3.437140992 2
3.438298789 2
3.44223945 2
3.443023695 2
3.443758707 1
3.445775734 1
3.446761223 1
3.448631406 3
3.448634637 3
3.453152431 2
3.453484817 3
3.453688043 2
3.454087837 1
3.465706689 2
3.467848991 2
3.470070815 2
3.473971047 1
3.478628365 3
3.479372581 1
3.481736205 1
3.482877567 3
3.485124077 1
3.48643223 2
3.487326153 1
3.489312479 1
3.489604762 1
3.490529741 3
3.491281272 1
3.494787925 3
3.496663854 2
3.500042273 1
3.502795462 3
3.502976559 2
3.50524074 3
3.507506929 2
3.507775957 2
3.512524962 2
3.515798743 1
3.517044357 2
3.523702024 1
3.527069058 2
3.527421606 1
3.530394193 3
3.531890796 1
3.533706648 1
3.538303301 1
3.547991855 1
3.551150675 2
3.555238657 1
3.556252879 2
3.557358193 2
3.559138692 2
3.559199688 2
3.56121613 1
3.562483391 1
3.563278217 1
3.563346243 2
3.564567183 3
3.564674627 2
3.565804146 3
3.566344996 1
3.569730909 3
3.571425597 1
3.571687078 3
3.576184652 2
3.577016979 3
3.580120587 2
3.584670319 3
3.584744308 3
3.58733053 1
3.588123039 1
3.5945223 3
3.597092244 3
3.600392562 1
3.60190305 3
3.602495293 3
3.602833731 1
3.605167971 3
3.606830122 1
3.609887143 1
3.611943402 3
3.613993991 1
3.616501134 1
3.62016642 3
3.623317276 2
3.623472194 2
3.629138565 1
3.631353329 1
3.632185257 2
3.638417505 3
3.639123145 2
3.640886523 2
3.642390039 2
3.647637783 3
3.653679517 2
3.654714878 3
3.655892222 3
3.658639571 2
3.659391694 1
3.661860099 2
3.662604133 3
3.669462699 3
3.67123505 2
3.675199955 1
3.676891969 2
3.678979986 2
3.680338835 3
3.681269946 1
3.684122119 3
3.686353443 3
3.687297717 1
3.687688204 1
3.698927827 2
3.700185104 2
3.705505027 1
3.705973571 1
3.708131394 2
3.7133876 3
3.713798074 2
3.715192081 2
3.715227971 2
3.716084329 3
3.717335053 1
3.721193803 1
3.721214756 3
3.722108033 3
3.725043326 2
3.729135962 1
3.735554161 3
3.735900718 1
3.738221624 3
3.739293029 1
3.741002334 3
3.743520956 1
3.743521558 2
3.743874588 1
3.747163031 3
3.748609133 3
3.752367687 1
3.754205113 3
3.75549837 2
3.758421242 3
3.759041239 2
3.759811316 3
3.764073219 2
3.765477727 1
3.774242075 1
3.77539903 2
3.776493998 2
3.77944407 2
3.782054897 3
3.783886431 2
3.784619136 3
3.784675862 1
3.785881715 1
3.787392711 1
3.791129123 1
3.791198448 2
3.79158734 3
3.792274799 1
3.792276779 2
3.792883372 3
3.793527921 3
3.795742491 1
3.796668774 3
3.797249607 3
3.798518869 2
3.801117128 3
3.804020139 1
3.811471459 1
3.812632787 2
3.83202257 3
3.833369865 1
3.834986815 2
3.836174368 1
3.841625566 3
3.841810982 2
3.844048869 1
3.844277697 2
3.844857009 2
3.846628583 2
3.850981859 1
3.85325441 1
3.861650082 3
3.873105726 2
3.873377514 2
3.874698324 3
3.878505383 3
3.878739978 3
3.880369716 1
3.883140428 3
3.884077375 3
3.887379283 3
3.889483875 3
3.89417766 1
3.895059439 1
3.903130691 2
3.905333977 3
3.907500566 1
3.909086793 2
3.911030852 2
3.91317253 3
3.91592273 3
3.926477671 1
3.926558448 2
3.930955592 3
3.93600731 2
3.938170306 2
3.939409052 1
3.945534998 2
3.947404336 2
3.949455161 1
3.950172575 3
3.950883794 1
3.951636873 3
3.953621339 1
3.955225732 1
3.955273859 1
3.957409961 1
3.96119257 2
3.961964548 3
3.962183782 1
3.962891523 1
3.964638159 1
3.968805248 3
3.972130767 2
3.972150034 3
3.973573473 3
3.977506298 3
3.983273657 3
3.983615561 3
3.985361614 1
3.986784526 2
3.98758862 2
3.989614291 3
3.992157951 2
3.99826074 2
3.999616523 1
3.999977438 1
4.000220859 2
4.005196433 3
4.00802515 3
4.011477895 1
4.016953288 1
4.017853157 3
4.018781626 3
4.01994748 3
4.024311606 3
4.026502925 1
4.026937906 2
4.02906632 1
4.031149351 3
4.031960909 1
4.033273563 3
4.034936084 1
4.036458574 3
4.039446144 2
4.042554946 2
4.050354203 2
4.050416369 2
4.050506441 3
4.052425945 1
4.053438905 1
4.053807589 3
4.054887774 3
4.055927318 1
4.056110395 1
4.05681178 1
4.057352589 1
4.057454443 1
4.057468205 1
4.05962155 1
4.061598918 1
4.066582278 1
4.068145493 3
4.068309844 3
4.071146651 3
4.074492512 1
4.08376254 2
4.084643218 3
4.086695834 1
4.089866258 3
4.091492552 2
4.092585298 1
4.094926867 2
4.095518808 3
4.099442895 2
4.10088137 1
4.112014569 1
4.112598282 2
4.113791705 2
4.11392313 1
4.114359007 3
4.118816558 2
4.119017261 1
4.123654286 2
4.125409814 2
4.125427944 3
4.128830148 2
4.130578686 2
4.133622171 1
4.135624388 2
4.136357829 2
4.136777217 2
4.138814319 3
4.140587479 2
4.141465307 2
4.143128912 3
4.143548161 2
4.155365881 1
4.156819598 2
4.157278247 1
4.158873465 1
4.165036179 1
4.166135026 2
4.168444146 2
4.16901908 3
4.172194934 1
4.185302359 2
4.186910093 1
4.189024908 1
4.189155 2
4.193530359 2
4.195246234 3
4.200131627 2
4.203615849 1
4.209997739 1
4.21482655 3
4.216032688 3
4.218309281 1
4.219883267 2
4.222081349 3
4.223841862 3
4.225336875 3
4.225495078 2
4.226281834 2
4.232184893 1
4.232400472 3
4.235896334 2
4.237477157 2
4.24143704 3
4.246243555 2
4.247575903 2
4.247759639 2
4.249443823 2
4.253819076 2
4.256345606 2
4.25863742 3
4.263357739 1
4.26389966 1
4.272759761 2
4.273291404 3
4.275348375 3
4.279199534 3
4.280603707 1
4.28317411 1
4.284289305 3
4.284305325 3
4.285402659 1
4.285450424 3
4.2857291 2
4.286224204 1
4.287069826 3
4.290124061 1
4.290716839 2
4.291459738 2
4.292609246 3
4.29399273 1
4.303467039 2
4.303649233 3
4.306674862 1
4.309534209 3
4.311466595 1
4.317150057 2
4.317930361 1
4.322392002 1
4.323703595 3
4.326210871 2
4.327083165 3
4.327393335 3
4.331180403 2
4.332567516 1
4.336391308 3
4.338565681 3
4.34196102 1
4.344620501 2
4.346246951 3
4.34816862 2
4.34904961 3
4.349524661 1
4.349698818 2
4.349723888 3
4.350774013 2
4.362309798 3
4.363535538 3
4.366374421 1
4.3668011 1
4.37530555 1
4.37662082 1
4.381098802 3
4.381444028 3
4.38182589 1
4.386564748 2
4.388666973 1
4.390633677 2
4.392405896 1
4.393915764 2
4.394381791 2
4.397340831 2
4.397902602 2
4.401660638 2
4.401757715 3
4.402042396 1
4.404412037 1
4.404807191 1
4.404834573 2
4.406938902 2
4.408301397 1
4.409512705 3
4.413426999 3
4.415748325 1
4.417874934 3
4.423446074 1
4.42360023 1
4.42655952 1
4.428123157 1
4.428367115 3
4.433686522 2
4.438224669 2
4.438272917 1
4.442246074 3
4.44386811 2
4.445391483 3
4.446701617 1
4.447328409 3
4.447896177 3
4.449734054 2
4.451696002 3
4.461144645 1
4.461156415 3
4.465339294 3
4.466803967 1
4.467582171 1
4.467735963 1
4.468384695 1
4.468799534 1
4.472805336 1
4.474523217 2
4.475478898 1
4.475531245 2
4.475555066 1
4.476337104 2
4.476673632 2
4.478397102 1
4.48298768 2
4.485087591 3
4.485771409 2
4.494189822 3
4.495131306 1
4.4979671 2
4.49903542 3
4.500475307 3
4.50326465 1
4.505671587 3
4.505718516 2
4.50591624 3
4.506303896 3
4.50646442 3
4.513649545 1
4.517650868 3
4.519032913 2
4.521185644 1
4.521660511 2
4.530596392 3
4.530712405 1
4.531379805 3
4.533011364 1
4.533813475 3
4.534800798 3
4.53671506 1
4.54127064 3
4.545008905 2
4.548065611 1
4.552732603 1
4.553863337 1
4.557818738 1
4.563018121 3
4.568612122 1
4.570250334 3
4.57168025 2
4.572264711 1
4.573618182 3
4.57581522 1
4.577984841 3
4.579184087 1
4.57919584 1
4.580917923 2
4.582369692 2
4.582533972 3
4.585866179 1
4.590824075 2
4.594768914 3
4.597728719 3
4.599137635 2
4.600421696 2
4.600441938 3
4.602753648 2
4.603485937 1
4.603686199 1
4.611527026 2
4.618994601 1
4.621902368 2
4.622330106 2
4.623137027 3
4.627383167 2
4.629793594 2
4.629935146 3
4.632637659 1
4.634015641 1
4.635260231 3
4.63849994 1
4.638546426 1
4.64000808 2
4.643229561 2
4.644154981 2
4.644819743 3
4.645571421 3
4.646051039 2
4.647293974 1
4.650085205 2
4.652401203 1
4.654631749 1
4.658520983 1
4.660188158 1
4.663053923 2
4.665845299 1
4.674285613 1
4.676638714 2
4.682129311 3
4.683385446 2
4.687646333 3
4.69098301 3
4.692807695 1
4.699118488 2
4.705824673 2
4.708000631 3
4.708448102 1
4.710163433 3
4.710324212 3
4.714740171 2
4.724111487 2
4.725647593 2
4.72634918 1
4.726913057 2
4.729268708 1
4.731004315 2
4.73747802 2
4.738371554 2
4.741845258 2
4.743343214 1
4.75791547 2
4.760417709 1
4.763583477 3
4.763608381 1
4.763618983 2
4.763651878 1
4.764449527 2
4.766111662 2
4.766630728 3
4.767661523 3
4.768253967 3
4.773944393 2
4.775314441 3
4.775370425 1
4.778238968 3
4.778574713 2
4.780821176 2
4.783962675 2
4.784552894 3
4.78572421 2
4.787661942 2
4.789855681 2
4.796390157 2
4.802216573 2
4.807439649 1
4.811092813 1
4.818844921 2
4.819632167 3
4.819704398 3
4.82398903 2
4.827741025 2
4.842522608 1
4.842865511 1
4.857922028 2
4.858066525 2
4.860173261 3
4.860779132 3
4.861330197 2
4.86165225 3
4.863479285 3
4.866116304 2
4.868441298 1
4.872659701 3
4.87337586 3
4.874009294 3
4.875295968 3
4.889622536 3
4.893676643 1
4.894806455 1
4.898463347 1
4.899017304 2
4.899669805 1
4.905838454 3
4.909999948 3
4.910748059 3
4.913267766 1
4.913356101 2
4.916800565 1
4.917462243 3
4.918090352 1
4.922913072 2
4.923153331 2
4.924519328 2
4.930171616 2
4.934581398 3
4.935200699 1
4.943544878 3
4.944000434 2
4.944065079 3
4.945328877 1
4.946065555 2
4.948292645 3
4.950350399 2
4.952091313 2
4.952332413 1
4.955028962 3
4.957936483 2
4.959776171 3
4.960078698 1
4.960244835 3
4.963389631 1
4.963404891 3
4.964003976 3
4.96507738 2
4.965774355 2
4.967376164 2
4.969775806 3
4.976032298 3
4.976614012 3
4.980374339 1
4.981248529 1
4.985184194 1
4.987155813 2
4.990588488 2
4.995404038 1
4.996200891 3
4.9965684 1
4.997561121 3
5.002231231 2
5.003108034 1
5.004789991 1
5.006302763 1
5.006516916 1
5.010651911 3
5.016540591 1
5.022673241 3
5.025000613 2
5.025563511 3
5.02682881 3
5.026919841 1
5.027136878 3
5.029199335 1
5.035192273 2
5.038523073 1
5.040218482 1
5.043067965 3
5.043253689 2
5.053216947 2
5.055966219 2
5.05803755 3
5.058561771 1
5.059446191 1
5.063882845 1
5.064279814 3
5.066666897 1
5.072176848 2
5.073031126 1
5.075923352 2
5.079555794 1
5.081209496 3
5.084825685 1
5.085052558 2
5.085569413 2
5.086478721 2
5.088620089 1
5.092853074 3
5.094447773 1
5.095894292 2
5.096612129 2
5.097436431 2
5.098540475 1
5.099752943 3
5.100394375 1
5.104503083 2
5.10768335 2
5.108030963 1
5.112930359 2
5.113123367 3
5.113298523 3
5.120071907 1
5.125349642 1
5.125831513 3
5.127928152 1
5.132870154 1
5.133793065 2
5.142881462 1
5.143578745 2
5.146764652 2
5.148502459 3
5.149050884 3
5.152133811 3
5.154795034 1
5.163616477 2
5.169675851 1
5.171133171 2
5.181697633 1
5.18281616 3
5.186238245 3
5.187357905 1
5.187455875 3
5.187751262 2
5.189788386 1
5.190609343 1
5.193787623 1
5.196605135 3
5.197158723 2
5.200945679 2
5.201296652 2
5.202632803 1
5.204276833 1
5.20880275 3
5.209333307 2
5.209621975 1
5.213740588 2
5.21429069 3
5.216109774 1
5.217103425 3
5.217570952 3
5.221056265 3
5.221946042 1
5.22512955 3
5.226950162 2
5.227339269 2
5.228571706 3
5.230437615 1
5.231483067 2
5.234959997 1
5.238210663 2
5.240946152 1
5.241210735 3
5.241970459 2
5.244637355 1
5.247231193 3
5.247992928 1
5.248276177 3
5.248339681 3
5.248407251 3
5.252759046 2
5.260057294 3
5.261007558 2
5.262805964 2
5.267144935 1
5.267482723 3
5.268325886 3
5.269454782 1
5.269750311 2
5.272047492 2
5.272182742 3
5.274424361 3
5.276140366 1
5.279368593 1
5.281508758 3
5.285537226 2
5.295108158 1
5.301299338 1
5.304058996 1
5.304379517 3
5.308121668 3
5.308979015 2
5.312726825 1
5.315059397 1
5.316044123 1
5.316156341 2
5.319744813 2
5.32486624 2
5.329652259 1
5.329662667 2
5.331858918 2
5.337551405 2
5.339197204 1
5.340168846 1
5.340609974 2
5.342181512 1
5.34340718 3
5.343741113 3
5.355219154 2
5.355287952 3
5.358273101 2
5.358687246 2
5.35902716 3
5.365894022 2
5.367641605 2
5.36839618 1
5.368706195 2
5.37074571 3
5.371764117 2
5.374813836 2
5.38377098 1
5.385133714 2
5.385642231 3
5.386740643 2
5.390758134 1
5.394187779 2
5.39452432 3
5.398936852 2
5.406021349 3
5.40608264 2
5.406539611 3
5.40683396 1
5.409952791 1
5.410119968 2
5.415179735 2
5.426996507 2
5.431380883 1
5.431805489 1
5.432077127 1
5.443636023 3
5.446350962 1
5.446885088 2
5.447658272 3
5.450058602 2
5.453134595 1
5.453340754 2
5.454474817 3
5.455450584 3
5.458647638 2
5.460603719 1
5.460771481 1
5.460842111 3
5.463095731 2
5.463706101 1
5.464784797 2
5.466274182 2
5.467483258 1
5.467500563 1
5.468260246 3
5.468413045 2
5.469832009 2
5.473042036 3
5.474001183 1
5.480604572 1
5.481338526 2
5.483820433 3
5.495042461 2
5.496418793 1
5.496446433 1
5.498384596 1
5.499834398 1
5.500726203 1
5.502229895 1
5.502345023 3
5.504358065 2
5.505841504 3
5.507257415 3
5.511374476 2
5.51301776 2
5.513036556 3
5.515384674 1
5.523226506 2
5.52407075 2
5.524581215 1
5.526519219 3
5.528553427 1
5.530238862 2
5.534545838 3
5.537977207 3
5.53830015 1
5.541521152 2
5.541583558 2
5.544660949 1
5.544874613 1
5.546613845 3
5.549900922 2
5.550516479 3
5.55690611 2
5.558053453 1
5.564867392 1
5.566793369 1
5.568570223 3
5.569106281 2
5.57066539 1
5.572540473 3
5.576496118 1
5.57999475 1
5.581198982 2
5.587719444 2
5.593193038 1
5.599670333 3
5.600410804 1
5.600414525 3
5.601830857 1
5.605229131 3
5.609309637 1
5.61342692 2
5.614737124 1
5.616322582 1
5.61947616 1
5.620974123 3
5.621168957 1
5.623150245 1
5.62318008 1
5.628001919 3
5.629881884 1
5.631034404 1
5.63150579 3
5.635789067 2
5.636532034 3
5.636769977 2
5.636920924 2
5.638994297 2
5.644065817 3
5.64468018 1
5.644930598 3
5.646833948 2
5.647121571 3
5.648346815 3
5.657753721 2
5.661180142 2
5.665605894 1
5.669087791 3
5.669694931 1
5.670426843 1
5.673671395 2
5.674863352 2
5.67597507 3
5.678975215 2
5.679766408 1
5.681464815 1
5.681678939 3
5.682103873 2
5.683643754 2
5.684386834 2
5.691173973 1
5.693809655 3
5.695775248 3
5.696816007 2
5.697049308 2
5.701025377 2
5.705314587 1
5.706291742 3
5.720135287 2
5.723287623 3
5.725456966 2
5.72631616 2
5.731550075 2
5.734423106 2
5.734714223 1
5.737632988 2
5.740222952 1
5.743394075 2
5.743976454 3
5.744874406 1
5.757849966 2
5.758580668 2
5.762089628 3
5.762582702 2
5.763631186 1
5.766824421 2
5.77042183 1
5.771714019 3
5.774393444 1
5.782227848 1
5.783351101 2
5.784238091 2
5.784350147 2
5.787012371 1
5.791680752 3
5.794077265 1
5.795630669 3
5.796246683 3
5.796271345 1
5.796275203 2
5.797130706 3
5.800565836 3
5.801004492 2
5.8022436 2
5.805362887 3
5.805567083 3
5.80667922 2
5.80715948 3
5.80862374 3
5.812760096 2
5.813287377 1
5.813516233 1
5.817142108 1
5.817353568 3
5.81864948 2
5.819085924 3
5.820262285 3
5.822043813 3
5.823239156 1
5.824344018 3
5.825067844 2
5.825563642 3
5.829269426 1
5.830552694 2
5.833442573 2
5.834016578 3
5.83748888 3
5.840485686 1
5.842905209 3
5.843002812 3
5.848394873 3
5.848689707 1
5.849295619 1
5.852996697 3
5.854255778 3
5.85613476 3
5.859076473 1
5.860825011 1
5.861584778 1
5.864315365 2
5.865920245 2
5.866187556 3
5.866865926 1
5.867477189 1
5.868458957 2
5.868886807 1
5.869384343 2
5.873016853 3
5.88257702 1
5.883046224 2
5.885946331 1
5.886871501 2
5.889083618 1
5.891705375 1
5.89556431 3
5.897527632 1
5.90673774 3
5.909601843 2
5.910614042 3
5.912056517 2
5.913498087 2
5.9167004 1
5.919669587 3
5.923525675 3
5.927664066 3
5.928234474 1
5.92890403 3
5.930737186 1
5.938955703 2
5.940948428 1
5.943699725 3
5.943749589 2
5.945738247 1
5.952983129 3
5.95550836 1
5.957466953 2
5.960455088 3
5.961530476 1
5.964022776 1
5.964413435 2
5.966358075 1
5.97233398 2
5.972336307 3
5.973667354 3
5.981576683 1
5.985242205 1
5.986976208 2
5.988583538 2
5.993241037 1
5.997714572 2
6.001616651 1
6.003513494 3
6.011638842 2
6.012257344 1
6.013519488 2
6.014036362 1
6.018717738 3
6.019075956 1
6.022566586 3
6.023210652 1
6.024209439 1
6.02440878 1
6.032200258 1
6.033483173 2
6.034906249 1
6.043143307 3
6.043593557 3
6.045425592 1
6.045709034 1
6.047965693 3
6.055182659 1
6.056153688 2
6.057909144 1
6.060070255 1
6.062712306 3
6.068040101 2
6.069042106 1
6.072077245 3
6.072563821 2
6.074242634 1
6.075871702 2
6.076344136 3
6.08286303 3
6.083707582 2
6.084625559 2
6.085786442 1
6.086338031 1
6.087444424 3
6.087494366 1
6.092573127 1
6.093186426 1
6.098729782 3
6.099786886 2
6.09997589 3
6.100535529 1
6.106831077 3
6.108852686 1
6.11299299 1
6.114668216 1
6.115468536 3
6.115822369 1
6.117522259 2
6.119437396 3
6.120035236 2
6.120756133 1
6.121639428 3
6.122357439 3
6.124132131 1
6.125452749 1
6.12573545 2
6.131226094 3
6.134159706 3
6.136994282 3
6.137972407 1
6.140114752 1
6.154211714 2
6.158860184 2
6.164248256 2
6.167529256 2
6.175833163 3
6.177150214 2
6.179764688 2
6.180710754 3
6.181267521 1
6.181373576 1
6.181772437 2
6.182642494 2
6.185116077 2
6.187108833 3
6.19245405 3
6.192698951 2
6.194006112 1
6.194822475 1
6.195681351 1
6.198847941 2
6.198990917 2
6.199981433 1
6.202116174 3
6.204386935 2
6.207644108 1
6.208513299 2
6.215038543 1
6.216371034 2
6.219839543 2
6.220596701 1
6.231331397 3
6.232123345 3
6.232334751 3
6.232374897 2
6.235175632 2
6.235224761 2
6.235676712 3
6.242787022 1
6.243082041 3
6.24321271 1
6.245216297 3
6.250788477 1
6.255797135 3
6.259698667 3
6.262152756 3
6.26427728 3
6.267057942 3
6.268488202 2
6.269182041 1
6.272137536 1
6.272477177 1
6.27477961 2
6.276173842 3
6.277444876 2
6.277558222 2
6.281614041 2
6.282684198 1
6.284859011 1
6.287557038 2
6.300086958 2
6.303452694 3
6.304932492 2
6.306774625 1
6.308507812 3
6.309007306 2
6.309099934 3
6.312192459 2
6.315406868 2
6.315883948 1
6.3161817 1
6.320164433 3
6.32019889 2
6.322343868 2
6.32782205 1
6.32821856 1
6.328226973 3
6.331965781 1
6.33200461 3
6.332274181 2
6.33682682 1
6.341178195 1
6.347461412 2
6.347793363 2
6.350496315 1
6.356793859 3
6.359528593 3
6.360495158 2
6.360732427 1
6.364222333 1
6.365397456 3
6.366426929 2
6.369050798 1
6.369219749 3
6.372033058 2
6.37331845 2
6.373349281 1
6.377301731 3
6.377464454 2
6.377614819 2
6.37821793 2
6.379011952 2
6.379163578 1
6.379986949 3
6.382382604 2
6.38334647 1
6.388408673 2
6.389616468 1
6.389830915 3
6.390868043 2
6.391016551 3
6.3912645 1
6.391722767 3
6.394861074 3
6.397828543 2
6.398760561 2
6.401651354 3
6.402882938 2
6.405640342 2
6.407008085 1
6.408500559 2
6.409159087 2
6.410075254 1
6.411782625 3
6.412981073 1
6.416603146 2
6.417473694 1
6.424842221 2
6.42603944 1
6.427186152 2
6.429671147 2
6.430809531 3
6.432172407 2
6.437902033 2
6.439335898 3
6.4397725 3
6.445227998 2
6.445365167 1
6.452119033 1
6.453303332 1
6.453693282 1
6.456010716 3
6.456112573 2
6.456290749 2
6.458558431 1
6.459364851 1
6.46183976 3
6.46590486 3
6.470637445 1
6.472487411 3
6.474165784 2
6.478371851 3
6.478867062 2
6.479827849 3
6.48450435 2
6.484850994 3
6.486752058 2
6.488760316 2
6.49760478 2
6.499255996 3
6.501955643 2
6.502193477 3
6.502941734 1
6.504664306 1
6.506939963 1
6.508416401 2
6.510608051 2
6.520367016 1
6.521546376 1
6.526814668 1
6.527706752 1
6.530548391 2
6.533080353 2
6.535214196 1
6.536131901 1
6.536528207 1
6.539058393 1
6.539791697 2
6.540919241 2
6.54197948 2
6.547548885 3
6.548023964 1
6.548577256 1
6.550067346 3
6.554034914 3
6.558036425 2
6.56853339 1
6.568911458 3
6.572487943 1
6.576319033 3
6.577299988 2
6.578307811 1
6.584581202 1
6.586276131 2
6.587083216 3
6.587650961 3
6.58769394 3
6.588611567 1
6.590807179 2
6.597261669 2
6.59735291 1
6.597818114 3
6.599110307 2
6.600633587 2
6.601846527 3
6.604973399 3
6.608503346 1
6.608540222 1
6.610097151 3
6.612378637 3
6.614928354 1
6.618804334 2
6.619342201 2
6.627704015 3
6.628040623 3
6.635383926 1
6.63548686 1
6.639157964 1
6.643349957 3
6.645181349 3
6.645321142 2
6.646039159 3
6.647704694 3
6.648190337 1
6.64886425 3
6.649097783 1
6.649105856 2
6.651095256 2
6.651904222 3
6.652722954 1
6.653204205 2
6.654187887 3
6.654816135 2
6.659437311 3
6.659800657 3
6.66074671 2
6.661246177 1
6.661597521 1
6.665870405 3
6.667224704 3
6.669399198 1
6.671813866 2
6.671816803 2
6.67304554 1
6.673060714 2
6.673092012 1
6.674532059 3
6.675365155 2
6.676189232 2
6.676877289 2
6.679956983 3
6.684402782 3
6.685778502 1
6.687852283 3
6.69037271 3
6.692867361 1
6.695113838 1
6.69611952 3
6.699853723 2
6.708583021 3
6.709687001 3
6.709840321 3
6.711993437 3
6.71313876 3
6.713231234 3
6.716212645 2
6.721887863 3
6.722069084 2
6.722419464 1
6.722613381 3
6.726193405 3
6.731842903 3
6.733315476 1
6.739201058 2
6.740844277 3
6.743629598 1
6.749299002 1
6.749741574 2
6.749766407 1
6.751103081 1
6.753707534 1
6.757168842 1
6.758203503 2
6.759278729 3
6.762822437 1
6.766327371 3
6.770854453 1
6.773030437 3
6.773501948 1
6.774122703 3
6.775117253 3
6.780325767 2
6.780442775 2
6.780959949 3
6.78438936 1
6.788607987 1
6.788948207 3
6.790096082 1
6.792853916 3
6.793950925 3
6.794845416 2
6.795460606 3
6.796446835 1
6.796606761 1
6.798202681 3
6.798418642 3
6.801469299 1
6.810517715 3
6.813611665 3
6.813955412 3
6.816992411 3
6.817641104 3
6.818326338 1
6.818852792 2
6.818905465 1
6.820312532 3
6.823668859 2
6.824487426 2
6.82482902 3
6.833969857 3
6.834031591 2
6.834254218 3
6.838599006 2
6.838614047 2
6.844240781 3
6.846074208 2
6.848041714 1
6.849780248 3
6.860635512 2
6.861737908 1
6.862661592 2
6.862736071 3
6.866423755 1
6.87190076 2
6.871939731 3
6.875740897 2
6.878195589 2
6.8786264 3
6.88050992 1
6.881504768 1
6.881867758 1
6.88336755 2
6.887748013 3
6.891575868 3
6.892319089 3
6.895150828 3
6.896024381 1
6.898354346 3
6.89928277 3
6.899517885 2
6.902013223 1
6.902964382 3
6.906327404 1
6.910091906 2
6.912156122 3
6.915797418 3
6.917388109 2
6.917500089 1
6.918918993 1
6.920593626 2
6.924105018 1
6.924157077 1
6.924172079 1
6.926197523 1
6.935627844 3
6.936212206 2
6.936465026 2
6.939196943 3
6.943239001 1
6.94475256 3
6.945582503 1
6.951865714 3
6.953192766 3
6.955454592 2
6.955705102 3
6.958966298 1
6.959411327 1
6.96033618 2
6.960589366 2
6.961103342 1
6.962158366 3
6.96400829 2
6.96630893 1
6.968957795 3
6.971728447 3
6.97325846 2
6.981573515 1
6.990684344 1
6.991042214 1
6.995579093 1
6.998303488 3
7.000835742 2
7.002613279 3
7.00290287 3
7.004394924 2
7.004899899 3
7.006433674 2
7.009662898 2
7.009849829 3
7.010257895 3
7.01051049 1
7.010676536 3
7.015631025 2
7.016710932 3
7.020227872 1
7.02115677 2
7.024153397 3
7.025959928 2
7.02684698 2
7.029875746 2
7.031975317 3
7.032221501 1
7.047662692 3
7.04796769 2
7.049157574 1
7.055077693 3
7.055946715 2
7.060512631 1
7.062356105 2
7.06243423 2
7.063953229 2
7.064441617 2
7.066923869 3
7.072276408 1
7.074758847 1
7.079209262 1
7.083382731 2
7.087044573 2
7.088007272 2
7.089658472 2
7.090417837 3
7.091093618 3
7.093692525 2
7.095228078 1
7.099491763 2
7.100021247 2
7.102796988 2
7.106297355 1
7.111282228 3
7.114877099 1
7.116123429 2
7.116533644 1
7.11950106 2
7.119992837 2
7.122228829 1
7.122318258 1
7.128167342 2
7.129762233 1
7.130446575 2
7.132926873 2
7.132970031 1
7.133087141 2
7.134600282 2
7.134789237 3
7.13585944 2
7.137108588 2
7.140437582 1
7.147514651 2
7.1536316 3
7.154155671 1
7.155086508 1
7.155341355 2
7.163683895 2
7.163872218 1
7.164977442 2
7.168070739 2
7.168757933 1
7.172271966 3
7.176870059 2
7.17873116 2
7.179752747 1
7.1801849 3
7.182325496 2
7.189618415 3
7.193069631 1
7.198508695 2
7.200836497 2
7.201203903 2
7.202364353 1
7.206339688 1
7.207647925 1
7.210504251 2
7.21165202 2
7.215087244 1
7.216795332 1
7.218508148 3
7.224890294 2
7.228787787 2
7.230325724 3
7.231232333 1
7.235717953 1
7.235751303 2
7.239694981 2
7.240122189 1
7.24283131 2
7.244350256 2
7.244530223 2
7.245983427 2
7.246397358 1
7.247345771 2
7.251242789 3
7.251841902 3
7.25268762 2
7.255103795 1
7.25519192 2
7.263071657 2
7.264719395 3
7.265652327 1
7.265751858 1
7.266223929 2
7.268908155 3
7.27259729 3
7.2730897 3
7.273346353 2
7.273704156 1
7.275737582 2
7.277489991 1
7.280795419 3
7.282553781 3
7.283540329 3
7.288856881 2
7.290555606 2
7.291043199 2
7.291065064 2
7.293009747 1
7.294289063 3
7.29446425 3
7.296737062 2
7.298633245 3
7.300426421 2
7.30342496 1
7.30531859 1
7.310474853 3
7.313452824 2
7.317532974 2
7.319082286 1
7.319199941 1
7.326756161 1
7.330255618 1
7.332231807 2
7.333131693 2
7.333989203 2
7.338658987 1
7.34225249 3
7.343244677 3
7.346149667 2
7.348624329 3
7.348875428 3
7.358352029 1
7.361720094 2
7.369735506 3
7.371047262 3
7.371820403 3
7.373374895 2
7.373749836 1
7.37613726 2
7.378079633 2
7.380757204 3
7.383043176 1
7.390090389 2
7.393340645 3
7.393419527 1
7.395535628 3
7.396015345 1
7.409921009 1
7.41249609 2
7.414589701 3
7.416370054 3
7.416661267 3
7.416691591 1
7.419461694 1
7.42021489 2
7.420236421 1
7.423531321 1
7.426611225 3
7.430394097 3
7.434373659 3
7.43533505 3
7.44003247 3
7.442174785 2
7.442958334 3
7.443464918 3
7.447868665 3
7.45151626 3
7.451889972 3
7.452232211 1
7.452608371 2
7.453217 1
7.454422876 2
7.457682911 1
7.457911438 2
7.460572048 1
7.460825201 1
7.46477282 3
7.46485755 3
7.465348389 1
7.468174002 1
7.469475713 1
7.471558584 1
7.473441824 1
7.476822782 1
7.479274113 1
7.481732622 3
7.483788471 2
7.483936664 3
7.485103183 3
7.486203596 2
7.486882593 3
7.487458036 1
7.490235539 3
7.493441857 1
7.493991548 3
7.494733708 1
7.498845363 3
7.500987431 1
7.506971807 2
7.509007625 2
7.510424114 2
7.510869385 1
7.512125678 2
7.516956212 3
7.530044434 3
7.532914796 3
7.533285159 1
7.534342071 3
7.536546736 3
7.54411018 3
7.548096192 1
7.552443381 3
7.5563867 3
7.557945837 2
7.562749841 2
7.567207777 1
7.571406198 3
7.572492897 1
7.574882407 3
7.576401215 1
7.579892488 3
7.581646953 3
7.585640502 3
7.587158928 3
7.590868818 1
7.591037075 2
7.59105735 3
7.591191656 3
7.594295382 1
7.59995111 1
7.602563565 1
7.602805261 2
7.603343276 1
7.608062022 3
7.608200004 2
7.610870369 1
7.615709625 1
7.617675455 3
7.617701138 1
7.617980997 1
7.618869689 1
7.620364737 2
7.621419541 2
7.622154469 3
7.625407699 1
7.626761114 3
7.630599781 3
7.632006805 2
7.642445932 2
7.643573219 3
7.643745262 2
7.647329316 2
7.648288604 2
7.649871327 2
7.653391898 1
7.657102853 1
7.6601427 1
7.662167879 1
7.663781812 2
7.670715229 2
7.671408366 2
7.673771389 1
7.67392779 1
7.67679521 3
7.677465818 3
7.677771429 1
7.686210354 2
7.695101015 3
7.700352589 1
7.700707597 3
7.705295674 3
7.705834335 1
7.707213402 1
7.711723615 1
7.714403962 2
7.714530988 2
7.716704914 2
7.71812148 2
7.721229078 3
7.721631699 1
7.724076031 2
7.724551072 2
7.725763841 2
7.731651796 1
7.733208143 2
7.735769566 2
7.735978258 3
7.736269427 2
7.737862397 2
7.741590629 2
7.743599408 3
7.743867593 2
7.744640074 3
7.745944884 1
7.749841537 2
7.753116335 2
7.753351623 2
7.755867722 1
7.761579347 1
7.764033273 1
7.764173867 3
7.768954105 2
7.77310503 2
7.776205362 1
7.778289543 3
7.780426669 2
7.784137868 1
7.785137109 3
7.787089623 3
7.788587293 1
7.789219153 3
7.79287788 3
7.797351559 1
7.800161909 2
7.803352668 2
7.806071727 1
7.808176285 2
7.80931824 2
7.812027345 3
7.812271661 2
7.817541581 1
7.81873946 1
7.821134881 2
7.822299875 1
7.824531307 2
7.826156052 3
7.832225926 3
7.833433667 3
7.836715501 1
7.838171467 2
7.840305157 3
7.844503179 2
7.845460969 2
7.846657168 3
7.846963486 1
7.84827985 1
7.848879438 1
7.850326412 1
7.854016093 3
7.858518445 3
7.86060616 1
7.86164162 2
7.863235156 2
7.866147342 1
7.869011828 3
7.878135569 3
7.882991426 1
7.888087495 1
7.889699582 1
7.889889601 3
7.89617478 2
7.899247676 2
7.900342297 2
7.900446982 1
7.901453749 1
7.90185228 3
7.905492408 3
7.907543107 1
7.90921462 3
7.915235315 1
7.917690749 2
7.920906219 2
7.922431064 2
7.925724125 1
7.930125955 2
7.932813454 2
7.932888375 1
7.935136156 3
7.936048912 3
7.938767266 1
7.94395708 1
7.946724506 2
7.950759648 3
7.953289172 1
7.955439726 3
7.958119961 2
7.958561686 3
7.963134251 3
7.963592185 3
7.965226261 1
7.966679948 1
7.968699855 2
7.978876505 1
7.979161714 1
7.980546592 2
7.981116667 3
7.982867042 2
7.986607555 2
7.989966105 1
7.992955009 2
7.993160694 2
7.995414646 3
7.995814286 1
7.997911211 3
8.009608103 3
8.01114865 3
8.013851061 2
8.015320982 1
8.017440214 2
8.017600981 1
8.020007262 1
8.025389482 1
8.02789031 1
8.032107559 3
8.037923075 3
8.038246008 1
8.039353409 1
8.040279152 2
8.042683575 2
8.05079966 2
8.052614689 1
8.05505059 1
8.055717906 3
8.060731548 3
8.061204225 1
8.061715585 3
8.063553448 1
8.071335467 2
8.073201606 3
8.073292132 1
8.073923569 1
8.078484865 3
8.07979355 3
8.082908309 3
8.085672178 1
8.087938014 1
8.088365868 3
8.088527005 1
8.088587041 1
8.089057356 1
8.089181273 2
8.090167084 1
8.092963729 1
8.103224214 1
8.104773615 2
8.105105934 1
8.10658308 1
8.106913035 1
8.107415797 1
8.107530652 1
8.108812 1
8.114473045 2
8.117533644 1
8.118682669 1
8.121661047 2
8.122978828 1
8.123062853 3
8.125255628 3
8.125405326 2
8.125546388 2
8.128341281 3
8.134051952 1
8.135949391 2
8.140701072 2
8.144641082 3
8.144809599 2
8.14667946 1
8.151376624 2
8.15169609 3
8.152009813 1
8.154761414 2
8.157780996 3
8.159568028 1
8.16008196 1
8.163538652 2
8.167012751 1
8.167363648 2
8.170058012 1
8.170632031 2
8.171979866 1
8.183532824 3
8.185662134 2
8.186640356 1
8.186937638 3
8.190406455 3
8.192835498 3
8.193089397 1
8.195009895 1
8.195120209 1
8.195919527 2
8.197268963 2
8.197423947 1
8.199727767 2
8.199756569 3
8.202724115 3
8.204489156 3
8.212627419 2
8.213202114 3
8.213243592 1
8.217685254 3
8.218489116 3
8.219393755 2
8.22084886 1
8.226840355 1
8.228260961 1
8.229095646 1
8.230829696 3
8.23468837 3
8.235651592 2
8.238044654 3
8.239687277 2
8.242221896 2
8.242675327 1
8.24570378 1
8.246697385 1
8.247261321 2
8.247303437 2
8.250666139 3
8.253668831 1
8.254006641 3
8.254311934 2
8.256990961 3
8.258283492 2
8.261735738 1
8.26326371 3
8.263586023 1
8.265031454 3
8.271886285 3
8.279164811 1
8.280582063 3
8.281560605 1
8.285506345 3
8.292688573 2
8.295516928 2
8.297540182 3
8.300539204 2
8.302580854 3
8.30950505 3
8.311067522 3
8.312102612 3
8.322169308 2
8.322445968 1
8.325032974 2
8.327450046 1
8.328927654 1
8.329444573 1
8.329511606 1
8.329541975 2
8.330683104 3
8.332266343 2
8.334340752 2
8.336088296 1
8.33770516 2
8.338855129 3
8.347506805 3
8.350355507 1
8.350557729 3
8.358000048 2
8.36004174 3
8.364656026 1
8.367305764 3
8.368345245 1
8.36860384 2
8.369630379 3
8.374588138 1
8.375092545 3
8.379659542 3
8.383347814 3
8.383410434 2
8.38366123 3
8.388228598 3
8.393153465 3
8.393612939 1
8.394144078 2
8.396553357 3
8.39738978 1
8.399111561 2
8.399665659 3
8.407795809 3
8.410551851 1
8.415770913 3
8.415874308 2
8.417857069 1
8.417902654 1
8.421582541 3
8.422776029 3
8.423633068 1
8.42487613 3
8.427965785 2
8.429926894 2
8.431170847 3
8.431526677 2
8.43564274 2
8.439849324 2
8.442583816 1
8.444942682 3
8.445384736 3
8.448106057 1
8.450460902 2
8.455128344 2
8.455226247 2
8.456850587 1
8.459077136 2
8.460653257 1
8.460736882 3
8.462968305 3
8.46343825 1
8.468533625 2
8.491769621 3
8.492084668 2
8.494870646 1
8.494946506 2
8.49596103 3
8.499471374 3
8.506061212 2
8.507124331 2
8.508765516 3
8.51156265 1
8.511809265 2
8.511853234 1
8.512288591 3
8.512437019 1
8.514397138 3
8.515053703 1
8.516831447 1
8.519629109 3
8.52187395 3
8.535232808 1
8.535865566 2
8.535922566 2
8.536438714 3
8.539462434 2
8.540225351 3
8.542418732 1
8.545916736 1
8.547649363 1
8.547760807 3
8.548707903 1
8.549232045 2
8.556508254 1
8.560301625 1
8.561237098 1
8.561695636 2
8.561951429 3
8.562150062 3
8.564797077 1
8.565057946 1
8.572700466 3
8.572798665 2
8.576448142 3
8.577712581 3
8.578875217 1
8.579064308 3
8.580400466 3
8.581211094 1
8.583980497 3
8.589941077 3
8.591690759 3
8.599104853 1
8.609414557 2
8.611641687 1
8.617012846 1
8.620066986 1
8.621993311 1
8.623538638 1
8.62427278 1
8.626363833 2
8.62921601 1
8.630645963 1
8.633533009 2
8.634444474 2
8.635977448 2
8.6394737 3
8.647087522 2
8.652013181 2
8.652129591 1
8.653972494 3
8.655275912 3
8.657088716 1
8.657451134 3
8.660274286 1
8.660547087 3
8.663032687 2
8.668423275 3
8.670190571 1
8.671719804 1
8.671896605 2
8.67365042 2
8.673712127 2
8.67383023 2
8.67383145 1
8.675435967 2
8.676856581 1
8.683208323 2
8.6849703 1
8.685550751 2
8.685928408 2
8.686183114 1
8.686559537 3
8.687247686 2
8.692204826 2
8.693992672 1
8.694799444 3
8.697562338 2
8.697803633 1
8.698455254 3
8.69936363 3
8.700274956 1
8.701336849 2
8.703001765 2
8.70355848 1
8.706425126 1
8.707401154 3
8.710597726 1
8.713902925 3
8.722476972 3
8.723393399 3
8.723427224 2
8.727340087 3
8.735643092 3
8.739201771 3
8.740688426 3
8.746397267 1
8.749529793 2
8.751672145 1
8.752889885 2
8.756867172 3
8.757051557 1
8.757563592 1
8.759374895 1
8.762271388 2
8.768398832 1
8.769783202 1
8.772950375 1
8.773140615 3
8.773742946 2
8.775367182 2
8.775808816 2
8.778976321 2
8.786067512 1
8.787266114 2
8.789745262 1
8.797296055 1
8.798112599 2
8.7999142 2
8.804055424 2
8.809629898 3
8.811676285 3
8.815803041 1
8.819888507 2
8.821860365 2
8.821868729 2
8.822760086 1
8.826392141 3
8.826722651 1
8.830118002 1
8.8327098 1
8.848478149 3
8.849341664 2
8.852861412 2
8.858949897 1
8.859172565 3
8.860209161 1
8.860228923 3
8.861251703 2
8.862071972 2
8.862766132 1
8.862995563 1
8.865495286 2
8.866025553 2
8.866084571 2
8.869956016 2
8.872684921 3
8.877549666 2
8.880400742 3
8.881056767 1
8.884871037 2
8.889657309 3
8.891387037 1
8.892008327 1
8.896476449 2
8.896838573 2
8.898262632 1
8.902940669 1
8.904477162 1
8.905825105 1
8.907582594 1
8.907844588 2
8.910804153 3
8.910963138 2
8.911781632 3
8.912928684 3
8.917343746 3
8.925560107 3
8.925852261 2
8.926325412 1
8.929229855 1
8.930421506 3
8.934387595 3
8.937836027 2
8.939354976 2
8.939914829 1
8.942072128 1
8.942714787 1
8.943775569 3
8.944121315 3
8.9453834 1
8.947041747 2
8.947479118 2
8.947494801 1
8.950374381 1
8.951870864 3
8.952100386 2
8.957309558 3
8.957750735 1
8.96213212 3
8.966656308 3
8.967367346 3
8.970854538 2
8.973259263 3
8.975355131 2
8.976597353 1
8.980691146 3
8.98125411 3
8.982088045 1
8.983591166 3
8.983730126 1
8.990901881 3
8.991709222 3
8.993506145 1
8.994558293 3
8.99554283 2
8.996052359 1
8.99783031 3
8.997870448 2
9.001106787 3
9.001463478 2
9.003828951 1
9.004461063 3
9.006694467 1
9.006844545 2
9.009238965 2
9.01018036 2
9.011194694 1
9.011373695 1
9.012186735 2
9.015950665 1
9.018545714 1
9.023388297 1
9.026205642 2
9.030654763 2
9.031361336 1
9.031939441 2
9.033464391 3
9.042716469 2
9.043874482 3
9.046987253 3
9.047424827 2
9.047810351 3
9.048922571 1
9.048925814 2
9.049982107 1
9.050357488 1
9.05197637 1
9.053102571 2
9.059633516 3
9.063531341 1
9.064082576 3
9.066395933 3
9.066697025 3
9.067709801 1
9.067850077 1
9.069152202 2
9.071096662 1
9.072618307 3
9.072741087 3
9.074346919 2
9.074513516 1
9.078490026 2
9.079356034 2
9.082649575 3
9.083321183 3
9.085650559 2
9.086082899 2
9.090103127 1
9.09078714 3
9.094269563 1
9.097634772 3
9.099349673 1
9.099520107 2
9.102326772 2
9.109407129 3
9.110972348 2
9.123261114 2
9.123923187 2
9.125201961 3
9.125275708 3
9.128264371 3
9.1307734 2
9.135778805 1
9.139008422 3
9.139057651 2
9.141882597 1
9.142132525 3
9.142593139 1
9.147098186 1
9.147177026 3
9.148861923 1
9.149326977 3
9.150077995 2
9.150735602 3
9.151241257 1
9.160430276 1
9.162259334 3
9.169748447 2
9.169803298 2
9.173460663 2
9.173768252 1
9.187199183 3
9.189168143 1
9.193465379 2
9.193625072 3
9.196896968 1
9.201324928 3
9.20191207 2
9.206210973 1
9.206877492 3
9.208433534 3
9.210587592 2
9.210686863 2
9.212312001 1
9.214634541 1
9.21503152 3
9.216119542 3
9.218688509 2
9.21908186 3
9.223211634 3
9.235190187 1
9.23520407 3
9.236108271 1
9.238611734 2
9.242030021 3
9.242288276 3
9.24317798 2
9.247422318 1
9.2476336 2
9.248081573 1
9.250748287 3
9.253606193 3
9.253704946 1
9.253854508 3
9.254652441 1
9.257011108 1
9.257119946 3
9.260326887 1
9.266415039 2
9.266699039 3
9.267892668 2
9.26824054 1
9.269871016 3
9.273418988 1
9.273584188 1
9.275495408 1
9.276481195 3
9.277995741 1
9.27830173 3
9.283248483 2
9.286766728 1
9.29191903 2
9.294748713 1
9.298347328 2
9.304844524 2
9.306321174 2
9.306402415 2
9.306597108 2
9.30692979 1
9.309885721 1
9.310359273 2
9.312544973 3
9.313408003 2
9.313993917 2
9.325550651 2
9.325740748 3
9.326654988 1
9.327073113 2
9.327235022 3
9.329863174 1
9.335406172 2
9.33722054 2
9.339387511 1
9.341882508 1
9.346705841 2
9.348908183 2
9.349558481 3
9.349993053 1
9.351231782 3
9.352772953 1
9.353146345 1
9.354881903 3
9.356495839 2
9.357240762 2
9.360822566 2
9.361356202 1
9.36306202 1
9.367466371 2
9.370159728 3
9.374977331 2
9.375154204 1
9.381074319 3
9.382494933 1
9.385054183 1
9.385401178 3
9.388824577 1
9.38944326 2
9.38992766 1
9.392420047 3
9.39284129 3
9.394066259 1
9.396896897 3
9.39807989 2
9.399053121 2
9.400007078 3
9.410695937 3
9.410902421 2
9.415355535 3
9.422425804 3
9.426789387 2
9.43221265 1
9.437127349 3
9.439695885 2
9.440145874 3
9.440324634 1
9.440499457 1
9.445957239 3
9.446053419 3
9.44745905 3
9.447805606 2
9.448810653 2
9.452780434 2
9.455004733 1
9.456197376 1
9.457455344 2
9.460778712 1
9.466641981 1
9.468564838 3
9.470147131 3
9.47142905 2
9.474362205 2
9.475057097 1
9.475449164 3
9.478451801 2
9.478669536 1
9.480266178 2
9.481010448 3
9.482160814 1
9.486303653 3
9.48691553 1
9.487389898 2
9.489640325 3
9.490198192 3
9.491824434 2
9.493166615 1
9.496934509 2
9.498136726 2
9.503233999 2
9.506495614 1
9.509883645 2
9.510343265 1
9.514498725 3
9.514908295 2
9.522334668 2
9.527779096 2
9.528316633 3
9.529290855 3
9.530204073 3
9.531651625 2
9.531731385 1
9.533461972 3
9.534146581 1
9.54889576 3
9.549034571 2
9.553644151 3
9.554893022 2
9.555932628 3
9.557539558 3
9.558009228 1
9.568771501 2
9.569486494 2
9.570745209 2
9.571516407 2
9.574289801 2
9.581558986 2
9.582226101 1
9.58378024 1
9.58428301 2
9.586722937 3
9.589864549 1
9.590291041 1
9.591143092 3
9.592004937 3
9.592215289 1
9.595326817 3
9.600189093 2
9.60172255 3
9.603640508 3
9.604742359 3
9.605439217 3
9.6140784 3
9.617158956 1
9.618678358 3
9.618984155 1
9.620656707 2
9.620935856 1
9.622097566 3
9.622216335 2
9.624404401 1
9.625307569 3
9.627591708 1
9.627794126 1
9.630578267 1
9.633027267 1
9.633950342 1
9.634325692 2
9.634791896 1
9.635552724 3
9.637687603 2
9.637985511 1
9.638470925 3
9.638659111 1
9.63909868 3
9.642785888 1
9.643490876 2
9.646621837 3
9.647172386 1
9.649429812 1
9.650358959 2
9.65420815 2
9.657656596 1
9.660910262 2
9.662987744 3
9.663243121 3
9.669986075 2
9.6740086 3
9.674466327 1
9.675141985 2
9.676570215 1
9.682474206 3
9.683558376 3
9.685265256 1
9.687795338 2
9.687896264 3
9.690781011 1
9.693731933 1
9.695085344 3
9.700657178 2
9.701790439 3
9.704172832 3
9.704733902 3
9.704739362 1
9.705972044 3
9.710526983 2
9.714706365 1
9.71628903 1
9.716578775 1
9.716904053 1
9.71789431 1
9.720509231 1
9.720767382 2
9.734466271 2
9.736614588 2
9.738235927 2
9.740325284 3
9.741390305 1
9.742804167 3
9.74290706 1
9.745048764 2
9.74547603 2
9.747410113 2
9.750436994 3
9.754939897 3
9.76377372 1
9.765359542 1
9.765450085 2
9.771425863 2
9.775175368 1
9.778849623 1
9.779394692 1
9.780235872 3
9.781348545 3
9.786914489 3
9.788482716 3
9.790524068 2
9.793222494 3
9.793608877 1
9.793713041 3
9.79751087 2
9.803041609 1
9.805002191 2
9.807401663 2
9.807561567 3
9.807778587 1
9.81027771 1
9.811910765 2
9.814638722 1
9.818287271 2
9.821874757 2
9.822678567 1
9.825137118 2
9.825332281 3
9.828514028 1
9.828576809 1
9.831875251 3
9.841018715 1
9.846061553 1
9.849235931 1
9.849746186 1
9.85273748 1
9.853375312 1
9.861557276 1
9.864381258 3
9.864705936 2
9.866664187 3
9.869322231 3
9.870087366 3
9.871383946 1
9.871607524 1
9.872480373 1
9.872528978 1
9.874280624 1
9.874649838 3
9.877043289 2
9.878306339 3
9.879588097 1
9.882574501 1
9.884364052 1
9.884489858 1
9.885988326 2
9.893269794 3
9.896139398 3
9.897018326 1
9.898180869 1
9.898649913 3
9.898814221 2
9.904225587 1
9.90522653 2
9.90639812 2
9.914126696 1
9.914303083 3
9.919894267 1
9.920721619 3
9.923279298 1
9.92659107 1
9.926943328 2
9.92841365 3
9.931186068 3
9.931835649 1
9.932729441 1
9.934269751 3
9.939763817 3
9.944245027 1
9.944660913 3
9.946650609 1
9.946754719 1
9.947023096 1
9.948375926 1
9.952325718 1
9.952697243 1
9.952912593 1
9.955565209 3
9.956238401 2
9.958232043 2
9.962552219 2
9.966329394 2
9.966573362 1
9.968314091 1
9.969557302 3
9.969665815 2
9.969734275 2
9.971170501 3
9.974027754 1
9.974552003 3
9.97548746 2
9.975793859 3
9.977745867 3
9.981400876 2
9.981576358 2
9.981805846 3
9.987447547 3
9.98884675 2
9.989591791 3
9.989985484 2
9.990443804 1
9.999549168 3
10.002059627 1
10.006042249 1
10.008369132 2
10.014328009 2
10.014368291 3
10.01502737 1
10.018240242 3
10.023160127 1
10.027264169 2
10.028011875 2
10.028641111 2
10.029832105 2
10.031051244 2
10.031714217 1
10.032045977 2
10.037649329 1
10.044579978 3
10.047323671 3
10.050691117 1
10.052839751 3
10.053516852 3
10.057294676 2
10.058314302 3
10.059183915 3
10.060712137 1
10.062104648 2
10.065952296 2
10.066406572 3
10.072212608 3
10.072399761 3
10.073060475 1
10.07676549 1
10.081556008 2
10.081945553 1
10.082540563 3
10.082880248 1
10.08626694 2
10.08659874 2
10.088287273 1
10.091886309 3
10.094312003 3
10.095310662 3
10.096094991 3
10.098889115 3
10.100644722 3
10.103978218 1
10.104659429 2
10.105320653 1
10.10607513 3
10.110272449 3
10.123325287 1
10.124137902 1
10.133398422 2
10.134825524 1
10.134889456 3
10.135256605 2
10.135316698 3
10.137614149 1
10.138011792 2
10.13806253 2
10.140693939 1
10.142788928 2
10.143776008 2
10.144465872 1
10.145215885 1
10.146775833 3
10.148211763 2
10.151046563 1
10.152013075 1
10.152701678 1
10.155802484 1
10.15880055 3
10.160784274 2
10.166315163 2
10.166807653 3
10.166886641 2
10.168270579 2
10.178538261 1
10.17870879 3
10.184118264 3
10.184292697 1
10.185015753 1
10.190871786 3
10.191260831 3
10.200297848 2
10.204680667 1
10.208461818 3
10.208767601 3
10.209984448 1
10.218345424 3
10.219366968 3
10.222292607 1
10.22916994 1
10.235924179 2
10.239591985 3
10.240128321 2
10.244685274 1
10.24538644 2
10.247339289 2
10.248659375 3
10.255706125 3
10.257784224 1
10.257875732 2
10.257984299 2
10.258128276 2
10.258781398 2
10.259221071 2
10.260493147 2
10.261338298 2
10.261747791 1
10.271426133 3
10.272321288 2
10.272557107 1
10.273886377 3
10.27542879 3
10.275747426 3
10.278134961 3
10.278489983 2
10.278613703 3
10.27940568 2
10.282348459 3
10.288214055 2
10.289563972 1
10.291776247 2
10.291988619 2
10.299155898 3
10.303029652 2
10.303338217 1
10.306662681 1
10.311530177 3
10.31360969 3
10.317516333 2
10.318113014 2
10.318924323 2
10.319976739 1
10.324536545 2
10.327252163 2
10.32750726 1
10.329848128 3
10.3320349 3
10.333431831 2
10.336022732 3
10.338033718 2
10.343947446 2
10.344772453 1
10.348126526 3
10.361284307 2
10.363925896 1
10.368122645 2
10.371551971 2
10.372813053 2
10.372933215 2
10.374037516 1
10.376672928 2
10.376792565 1
10.377202527 1
10.383088075 2
10.383540613 3
10.384457623 1
10.38499859 2
10.385686765 1
10.389467112 3
10.390508336 1
10.391328749 2
10.394234996 1
10.397466278 3
10.397491595 2
10.400348712 3
10.400694583 3
10.401101925 2
10.401798455 2
10.408141732 2
10.413387369 1
10.415305224 2
10.417704909 2
10.418515711 2
10.420504665 1
10.420748042 1
10.421800669 3
10.424357491 3
10.430072884 2
10.432024997 3
10.433024724 1
10.433078446 2
10.433958192 1
10.444164566 3
10.444963306 2
10.445920256 2
10.450557362 2
10.452851693 3
10.453942539 3
10.454965751 2
10.457603436 3
10.464924446 1
10.465007488 3
10.465045204 2
10.465486989 1
10.46686775 1
10.467324086 1
10.469895742 1
10.470495939 1
10.474518153 1
10.477308232 3
10.477745475 3
10.479054835 2
10.479098219 2
10.484047218 3
10.485940449 3
10.486665233 2
10.487569353 3
10.487934185 3
10.492923708 3
10.493774687 3
10.494209417 3
10.496742172 3
10.497014806 3
10.501224384 1
10.501812445 3
10.502934247 2
10.5029665 3
10.505463111 2
10.512170259 1
10.513195842 2
10.517422272 3
10.518852744 1
10.52424635 3
10.528791392 3
10.530398442 1
10.53585975 3
10.53630401 3
10.538517718 2
10.54011902 2
10.540482273 3
10.540994274 3
10.54967405 2
10.549989449 2
10.550299853 2
10.550799673 1
10.551707341 3
10.551880909 3
10.556018394 2
10.558161178 1
10.563719953 3
10.568381987 1
10.571283074 2
10.572512461 2
10.573032237 3
10.57321042 3
10.574627641 3
10.579787349 3
10.582110128 3
10.589160258 2
10.598500337 3
10.598542902 3
10.601513481 2
10.60647248 3
10.606795305 3
10.611000339 3
10.613488394 2
10.618886097 2
10.621744235 2
10.625887526 3
10.627070265 3
10.62740886 2
10.628538464 3
10.62977702 1
10.634893021 1
10.6359409 1
10.638643049 1
10.64081241 2
10.640921284 2
10.640977129 3
10.642903129 3
10.647965462 1
10.64861038 3
10.648921026 1
10.649305532 2
10.650157498 2
10.65173799 3
10.656512014 2
10.6604404 1
10.66204941 2
10.663988055 3
10.665794499 3
10.671358145 2
10.679138606 2
10.68193945 1
10.686660606 1
10.689340641 3
10.690228046 2
10.690238312 2
10.690518729 2
10.697150571 2
10.699088948 1
10.700099904 2
10.700990132 2
10.707459122 3
10.709364667 1
10.709368711 2
10.709943477 1
10.713742121 1
10.722395711 3
10.725999594 3
10.72752648 2
10.732912147 1
10.734425596 3
10.734578696 1
10.735695951 3
10.738836448 2
10.744723274 2
10.747174327 2
10.748050409 3
10.749904954 1
10.752394185 2
10.754346076 3
10.756088973 3
10.756528805 1
10.759381652 2
10.764894763 3
10.765883113 1
10.766023788 1
10.769683963 3
10.771179519 3
10.771511086 2
10.77354867 1
10.776744281 2
10.777548955 3
10.782112314 3
10.78410119 1
10.786386691 1
10.787276495 3
10.790515382 3
10.791672631 1
10.802944158 3
10.802998854 2
10.810341168 2
10.810351289 2
10.819172281 2
10.823580252 3
10.828580662 3
10.831574795 1
10.83177588 2
10.832245243 3
10.83268561 3
10.833113694 2
10.833133149 1
10.834298745 1
10.839808226 1
10.83983904 2
10.845215937 1
10.848459872 3
10.849005081 2
10.850967713 1
10.85330096 1
10.859088479 2
10.859316113 1
10.860058549 2
10.860677026 1
10.862124465 2
10.863920046 2
10.863936931 3
10.864036986 1
10.864230378 3
10.869687499 1
10.86992095 1
10.872529094 2
10.874767624 1
10.877879164 1
10.879219885 2
10.879500312 2
10.87952025 3
10.884115744 2
10.884520461 1
10.885362402 2
10.885947341 1
10.887731245 2
10.891065622 3
10.896986548 1
10.898633161 3
10.899349824 1
10.903137913 2
10.903529398 2
10.906159466 3
10.908292535 1
10.909865176 3
10.911723655 1
10.911861416 3
10.914901607 3
10.91522579 1
10.918527062 1
10.919440283 2
10.928924823 1
10.93307987 2
10.934979253 2
10.936332663 2
10.938369482 1
10.939783022 2
10.940591652 1
10.941892591 1
10.949413265 2
10.949573252 3
10.950784117 3
10.950872894 1
10.953974887 3
10.956849644 2
10.956934675 1
10.958133976 3
10.959452494 1
10.960314534 3
10.962158287 2
10.962205994 2
10.963999681 3
10.964174324 3
10.967940388 3
10.969261966 3
10.974813931 2
10.978370229 3
10.978761213 3
10.980304896 1
10.986097512 2
10.986668147 3
10.988709183 2
10.989831526 2
10.989916171 2
10.991157074 1
10.991591409 2
10.994556802 2
10.99640289 2
10.996623555 2
10.998219419 1
10.998837376 2
