8439
0.0 141
1.1920928955078125e-06 296
0.03907513618469238 261
0.06391501426696777 277
0.13040804862976074 278
0.19953513145446777 267
0.21470403671264648 325
0.2147049903869629 101
0.23645520210266113 149
0.25580310821533203 325
0.2637310028076172 190
0.2637331485748291 294
0.33129405975341797 190
0.3312950134277344 312
0.35761308670043945 197
0.3964831829071045 195
0.3965911865234375 302
0.4296731948852539 101
0.45851707458496094 133
0.46233320236206055 159
0.46233701705932617 317
0.5270709991455078 173
0.5270709991455078 332
0.5596051216125488 325
0.5925290584564209 193
0.5925290584564209 326
0.658588171005249 170
0.658588171005249 333
0.6626880168914795 325
0.7296571731567383 178
0.7298781871795654 325
0.7298791408538818 101
0.7611651420593262 341
0.7937600612640381 173
0.7937641143798828 334
