8310
0.0 136
0.05819296836853027 112
0.11328601837158203 94
0.16824889183044434 118
0.2230668067932129 113
0.28148794174194336 123
0.3368258476257324 107
0.3899228572845459 97
0.44705986976623535 170
0.5014019012451172 133
0.557114839553833 134
0.6130938529968262 178
0.6723308563232422 144
0.7241058349609375 122
0.7850978374481201 167
0.8351588249206543 94
0.8912208080291748 117
0.9518678188323975 78
1.0038938522338867 127
1.0566918849945068 134
1.1151049137115479 137
1.1689038276672363 158
1.2257909774780273 91
1.281019926071167 129
1.3366539478302002 96
1.393873929977417 146
1.4482510089874268 139
1.5040428638458252 135
1.5604758262634277 135
1.6164429187774658 124
1.669867992401123 99
1.728125810623169 216
1.7837889194488525 105
1.8371388912200928 153
1.896237850189209 122
1.950181007385254 147
2.004290819168091 112
2.0611560344696045 141
2.117187023162842 115
2.1713290214538574 172
2.2289140224456787 97
2.2830870151519775 150
2.339707851409912 121
2.393756866455078 171
2.451046943664551 182
2.505478858947754 97
2.563025951385498 183
2.6213769912719727 116
2.677349805831909 180
2.7281718254089355 97
2.7851569652557373 224
2.8402628898620605 100
2.8985328674316406 152
2.952893018722534 104
3.008025884628296 142
3.065203905105591 169
3.1180059909820557 70
3.1749608516693115 122
3.235766887664795 138
3.2841508388519287 146
3.3425958156585693 100
3.3947649002075195 149
3.453037977218628 130
