3092
0.0 133
2.97189998626709 136
2.989496946334839 135
3.937769889831543 136
4.976627826690674 134
7.008795976638794 134
12.989482879638672 134
13.010519027709961 133
13.938750982284546 134
15.002728939056396 135
22.989255905151367 136
40.908965826034546 133
49.90649604797363 133
50.908989906311035 133
59.9067108631134 134
60.9086549282074 135
69.90720891952515 136
89.54889798164368 136
98.46905303001404 135
99.54849290847778 133
108.46936202049255 134
109.54884386062622 135
118.46916604042053 135
