2293
0.0 68
2.0042340755462646 70
6.003939151763916 71
10.003873109817505 70
12.038954973220825 68
16.03873610496521 71
20.038581132888794 71
22.0577130317688 71
26.05859899520874 70
30.05905795097351 71
39.022233963012695 70
43.022242069244385 70
47.02276301383972 69
49.01067495346069 69
53.01076817512512 68
57.010032176971436 69
59.00312900543213 70
63.002403020858765 68
67.00203394889832 69
69.0748200416565 68
73.07425117492676 71
77.07424211502075 68
87.62366604804993 69
91.62351298332214 69
95.62301707267761 69
97.61782908439636 68
101.61781811714172 70
105.61876511573792 70
107.61940002441406 69
111.6194519996643 68
115.61979699134827 70
117.66899299621582 70
121.6735429763794 71
