2154
0.0 71
3.999852180480957 70
7.999834060668945 69
12.00018310546875 68
12.033104181289673 70
16.033458948135376 68
20.03353214263916 68
22.030449151992798 71
26.030749082565308 71
30.031280994415283 70
38.75990700721741 71
42.75900316238403 70
46.758975982666016 69
48.75666308403015 68
52.75683116912842 69
56.75654101371765 68
58.75785207748413 71
62.757534980773926 71
66.75734806060791 69
68.76594710350037 68
72.76616907119751 68
76.76688814163208 69
98.1045401096344 70
102.10479307174683 70
106.10531902313232 69
108.11899709701538 71
112.11838912963867 69
116.11872506141663 71
118.17022204399109 71
122.16987800598145 68
126.16997003555298 68
