2227
0.0 70
3.999535083770752 69
7.999535083770752 68
10.022408962249756 71
14.022727966308594 68
18.02221703529358 70
20.016438007354736 68
24.01616907119751 70
28.016846895217896 71
30.02388095855713 70
34.024168968200684 71
38.024768114089966 69
47.042572021484375 71
51.04230189323425 69
55.04263997077942 69
57.02969408035278 69
61.029340982437134 71
65.0300760269165 69
67.00611400604248 71
71.0058159828186 69
75.00523209571838 70
77.06350898742676 70
81.06340289115906 70
85.06349611282349 70
95.7290620803833 68
99.72833108901978 68
103.7284460067749 71
105.74241995811462 69
109.74138808250427 70
113.74258303642273 70
115.73393201828003 70
119.73428988456726 68
