2299
0.0 70
2.00457501411438 69
6.004538059234619 68
10.004892110824585 71
12.028363943099976 69
16.028060913085938 69
20.02907395362854 69
22.044097900390625 71
26.04455804824829 70
30.04435896873474 68
38.822654008865356 70
42.82240295410156 69
46.82254409790039 70
48.84328293800354 71
52.842808961868286 69
56.842931032180786 71
58.83900499343872 71
62.83964705467224 68
66.84044194221497 71
68.86792802810669 71
72.86832308769226 69
76.86869812011719 70
87.97953510284424 70
91.97882294654846 71
95.97897505760193 70
97.97632789611816 68
101.97592806816101 70
105.97573399543762 68
108.15889310836792 68
112.15909504890442 71
116.15887308120728 70
117.98215794563293 71
121.9825530052185 68
