2149
0.0 71
3.9995830059051514 68
7.999562978744507 70
9.750778913497925 71
13.750288009643555 71
17.75038194656372 68
19.76146697998047 68
23.76118302345276 69
27.76091504096985 68
29.817795991897583 69
33.817394971847534 69
37.816956996917725 68
46.66845202445984 69
50.668429136276245 70
54.669140100479126 69
56.65467095375061 68
60.65504503250122 71
64.65479111671448 70
66.65197992324829 68
70.65170001983643 68
74.65144610404968 68
76.67967414855957 70
80.6801369190216 69
84.68051791191101 71
96.34007906913757 68
100.33944797515869 71
104.33963203430176 71
106.34453296661377 71
110.34506797790527 69
114.34452414512634 69
116.33298397064209 69
