65829
0.0 1084
0.007812976837158203 179
0.10926985740661621 135
0.10927104949951172 1265
0.10927200317382812 1265
0.10927295684814453 211
0.10927295684814453 1265
0.10927391052246094 1265
0.10927486419677734 134
0.10927486419677734 1189
0.10927700996398926 1189
0.10927700996398926 167
0.10927796363830566 122
0.10927796363830566 1189
0.10927891731262207 1189
0.10927987098693848 1189
0.13654398918151855 117
0.13910889625549316 91
0.16293001174926758 111
0.16293096542358398 1332
0.1696319580078125 1332
0.17924094200134277 1332
0.17924094200134277 93
0.17924189567565918 95
0.1810469627380371 1332
0.18104791641235352 1332
0.19813203811645508 108
0.21827983856201172 91
0.23806095123291016 132
0.24407005310058594 108
0.25086498260498047 1175
0.253917932510376 1175
0.25980305671691895 1175
0.2837560176849365 88
0.2837560176849365 1175
0.28449106216430664 1175
0.28449201583862305 105
0.28449201583862305 1234
0.2898859977722168 1234
0.2982480525970459 1234
0.2982490062713623 85
0.30641889572143555 1234
0.3087029457092285 1234
0.3287370204925537 108
0.33493900299072266 1321
0.33493995666503906 1321
0.33493995666503906 1321
0.33494091033935547 1321
0.3437478542327881 91
0.38639283180236816 108
0.38639283180236816 88
0.41040682792663574 105
0.4167790412902832 85
0.4167799949645996 1251
0.42962002754211426 1251
0.43289995193481445 1251
0.44303393363952637 1251
0.4430348873138428 108
0.4430348873138428 76
0.4498448371887207 91
0.47513699531555176 991
0.47513794898986816 991
0.48198795318603516 108
0.48198890686035156 991
0.48888587951660156 991
0.49967288970947266 88
0.5151000022888184 105
0.5408730506896973 85
0.5495619773864746 1326
0.549562931060791 1326
0.550091028213501 1326
0.5574839115142822 1326
0.5593349933624268 108
0.5908918380737305 91
0.590893030166626 1224
0.596458911895752 1224
0.596458911895752 1224
0.5964598655700684 108
0.7632708549499512 1224
0.7662198543548584 1224
0.7662210464477539 88
0.7662210464477539 105
0.7662210464477539 85
0.7662210464477539 1339
0.7662220001220703 1339
0.7662220001220703 1339
0.7662229537963867 1339
