66151
0.0 139
6.103515625e-05 1165
0.009422063827514648 68
0.03032994270324707 1160
0.03318905830383301 146
0.035774946212768555 1160
0.040209054946899414 1160
0.047332048416137695 1160
0.05236196517944336 140
0.05243706703186035 1160
0.05752897262573242 970
0.062376976013183594 970
0.07517099380493164 141
0.09517812728881836 73
0.09997200965881348 1093
0.10698413848876953 1093
0.11229801177978516 1093
0.11732196807861328 142
0.11732602119445801 84
0.1403660774230957 141
0.16006112098693848 141
0.16253209114074707 979
0.16727399826049805 979
0.16985297203063965 62
0.1923539638519287 122
0.1977250576019287 1133
0.20240092277526855 1133
0.20772814750671387 1133
0.21303701400756836 126
0.2131061553955078 1133
0.21964097023010254 1133
0.22489595413208008 1133
0.2318129539489746 921
0.23421311378479004 132
0.23689508438110352 921
0.2418670654296875 921
0.25439000129699707 66
0.2571570873260498 1269
0.26184892654418945 1269
0.2671041488647461 1269
0.2720170021057129 1269
0.27918004989624023 141
0.299267053604126 139
0.31867504119873047 141
0.32826900482177734 1244
0.33090806007385254 63
0.3335230350494385 1244
0.3388340473175049 1244
0.3438291549682617 1244
0.3486919403076172 1244
0.35123205184936523 127
0.368009090423584 1017
0.37296009063720703 145
0.37299299240112305 1017
0.37776899337768555 1017
0.38306593894958496 1017
0.3899960517883301 1017
0.3926360607147217 157
0.3952150344848633 1017
0.4002659320831299 1017
0.40509700775146484 1017
0.4099099636077881 1017
0.41469407081604004 91
0.41730713844299316 1017
0.42397403717041016 1017
0.42891597747802734 1017
0.43404293060302734 1017
0.43662095069885254 213
0.439100980758667 415
0.4442739486694336 415
0.44962596893310547 538
0.4540131092071533 538
0.45614194869995117 214
0.4610259532928467 538
0.4682130813598633 538
0.47318410873413086 538
0.4775979518890381 207
0.48857808113098145 75
0.49110913276672363 902
0.4958341121673584 902
0.5101029872894287 185
0.5275590419769287 957
0.5322170257568359 187
0.5322210788726807 957
0.53690505027771 957
0.5419211387634277 957
0.5471329689025879 957
0.5517539978027344 186
0.5518109798431396 957
0.5586049556732178 957
0.5648250579833984 957
0.5699689388275146 957
