65650
0.0 54
0.0022139549255371094 165
0.020791053771972656 168
0.021850109100341797 170
0.0258791446685791 177
0.02705097198486328 54
0.04501199722290039 172
0.06368708610534668 981
0.06368708610534668 167
0.06368708610534668 980
0.0638420581817627 980
0.0638420581817627 980
0.06884908676147461 54
0.06884908676147461 54
0.06884908676147461 54
0.06960105895996094 54
0.06960105895996094 54
0.08022809028625488 177
0.08134698867797852 169
0.08581113815307617 54
0.10105204582214355 162
0.12432098388671875 167
0.1293339729309082 1041
0.12985992431640625 1040
0.12985992431640625 1040
0.12985992431640625 1040
0.13469696044921875 54
0.14541101455688477 155
0.15402603149414062 177
0.15999412536621094 54
0.16240501403808594 160
0.18292999267578125 161
0.19506311416625977 979
0.19506311416625977 978
0.19506311416625977 978
0.19506311416625977 978
0.20085597038269043 54
0.20130300521850586 153
0.20908808708190918 54
0.20908808708190918 54
0.22170305252075195 152
0.22986912727355957 177
0.24580001831054688 151
0.26299595832824707 1040
0.26299595832824707 1039
0.2633249759674072 1039
0.2633249759674072 1039
0.2645571231842041 139
0.26877903938293457 54
0.2799971103668213 177
0.28226804733276367 123
0.285844087600708 54
0.30122804641723633 127
0.3128499984741211 54
0.3228280544281006 158
0.33435511589050293 1028
0.33435511589050293 1027
0.33435511589050293 1027
0.33435511589050293 1027
0.3398439884185791 54
0.3427269458770752 178
0.3471829891204834 177
0.3546640872955322 54
0.3618590831756592 166
0.38219308853149414 162
0.3968319892883301 985
0.3968319892883301 984
0.3968319892883301 984
0.3968319892883301 984
0.4011399745941162 158
0.4021320343017578 54
0.40268802642822266 54
0.40268802642822266 54
0.420788049697876 151
0.42234110832214355 177
0.4279649257659912 54
0.4443070888519287 167
0.46306800842285156 1047
0.46306800842285156 1046
0.46306800842285156 1046
0.46306800842285156 1046
0.4638810157775879 158
0.4683980941772461 54
0.4829370975494385 154
0.490710973739624 177
0.49692702293395996 54
0.5018661022186279 146
0.5229470729827881 156
0.529932975769043 981
0.5302071571350098 980
0.5302071571350098 980
0.5302071571350098 980
0.5358600616455078 54
0.541733980178833 167
0.5473239421844482 177
0.5528581142425537 54
0.5609109401702881 148
0.5670299530029297 54
0.5811150074005127 88
0.5818741321563721 494
0.5818741321563721 216
0.5829789638519287 148
0.588374137878418 54
0.5958750247955322 981
0.5958750247955322 980
0.5958750247955322 980
0.5958750247955322 980
0.6035909652709961 54
0.6042251586914062 139
0.6218769550323486 168
0.6218769550323486 135
0.6279010772705078 54
0.6299581527709961 177
0.6360299587249756 54
0.6459441184997559 122
0.6629891395568848 978
0.6629891395568848 977
0.6629891395568848 977
0.6629891395568848 977
0.6629891395568848 122
0.6720521450042725 54
0.6720521450042725 54
0.6829159259796143 125
0.6883461475372314 168
0.6938869953155518 54
0.6959681510925293 177
0.7020690441131592 124
0.7020690441131592 54
0.7090260982513428 54
0.7090260982513428 54
0.7229070663452148 121
0.7288689613342285 1031
0.7288689613342285 1030
0.7288689613342285 1030
0.7292971611022949 1030
0.7415549755096436 121
0.7564120292663574 168
0.7610061168670654 121
0.762031078338623 54
0.7628200054168701 177
0.7837679386138916 120
0.8029811382293701 123
0.8110871315002441 177
0.8169281482696533 54
0.8169281482696533 54
0.8217720985412598 122
0.8466651439666748 121
0.8626160621643066 1035
0.8635721206665039 1034
0.8635721206665039 1034
0.8635721206665039 1034
0.8635721206665039 122
0.8689420223236084 54
0.869683027267456 54
0.869683027267456 54
0.8826301097869873 121
0.889876127243042 177
0.8954670429229736 54
0.9019670486450195 123
0.9239659309387207 121
0.9289159774780273 1031
0.9289159774780273 1030
0.9289159774780273 1030
0.9289159774780273 1030
