57777
0.0 638
0.009680986404418945 638
0.009680986404418945 112
0.009680986404418945 638
0.015676021575927734 638
0.029610872268676758 112
0.046980857849121094 929
0.05282187461853027 112
0.05282306671142578 929
0.08044791221618652 929
0.08044791221618652 929
0.08044886589050293 112
0.08044886589050293 112
0.11366701126098633 112
0.11597990989685059 112
0.13370800018310547 1329
0.1357278823852539 112
0.13902997970581055 1329
0.3106729984283447 1329
0.31067395210266113 1329
0.31067395210266113 112
0.31067395210266113 892
0.31067490577697754 892
0.31067490577697754 112
0.31067490577697754 892
0.31067490577697754 892
0.31067585945129395 112
0.31067585945129395 1082
0.31067585945129395 1082
0.31067705154418945 1082
0.31067705154418945 1082
0.31067705154418945 112
0.31067705154418945 91
0.31067705154418945 112
0.31067800521850586 631
0.31067800521850586 631
0.31067800521850586 631
0.31067895889282227 112
0.31067895889282227 631
0.31067895889282227 72
0.31067895889282227 112
0.31067895889282227 871
0.3135249614715576 871
0.313525915145874 871
0.31352686882019043 112
0.31352686882019043 871
0.3310248851776123 112
0.3498508930206299 112
0.37223386764526367 112
0.3935708999633789 112
0.3935708999633789 112
0.41646504402160645 112
0.4234459400177002 814
0.4457969665527344 814
0.4457969665527344 112
0.4457979202270508 814
0.4457979202270508 814
0.4457979202270508 814
0.470059871673584 814
0.470059871673584 112
0.470059871673584 814
0.4700610637664795 814
0.4700610637664795 814
0.4719998836517334 729
0.4781758785247803 112
0.4781758785247803 729
0.4831368923187256 729
0.48914098739624023 729
0.4938628673553467 729
0.5009710788726807 112
0.5009710788726807 729
0.5031859874725342 729
0.5073020458221436 729
0.5135500431060791 729
0.5198650360107422 112
0.5198650360107422 721
0.526526927947998 721
0.531080961227417 721
0.5377678871154785 721
0.5431089401245117 112
0.5431089401245117 721
0.5474839210510254 721
0.5765140056610107 721
0.5765149593353271 721
0.5765149593353271 112
0.5765149593353271 721
0.5765159130096436 1259
0.5765159130096436 1259
0.5765159130096436 1259
0.57651686668396 1259
0.582740068435669 112
0.5850129127502441 1118
0.5911030769348145 1118
0.597416877746582 1118
