56266
0.0 978
0.0012340545654296875 184
0.0054340362548828125 978
0.012387990951538086 978
0.01782989501953125 978
0.02300405502319336 82
0.023009061813354492 978
0.027431011199951172 978
0.0326540470123291 978
0.03800487518310547 978
0.04234886169433594 978
0.04460597038269043 195
0.04976201057434082 1029
0.05495095252990723 1029
0.06000399589538574 1029
0.06509685516357422 201
0.06509900093078613 1029
0.06989097595214844 1280
0.07680892944335938 1280
0.08168601989746094 1280
0.08650803565979004 193
0.08651185035705566 1280
0.09373903274536133 1280
0.09618592262268066 70
0.09862494468688965 1280
0.1184089183807373 156
0.11841201782226562 1264
0.12375998497009277 1264
0.12866997718811035 1264
0.1354069709777832 1264
0.14004898071289062 153
0.1574099063873291 1296
0.1630568504333496 149
0.16306090354919434 1296
0.1685030460357666 1296
0.17566895484924316 1296
0.1808629035949707 1296
0.18316102027893066 69
0.18646788597106934 1296
0.19156408309936523 1296
0.196915864944458 1095
0.20348691940307617 147
0.2035210132598877 1095
0.21042990684509277 1095
0.2227189540863037 980
0.22489285469055176 154
0.22753286361694336 980
0.23236298561096191 980
0.24613690376281738 161
0.25869297981262207 78
0.278717041015625 176
0.28711390495300293 892
0.29351091384887695 892
0.30004096031188965 175
0.3212308883666992 173
0.3256230354309082 1136
0.3304779529571533 1136
0.33606696128845215 1136
0.3410050868988037 1136
0.3412048816680908 73
0.3463430404663086 1136
0.3522360324859619 1136
0.35804200172424316 899
0.36234498023986816 172
0.3623490333557129 899
0.3844599723815918 168
0.39054107666015625 994
0.39774394035339355 994
