66040
0.0 881
0.0 881
0.0 881
0.0006442070007324219 54
0.005736112594604492 181
0.006280183792114258 54
0.006980180740356445 54
0.006980180740356445 54
0.015350103378295898 66
0.02202916145324707 179
0.04116415977478027 177
0.04746198654174805 150
0.04876399040222168 838
0.049120187759399414 837
0.049120187759399414 837
0.049120187759399414 837
0.049120187759399414 54
0.057804107666015625 54
0.06295418739318848 163
0.0840291976928711 166
0.09577703475952148 66
0.09705710411071777 177
0.10393404960632324 829
0.10393404960632324 828
0.10408306121826172 828
0.10408306121826172 828
0.10408306121826172 172
0.10408306121826172 54
0.11129903793334961 54
0.11129903793334961 54
0.11158919334411621 54
0.1220250129699707 185
0.12737202644348145 54
0.13602900505065918 82
0.1423661708831787 185
0.16021203994750977 177
0.16498208045959473 169
0.16722607612609863 54
0.16805100440979004 1185
0.16820812225341797 1184
0.1684551239013672 1184
0.17509102821350098 54
0.17586708068847656 66
0.18227314949035645 169
0.18679499626159668 54
0.20375609397888184 159
0.22411799430847168 159
0.2279350757598877 853
0.2279350757598877 852
0.2279350757598877 852
0.2279350757598877 852
0.2355201244354248 54
0.2355201244354248 54
0.2382490634918213 177
0.24376511573791504 163
0.2448899745941162 54
0.25089597702026367 54
0.2558450698852539 70
0.2620820999145508 185
0.273468017578125 54
0.2737250328063965 54
0.2737250328063965 54
0.28496313095092773 178
0.2921271324157715 54
0.2983431816101074 177
0.30434608459472656 845
0.3049440383911133 844
0.3049440383911133 844
0.3049440383911133 844
0.3049440383911133 54
0.30618715286254883 181
0.3112170696258545 54
0.3124420642852783 54
0.31343698501586914 54
0.3238520622253418 177
0.33533716201782227 70
0.34310317039489746 179
0.34706616401672363 498
0.34706616401672363 88
0.36267805099487305 177
0.3627471923828125 163
0.3689441680908203 843
0.3689441680908203 842
0.3689441680908203 842
0.3689441680908203 842
0.3699300289154053 54
0.37584400177001953 54
0.37584400177001953 54
0.37584400177001953 54
0.37584400177001953 54
0.3820970058441162 161
0.3947281837463379 54
0.4037799835205078 147
0.41555118560791016 70
0.42410707473754883 175
0.43592309951782227 177
0.44210219383239746 178
0.44210219383239746 887
0.44210219383239746 886
0.4422152042388916 886
0.44236302375793457 886
0.44236302375793457 54
0.44886207580566406 54
0.44886207580566406 54
0.45711803436279297 54
0.45711803436279297 54
0.4678959846496582 181
0.48225903511047363 179
0.495164155960083 66
0.498974084854126 177
0.5033249855041504 172
0.5061600208282471 54
0.5224649906158447 163
0.5248429775238037 54
0.5421180725097656 149
0.5648481845855713 146
0.5661470890045166 177
0.5729970932006836 54
0.5741322040557861 894
0.5741322040557861 893
0.5741322040557861 893
0.5741322040557861 893
0.5751640796661377 66
0.5809180736541748 54
0.5828611850738525 152
0.5860371589660645 54
0.5860371589660645 54
0.6042051315307617 181
0.6229901313781738 176
0.6318440437316895 177
0.6352341175079346 82
0.6374521255493164 837
0.637937068939209 836
0.637937068939209 836
0.637937068939209 836
0.6387670040130615 54
0.6429891586303711 176
0.6439511775970459 54
0.6500270366668701 54
0.6563410758972168 66
0.6640369892120361 178
0.681765079498291 184
0.7034850120544434 188
0.7059500217437744 177
0.7130801677703857 54
0.7147700786590576 54
0.7147700786590576 877
0.7151551246643066 876
0.7151551246643066 876
0.7153360843658447 876
0.7220940589904785 54
0.7231521606445312 175
0.735260009765625 66
0.7451720237731934 162
0.7623569965362549 177
0.7635941505432129 154
0.7691440582275391 54
0.7747931480407715 54
0.7747931480407715 54
0.7747931480407715 54
0.7812299728393555 54
0.7812299728393555 54
0.7812299728393555 54
0.7832281589508057 188
0.8028080463409424 171
0.8150200843811035 844
0.8169100284576416 843
0.8169100284576416 843
0.8169100284576416 843
0.8169100284576416 70
0.8220021724700928 54
0.8253920078277588 179
0.8316960334777832 177
0.8387560844421387 54
0.8430039882659912 181
0.8570961952209473 54
0.8623061180114746 161
0.8848140239715576 156
0.8949751853942871 177
0.895698070526123 70
0.9019789695739746 54
0.9020559787750244 1189
0.9020559787750244 1188
0.902224063873291 1188
0.9032080173492432 170
0.9089760780334473 54
0.9213590621948242 54
0.9213590621948242 54
0.9232192039489746 161
0.9421200752258301 176
0.9648880958557129 164
0.9648880958557129 177
0.9721481800079346 846
0.9721481800079346 54
0.9721481800079346 845
0.9721481800079346 845
0.9721481800079346 845
0.9751460552215576 66
0.9788711071014404 54
0.9788711071014404 54
0.982342004776001 157
0.9858741760253906 54
1.0030109882354736 149
1.0234220027923584 156
1.030752182006836 54
1.0338690280914307 177
1.0401830673217773 900
1.040755033493042 899
