66067
0.0 112
0.0 708
9.5367431640625e-07 708
9.5367431640625e-07 708
9.5367431640625e-07 112
9.5367431640625e-07 708
1.9073486328125e-06 708
1.9073486328125e-06 708
1.9073486328125e-06 708
2.86102294921875e-06 112
2.86102294921875e-06 708
2.86102294921875e-06 708
4.0531158447265625e-06 72
4.0531158447265625e-06 651
4.0531158447265625e-06 60
4.0531158447265625e-06 651
4.0531158447265625e-06 112
5.0067901611328125e-06 651
5.0067901611328125e-06 651
5.0067901611328125e-06 651
5.9604644775390625e-06 651
5.9604644775390625e-06 112
5.9604644775390625e-06 651
5.9604644775390625e-06 651
6.9141387939453125e-06 651
6.9141387939453125e-06 112
6.9141387939453125e-06 658
6.9141387939453125e-06 658
7.867813110351562e-06 658
7.867813110351562e-06 658
9.059906005859375e-06 60
9.059906005859375e-06 658
9.059906005859375e-06 658
9.059906005859375e-06 658
1.0013580322265625e-05 658
1.0013580322265625e-05 112
1.0013580322265625e-05 658
0.0028619766235351562 1313
0.0028619766235351562 1313
0.0028629302978515625 1313
0.0028629302978515625 1313
0.009964942932128906 1284
0.013247966766357422 112
0.016715049743652344 1284
0.020999908447265625 1284
0.027554035186767578 1284
0.034503936767578125 112
0.05765485763549805 60
0.05765485763549805 829
0.06188201904296875 829
0.06826591491699219 829
0.07356095314025879 829
0.07843995094299316 112
0.11193203926086426 1171
0.11193203926086426 112
0.11193203926086426 1171
0.11193299293518066 1171
0.11193299293518066 1171
0.12070488929748535 112
0.13588285446166992 1325
0.14052700996398926 60
0.14052796363830566 1325
0.16634893417358398 1325
0.1663498878479004 1325
0.1663510799407959 112
0.17394590377807617 773
0.18007493019104004 773
0.18465089797973633 112
0.18465185165405273 773
0.1903090476989746 773
0.19676899909973145 773
0.2016010284423828 773
0.20494699478149414 112
0.20494699478149414 773
0.21135902404785156 773
0.21804189682006836 773
0.22528386116027832 815
0.22623300552368164 60
0.22623300552368164 112
0.22993707656860352 815
0.2353348731994629 815
0.24080395698547363 815
0.24695897102355957 815
0.25231385231018066 112
0.25231504440307617 815
0.2573509216308594 815
0.26421689987182617 815
0.2680239677429199 112
0.26802492141723633 815
0.27361202239990234 1163
0.2779240608215332 1163
0.2799499034881592 128
0.2859830856323242 1163
0.2901120185852051 128
0.2901129722595215 60
0.3930180072784424 1163
0.3930180072784424 1289
0.3930180072784424 1289
