66004
0.0 146
0.020390033721923828 135
0.0219268798828125 174
0.02878403663635254 54
0.03333687782287598 980
0.03378605842590332 979
0.03387594223022461 979
0.03387594223022461 979
0.03988289833068848 120
0.04013705253601074 54
0.0446619987487793 54
0.04703998565673828 453
0.05368494987487793 70
0.05388593673706055 54
0.05417490005493164 168
0.060328006744384766 119
0.08094000816345215 54
0.08196496963500977 119
0.09196901321411133 174
0.09702897071838379 974
0.0973360538482666 973
0.09890007972717285 54
0.10020208358764648 121
0.10313105583190918 973
0.10313105583190918 973
0.10372209548950195 54
0.12076807022094727 119
0.123931884765625 168
0.13077807426452637 54
0.13350605964660645 70
0.1397700309753418 135
0.15583395957946777 174
0.16465210914611816 54
0.16465210914611816 146
0.16607189178466797 1028
0.16721010208129883 1027
0.16721010208129883 1027
0.16721010208129883 1027
0.1727769374847412 54
0.17285895347595215 54
0.17377591133117676 54
0.17377591133117676 54
0.1809990406036377 119
0.18200993537902832 174
0.18769192695617676 54
0.18774890899658203 54
0.18774890899658203 54
0.2000129222869873 118
0.20432591438293457 54
0.21404504776000977 70
0.2198479175567627 120
0.22905707359313965 1006
0.22905707359313965 1005
0.22975993156433105 1005
0.22975993156433105 1005
0.23602890968322754 54
0.24015188217163086 118
0.2608199119567871 116
0.262253999710083 174
0.2692561149597168 54
0.28203392028808594 118
0.2837250232696533 54
0.29360103607177734 66
0.2971320152282715 1047
0.2971320152282715 1046
0.2971320152282715 1046
0.2971320152282715 1046
0.30022192001342773 120
0.3088550567626953 54
0.320483922958374 120
0.3234279155731201 168
0.3303689956665039 54
0.33147501945495605 174
0.33941102027893066 54
0.33941102027893066 118
0.3545858860015869 82
0.3625340461730957 118
0.38140106201171875 118
0.38341188430786133 54
0.38341188430786133 54
0.394542932510376 58
0.3963620662689209 174
0.40059709548950195 121
0.404634952545166 54
0.41348910331726074 54
0.42151308059692383 118
0.4327199459075928 977
0.4327199459075928 976
0.4327199459075928 976
0.4327199459075928 976
0.44063901901245117 54
0.44063901901245117 121
0.450793981552124 174
0.450793981552124 54
0.4583718776702881 54
0.4603919982910156 117
0.47448301315307617 58
0.4815690517425537 120
0.4954829216003418 54
0.49786901473999023 1022
0.49878597259521484 1021
0.5016241073608398 116
0.504709005355835 1021
0.504709005355835 1021
0.5058979988098145 54
0.5205249786376953 120
0.5233418941497803 168
0.5303800106048584 54
0.5322608947753906 174
0.5404200553894043 54
0.5404200553894043 122
0.5416998863220215 54
0.5416998863220215 54
0.5550730228424072 62
0.5667119026184082 159
0.5674309730529785 972
0.5674309730529785 971
0.5674309730529785 971
0.5675210952758789 971
0.5746519565582275 54
0.5843899250030518 158
0.5905280113220215 174
0.5977981090545654 54
0.6004340648651123 164
0.6204869747161865 166
0.6217141151428223 54
0.6217141151428223 54
0.6340489387512207 66
0.634937047958374 1046
0.634937047958374 1045
0.634937047958374 1045
0.634937047958374 1045
0.64028000831604 158
0.6419739723205566 54
0.647773027420044 174
0.6551079750061035 54
0.6601181030273438 162
0.6828269958496094 154
0.6896440982818604 54
0.6896440982818604 54
0.6896440982818604 54
0.6973159313201904 987
0.6973159313201904 986
0.7011480331420898 154
0.7022171020507812 54
0.7031528949737549 986
0.7031528949737549 986
0.7042849063873291 54
0.7042849063873291 54
0.713615894317627 62
0.721034049987793 148
0.7219409942626953 168
0.7287619113922119 54
0.7338359355926514 174
0.7406330108642578 154
0.7456140518188477 54
0.7641830444335938 150
0.7648210525512695 1033
0.7649550437927246 1032
0.7649550437927246 1032
0.7649550437927246 1032
0.7716000080108643 54
0.7805531024932861 147
0.7885549068450928 168
0.7936570644378662 62
0.7950019836425781 54
0.7972719669342041 174
0.7998459339141846 119
0.8207380771636963 118
0.8270139694213867 54
0.8316528797149658 986
0.8317430019378662 985
0.8317430019378662 985
0.8317999839782715 985
0.838702917098999 54
0.8425939083099365 116
0.8485839366912842 174
0.8536059856414795 82
0.8584110736846924 54
0.8606479167938232 115
0.8735010623931885 62
0.8786110877990723 54
0.8816909790039062 116
0.8958909511566162 1036
0.8959689140319824 1035
0.8960669040679932 1035
0.8963139057159424 1035
