65948
0.0 189
0.010601997375488281 707
0.01534414291381836 707
0.020537137985229492 190
0.02054119110107422 707
0.025359153747558594 707
0.03128314018249512 707
0.0361480712890625 707
0.04093217849731445 87
0.04308009147644043 707
0.049651145935058594 707
0.05469703674316406 707
0.06067609786987305 707
0.06290698051452637 194
0.06550312042236328 707
0.0702211856842041 707
0.07704710960388184 707
0.08237504959106445 1164
0.08492898941040039 186
0.08920097351074219 1164
0.09634900093078613 1258
0.10213899612426758 1258
0.10653400421142578 185
0.10916399955749512 1258
0.11633801460266113 84
0.13732218742370605 189
0.14276909828186035 1256
0.14847612380981445 1256
0.16017603874206543 184
0.18123507499694824 179
0.18124008178710938 902
0.18606996536254883 902
0.19306516647338867 902
0.20020413398742676 902
0.20279717445373535 79
0.2074451446533203 902
0.21260619163513184 902
0.21735811233520508 902
0.222459077835083 172
0.22246313095092773 902
0.22947001457214355 902
0.2342510223388672 902
0.23940801620483398 902
0.2436070442199707 169
0.245833158493042 1259
0.25097107887268066 1259
0.256134033203125 1259
0.263355016708374 1191
0.26594114303588867 165
0.2681751251220703 1191
0.2753591537475586 1191
0.27762699127197266 76
0.2822601795196533 1191
0.287214994430542 1191
0.29427099227905273 1191
0.2968871593475342 161
0.29951000213623047 1191
0.31158900260925293 1282
0.3166840076446533 1282
0.3183419704437256 166
0.322127103805542 1282
0.32903599739074707 1282
0.3408520221710205 164
0.3431410789489746 1300
0.3485431671142578 1300
0.35330700874328613 1300
0.3604919910430908 1300
0.36304807662963867 76
0.3655741214752197 1300
0.37213611602783203 1300
0.37847208976745605 1300
0.3831939697265625 162
0.38319897651672363 1300
0.3901500701904297 1300
0.3974161148071289 799
0.4041781425476074 163
0.40421199798583984 799
0.4098351001739502 1022
0.4145791530609131 1022
0.42006707191467285 1022
0.4252030849456787 166
0.42523717880249023 91
0.4376981258392334 75
0.45931410789489746 160
0.4776341915130615 903
