66294
0.0 155
0.0 154
0.0 154
0.002067089080810547 54
0.007860898971557617 54
0.007860898971557617 54
0.011136054992675781 70
0.011136054992675781 82
0.06286501884460449 455
0.06834197044372559 169
0.06834197044372559 168
0.06834197044372559 168
0.06933307647705078 54
0.06933307647705078 54
0.07517290115356445 54
0.09109306335449219 66
0.13293790817260742 54
0.14550399780273438 177
0.15046405792236328 178
0.15046405792236328 177
0.15046405792236328 177
0.15228891372680664 54
0.15793490409851074 54
0.15793490409851074 54
0.15793490409851074 54
0.17109107971191406 70
0.19513607025146484 222
0.19513607025146484 221
0.1953260898590088 221
0.1974039077758789 54
0.20228004455566406 54
0.25072503089904785 66
0.25798702239990234 54
0.25798702239990234 54
0.25798702239990234 54
0.2645750045776367 54
0.2810990810394287 177
0.2881910800933838 713
0.2881910800933838 54
0.28855204582214355 712
0.28855204582214355 712
0.32509303092956543 54
0.3310120105743408 70
0.34595608711242676 177
0.35140490531921387 418
0.35140490531921387 417
0.35140490531921387 417
0.3523550033569336 54
0.35817599296569824 54
0.35817599296569824 54
0.38896989822387695 54
0.4111509323120117 70
0.41684699058532715 177
0.4240429401397705 54
0.42537999153137207 972
0.42537999153137207 971
0.42537999153137207 971
0.43206095695495605 54
0.47299790382385254 54
0.4789299964904785 177
0.48531198501586914 847
0.48531198501586914 846
0.48531198501586914 846
0.48531198501586914 846
0.48561811447143555 54
0.4909250736236572 74
0.4923830032348633 54
0.5114459991455078 82
0.5328841209411621 54
0.5569980144500732 177
0.5631940364837646 893
0.5631940364837646 892
0.5631940364837646 892
0.5631940364837646 892
0.5638620853424072 54
0.5701630115509033 54
0.5701630115509033 54
0.5701630115509033 54
0.5701630115509033 54
0.5710840225219727 70
0.5968248844146729 54
0.6088049411773682 177
0.6159799098968506 54
0.6507930755615234 66
0.661952018737793 54
0.6773009300231934 177
0.6839818954467773 869
0.6839818954467773 868
0.6839818954467773 868
0.6841459274291992 868
0.6852469444274902 54
0.6910710334777832 54
0.7250430583953857 54
0.7309529781341553 70
0.7581648826599121 54
0.7581648826599121 54
0.7581648826599121 54
0.7630789279937744 177
0.7661080360412598 892
0.7663209438323975 891
0.7663209438323975 891
0.7663209438323975 891
0.7701590061187744 54
0.7919790744781494 54
0.8077600002288818 177
0.8111510276794434 66
0.8531179428100586 54
0.8531179428100586 54
0.8800420761108398 177
0.8847439289093018 1181
0.8849449157714844 1180
0.8849449157714844 1180
0.8871030807495117 54
0.8909609317779541 66
0.891869068145752 54
0.891869068145752 54
0.9329109191894531 54
0.9572410583496094 177
0.9634220600128174 1174
0.9640688896179199 1173
0.9640688896179199 1173
0.9642341136932373 54
0.970318078994751 54
0.9710659980773926 66
0.9969189167022705 54
0.9969189167022705 54
1.0109291076660156 82
1.0159580707550049 177
1.0219929218292236 879
1.0219929218292236 878
1.0221641063690186 878
1.0221641063690186 878
1.022986888885498 54
1.0288519859313965 54
1.0401298999786377 168
1.0510880947113037 66
1.0701889991760254 54
1.0736150741577148 177
1.0799601078033447 1182
1.0802099704742432 1181
1.0802099704742432 1181
1.0810000896453857 54
1.0881280899047852 54
1.1269989013671875 54
1.1308929920196533 70
1.1550540924072266 177
1.1617660522460938 873
1.1620540618896484 872
1.1620540618896484 872
1.1620540618896484 872
1.1620540618896484 54
1.1688148975372314 54
1.1688148975372314 54
1.1890859603881836 54
1.2104880809783936 177
1.2108139991760254 66
1.217268943786621 54
1.2539539337158203 54
1.2613959312438965 54
1.2613959312438965 54
1.2613959312438965 54
1.2789409160614014 177
1.2849960327148438 831
1.2849960327148438 830
1.2849960327148438 830
1.2849960327148438 830
1.285754919052124 54
1.2883460521697998 498
1.2883460521697998 88
1.2909119129180908 70
1.2920689582824707 54
1.320077896118164 54
1.3389461040496826 177
1.3448679447174072 1188
1.3448679447174072 1187
1.3448679447174072 1187
1.3459060192108154 54
1.3513000011444092 54
1.3707630634307861 70
1.4002070426940918 54
1.406846046447754 177
1.4138410091400146 882
1.4140100479125977 881
1.4140100479125977 881
1.4140100479125977 881
1.4140100479125977 54
1.4210588932037354 54
1.4512550830841064 66
1.4604249000549316 54
1.4801759719848633 177
1.4873769283294678 54
1.4882190227508545 886
1.4882190227508545 885
1.4882190227508545 885
1.4882190227508545 885
1.4955449104309082 54
1.5110340118408203 82
1.5311620235443115 66
1.53220796585083 54
1.555912971496582 177
1.5627639293670654 54
1.5659780502319336 1179
