64520
0.0 1229
0.005095958709716797 1229
0.011314153671264648 112
0.029443025588989258 1285
0.05174899101257324 60
0.05174899101257324 1285
0.06091904640197754 1285
0.06092095375061035 1285
0.06092214584350586 112
0.06419515609741211 648
0.06766104698181152 648
0.07361006736755371 648
0.07690811157226562 112
0.2512061595916748 648
0.2512071132659912 648
0.2512080669403076 648
0.2512080669403076 112
0.2512080669403076 648
0.251209020614624 648
0.251209020614624 648
0.25120997428894043 1170
0.25120997428894043 1170
0.25121116638183594 1170
0.25121212005615234 1170
0.25121212005615234 60
0.25121307373046875 112
0.25121307373046875 112
0.25121307373046875 1158
0.25121402740478516 1158
0.25121498107910156 112
0.25121498107910156 1158
0.25121617317199707 1158
0.25121617317199707 60
0.2512171268463135 1093
0.2512171268463135 1093
0.2512180805206299 112
0.2512180805206299 1093
0.2512190341949463 1093
0.2512190341949463 112
0.2512199878692627 1073
0.2512199878692627 1073
0.2512209415435791 112
0.2512221336364746 1073
0.25278711318969727 1073
0.2671380043029785 60
0.27157115936279297 1113
0.2765541076660156 1113
0.2822251319885254 1113
0.2877950668334961 112
0.2877960205078125 1113
0.31165504455566406 112
0.3177220821380615 1157
0.32419300079345703 1157
0.3296830654144287 1157
0.3324120044708252 112
0.33321404457092285 1157
0.3377511501312256 128
0.3618290424346924 128
0.3618290424346924 60
0.3618299961090088 1101
0.3618299961090088 1101
0.36491894721984863 1101
0.3712460994720459 1101
0.37418198585510254 112
0.3982059955596924 112
0.3996851444244385 1055
0.4059720039367676 1055
0.41168999671936035 1055
0.4170210361480713 112
0.4170210361480713 1055
0.43790411949157715 60
0.439708948135376 112
0.4450981616973877 1061
0.4450991153717041 1061
0.4450991153717041 1061
0.4450991153717041 1061
0.48563098907470703 112
0.48563194274902344 112
0.48563194274902344 694
0.48783206939697266 694
0.49201107025146484 694
0.4984750747680664 694
0.503460168838501 60
0.5034611225128174 694
0.5070719718933105 694
0.5150840282440186 694
0.5214121341705322 694
0.5231051445007324 112
0.5255379676818848 694
0.5309531688690186 668
0.5362441539764404 668
0.5410480499267578 668
