66319
0.0 1008
0.0001220703125 1008
0.0001220703125 1008
0.0001220703125 54
0.00341796875 54
0.00341796875 54
0.005027055740356445 163
0.0060160160064697266 54
0.0060160160064697266 54
0.011250019073486328 70
0.02542901039123535 163
0.04601311683654785 145
0.04924798011779785 88
0.049479007720947266 498
0.06025099754333496 203
0.06608796119689941 54
0.06608796119689941 54
0.06709098815917969 54
0.06777811050415039 1168
0.06808304786682129 1167
0.06819701194763184 1167
0.06819701194763184 1167
0.0687870979309082 124
0.07347893714904785 54
0.08682513236999512 131
0.09272193908691406 70
0.09288501739501953 194
0.09804511070251465 54
0.10613512992858887 156
0.1259620189666748 203
0.12888407707214355 161
0.12912201881408691 54
0.12912201881408691 54
0.13158106803894043 1033
0.1320180892944336 1032
0.1320180892944336 1032
0.1320180892944336 1032
0.13692593574523926 54
0.13724493980407715 54
0.13724493980407715 54
0.1446981430053711 165
0.15890002250671387 203
0.16482210159301758 54
0.16503310203552246 159
0.17138910293579102 70
0.18634510040283203 159
0.19243407249450684 54
0.19921207427978516 1013
0.19921207427978516 1012
0.19921207427978516 1012
0.1992800235748291 1012
0.20492100715637207 54
0.20721197128295898 157
0.21677494049072266 203
0.22191309928894043 54
0.22521710395812988 152
0.2319340705871582 82
0.2372119426727295 54
0.2372119426727295 54
0.24892210960388184 149
0.25515103340148926 70
0.258864164352417 54
0.258864164352417 54
0.2664041519165039 1059
0.2664041519165039 1058
0.2664041519165039 1058
0.267348051071167 1058
0.267348051071167 133
0.287168025970459 118
0.3056640625 118
0.3249180316925049 203
0.32588911056518555 147
0.330873966217041 54
0.33112406730651855 66
0.33127713203430176 54
0.3324129581451416 1011
0.3324129581451416 1010
0.3324129581451416 1010
0.3324129581451416 1010
0.3379020690917969 54
0.3379020690917969 54
0.3379020690917969 54
0.34514403343200684 158
0.3508181571960449 54
0.3678140640258789 159
0.3861050605773926 152
0.3973209857940674 203
0.40143704414367676 1024
0.40143704414367676 1023
0.40143704414367676 1023
0.40143704414367676 1023
0.4029979705810547 54
0.403270959854126 54
0.4051539897918701 155
0.40716099739074707 54
0.41161513328552246 70
0.42600297927856445 159
0.4497711658477783 163
0.4614701271057129 203
0.46630096435546875 54
0.4670720100402832 54
0.46749210357666016 1012
0.46775317192077637 1011
0.46775317192077637 1011
0.46809911727905273 1011
0.46935105323791504 159
0.47381114959716797 54
0.48543214797973633 203
0.4861569404602051 166
0.49151611328125 70
0.5053200721740723 162
0.5260400772094727 155
0.5308020114898682 54
0.5310111045837402 54
0.5380611419677734 1016
0.5380611419677734 1015
0.5382180213928223 1015
0.5382180213928223 1015
0.5442230701446533 54
0.5442230701446533 54
0.5469801425933838 153
0.5634341239929199 194
0.566723108291626 121
0.5669889450073242 54
0.5695149898529053 54
0.5729250907897949 70
0.5729250907897949 54
0.5871760845184326 115
0.5945589542388916 54
0.598520040512085 54
0.598520040512085 54
0.5995221138000488 203
0.604964017868042 1091
0.604964017868042 1090
0.604964017868042 1090
0.6064960956573486 116
0.6105301380157471 1090
0.6105301380157471 54
0.6265060901641846 116
0.6330060958862305 203
0.6397609710693359 54
0.6475739479064941 116
0.653480052947998 70
0.6574320793151855 54
0.6715340614318848 1086
0.6715340614318848 1085
0.6715340614318848 1085
0.671687126159668 1085
0.672537088394165 116
0.677772045135498 54
0.6855909824371338 194
0.6875090599060059 116
0.6927709579467773 54
0.6954910755157471 203
0.7015759944915771 54
0.7056269645690918 116
0.7275090217590332 118
0.7314150333404541 66
0.7314150333404541 82
0.7375760078430176 54
0.7375760078430176 54
0.7375760078430176 1019
0.7375760078430176 1018
0.7375760078430176 1018
0.7375760078430176 1018
0.7414109706878662 54
0.7414109706878662 54
0.746467113494873 116
0.7627911567687988 203
0.765470027923584 116
0.768496036529541 54
0.7875161170959473 116
0.7985279560089111 1020
0.7986950874328613 1019
0.7986950874328613 1019
0.7986950874328613 1019
