66382
0.0 1187
9.5367431640625e-07 1187
9.5367431640625e-07 205
9.5367431640625e-07 279
9.5367431640625e-07 95
9.5367431640625e-07 199
1.9073486328125e-06 132
1.9073486328125e-06 1094
1.9073486328125e-06 1094
3.0994415283203125e-06 1094
3.0994415283203125e-06 253
3.0994415283203125e-06 1094
4.0531158447265625e-06 1094
4.0531158447265625e-06 76
4.0531158447265625e-06 180
5.0067901611328125e-06 1003
5.0067901611328125e-06 272
5.0067901611328125e-06 204
5.0067901611328125e-06 1003
5.9604644775390625e-06 1003
5.9604644775390625e-06 1003
0.037162065505981445 289
0.037162065505981445 205
0.05650901794433594 251
0.07883191108703613 189
0.07883310317993164 1132
0.07883310317993164 1132
0.08662605285644531 1132
0.09275007247924805 1132
0.09275007247924805 268
0.11882305145263672 690
0.12279796600341797 174
0.12279891967773438 690
0.12519311904907227 690
0.12519407272338867 690
0.13741111755371094 272
0.15820908546447754 194
0.18267607688903809 251
0.19345712661743164 912
0.19345808029174805 912
0.19345808029174805 182
0.2022991180419922 912
0.20719099044799805 912
0.22476792335510254 297
0.24232792854309082 777
0.24232792854309082 211
0.24232912063598633 777
0.24401497840881348 777
0.25168299674987793 777
0.26857495307922363 777
0.26857495307922363 271
0.26857590675354004 777
0.2768881320953369 777
0.28684401512145996 777
0.2868471145629883 777
0.2868480682373047 180
0.2868480682373047 777
0.3931751251220703 1049
0.3931760787963867 1049
0.3931760787963867 1049
0.3931770324707031 216
0.3931770324707031 147
0.3931770324707031 1049
0.39317798614501953 1049
0.39317798614501953 1049
0.39317893981933594 159
0.39317893981933594 1049
0.39318013191223145 1049
0.39318013191223145 1049
0.39318108558654785 147
0.39318108558654785 1049
0.39318203926086426 484
0.39318203926086426 484
0.39318203926086426 200
0.39318299293518066 127
0.40798211097717285 133
0.42964911460876465 99
0.4430530071258545 781
0.44663095474243164 781
0.447329044342041 781
0.4473299980163574 118
0.459705114364624 781
0.488922119140625 88
0.4919741153717041 561
0.492063045501709 561
0.4920639991760254 147
0.5024189949035645 561
0.5160930156707764 561
0.5225179195404053 103
0.5433540344238281 155
0.5589101314544678 110
0.5736989974975586 1060
0.573699951171875 1060
0.5776190757751465 1060
0.5776200294494629 108
0.5854599475860596 1060
0.61279296875 91
0.6137409210205078 830
0.6137421131134033 830
0.6226859092712402 830
0.6269919872283936 830
0.6269950866699219 108
0.6269950866699219 88
0.6509449481964111 105
0.6650760173797607 85
0.6869730949401855 108
0.695612907409668 1221
0.6956140995025635 1221
0.6956150531768799 1221
