66244
0.0 60
0.006823062896728516 1218
0.011296987533569336 1218
0.01866292953491211 1218
0.02381300926208496 121
0.02381300926208496 1218
0.028750896453857422 1218
0.03379392623901367 1218
0.038780927658081055 1218
0.04391789436340332 117
0.04391908645629883 1218
0.04895591735839844 1025
0.0539700984954834 1025
0.0589749813079834 1025
0.06465411186218262 1025
0.06637811660766602 118
0.08568811416625977 60
0.08568811416625977 554
0.09119510650634766 554
0.09776902198791504 554
0.10488200187683105 554
0.10958504676818848 121
0.12475800514221191 660
0.13056206703186035 117
0.13056206703186035 660
0.13374996185302734 660
0.14026093482971191 660
0.25063300132751465 118
0.25063395500183105 1196
0.25063395500183105 1196
0.25063395500183105 1196
0.25063490867614746 1196
0.25063490867614746 60
0.25063490867614746 121
0.25063490867614746 845
0.25063610076904297 117
0.25063610076904297 845
0.25063610076904297 845
0.25063610076904297 845
0.2506370544433594 845
0.2506370544433594 118
0.2506370544433594 845
0.2506370544433594 845
0.2506380081176758 845
0.2579329013824463 60
0.2579340934753418 845
0.2593390941619873 121
0.26325106620788574 845
0.26671600341796875 1150
0.27196598052978516 1150
0.27908802032470703 1150
0.2830379009246826 117
0.2848079204559326 1150
0.28833794593811035 1150
0.2949390411376953 1150
0.2991011142730713 118
0.2991011142730713 1150
0.3048739433288574 1150
0.30985093116760254 1150
0.3166530132293701 1150
0.32095789909362793 60
0.32095789909362793 1028
0.32758402824401855 1028
0.33172011375427246 1028
0.33980607986450195 1028
0.34409499168395996 121
0.34409594535827637 936
0.35036301612854004 936
0.3559989929199219 936
0.3629140853881836 936
0.3629150390625 117
0.4073469638824463 536
0.4073479175567627 118
0.4073479175567627 536
0.4073479175567627 536
0.4073491096496582 536
0.4073491096496582 60
0.423198938369751 1106
0.4283421039581299 121
0.4283421039581299 1106
0.4354851245880127 1106
0.4397399425506592 1106
0.44725894927978516 1106
0.4542050361633301 117
0.4542059898376465 72
0.46449804306030273 1178
0.4691450595855713 1178
0.47073912620544434 118
0.47396111488342285 1178
0.4790480136871338 1178
