65579
0.0 1004
0.001013040542602539 1004
0.006268978118896484 54
0.006268978118896484 54
0.01602792739868164 153
0.021047115325927734 70
0.03591609001159668 161
0.03789710998535156 177
0.044068098068237305 54
0.045979976654052734 1062
0.045979976654052734 1061
0.045979976654052734 1061
0.045979976654052734 1061
0.057424068450927734 160
0.05984306335449219 54
0.06391596794128418 498
0.06488204002380371 216
0.06488204002380371 88
0.07088994979858398 54
0.07500791549682617 175
0.08093094825744629 82
0.09607911109924316 168
0.10091900825500488 70
0.11730599403381348 168
0.1221320629119873 177
0.12286901473999023 54
0.12789011001586914 54
0.12994694709777832 916
0.12994694709777832 915
0.12994694709777832 915
0.12994694709777832 915
0.13485193252563477 162
0.13612890243530273 54
0.13612890243530273 54
0.15506601333618164 162
0.17915701866149902 170
0.18087005615234375 66
0.1878950595855713 177
0.18886709213256836 54
0.18886709213256836 54
0.1948070526123047 882
0.1948070526123047 881
0.1948070526123047 881
0.1948070526123047 881
0.1948070526123047 54
0.19614005088806152 170
0.20089006423950195 54
0.21787500381469727 152
0.23495697975158691 150
0.25190091133117676 54
0.2528879642486572 177
0.25789809226989746 143
0.25904107093811035 54
0.26086997985839844 70
0.2748739719390869 177
0.2759389877319336 140
0.2759389877319336 54
0.2773730754852295 54
0.29590511322021484 154
0.31789708137512207 54
0.31789708137512207 54
0.3208909034729004 165
0.3295600414276123 929
0.3295600414276123 928
0.3295600414276123 928
0.3295600414276123 928
0.3353760242462158 173
0.33588290214538574 54
0.3411240577697754 70
0.354978084564209 167
0.37589406967163086 165
0.37589406967163086 177
0.3792579174041748 54
0.3792579174041748 54
0.3829491138458252 54
0.39800000190734863 169
0.4178941249847412 164
0.42089200019836426 70
0.4358949661254883 160
0.4438619613647461 54
0.4438619613647461 54
0.45690202713012695 164
0.45996689796447754 177
0.4649620056152344 919
0.4649620056152344 918
0.4649620056152344 918
0.4649620056152344 918
0.4659309387207031 54
0.470844030380249 54
0.47599196434020996 163
0.4980199337005615 150
0.5008699893951416 70
0.5159299373626709 925
0.5159299373626709 924
0.5176339149475098 924
0.5176339149475098 924
0.5191740989685059 152
0.5218911170959473 54
0.5218911170959473 54
0.5218911170959473 54
0.5218911170959473 54
0.5361099243164062 173
0.5578699111938477 153
0.5609099864959717 868
0.5609099864959717 867
0.5609099864959717 867
0.5609099864959717 867
0.5668821334838867 54
0.5718779563903809 54
0.575890064239502 161
0.5809030532836914 177
0.5809030532836914 66
0.5809030532836914 82
0.5878989696502686 54
0.5878989696502686 54
0.595897912979126 141
0.6159169673919678 124
0.636181116104126 149
0.6509380340576172 54
0.6550829410552979 177
0.6559269428253174 163
0.6609270572662354 70
0.6609270572662354 54
0.6619129180908203 898
0.6619129180908203 897
0.6619129180908203 897
0.6619129180908203 897
0.6678550243377686 54
0.6678550243377686 54
0.6678550243377686 54
0.6750690937042236 176
0.699146032333374 178
0.7099010944366455 177
0.7170000076293945 54
0.7170629501342773 866
0.7170629501342773 865
0.717987060546875 865
0.717987060546875 865
0.717987060546875 153
0.7220609188079834 54
0.7231690883636475 54
0.7231690883636475 54
0.7348620891571045 169
0.7408530712127686 70
0.7568750381469727 161
0.7760009765625 165
0.7780530452728271 177
0.7790400981903076 54
0.7790400981903076 54
0.7790400981903076 54
0.7830159664154053 857
0.7840139865875244 856
0.7840139865875244 856
0.7840139865875244 856
0.7889750003814697 54
0.7958979606628418 147
0.8160150051116943 149
0.8209609985351562 66
0.8359019756317139 141
0.8429560661315918 54
0.8588640689849854 145
0.8629329204559326 177
0.8689510822296143 54
0.8708999156951904 855
0.8708999156951904 854
0.8708999156951904 854
0.8708999156951904 854
0.8759269714355469 164
0.8769130706787109 54
0.8769130706787109 54
0.8970780372619629 160
0.9008579254150391 70
0.9079439640045166 54
0.9079439640045166 54
0.910938024520874 882
0.910938024520874 881
0.910938024520874 881
0.910938024520874 881
0.9151959419250488 144
0.9339280128479004 165
0.9550220966339111 180
0.9799549579620361 150
0.9818589687347412 66
0.9880590438842773 177
0.989145040512085 54
0.989145040512085 54
0.9939360618591309 54
0.9980950355529785 136
0.9990580081939697 911
0.9990580081939697 910
0.9991450309753418 910
0.9991450309753418 910
1.0051980018615723 54
1.0051980018615723 54
1.0051980018615723 54
1.0051980018615723 54
1.0141561031341553 121
1.0351660251617432 116
1.036180019378662 455
1.0433759689331055 54
1.0549061298370361 54
1.0558440685272217 54
1.0558440685272217 117
1.061053991317749 177
