65606
0.0 83
0.023442983627319336 99
0.030089139938354492 83
0.045458078384399414 99
0.07101798057556152 83
0.09105610847473145 99
0.11052298545837402 83
0.13001608848571777 99
0.14278006553649902 123
0.24177908897399902 83
0.24178004264831543 99
0.24178099632263184 83
0.24178194999694824 99
0.24178194999694824 83
0.2629060745239258 99
0.28702592849731445 83
0.30558109283447266 99
0.32132411003112793 83
0.3456881046295166 99
0.3515779972076416 83
0.38892602920532227 99
0.38892602920532227 83
0.4149200916290283 99
0.4350249767303467 83
0.4537351131439209 99
0.47228002548217773 83
0.4878420829772949 104
0.5329890251159668 134
0.5432260036468506 211
0.5520069599151611 135
0.5791201591491699 123
0.5989589691162109 99
0.6063799858093262 95
0.6180651187896729 111
0.6490559577941895 88
0.6705589294433594 108
0.6738870143890381 91
0.7022061347961426 108
0.7061491012573242 88
0.8969120979309082 105
0.8969130516052246 85
0.8969130516052246 132
0.8969130516052246 108
0.8969130516052246 91
0.8969130516052246 108
0.896914005279541 88
0.896914005279541 105
0.896914005279541 85
0.9040689468383789 108
0.9272170066833496 91
0.9568040370941162 108
0.9614040851593018 88
0.9868900775909424 105
0.9923591613769531 85
1.007746934890747 108
1.0267269611358643 91
1.0418250560760498 108
1.073380947113037 88
1.0859460830688477 105
1.1108739376068115 85
1.1354091167449951 108
1.151008129119873 91
1.1778221130371094 108
1.2924180030822754 88
1.2924189567565918 105
1.2924189567565918 102
1.2924201488494873 142
1.2924201488494873 102
1.307021141052246 114
1.3118150234222412 91
1.3318250179290771 102
1.3471720218658447 85
1.359924077987671 102
1.4114990234375 85
1.4114999771118164 102
1.434636116027832 85
1.4559900760650635 102
1.4721920490264893 85
1.495290994644165 102
1.5232739448547363 85
1.5457119941711426 102
1.562420129776001 85
1.5763349533081055 102
1.6076109409332275 90
1.607612133026123 95
1.6305840015411377 102
1.6331861019134521 85
1.6460320949554443 102
1.6688590049743652 85
1.6956140995025635 102
1.7056920528411865 85
1.7503330707550049 102
1.7504990100860596 85
1.7583341598510742 132
1.7782680988311768 102
1.9469830989837646 85
1.9469830989837646 102
1.946984052658081 85
1.946984052658081 102
1.946984052658081 85
1.946984052658081 102
1.946984052658081 85
1.9469850063323975 102
1.953474998474121 85
1.9534759521484375 62
1.9759211540222168 102
1.9864299297332764 85
2.0086700916290283 102
2.0305769443511963 85
2.0543150901794434 102
2.0672199726104736 85
2.132488965988159 107
2.132488965988159 86
2.1485610008239746 112
2.1536459922790527 123
2.1580970287323 93
2.1851680278778076 108
2.202298164367676 88
2.2176661491394043 105
2.3387889862060547 85
2.3387889862060547 108
2.338789939880371 91
2.338789939880371 108
2.338789939880371 88
2.338789939880371 105
2.351984977722168 85
2.3698060512542725 108
2.393064022064209 91
2.4081921577453613 108
2.440068006515503 88
2.4539201259613037 105
2.4883339405059814 85
2.498695135116577 108
2.5390219688415527 91
2.540544033050537 108
2.5623221397399902 88
2.5926260948181152 105
2.592628002166748 85
2.61075496673584 113
2.625981092453003 95
2.62886905670166 91
2.6498451232910156 108
2.66996693611145 88
2.686583995819092 105
2.718287944793701 85
2.7388970851898193 108
2.75929594039917 91
2.766777992248535 132
2.7763240337371826 108
2.806523084640503 88
2.8213870525360107 105
2.9923031330108643 85
2.9923040866851807 108
2.9935131072998047 91
2.993514060974121 108
2.993514060974121 88
2.993514060974121 105
2.993514060974121 85
2.993514060974121 108
2.9941930770874023 91
3.012683153152466 108
3.035731077194214 88
3.050220012664795 105
3.078935146331787 85
3.0911431312561035 108
3.138443946838379 91
3.1422669887542725 108
3.164555072784424 88
3.182213068008423 105
3.198176145553589 85
3.225412130355835 108
3.2386090755462646 91
3.2470240592956543 108
3.2658419609069824 88
3.28117299079895 105
3.385770082473755 85
3.385770082473755 108
3.385770082473755 91
3.3857710361480713 108
3.399691104888916 88
3.415998935699463 105
3.4478859901428223 85
3.4647581577301025 108
3.478671073913574 91
3.503239154815674 108
3.528468132019043 88
3.558027982711792 105
3.5580289363861084 85
3.5687379837036133 108
3.584800958633423 91
3.6048271656036377 108
3.6311099529266357 93
3.637346029281616 95
3.646484136581421 105
3.681318998336792 85
3.69909405708313 108
3.714607000350952 92
3.7381770610809326 109
3.7500431537628174 89
3.7612600326538086 132
3.7787511348724365 102
3.800222158432007 85
3.8145570755004883 102
3.854038953781128 85
3.8692939281463623 102
3.86934494972229 85
4.041067123413086 102
4.041067123413086 85
4.041067123413086 102
4.041067123413086 85
4.041068077087402 62
4.041068077087402 102
4.041068077087402 85
4.041068077087402 102
4.041068077087402 85
4.057897090911865 102
4.077649116516113 85
4.095755100250244 102
4.123554944992065 85
4.138741970062256 102
4.1626670360565186 123
4.162667989730835 85
4.1907570362091064 102
4.190757989883423 85
4.202877998352051 102
4.22261905670166 85
4.255553960800171 102
4.265777111053467 85
4.291106939315796 102
4.308139085769653 85
4.3300230503082275 102
4.437087059020996 85
4.437087059020996 102
4.4370880126953125 85
4.4370880126953125 102
4.441426038742065 85
4.470675945281982 102
4.487170934677124 85
4.501858949661255 102
4.50733494758606 85
4.5323591232299805 102
4.545319080352783 85
4.560884952545166 102
4.586853981018066 85
4.614917039871216 102
4.627079963684082 90
4.6326539516448975 95
4.6518800258636475 102
4.689908027648926 85
4.694390058517456 102
4.7202911376953125 85
4.742133140563965 102
4.767280101776123 85
4.7719831466674805 132
4.777790069580078 102
4.80248498916626 85
4.826087951660156 102
4.833073139190674 85
4.846575975418091 102
4.862008094787598 85
4.8928821086883545 102
4.921353101730347 85
5.089085102081299 102
5.089086055755615 85
5.089086055755615 102
5.089086055755615 85
5.089086055755615 102
5.089087009429932 85
5.089087009429932 122
5.089087009429932 118
5.103425979614258 193
5.144333124160767 134
5.147182941436768 152
5.149335145950317 113
5.1659650802612305 108
5.183197021484375 88
5.204475164413452 102
5.234959125518799 85
5.253544092178345 102
5.271132946014404 85
5.296756982803345 102
5.318598985671997 85
5.335935115814209 102
5.355504035949707 85
5.3830671310424805 102
5.486398935317993 85
5.486400127410889 102
5.486400127410889 85
5.486401081085205 102
5.486401081085205 85
5.491354942321777 102
5.51000714302063 85
5.527723073959351 102
5.5462260246276855 85
5.598089933395386 102
5.598091125488281 85
5.61760401725769 102
5.646135091781616 90
5.646136045455933 95
5.655328989028931 102
5.670902967453003 85
5.709227085113525 102
5.7227561473846436 85
5.737455129623413 102
5.761320114135742 85
5.769925117492676 132
5.779032945632935 102
5.787515163421631 85
5.815062046051025 102
5.827660083770752 85
5.8421080112457275 102
5.872740030288696 85
5.885823965072632 102
5.918251991271973 85
5.9447619915008545 102
5.958805084228516 85
5.976551055908203 62
6.140833139419556 102
6.140834093093872 85
6.140834093093872 102
6.140834093093872 85
6.1408350467681885 102
6.1408350467681885 85
6.1408350467681885 102
6.140836000442505 85
6.140836000442505 102
6.168725967407227 85
6.168727159500122 123
6.168727159500122 102
6.196123123168945 85
6.207399129867554 102
6.225898027420044 85
6.259313106536865 102
6.279664993286133 85
6.290637016296387 102
6.326141119003296 85
6.353852987289429 102
6.363810062408447 85
6.383860111236572 102
6.404552936553955 85
6.532843112945557 102
6.532844066619873 85
6.532844066619873 102
6.5328450202941895 85
6.5328450202941895 102
6.5328450202941895 85
6.532845973968506 102
6.560984134674072 85
6.574213027954102 102
6.618510961532593 85
6.618512153625488 102
6.635915040969849 90
6.6417341232299805 95
6.662919998168945 102
6.685192108154297 85
6.705815076828003 102
6.729089975357056 85
6.745756149291992 102
6.751151084899902 85
6.770477056503296 102
6.77928900718689 132
6.786409139633179 85
6.815597057342529 102
6.851192951202393 85
6.851194143295288 102
6.873456001281738 85
6.890548944473267 102
6.917838096618652 85
6.942703008651733 102
6.961213111877441 85
6.993674993515015 102
7.005270004272461 85
7.018603086471558 102
7.187196969985962 85
7.187198162078857 102
7.187198162078857 85
7.187198162078857 102
7.187199115753174 85
7.187199115753174 102
7.187199115753174 85
7.18720006942749 102
7.191439151763916 85
7.221018075942993 102
7.237349033355713 85
7.251212120056152 102
7.2879040241241455 85
7.296759128570557 102
7.337717056274414 85
7.34299898147583 102
7.363024950027466 85
7.389129161834717 102
7.394394159317017 85
7.4136130809783936 102
7.424090147018433 85
7.442698955535889 102
7.4739179611206055 85
7.587412118911743 102
7.58741307258606 85
7.58741307258606 102
7.587414026260376 85
7.587414026260376 102
7.6063971519470215 85
7.63362193107605 102
7.64500093460083 90
7.649507999420166 95
7.654617071151733 102
7.683189153671265 85
7.706737995147705 102
7.7151710987091064 85
7.745535135269165 102
7.7455360889434814 85
7.765355110168457 102
7.790224075317383 85
7.801918983459473 132
7.806973934173584 102
7.832530975341797 85
7.8613409996032715 102
7.880366086959839 85
7.890562057495117 102
7.921709060668945 85
7.937466144561768 102
7.963982105255127 85
7.966768026351929 62
7.981377124786377 102
7.99978494644165 85
8.026180028915405 102
8.029611110687256 85
8.05396294593811 102
8.237699031829834 85
8.237699031829834 102
8.237699031829834 85
8.237699031829834 102
8.237699031829834 85
8.237699031829834 102
8.23769998550415 85
8.23769998550415 102
8.248713970184326 85
8.258810997009277 123
8.258811950683594 102
8.281617164611816 85
8.304372072219849 102
8.322740077972412 85
8.3611900806427 102
8.3611900806427 85
8.374813079833984 102
8.384251117706299 85
8.40828800201416 102
8.423094987869263 85
8.451264142990112 102
8.479745149612427 85
8.496181011199951 102
8.51813006401062 85
8.628589153289795 102
8.628589153289795 85
8.628590106964111 102
8.628590106964111 85
8.628590106964111 102
8.653085947036743 90
8.653085947036743 95
8.664663076400757 102
8.666240930557251 85
8.68196415901184 102
8.709341049194336 85
8.72806715965271 102
8.77063512802124 85
8.77063512802124 102
8.787013053894043 85
8.795638084411621 132
8.821118116378784 102
8.83690094947815 85
8.859707117080688 102
8.884052991867065 85
8.905287981033325 102
8.919121980667114 85
8.944590091705322 102
8.963567972183228 85
8.987869024276733 102
9.008307933807373 85
9.011711120605469 102
9.030473947525024 85
9.05230712890625 102
9.070879936218262 85
9.087589979171753 102
9.28276515007019 85
9.282766103744507 102
9.282766103744507 85
9.286777019500732 102
9.286777973175049 85
9.286779165267944 102
9.286779165267944 85
9.28678011894226 102
9.28678011894226 85
9.307631969451904 102
9.314377069473267 85
9.337149143218994 102
9.35187315940857 85
9.363675117492676 102
9.390900135040283 85
9.407674074172974 102
9.433601140975952 85
9.457191944122314 102
9.476153135299683 85
9.490607976913452 102
9.5222909450531 85
9.555742979049683 102
9.562595129013062 85
9.680330038070679 102
9.680330038070679 85
9.680330991744995 102
9.680330991744995 85
9.680330991744995 107
9.680330991744995 95
9.680331945419312 85
9.691699028015137 102
9.709063053131104 85
9.731564044952393 102
9.74617600440979 85
9.790565967559814 102
9.795243978500366 85
9.800343036651611 132
9.819293975830078 102
9.84276795387268 85
9.859117984771729 102
9.899760007858276 85
9.899760961532593 102
9.920725107192993 85
9.948054075241089 102
9.94891095161438 85
9.964396953582764 62
9.966820001602173 102
9.986658096313477 85
10.0173180103302 102
10.02759313583374 85
10.05292797088623 102
10.070820093154907 85
10.089586973190308 102
10.139516115188599 85
10.139518022537231 102
10.149718999862671 85
10.16214895248413 123
10.334327936172485 102
10.334327936172485 85
10.334327936172485 102
10.33432912826538 85
10.33432912826538 102
10.33432912826538 85
10.334330081939697 102
10.334330081939697 85
10.334330081939697 102
10.360914945602417 85
10.375514030456543 102
10.387793064117432 85
10.414533138275146 102
10.440999984741211 85
10.449854135513306 109
10.478518962860107 85
10.520694017410278 116
10.520694971084595 92
10.54731798171997 102
10.569700002670288 85
10.585678100585938 102
10.585678100585938 85
10.61482310295105 102
10.72502613067627 85
10.72771406173706 102
10.727715015411377 90
10.727715015411377 95
10.727715015411377 102
10.727715969085693 85
10.729705095291138 102
10.758896112442017 85
10.781002044677734 102
10.814377069473267 85
10.814378023147583 132
10.821161031723022 102
10.840642929077148 85
10.86252212524414 102
10.876039981842041 85
10.908066034317017 102
10.929774045944214 85
10.93062710762024 102
10.948539972305298 85
10.963113069534302 102
10.995504140853882 85
11.011153936386108 102
11.044435977935791 85
11.05969500541687 102
11.070610046386719 85
11.096084117889404 102
11.117635011672974 85
11.139003992080688 102
11.163978099822998 85
11.188440084457397 102
11.211032152175903 85
11.38559603691101 102
11.385596990585327 85
11.385597944259644 102
11.385599136352539 85
11.385600090026855 102
11.385600090026855 85
11.385601043701172 102
11.385601043701172 85
11.385601043701172 102
11.398635149002075 85
11.417963981628418 102
11.445857048034668 85
11.458060026168823 102
11.489470958709717 85
11.50033712387085 102
11.53715205192566 85
11.55147099494934 102
11.557029962539673 85
11.571694135665894 102
11.59092903137207 85
11.608483076095581 102
11.631307125091553 85
11.653061151504517 102
11.777076959609985 90
11.777076959609985 95
11.77707815170288 102
11.77707815170288 85
11.77707815170288 102
11.777079105377197 85
11.782355070114136 102
11.803279161453247 85
11.80960202217102 132
11.836694955825806 102
11.840682983398438 85
11.862646102905273 102
11.869336128234863 85
11.899101972579956 102
11.907423973083496 85
11.922311067581177 102
11.950319051742554 85
11.960186004638672 62
11.97405195236206 102
12.006724119186401 85
12.011826038360596 102
12.036967992782593 85
12.062026977539062 102
12.073439121246338 85
12.101010084152222 102
12.12104606628418 85
12.140294075012207 102
12.145238161087036 123
12.163766145706177 85
12.186962127685547 102
12.18953013420105 85
12.203134059906006 102
12.225788116455078 85
12.253034114837646 102
12.430876016616821 85
12.430876016616821 102
12.430876970291138 85
12.430876970291138 102
12.430876970291138 85
12.430876970291138 102
12.430876970291138 85
12.430876970291138 102
12.443132162094116 85
12.462955951690674 102
12.4878671169281 85
12.501498937606812 102
12.505634069442749 85
12.532793998718262 102
12.559170007705688 85
12.562008142471313 102
12.580753087997437 85
12.614513158798218 102
12.62419605255127 85
12.658327102661133 102
12.678328037261963 90
12.681425094604492 95
12.694501161575317 102
12.718907117843628 85
12.826029062271118 102
12.826030015945435 85
12.826030015945435 102
12.826030969619751 85
12.826030969619751 132
12.826032161712646 102
12.826033115386963 85
12.856920957565308 102
12.866621971130371 85
