65680
0.0 52
0.017826080322265625 109
0.047428131103515625 109
0.0778951644897461 109
0.12163400650024414 109
0.12163496017456055 109
0.12163496017456055 109
0.12163615226745605 109
0.12163615226745605 109
0.1385941505432129 109
0.16309714317321777 109
0.21125197410583496 52
0.24074101448059082 109
0.2617220878601074 109
0.2806260585784912 109
0.3419311046600342 101
0.4704570770263672 109
0.5301179885864258 109
0.6417660713195801 109
0.6569831371307373 52
0.6578731536865234 52
0.6978271007537842 52
0.7378640174865723 52
0.8171961307525635 52
0.8533010482788086 109
0.855708122253418 101
0.9132421016693115 109
0.9582281112670898 52
0.9587700366973877 52
0.9730839729309082 52
0.9853420257568359 109
1.0007810592651367 109
1.0077581405639648 109
1.09153413772583 109
1.1214549541473389 109
1.1214561462402344 109
1.1214561462402344 109
1.1214561462402344 109
1.1214570999145508 109
1.1516351699829102 109
1.1824250221252441 109
1.1838741302490234 109
1.1860871315002441 109
1.187502145767212 109
1.1897101402282715 109
1.2097880840301514 109
1.2128791809082031 109
1.242366075515747 109
1.2462310791015625 109
1.2485811710357666 109
1.2525250911712646 109
1.2548420429229736 109
1.2625010013580322 52
1.266685962677002 109
1.2694051265716553 109
1.2738749980926514 109
1.2851150035858154 109
1.2893991470336914 109
1.3138220310211182 109
1.3604300022125244 101
1.4816911220550537 109
1.532459020614624 109
1.5425751209259033 109
1.5436680316925049 109
1.557379961013794 52
1.5581610202789307 52
1.5977411270141602 52
1.619753122329712 109
1.6651220321655273 109
1.683568000793457 109
1.7128829956054688 52
1.8484699726104736 109
1.8573460578918457 109
1.8573460578918457 52
1.8806519508361816 101
1.9327821731567383 52
2.0111169815063477 109
2.023069143295288 109
2.0505990982055664 52
2.123192071914673 109
2.1231939792633057 109
2.1231939792633057 109
2.1231939792633057 109
2.123195171356201 109
2.1442980766296387 109
2.157593011856079 52
2.2045340538024902 109
2.261199951171875 109
2.3584940433502197 52
2.3868300914764404 109
2.4020750522613525 109
2.407806158065796 109
2.4227850437164307 109
2.463016986846924 109
2.4630181789398193 52
2.4630181789398193 101
2.4630191326141357 109
2.468644142150879 109
2.5278420448303223 109
2.549976110458374 109
2.5627081394195557 52
2.5801689624786377 109
2.5801689624786377 109
2.6510009765625 109
2.6979119777679443 52
2.7001020908355713 109
2.742583990097046 109
2.7603681087493896 109
2.80436110496521 109
2.861847162246704 109
2.886898994445801 109
2.8924529552459717 52
2.8924529552459717 101
2.90993595123291 109
2.963698148727417 109
2.9654769897460938 109
3.024487018585205 109
3.0285251140594482 109
3.0596771240234375 109
3.0644280910491943 52
3.0644290447235107 52
3.1220970153808594 109
3.122097969055176 109
3.122097969055176 109
3.122097969055176 109
3.122097969055176 109
3.211595058441162 52
3.216676950454712 109
3.228137969970703 109
3.263568162918091 109
3.3192150592803955 109
3.3245670795440674 109
3.433115005493164 109
3.441488027572632 101
3.4498770236968994 109
3.520979166030884 52
3.5226290225982666 109
3.63995099067688 109
3.6564860343933105 52
3.6842281818389893 52
3.7189691066741943 52
3.766901969909668 109
3.7706971168518066 109
3.922293186187744 109
3.970278024673462 109
3.9788529872894287 52
3.980046033859253 52
3.980560064315796 52
3.9815940856933594 101
3.9823780059814453 109
3.9977660179138184 52
4.057754993438721 52
4.065319061279297 109
4.119251012802124 109
4.124382972717285 109
4.124384164810181 109
4.124384164810181 109
4.1244261264801025 109
4.1244261264801025 109
4.144888162612915 52
4.171841144561768 109
4.232602119445801 109
4.267243146896362 52
4.314095973968506 109
4.359827041625977 109
4.364925146102905 52
4.458019018173218 101
4.4626381397247314 52
4.503044128417969 109
4.5358240604400635 109
4.550811052322388 109
4.574733018875122 52
4.5776591300964355 109
4.6722400188446045 52
4.743304967880249 52
4.744739055633545 52
4.7553651332855225 109
4.761803150177002 109
4.813827037811279 109
4.881704092025757 109
4.885184049606323 109
4.899860143661499 52
4.9283130168914795 52
4.9651100635528564 101
4.992922067642212 109
5.023460149765015 52
5.046964168548584 52
5.102213144302368 52
5.1034040451049805 109
5.120890140533447 109
5.124535083770752 109
5.124535083770752 109
5.196727991104126 52
5.229673147201538 109
5.2569899559021 52
5.284475088119507 52
5.306039094924927 109
5.365358114242554 109
5.376907110214233 52
5.410153150558472 109
5.480662107467651 101
5.530292987823486 109
5.5587780475616455 109
5.644595146179199 109
5.728914022445679 109
5.832540035247803 109
5.843561172485352 109
5.9386210441589355 109
6.056452989578247 109
6.128021955490112 109
6.170717000961304 109
6.282217979431152 101
6.282217979431152 52
6.282422065734863 52
6.282612085342407 52
6.2989661693573 109
6.54380202293396 109
6.6037609577178955 109
6.622576951980591 109
6.6638710498809814 109
6.743739128112793 109
6.814113140106201 109
6.874904155731201 109
6.968553066253662 109
7.029508113861084 109
7.042072057723999 109
7.130287170410156 109
7.22790002822876 109
7.286391019821167 109
7.412909030914307 109
7.536147117614746 109
7.682163953781128 109
7.701784133911133 109
7.8226940631866455 109
7.827883958816528 109
7.850597143173218 109
8.083204984664917 109
8.118597030639648 109
8.149999141693115 109
8.303027153015137 109
8.360036134719849 109
8.451572179794312 109
8.53753399848938 109
8.598952054977417 109
8.65006709098816 109
8.684054136276245 109
8.759677171707153 109
8.82906699180603 109
8.889814138412476 109
8.899681091308594 109
8.960347175598145 109
9.124578952789307 109
9.185526132583618 109
9.19619607925415 109
9.249423027038574 109
9.352760076522827 109
9.360794067382812 109
9.453201055526733 109
9.513636112213135 109
9.563822031021118 109
9.602842092514038 109
9.782839059829712 109
9.801225185394287 109
9.93487811088562 109
9.98133111000061 109
9.985191106796265 109
10.050951957702637 109
10.112262964248657 109
10.181334972381592 109
10.349210977554321 109
10.350516080856323 109
10.394171953201294 109
10.454514026641846 109
10.46036410331726 109
10.496891975402832 109
10.62876009941101 109
10.689743041992188 109
10.827574968338013 109
10.833714008331299 109
10.882013082504272 109
10.899923086166382 109
10.906244993209839 109
10.954965114593506 109
10.972454071044922 109
10.979210138320923 109
10.994719982147217 109
10.99920105934143 109
11.02754807472229 109
11.045360088348389 109
11.12256908416748 109
11.227177143096924 109
11.298808097839355 109
11.308326005935669 109
11.348911046981812 109
11.428558111190796 109
11.516944169998169 109
11.51905608177185 109
11.750120162963867 109
11.783588171005249 109
11.810737133026123 109
11.844478130340576 109
11.871209144592285 109
11.906111001968384 109
11.932295083999634 109
11.951894044876099 109
11.966216087341309 109
11.982838153839111 109
11.993340015411377 109
12.012815952301025 109
12.027415990829468 109
12.043121099472046 109
12.055217981338501 109
12.073791980743408 109
12.088009119033813 109
12.14749002456665 109
12.209334135055542 109
12.249109029769897 109
12.394514083862305 52
12.39561414718628 101
12.580554962158203 52
12.582120180130005 52
12.582120180130005 52
12.582371950149536 52
12.582520961761475 52
12.90102505683899 101
13.35996413230896 109
13.420719146728516 109
13.420720100402832 101
13.90067195892334 101
14.002089023590088 109
14.062973976135254 109
14.233034133911133 109
14.323366165161133 109
14.399296045303345 101
14.435456037521362 109
14.496755123138428 109
14.88791298866272 109
14.905680179595947 101
15.405692100524902 101
15.852110147476196 109
15.862709045410156 125
15.862710952758789 109
15.862710952758789 125
15.91381311416626 109
15.918682098388672 101
15.923261165618896 125
15.925934076309204 109
15.927253007888794 125
15.929632186889648 94
15.998000144958496 101
16.060297966003418 180
16.126785039901733 182
16.194154977798462 181
16.258833169937134 179
16.268864154815674 101
16.32565999031067 106
16.39146113395691 106
16.45648503303528 106
16.523627996444702 106
16.57386302947998 101
16.58941912651062 106
16.655327081680298 106
16.742746114730835 106
16.78661799430847 106
16.854602098464966 106
16.882517099380493 101
16.919454097747803 106
16.98463201522827 106
17.050347089767456 106
17.117027044296265 106
17.18075704574585 101
17.18354296684265 106
17.24948501586914 106
17.314857006072998 106
17.382421016693115 133
17.44758105278015 132
17.49326515197754 101
17.511767148971558 132
17.578911066055298 131
17.645087957382202 106
17.711048126220703 106
17.777729988098145 106
17.792344093322754 101
17.845026969909668 106
17.90947198867798 106
17.976500988006592 106
18.042257070541382 106
18.092283010482788 101
18.106672048568726 106
18.17415714263916 106
18.239963054656982 120
18.306719064712524 120
18.371308088302612 120
18.38897204399109 101
18.436496019363403 118
18.50475811958313 118
18.569655179977417 122
18.635910034179688 122
18.690152168273926 101
18.700528144836426 120
18.782727003097534 116
18.832595109939575 117
18.9014630317688 117
18.943581104278564 52
18.96527099609375 130
18.991263151168823 101
19.03112506866455 130
19.097134113311768 124
19.163661003112793 123
19.22950005531311 106
19.292431116104126 101
19.296502113342285 106
19.362643003463745 106
19.427942037582397 106
19.494035005569458 119
19.560462951660156 119
19.608728170394897 101
19.624041080474854 119
19.690261125564575 118
19.757902145385742 118
19.82463312149048 122
19.89070415496826 125
19.911606073379517 101
19.956161975860596 126
20.020977020263672 124
20.08035707473755 117
20.088042974472046 125
20.15367102622986 132
20.220343112945557 143
20.227363109588623 101
20.28504204750061 142
20.350187063217163 135
20.416501998901367 126
20.4841411113739 106
20.527734994888306 101
20.55171012878418 106
20.615468978881836 118
20.680546045303345 118
20.74617099761963 118
20.82328200340271 116
20.830199003219604 101
20.880393981933594 106
20.9450581073761 118
21.01244306564331 118
21.078404188156128 118
21.130903959274292 101
21.142829179763794 123
21.208465099334717 117
21.27624797821045 135
21.34028911590576 142
21.40651798248291 148
21.44729709625244 101
21.474653959274292 154
21.54030704498291 150
21.606078147888184 148
21.672502040863037 160
21.736736059188843 160
21.74890899658203 101
21.803821086883545 170
21.86905002593994 171
21.936495065689087 167
21.971543073654175 52
22.000797986984253 165
22.052000045776367 101
22.068150997161865 169
22.132014989852905 177
22.198296070098877 168
22.267359018325806 177
22.331948041915894 166
22.350465059280396 101
22.39841604232788 159
22.46269416809082 161
22.531440019607544 156
22.596127033233643 151
22.651458024978638 101
22.66102695465088 146
22.7272310256958 146
22.793886184692383 147
22.862807989120483 147
22.924357175827026 167
22.96525812149048 101
22.991101026535034 160
23.05955195426941 171
23.125298023223877 175
23.188183069229126 165
23.254894018173218 165
23.267614126205444 101
23.32383108139038 154
23.38861608505249 147
23.45451307296753 143
23.52029800415039 153
23.569146156311035 101
23.58584713935852 150
23.6517391204834 154
23.716719150543213 164
23.783658981323242 162
23.84960103034973 166
23.88268804550171 101
23.917598962783813 157
23.981152057647705 152
24.046671152114868 154
24.113178968429565 156
24.17438507080078 101
24.181920051574707 159
24.244035959243774 160
24.31081509590149 159
24.3765230178833 151
24.442913055419922 150
24.471038103103638 101
24.50986909866333 150
24.575520992279053 150
24.639588117599487 146
24.70786714553833 163
24.77013397216797 101
24.772335052490234 170
24.83942198753357 187
24.906068086624146 194
24.970453023910522 193
25.011418104171753 52
25.038040161132812 185
25.089375972747803 101
25.103026151657104 161
25.169530153274536 136
25.236687183380127 134
25.301717042922974 148
25.366953134536743 150
25.388031005859375 101
25.43306612968445 149
25.49958109855652 142
25.566308975219727 134
25.630625009536743 135
25.68915605545044 101
25.69700813293457 145
25.763090133666992 158
25.830554008483887 162
25.89491105079651 170
25.94593095779419 52
25.962623119354248 169
25.993476152420044 101
26.027258157730103 160
26.092801094055176 148
26.15966796875 137
26.22399401664734 148
26.29084014892578 161
26.29265308380127 101
26.358030080795288 166
26.423477172851562 167
26.489351987838745 166
26.555330991744995 159
26.5924711227417 101
26.624120950698853 155
26.68705916404724 146
26.75286602973938 156
26.82027316093445 147
26.886608123779297 147
26.895153045654297 101
26.951380968093872 158
27.01831603050232 161
27.085026025772095 162
27.147778034210205 169
27.21151113510132 101
27.216288089752197 161
27.27992606163025 162
27.347562074661255 166
27.414319038391113 173
27.478475093841553 172
27.52873706817627 101
27.54540705680847 175
27.611155033111572 187
27.676541090011597 188
27.743730068206787 188
27.808245182037354 193
27.85007905960083 101
27.876934051513672 181
27.940762042999268 175
28.00627112388611 176
28.02602505683899 52
28.073632955551147 176
28.13977313041687 172
28.161872148513794 101
28.20723605155945 164
28.272979021072388 182
28.336299180984497 181
28.402806997299194 195
28.466706037521362 101
28.468553066253662 188
28.534831047058105 184
28.602128982543945 174
28.666409015655518 168
28.73520302772522 166
28.76673197746277 101
28.798936128616333 176
28.867233991622925 177
28.931610107421875 192
28.998412132263184 184
29.06413197517395 175
29.082012176513672 101
29.1304931640625 183
29.19380497932434 168
29.26137900352478 176
29.327453136444092 185
29.386754035949707 101
29.393675088882446 177
29.458628177642822 189
29.52468705177307 183
29.591214179992676 176
29.656912088394165 177
29.700220108032227 101
29.726003170013428 163
29.789726972579956 164
29.856765031814575 166
29.92076301574707 168
30.00282096862793 178
30.003616094589233 101
30.054012060165405 178
30.119436979293823 175
30.18640112876892 177
30.251371145248413 172
30.3024160861969 101
30.30525517463684 149
30.317952156066895 163
30.38678216934204 153
30.44883918762207 171
30.514397144317627 184
30.582102060317993 178
30.608379125595093 101
30.646471977233887 183
30.712713956832886 176
30.780970096588135 170
30.844561100006104 176
30.903638124465942 101
30.912021160125732 171
30.97666597366333 178
31.04462695121765 171
31.048321962356567 52
31.108445167541504 178
31.17709517478943 179
31.22145104408264 101
31.24137306213379 179
31.30809998512268 178
31.374534130096436 172
31.438308000564575 186
31.504825115203857 181
31.52274513244629 101
31.571527004241943 184
31.636121034622192 182
31.70329213142395 177
31.76942801475525 192
31.821168184280396 101
31.835371017456055 188
31.90108895301819 188
31.96607995033264 187
32.04278516769409 174
32.09889197349548 184
32.142627000808716 101
32.16433811187744 183
32.232269048690796 182
32.29715299606323 179
32.36628198623657 182
32.42992615699768 171
32.446375131607056 101
32.49537396430969 174
32.56381916999817 172
32.62617611885071 174
32.69344997406006 175
32.75924611091614 101
32.75947308540344 181
32.82451510429382 179
32.890321016311646 180
32.95839214324951 181
33.02328395843506 174
33.06378412246704 101
33.08951711654663 180
33.15350103378296 169
33.22114014625549 175
33.286324977874756 175
33.353971004486084 181
33.376157999038696 101
33.41952204704285 186
33.48525905609131 185
33.55155301094055 181
33.61779499053955 174
33.67681097984314 101
33.683178186416626 180
33.74840497970581 178
33.81628203392029 176
33.88323616981506 181
33.946001052856445 176
33.98388910293579 101
34.01424813270569 166
34.082693099975586 52
34.0826940536499 167
34.14522409439087 158
34.211337089538574 170
34.277788162231445 179
34.291654109954834 101
34.34195303916931 186
34.4104220867157 190
34.47657608985901 187
34.54314398765564 181
34.59495711326599 101
34.60794806480408 174
34.67439007759094 168
34.741554975509644 179
34.804903984069824 181
34.87210297584534 183
34.90166997909546 101
34.93809103965759 177
35.003515005111694 176
35.068196058273315 172
35.13383197784424 178
35.19597101211548 101
35.20088005065918 194
35.26736307144165 198
35.338250160217285 204
35.400259017944336 203
35.46560597419739 201
35.52400016784668 101
35.53151798248291 198
35.5989031791687 195
35.66430711746216 197
35.72964906692505 198
35.794270038604736 188
35.81271696090698 101
35.861266136169434 179
35.927059173583984 194
35.99028515815735 52
35.994210958480835 189
36.05793213844299 193
36.1249361038208 192
36.12624716758728 101
36.19211506843567 181
36.258525133132935 178
36.32398295402527 180
36.38997197151184 182
36.43350410461426 101
36.45403814315796 175
36.52288317680359 163
36.58829212188721 163
36.65961217880249 147
36.71873497962952 157
36.73367214202881 101
36.787639141082764 172
36.850975036621094 177
36.91730809211731 181
36.98231816291809 195
37.04922103881836 200
37.05167508125305 101
37.111145973205566 52
37.11403012275696 201
37.180214166641235 204
37.246262073516846 189
37.314505100250244 195
37.36658596992493 101
37.378986120224 196
37.4458110332489 184
37.51155996322632 180
37.578344106674194 178
37.64518117904663 178
37.67052698135376 101
37.709508180618286 179
37.77442002296448 176
37.841717004776 165
37.907073974609375 152
37.969789028167725 101
37.97303295135498 165
38.03765296936035 183
38.10486602783203 193
38.17223501205444 197
38.23731017112732 194
38.28459596633911 101
38.305586099624634 187
38.36933517456055 176
38.43464708328247 171
38.50008797645569 171
38.565991163253784 174
38.604187965393066 101
38.63427805900574 176
38.69974112510681 175
38.76476502418518 178
38.83343005180359 177
38.89548707008362 174
38.9218111038208 101
38.96240997314453 175
39.02841901779175 178
39.096057176589966 187
39.18272113800049 186
39.22461009025574 101
39.226279973983765 198
39.293992042541504 197
39.358392000198364 195
39.42513108253479 207
39.49174499511719 192
39.520984172821045 101
39.55755615234375 190
39.62344408035278 197
39.69004797935486 197
39.755764961242676 196
39.82061505317688 196
39.83995509147644 101
39.88745999336243 194
39.95304203033447 188
40.019031047821045 191
40.08521008491516 189
40.13184118270874 52
40.14397406578064 101
40.14397406578064 181
40.151865005493164 183
40.21644306182861 191
40.28483295440674 198
40.34991407394409 198
40.4153790473938 209
40.44178915023804 101
40.479947090148926 214
40.54653811454773 207
40.61259913444519 214
40.67962718009949 207
40.74215006828308 101
40.74472904205322 212
40.81001901626587 214
40.87671995162964 217
40.943861961364746 223
41.00907897949219 221
41.04341506958008 101
41.07440400123596 210
41.14102602005005 203
41.22306299209595 199
41.27374601364136 208
41.34021210670471 216
41.34460997581482 101
41.403714179992676 217
41.471949100494385 209
41.53547406196594 222
41.60448718070984 221
41.669087171554565 213
41.67406916618347 101
41.734780073165894 213
41.80097413063049 194
41.86624002456665 190
41.933547019958496 193
41.9820830821991 101
41.999783992767334 201
42.06468915939331 201
42.13192915916443 196
42.19623517990112 201
42.263254165649414 197
42.28257918357849 101
42.328471183776855 209
42.39467215538025 213
42.45997500419617 212
42.528290033340454 218
42.582096099853516 101
42.59357404708862 212
42.65970802307129 223
42.72453999519348 240
42.791179180145264 266
42.85712909698486 263
42.902909994125366 101
42.922611951828 263
42.988707065582275 251
43.054970026016235 217
43.12070298194885 209
43.159687995910645 52
43.18649697303772 212
43.23191595077515 101
43.26299715042114 243
43.32084107398987 255
43.385169982910156 259
43.45099210739136 266
43.51813006401062 255
43.52128005027771 101
43.58219313621521 268
43.64739799499512 276
43.71659517288208 268
43.78098702430725 264
43.820953130722046 101
43.846543073654175 250
43.914008140563965 230
43.97824001312256 228
44.045600175857544 208
44.11194610595703 213
44.13713312149048 101
44.17783308029175 230
44.243545055389404 226
44.3105731010437 232
44.374566078186035 235
44.44163703918457 231
44.443525075912476 101
44.50729703903198 242
44.5755500793457 249
44.63908505439758 245
44.70525407791138 245
44.75229501724243 101
44.769811153411865 229
44.83677005767822 227
44.903165102005005 226
44.968337059020996 222
45.03612804412842 221
45.06824803352356 101
45.10052418708801 222
45.16872501373291 235
45.2345449924469 254
45.302513122558594 260
45.3657910823822 260
45.36932706832886 101
45.43100309371948 249
45.49666905403137 264
45.562050104141235 268
45.630619049072266 253
45.68779706954956 101
45.69604301452637 279
45.760427951812744 265
45.82619500160217 251
45.895830154418945 257
45.95856308937073 248
45.98917603492737 101
46.02423715591431 235
46.02423906326294 52
46.09111499786377 248
46.156079053878784 243
46.18418908119202 52
46.22350811958313 218
46.28828501701355 101
46.288285970687866 227
46.35482406616211 221
46.422106981277466 229
46.48725914955139 222
46.55437111854553 209
46.60804200172424 101
46.62007117271423 191
46.68659210205078 190
46.750308990478516 190
46.81772303581238 231
46.8829779624939 236
46.889899015426636 101
46.94938111305237 241
47.01496911048889 245
47.08099412918091 224
47.14788818359375 242
47.190536975860596 101
47.21229004859924 225
47.278388023376465 228
47.34575915336609 224
47.4109570980072 214
47.47703003883362 229
47.50659418106079 101
47.541609048843384 236
47.609984159469604 227
47.67537212371826 220
47.74118900299072 204
47.794312953948975 101
47.79431414604187 181
47.8067409992218 210
47.87277817726135 209
47.939282178878784 223
48.00481295585632 228
48.07217216491699 224
48.09237599372864 101
48.13752102851868 232
48.20707106590271 236
48.268815994262695 245
48.33667612075806 256
48.401103019714355 101
48.40110397338867 275
48.466331005096436 268
48.53394317626953 273
48.59862208366394 271
48.666455030441284 268
48.71265196800232 101
48.73178505897522 270
48.798933029174805 269
48.863728046417236 249
48.928922176361084 264
48.94749999046326 52
48.996363162994385 125
48.9963641166687 253
49.0240421295166 125
49.031368017196655 101
49.06107807159424 254
49.12925696372986 163
49.129258155822754 227
49.19452404975891 165
49.194525957107544 227
49.258278131484985 168
49.2582790851593 253
49.32628607749939 285
49.332770109176636 101
49.393352031707764 298
49.45860505104065 273
49.52486705780029 257
49.588865995407104 255
49.6554319858551 247
49.66258001327515 101
49.720510959625244 237
49.78669095039368 242
49.85277509689331 237
49.91853213310242 243
49.95238900184631 101
49.984058141708374 240
50.05050301551819 240
50.11841106414795 235
50.18433713912964 224
50.24830102920532 222
50.26161217689514 101
50.31578516960144 249
50.40284705162048 234
50.44842195510864 247
50.51484203338623 244
50.54833006858826 101
50.57770299911499 204
50.64647603034973 219
50.7110800743103 204
50.776406049728394 201
50.84283804893494 205
50.87717318534851 101
50.90789318084717 203
50.97485709190369 206
51.03999614715576 215
51.1082501411438 211
51.12135314941406 213
51.17418313026428 239
51.18640208244324 101
51.23865509033203 251
51.25951910018921 277
51.304978132247925 145
51.304978132247925 268
51.369901180267334 153
51.36990213394165 301
51.386680126190186 277
51.42336916923523 229
51.43766808509827 235
51.43766903877258 260
51.5028510093689 219
51.5028510093689 276
51.52120614051819 277
51.56943702697754 247
51.569437980651855 258
51.62228202819824 277
51.63359308242798 297
51.63359308242798 221
51.70230507850647 278
51.702306032180786 233
51.724838972091675 277
51.767457008361816 256
51.76745796203613 235
51.82398009300232 277
51.83266496658325 245
51.83266615867615 222
51.83470106124878 101
51.898638010025024 233
51.89863896369934 219
51.92679810523987 277
51.965057134628296 217
51.965057134628296 246
52.02715611457825 277
52.029690980911255 215
52.02969217300415 252
52.04614305496216 52
52.09664702415466 208
52.09664797782898 277
52.10591506958008 101
52.16234803199768 207
52.162348985672 278
52.2299120426178 241
52.2299120426178 245
52.29503107070923 228
52.295032024383545 278
52.361868143081665 272
52.361868143081665 238
52.412633180618286 101
52.44282412528992 273
52.44282507896423 244
52.49238705635071 165
52.492388010025024 241
52.49238896369934 254
52.55985999107361 274
52.55985999107361 264
52.624967098236084 173
52.6249680519104 235
52.6249680519104 271
52.69229316711426 161
52.69229507446289 240
52.69229602813721 265
52.722707986831665 101
52.75763201713562 147
52.75763297080994 250
52.75763416290283 266
52.82294416427612 146
52.82294511795044 259
52.822946071624756 253
52.88961100578308 159
52.88961315155029 268
52.88961410522461 259
52.95501112937927 175
52.95501208305359 261
52.95501208305359 242
53.02087903022766 156
53.02087998390198 261
53.02087998390198 287
53.02096104621887 101
53.08745813369751 165
53.08745813369751 249
53.087459087371826 276
53.154330015182495 156
53.154330015182495 255
53.15433096885681 274
53.21895098686218 197
53.21895098686218 283
53.21895098686218 232
53.28586006164551 159
53.28586006164551 283
53.285861015319824 249
53.34311008453369 101
53.35020303726196 196
53.35020303726196 269
53.35020303726196 238
53.41739106178284 252
53.41739296913147 228
53.41739296913147 240
53.4817681312561 211
53.48176908493042 228
53.48176908493042 272
53.548155069351196 193
53.548155069351196 244
53.548155069351196 271
53.61486506462097 195
53.61486601829529 234
53.61486601829529 290
53.64193916320801 101
53.68079495429993 200
53.68079614639282 236
53.68079710006714 277
53.747483015060425 166
53.74748516082764 268
53.74748516082764 276
53.813395977020264 150
53.81339716911316 267
53.81339716911316 271
53.87928795814514 164
53.87929010391235 286
53.87929010391235 256
53.94558000564575 176
53.945582151412964 273
53.945582151412964 238
53.94812297821045 101
54.010189056396484 165
54.0101900100708 272
54.0101900100708 224
54.07573699951172 272
54.07573699951172 241
54.143702030181885 267
54.143702030181885 227
54.21011018753052 165
54.21011018753052 234
54.21011018753052 232
54.26366114616394 101
54.274535179138184 167
54.274535179138184 220
54.2745361328125 234
54.34227705001831 237
54.34227800369263 248
54.40747904777527 222
54.407480001449585 252
54.4827721118927 144
54.48277306556702 228
54.48277401924133 256
54.53893208503723 145
54.53893208503723 230
54.53893208503723 247
54.60541605949402 137
54.605417013168335 244
54.60541796684265 247
54.6138641834259 101
54.672008991241455 158
54.67201018333435 248
54.67201018333435 246
54.735883951187134 159
54.73596906661987 252
54.73610997200012 242
54.804358959198 252
54.80436110496521 261
54.86903500556946 243
54.86903500556946 273
54.89277195930481 101
54.933595180511475 138
54.933595180511475 242
54.933595180511475 261
55.001280069351196 242
55.00128102302551 272
55.06665396690369 238
55.06665515899658 280
55.094112157821655 52
55.13267707824707 268
55.13267707824707 240
55.190869092941284 101
55.19815516471863 158
55.198156118392944 257
55.198156118392944 245
55.26521396636963 267
55.26521396636963 238
55.33107399940491 275
55.331074953079224 244
55.397093057632446 162
55.39709401130676 236
55.39709496498108 242
55.46281695365906 158
55.46281814575195 240
55.46281909942627 239
55.50270104408264 101
55.52912211418152 240
55.52912402153015 260
55.59482002258301 159
55.59482002258301 241
55.59482002258301 240
55.66038513183594 146
55.660386085510254 237
55.66038703918457 249
55.72594404220581 161
55.72594499588013 234
55.72594618797302 247
55.793917179107666 254
55.79391813278198 237
55.7939190864563 101
55.8584041595459 161
55.858405113220215 236
55.85840606689453 234
55.92487406730652 149
55.924875020980835 244
55.924875020980835 231
55.99009418487549 158
55.990095138549805 243
55.99009609222412 236
56.0580689907074 243
56.0580689907074 261
56.10264301300049 101
56.12350296974182 156
56.12350416183472 230
56.12350416183472 237
56.18983316421509 159
56.18983507156372 227
56.18983602523804 241
56.25472903251648 227
56.25472903251648 257
56.321738958358765 232
56.32174015045166 255
56.385584115982056 238
56.38558506965637 257
56.39659309387207 101
56.455422163009644 233
56.455424070358276 260
56.523070096969604 237
56.52307105064392 270
56.58327007293701 213
56.58327102661133 262
56.65024709701538 291
56.70953416824341 101
56.716416120529175 288
56.78413510322571 296
56.848870038986206 279
56.916090965270996 267
56.98165798187256 267
57.02172112464905 101
57.04718208312988 255
57.114640951156616 253
57.17865610122681 242
57.24531102180481 236
57.31259608268738 229
57.32003211975098 101
57.377053022384644 242
57.44520902633667 249
57.50958204269409 254
57.57457113265991 271
57.64051914215088 262
57.64493107795715 101
57.70626997947693 259
57.77268409729004 240
57.83868217468262 232
57.905487060546875 220
57.94179606437683 101
57.972278118133545 226
58.036072969436646 241
58.10318613052368 232
58.11957097053528 52
58.16827607154846 249
58.233278036117554 250
58.240838050842285 101
58.301517963409424 253
58.365381956100464 255
58.433818101882935 246
58.499245166778564 240
58.53537201881409 101
58.56407713890076 236
58.62962102890015 214
58.698055028915405 213
58.762568950653076 207
58.8287250995636 245
58.83581805229187 101
58.89491009712219 262
58.960384130477905 260
59.02704405784607 257
59.04834008216858 52
59.09147095680237 239
59.141952991485596 101
59.15860915184021 249
59.22409796714783 270
59.29236102104187 281
59.35713601112366 175
59.357136964797974 261
59.42364001274109 284
59.45488405227661 101
59.49022817611694 265
59.55377006530762 271
59.61981415748596 273
59.68726706504822 279
59.75365209579468 270
59.76529407501221 101
59.81983804702759 270
59.88740611076355 258
59.95063018798828 232
60.01690697669983 218
60.07285213470459 101
60.084519147872925 215
60.148120164871216 242
60.21420216560364 260
60.28192710876465 249
60.34663915634155 249
60.39281105995178 101
60.41341805458069 248
60.47804403305054 234
60.54365611076355 252
60.611196994781494 268
60.678614139556885 246
60.706701040267944 101
60.74281907081604 236
60.80799198150635 232
60.87362599372864 222
60.941065073013306 219
61.00662112236023 217
61.01115798950195 101
61.072335958480835 215
61.138657093048096 214
61.14867115020752 52
61.204936027526855 217
61.271080017089844 225
61.307191133499146 101
61.336528062820435 221
61.403189182281494 224
61.468899965286255 217
61.53403615951538 228
61.62322211265564 240
61.623223066329956 101
61.66573095321655 243
61.733649015426636 248
61.79817509651184 250
61.86379313468933 244
61.909022092819214 101
61.93149209022522 244
61.997310161590576 246
62.06382703781128 277
62.12814807891846 264
62.197195053100586 259
62.20679497718811 101
62.261330127716064 263
62.32783818244934 246
62.392919063568115 245
62.4594361782074 247
62.507838010787964 101
62.52485513687134 236
62.59062600135803 238
62.65626311302185 233
62.724486112594604 228
62.79238200187683 215
62.808391094207764 101
62.85611701011658 209
62.92053699493408 223
62.9870810508728 243
63.052579164505005 248
63.10922408103943 101
63.11926603317261 258
63.18461298942566 241
63.24960803985596 243
63.31828808784485 237
63.381877183914185 235
63.41150403022766 101
63.44750118255615 236
63.51550912857056 216
63.58000111579895 209
63.662578105926514 193
63.71515917778015 193
63.71516013145447 101
63.7786979675293 204
63.84467697143555 205
63.91093611717224 192
63.92039608955383 197
63.97835397720337 206
64.01371097564697 101
64.04259705543518 198
64.11023807525635 197
64.17297601699829 52
64.17641997337341 204
64.24020314216614 235
64.3071219921112 240
64.3117401599884 101
64.37457299232483 217
64.43833112716675 215
64.50629711151123 190
64.57000017166138 192
64.6151020526886 101
64.63689112663269 206
64.70380806922913 198
64.76943016052246 196
64.835618019104 203
64.90104699134827 186
64.92499899864197 101
64.96783804893494 180
65.0322151184082 190
65.09873104095459 188
65.16552400588989 199
65.21322417259216 101
65.23114395141602 197
65.29655313491821 191
65.36260509490967 203
65.4308111667633 215
65.49453496932983 215
65.53107905387878 101
65.56177616119385 220
65.62734603881836 219
65.70271706581116 209
65.75778603553772 207
65.8269829750061 201
65.8330090045929 101
65.89087510108948 209
65.9579610824585 227
66.02238512039185 229
66.08965802192688 252
66.14887714385986 101
66.1535701751709 242
66.21946716308594 225
66.27592897415161 189
66.2865240573883 238
66.33678412437439 189
66.35293006896973 227
66.35293316841125 181
66.41875314712524 209
66.44991517066956 101
66.48477602005005 223
66.54974102973938 220
66.61825704574585 234
66.68169713020325 234
66.74801516532898 101
66.74801516532898 232
66.81595802307129 215
66.88133406639099 210
66.94804906845093 188
67.0122320652008 193
67.05328798294067 101
67.07911705970764 192
67.14499998092651 210
67.2120189666748 209
67.27847599983215 210
67.3437671661377 216
67.36687898635864 101
67.4099531173706 196
67.47623801231384 211
67.54054403305054 221
67.60687112808228 223
67.66787195205688 101
67.6728310585022 235
67.74313116073608 221
67.80545496940613 213
67.86995911598206 219
67.938560962677 224
67.98575615882874 101
68.00135803222656 197
68.00135803222656 238
68.0683741569519 227
68.13523411750793 235
68.200355052948 235
68.26649618148804 240
68.28587508201599 101
68.33515310287476 241
68.40021800994873 236
68.46335911750793 223
68.53154706954956 237
68.59621000289917 101
68.59621095657349 247
68.66173815727234 246
68.72930717468262 247
68.79514813423157 243
68.86145806312561 224
68.887540102005 101
68.91362404823303 141
68.92576003074646 225
68.9935610294342 220
69.0587260723114 213
69.12449312210083 223
69.18658113479614 101
69.19074416160583 243
69.25677704811096 243
69.32189917564392 213
69.32453203201294 253
69.38944101333618 252
69.45407509803772 261
69.45407605171204 169
69.45407605171204 269
69.49193501472473 101
69.52114915847778 161
69.5211501121521 282
69.5402991771698 261
69.56190395355225 229
69.5873589515686 163
69.5873589515686 285
69.5873601436615 261
69.653892993927 248
69.6538941860199 269
69.68728518486023 277
69.7187831401825 265
69.71878409385681 249
69.78455805778503 161
69.78455805778503 276
69.78455805778503 268
69.78738403320312 261
69.78979206085205 101
69.84963607788086 163
69.84963703155518 280
69.84963703155518 259
69.8900511264801 261
69.91903805732727 137
69.91903901100159 264
69.9190399646759 260
69.9824640750885 163
69.98246502876282 245
69.98246598243713 265
69.99059915542603 261
70.05006098747253 167
70.05006217956543 263
70.05006313323975 248
70.09121298789978 101
70.1142361164093 179
70.11423707008362 254
70.11423707008362 235
70.18176817893982 159
70.18177008628845 255
70.18177008628845 239
70.24658703804016 255
70.24658799171448 254
70.31458902359009 260
70.3145899772644 253
70.3817811012268 243
70.38178205490112 257
70.38862299919128 101
70.44494605064392 231
70.44494700431824 253
70.51106810569763 235
70.51106905937195 255
70.57931995391846 227
70.57932114601135 254
70.6413221359253 229
70.6413221359253 249
70.69038510322571 101
70.70885109901428 229
70.7088520526886 243
70.77414417266846 232
70.77414512634277 232
70.84102010726929 234
70.8410210609436 264
70.9066231250763 227
70.9066231250763 269
70.97322416305542 221
70.97322511672974 272
70.99162602424622 101
71.04111099243164 217
71.04111218452454 274
71.1047260761261 210
71.10472702980042 274
71.17068815231323 244
71.17068815231323 272
71.23604702949524 245
71.23604798316956 253
71.2915940284729 101
71.3013391494751 251
71.3013391494751 249
71.36873006820679 248
71.3687310218811 259
71.43488097190857 244
71.43488216400146 257
71.49966216087341 229
71.49966311454773 256
71.56656813621521 229
71.56656813621521 260
71.63025712966919 101
71.63522410392761 228
71.63522505760193 258
71.6977219581604 236
71.6977219581604 257
71.76504802703857 225
71.76504898071289 259
71.82929396629333 230
71.82929515838623 249
71.89425206184387 101
71.89698815345764 232
71.89698910713196 260
71.93308305740356 52
71.96204495429993 232
71.96204614639282 253
72.02830505371094 236
72.02830600738525 245
72.09461903572083 229
72.09461998939514 231
72.16269397735596 207
72.16269612312317 246
72.20884609222412 101
72.2286331653595 235
72.2286331653595 217
72.29333710670471 213
72.29333901405334 254
72.35928606987 214
72.35928797721863 246
72.42497611045837 213
72.42497706413269 266
72.49089002609253 196
72.49089097976685 267
72.5373899936676 101
72.55743718147278 201
72.5574381351471 273
72.62218117713928 225
72.62218117713928 274
72.68761110305786 231
72.68761205673218 276
72.75497603416443 245
72.75497698783875 266
72.84321999549866 237
72.84322309494019 247
72.8432240486145 101
72.88652396202087 248
72.88652515411377 249
72.95402312278748 227
72.95402503013611 264
73.01907300949097 216
73.01907396316528 263
73.08430695533752 234
73.08430814743042 247
73.12972402572632 101
73.15020108222961 223
73.15020108222961 249
73.2172920703888 217
73.21729397773743 250
73.28204011917114 198
73.28204011917114 267
73.34953212738037 223
73.34953308105469 272
73.41503310203552 232
73.41503310203552 286
73.42951798439026 101
73.48146605491638 245
73.48146605491638 278
73.5463981628418 250
73.54639911651611 282
73.61142301559448 267
73.6114239692688 267
73.68067908287048 280
73.6806800365448 250
73.74584698677063 152
73.74584817886353 273
73.74584817886353 243
73.81094813346863 117
73.81094908714294 277
73.81095004081726 249
73.87555813789368 277
73.875559091568 271
73.94119501113892 263
73.94119501113892 282
74.0079710483551 170
74.00797200202942 239
74.00797200202942 266
74.04746699333191 101
74.07466197013855 239
74.07466197013855 279
74.14004516601562 245
74.14004707336426 272
74.2088270187378 248
74.20883107185364 264
74.27443099021912 256
74.27443408966064 253
74.34053301811218 262
74.3405339717865 242
74.34582114219666 101
74.40604209899902 250
74.40604400634766 242
74.47106218338013 245
74.47106218338013 279
74.5375759601593 226
74.5375759601593 286
74.60401105880737 212
74.604012966156 295
74.6473491191864 101
74.66855716705322 227
74.66855716705322 263
74.7356641292572 256
74.73566508293152 246
74.80141115188599 233
74.8014121055603 262
74.88262104988098 197
74.8826220035553 233
74.9342520236969 238
74.94913816452026 101
74.98902797698975 52
74.99968314170837 242
75.06482005119324 258
75.13002610206604 273
75.19744801521301 265
75.25070810317993 101
75.26201009750366 253
75.32912516593933 242
75.39388418197632 250
75.46260499954224 260
75.52597713470459 265
75.56836915016174 101
75.59188914299011 287
75.65988612174988 259
75.72406911849976 251
75.79139709472656 253
75.8560221195221 259
75.90253496170044 101
75.92388916015625 273
75.98880815505981 289
76.05559706687927 291
76.12041306495667 281
76.18303203582764 101
76.18651604652405 288
76.25220203399658 286
76.31765508651733 302
76.3858289718628 284
76.45199513435364 275
76.48519206047058 101
76.5173351764679 255
76.58415508270264 243
76.64721512794495 262
76.71532416343689 254
76.78103113174438 264
76.78204703330994 101
76.84867596626282 267
76.92306399345398 245
76.97870302200317 265
77.04438900947571 249
77.08670210838318 101
77.1102831363678 237
77.17707896232605 241
77.24400496482849 256
77.30924415588379 271
77.37525701522827 268
77.40234208106995 101
77.44036912918091 291
77.50810217857361 263
77.57217216491699 257
77.6394350528717 235
77.68520712852478 197
77.70521402359009 243
77.7052149772644 101
77.76965403556824 252
77.83662796020508 255
77.90479707717896 256
77.96978306770325 243
78.00388598442078 101
78.00727605819702 52
78.03453302383423 235
78.10120511054993 244
78.16646409034729 239
78.2341480255127 235
78.28842306137085 197
78.29796314239502 252
78.32349109649658 245
78.3234920501709 101
78.36476707458496 240
78.4208631515503 261
78.43223810195923 156
78.43223905563354 256
78.49799704551697 156
78.49799799919128 275
78.50193405151367 261
78.5208191871643 229
78.56313014030457 142
78.56313109397888 275
78.56785106658936 149
78.62149000167847 261
78.62149000167847 101
78.62770509719849 236
78.6277060508728 288
78.64260911941528 261
78.6952121257782 252
78.6952121257782 293
78.7416319847107 261
78.75988698005676 156
78.75988817214966 271
78.75988817214966 266
78.82734704017639 142
78.82734799385071 271
78.8273491859436 280
78.84228706359863 261
78.89362001419067 159
78.89362096786499 285
78.89362096786499 279
78.92426896095276 101
78.93952703475952 52
78.96312117576599 165
78.96312212944031 289
78.96312212944031 276
79.02591800689697 183
79.02591896057129 262
79.02591896057129 278
79.08942818641663 137
79.08942914009094 276
79.08943009376526 263
79.15704011917114 163
79.1570451259613 275
79.15704607963562 258
79.22226405143738 173
79.22226595878601 272
79.22226595878601 267
79.24077010154724 101
79.28937697410583 140
79.28937697410583 273
79.28937697410583 264
79.35356712341309 202
79.3535680770874 254
79.35356903076172 251
79.42028403282166 201
79.42028498649597 262
79.42028617858887 236
79.48617601394653 168
79.48617815971375 262
79.48617815971375 261
79.54354214668274 101
79.55307817459106 173
79.55307817459106 259
79.55307817459106 264
79.61961698532104 183
79.61961698532104 244
79.61961698532104 260
79.6847779750824 206
79.6847791671753 229
79.68478012084961 274
79.75058698654175 178
79.75058817863464 257
79.75058817863464 271
79.81616806983948 170
79.8161690235138 260
79.8161690235138 258
79.86209297180176 101
79.88206505775452 172
79.88206601142883 256
79.88206601142883 260
79.94776105880737 167
79.94776201248169 269
79.94776201248169 250
80.01086902618408 181
80.01430201530457 153
80.01430201530457 266
80.01434707641602 264
80.08065009117126 199
80.0806519985199 256
80.08073306083679 242
80.14624309539795 214
80.14624404907227 245
80.14624404907227 247
80.16409397125244 101
80.21366596221924 182
80.21366810798645 245
80.21366906166077 260
80.2778091430664 156
80.27781009674072 260
80.27781009674072 267
80.34353804588318 191
80.3435389995575 236
80.3435389995575 260
80.41053795814514 197
80.41053915023804 241
80.41054010391235 266
80.47788715362549 166
80.4778881072998 256
80.47788906097412 266
80.47855710983276 101
80.5438940525055 176
80.54389500617981 262
80.54389595985413 285
80.6092700958252 169
80.60927104949951 256
80.60927104949951 284
80.6735451221466 170
80.6735451221466 261
80.6735451221466 270
80.7398910522461 190
80.7398910522461 281
80.7398910522461 244
80.7799961566925 101
80.80744099617004 167
80.80744194984436 281
80.80744314193726 264
80.87352299690247 165
80.87352395057678 280
80.87352514266968 266
80.9389340877533 167
80.93893504142761 265
80.93893504142761 256
81.00444602966309 204
81.0044469833374 238
81.0044481754303 247
81.027841091156 52
81.0706889629364 177
81.0706901550293 260
81.0706901550293 251
81.07491707801819 101
81.13674807548523 176
81.13674807548523 262
81.13674807548523 255
81.20384216308594 262
81.20384216308594 281
81.20589518547058 213
81.26868295669556 252
81.26868510246277 291
81.33412218093872 134
81.33412313461304 247
81.33412313461304 286
81.37929797172546 101
81.40130400657654 247
81.40130710601807 309
81.46725106239319 276
81.4672520160675 281
81.53375196456909 286
81.5337541103363 264
81.5986921787262 167
81.59869408607483 282
81.59869503974915 266
81.66434001922607 195
81.66434097290039 277
81.66434097290039 230
81.69465899467468 101
81.73138904571533 189
81.73144507408142 261
81.73158407211304 246
81.7970449924469 226
81.7970461845398 262
81.7970461845398 245
81.86191916465759 184
81.86192011833191 262
81.86192107200623 277
81.92789316177368 52
81.92812895774841 229
81.92813014984131 240
81.92839312553406 244
81.97913599014282 125
81.99488401412964 198
81.99488496780396 240
81.99488496780396 265
81.99488615989685 101
82.02332210540771 125
82.06143498420715 201
82.06143617630005 239
82.06143712997437 257
82.06183004379272 125
82.12580108642578 181
82.1258020401001 179
82.1258020401001 272
82.1258020401001 263
82.1929681301117 204
82.19296908378601 239
82.19297003746033 255
82.25734901428223 176
82.25734901428223 261
82.25734996795654 276
82.29711198806763 101
82.32445812225342 164
82.32445907592773 252
82.32445907592773 277
82.3906581401825 170
82.39065909385681 258
82.39066004753113 248
82.45670318603516 179
82.45670509338379 251
82.45670509338379 268
82.52474904060364 124
82.52474999427795 272
82.52474999427795 251
82.57387018203735 197
82.5888261795044 164
82.58882713317871 272
82.58882808685303 253
82.61186599731445 101
82.6542661190033 164
82.65426707267761 242
82.65426707267761 265
82.71997809410095 148
82.71998000144958 263
82.71998000144958 281
82.7872359752655 176
82.7872371673584 246
82.7872371673584 299
82.8541271686554 176
82.85412812232971 260
82.85412907600403 285
82.92026495933533 192
82.92026615142822 276
82.92026615142822 259
82.92991304397583 101
82.98422503471375 174
82.98422598838806 276
82.98422598838806 289
83.05063700675964 175
83.05063796043396 294
83.05063915252686 256
83.110111951828 181
83.11629605293274 194
83.11629700660706 279
83.11629700660706 268
83.18249917030334 212
83.18249917030334 253
83.18250012397766 254
83.23127913475037 101
83.2474479675293 178
83.24744915962219 284
83.24744915962219 255
83.31470608711243 185
83.31470608711243 252
83.31470608711243 252
83.38021516799927 173
83.38021612167358 263
83.38021612167358 235
83.44715905189514 263
83.44716000556946 247
83.51355504989624 158
83.51355600357056 251
83.51355600357056 238
83.52994012832642 101
83.57859301567078 165
83.57859516143799 248
83.57859516143799 237
83.64487314224243 175
83.64487409591675 231
83.64487409591675 234
83.71110510826111 224
83.71110606193542 246
83.77685117721558 232
83.77685117721558 252
83.81789803504944 213
83.83256816864014 101
83.84367895126343 232
83.84368014335632 291
83.9080741405487 143
83.90807509422302 242
83.90807509422302 269
83.97436904907227 242
83.97437000274658 284
84.06256198883057 248
84.06256318092346 286
84.10724902153015 285
84.10724902153015 255
84.15148496627808 101
84.1736490726471 153
84.17365002632141 263
84.17365002632141 256
84.23848509788513 263
84.23848509788513 282
84.30630302429199 280
84.30630302429199 267
84.37146306037903 249
84.37146401405334 272
84.43562197685242 222
84.43562316894531 290
84.45165514945984 101
84.50232100486755 237
84.50232100486755 294
84.5694329738617 262
84.5694329738617 254
84.63391017913818 237
84.6339111328125 274
84.69995498657227 232
84.69995617866516 274
84.74930500984192 101
84.76746416091919 264
84.76746416091919 231
84.8320620059967 249
84.83206295967102 239
84.8998351097107 220
84.89983606338501 259
84.96580696105957 250
84.96580815315247 255
85.03088808059692 210
85.03088903427124 264
85.05315017700195 173
85.08255410194397 101
85.09702205657959 209
85.0970230102539 253
85.16216015815735 219
85.16216111183167 276
85.22841095924377 209
85.22841215133667 274
85.29456114768982 224
85.29456210136414 264
85.36098504066467 212
85.36098504066467 287
85.36578512191772 101
85.42565107345581 249
85.42565202713013 276
85.4919900894165 225
85.4919900894165 283
85.5594129562378 245
85.559415102005 294
85.62489914894104 264
85.62490010261536 298
85.67513799667358 101
85.69170808792114 271
85.69170808792114 297
85.75718712806702 278
85.75718808174133 294
85.82252717018127 290
85.82252812385559 284
85.88798809051514 293
85.88798904418945 290
85.95488500595093 292
85.95488715171814 273
85.98441696166992 101
86.02126908302307 289
86.02127003669739 259
86.10265707969666 278
86.10265803337097 253
86.15304207801819 284
86.15304398536682 236
86.22018003463745 268
86.22018218040466 239
86.28386616706848 253
86.2838671207428 235
86.28616499900818 101
86.35009503364563 248
86.35009598731995 249
86.41751098632812 231
86.41751217842102 249
86.48361015319824 234
86.48361206054688 258
86.54900217056274 231
86.54900312423706 255
86.6026360988617 101
86.61576414108276 245
86.61576414108276 255
86.67985701560974 244
86.67985701560974 254
86.7461850643158 225
86.7461850643158 284
86.81368398666382 252
86.81368517875671 251
86.87830805778503 250
86.87830805778503 249
86.91097211837769 101
86.94495511054993 250
86.94495701789856 254
87.01028203964233 254
87.01028299331665 247
87.07537007331848 226
87.0753710269928 267
87.14395403862 244
87.14395499229431 259
87.20980596542358 250
87.20980715751648 262
87.22098016738892 101
87.27404618263245 242
87.27404713630676 272
87.33988499641418 242
87.33988499641418 290
87.4061131477356 254
87.40611410140991 288
87.47187113761902 258
87.47187113761902 273
87.49012207984924 213
87.53876304626465 230
87.53876399993896 294
87.60433506965637 285
87.604336977005 253
87.65312218666077 245
87.65522909164429 101
87.66967296600342 283
87.66967415809631 264
87.73836517333984 269
87.73836612701416 255
87.80258798599243 228
87.80258798599243 269
87.83321499824524 101
87.86765503883362 220
87.86765599250793 277
87.93452405929565 221
87.93452405929565 288
88.00022315979004 232
88.00022411346436 279
88.0674979686737 227
88.0674991607666 278
88.08078813552856 52
88.14235401153564 101
88.14235496520996 248
88.14235496520996 257
88.19777917861938 243
88.19777917861938 247
88.26351118087769 220
88.263512134552 262
88.33071804046631 234
88.33071899414062 267
88.39732599258423 236
88.39732718467712 264
88.42673015594482 101
88.46297311782837 244
88.46297407150269 245
88.5286111831665 226
88.52861213684082 257
88.59519696235657 236
88.59519910812378 254
88.66166305541992 219
88.66166305541992 277
88.72616410255432 101
88.72616600990295 225
88.72616600990295 272
88.79455900192261 221
88.79455995559692 267
88.85858297348022 192
88.85858416557312 285
88.92592215538025 248
88.92592215538025 256
88.99041295051575 235
88.99041414260864 262
89.04206800460815 101
89.05531215667725 230
89.05531311035156 293
89.12267804145813 223
89.12267899513245 295
89.18772006034851 224
89.18772006034851 265
89.25472497940063 238
89.25472497940063 269
89.3197271823883 269
89.31972813606262 252
89.34286713600159 101
89.38621711730957 242
89.38621711730957 243
89.45135307312012 207
89.45135498046875 271
89.51741313934326 183
89.51741409301758 276
89.58578109741211 215
89.58578205108643 256
89.64105701446533 101
89.65025997161865 216
89.65026211738586 267
89.717050075531 229
89.71705102920532 267
89.78636503219604 221
89.78636598587036 266
89.78636717796326 229
89.84866309165955 230
89.84866404533386 258
89.91403198242188 237
89.91403412818909 260
89.94447112083435 101
89.98044800758362 236
89.98045015335083 259
90.04563117027283 252
90.04563212394714 252
90.11269998550415 256
90.11270213127136 256
90.18246603012085 255
90.18246698379517 272
90.24443197250366 155
90.24443197250366 249
90.24443197250366 254
90.24850416183472 101
90.30895018577576 249
90.30911111831665 307
90.3772599697113 163
90.3772611618042 269
90.37726211547852 248
90.44298696517944 269
90.44298815727234 281
90.50920605659485 301
90.50920701026917 256
90.56248497962952 101
90.57443118095398 185
90.5744321346283 245
90.57443308830261 234
90.6413791179657 278
90.64138007164001 243
90.70632910728455 252
90.70633101463318 276
90.77247905731201 252
90.77248001098633 280
90.83991813659668 231
90.839919090271 281
90.88451910018921 101
90.90357804298401 241
90.90357899665833 285
90.97028517723083 248
90.97028613090515 294
91.0384910106659 241
91.03849196434021 301
91.10381817817688 243
91.1038191318512 291
91.1080060005188 52
91.16844701766968 248
91.16844916343689 284
91.20256614685059 101
91.2328691482544 262
91.2328691482544 271
91.2993791103363 286
91.2993791103363 237
91.36581301689148 280
91.3658139705658 223
91.4324300289154 238
91.4324300289154 254
91.49978804588318 150
91.4997889995575 234
91.4997889995575 224
91.50637316703796 213
91.50637412071228 101
91.5640320777893 234
91.56403398513794 254
91.62938904762268 221
91.629390001297 255
91.69699811935425 229
91.69699811935425 262
91.76339101791382 222
91.76339101791382 266
91.78299903869629 101
91.82932901382446 235
91.82932996749878 261
91.89543008804321 223
91.89552903175354 255
91.9605860710144 233
91.96058702468872 251
92.02652215957642 257
92.02652311325073 239
92.08098912239075 101
92.09239506721497 232
92.09239602088928 271
92.15789008140564 213
92.15789008140564 278
92.22469210624695 225
92.22469401359558 266
92.29001498222351 237
92.29001498222351 262
92.35844397544861 241
92.35844612121582 253
92.40113711357117 101
92.42258214950562 243
92.42258310317993 244
92.48947405815125 219
92.48947501182556 272
92.55424499511719 239
92.55424499511719 282
92.62113308906555 240
92.62113404273987 254
92.68590712547302 225
92.68590712547302 281
92.70007300376892 101
92.75335097312927 237
92.75335216522217 276
92.81859016418457 253
92.81859111785889 269
92.88610196113586 251
92.88610315322876 288
92.9506721496582 232
92.95067310333252 287
93.00659918785095 101
93.01614999771118 237
93.0161509513855 280
93.0834150314331 236
93.08341598510742 276
93.14804601669312 258
93.14804697036743 275
93.21379899978638 276
93.21379899978638 249
93.28149008750916 243
93.28149008750916 271
93.31499600410461 101
93.34662914276123 232
93.34662914276123 247
93.41354703903198 242
93.4135479927063 226
93.4789559841156 244
93.4789571762085 230
93.54491710662842 228
93.54491806030273 231
93.61224603652954 211
93.61224699020386 229
93.62126612663269 101
93.67804718017578 172
93.67804718017578 247
93.74168801307678 170
93.7416889667511 244
93.80925297737122 182
93.80925416946411 254
93.87563014030457 185
93.87563109397888 247
93.92259311676025 229
93.9242730140686 101
93.94194006919861 238
93.94472813606262 197
94.00767707824707 237
94.07410001754761 245
94.12158417701721 213
94.13678407669067 52
94.13769912719727 240
94.20479798316956 253
94.22555994987488 101
94.27005815505981 254
94.33700704574585 279
94.4031720161438 276
94.46807408332825 271
94.52240109443665 101
94.5348470211029 261
94.60105013847351 264
94.66561913490295 260
94.73309707641602 262
94.79830002784729 262
94.82659697532654 101
94.86447811126709 280
94.9298529624939 274
94.99706411361694 262
95.06186699867249 273
95.0799331665039 52
95.12238717079163 101
95.12971615791321 274
95.1960940361023 267
95.28235912322998 259
95.32616806030273 177
95.32616901397705 237
95.3927869796753 264
95.44113802909851 101
95.45849013328552 267
95.52439403533936 173
95.52439618110657 253
95.58988308906555 278
95.65584516525269 279
95.7241370677948 268
95.76066899299622 101
95.78883814811707 250
95.85569310188293 248
95.92011213302612 270
95.98669910430908 267
96.05335402488708 291
96.0533549785614 101
96.1194109916687 180
96.1194109916687 238
96.18316316604614 260
96.25029110908508 257
96.3173201084137 248
96.36137104034424 101
96.38356900215149 261
96.44409608840942 181
96.44906115531921 263
96.51467108726501 264
96.58006000518799 158
96.5800609588623 248
96.64727997779846 168
96.64728116989136 245
96.65884518623352 101
96.71235704421997 276
96.77998900413513 279
96.78245210647583 213
96.84538102149963 267
96.910325050354 162
96.91032600402832 225
96.95902895927429 101
96.97731304168701 162
96.97731399536133 239
97.04286813735962 168
97.04286909103394 234
97.08977913856506 165
97.10960698127747 158
97.10960817337036 240
97.15895104408264 52
97.17560195922852 264
97.24062705039978 254
97.27374601364136 101
97.32332706451416 254
97.36884617805481 181
97.37217211723328 253
97.44029712677002 259
97.50568795204163 263
97.57261610031128 248
97.57437014579773 101
97.63591408729553 302
97.7036759853363 295
97.7683801651001 266
97.8349301815033 283
97.8916699886322 101
97.90006709098816 251
97.9672040939331 248
98.03202414512634 243
98.0984320640564 226
98.16454601287842 229
98.19093918800354 101
98.23105502128601 211
98.29550218582153 225
98.36265206336975 227
98.42990517616272 222
98.49676513671875 251
98.49818801879883 101
98.56167197227478 260
98.62670016288757 265
98.69260811805725 262
98.75882911682129 248
98.8127691745758 101
98.82435011863708 253
98.8907790184021 239
98.95629501342773 233
99.02092599868774 224
99.087895154953 224
99.11259007453918 101
99.15521001815796 225
99.22031617164612 245
99.28684306144714 273
99.36254405975342 302
99.41220808029175 101
99.41908717155457 313
99.4831211566925 171
99.4831211566925 285
99.55123209953308 305
99.61589217185974 279
99.681391954422 269
99.74425411224365 101
99.7488660812378 230
99.8143961429596 241
99.88022017478943 237
99.94250011444092 213
99.94554710388184 247
100.01304507255554 257
100.0309841632843 101
100.07904601097107 244
100.14575815200806 240
100.17939305305481 52
100.20901918411255 230
100.27617716789246 242
100.33119010925293 101
100.34279918670654 245
100.4093120098114 248
100.47596502304077 242
100.54058003425598 232
100.60762310028076 232
100.63877296447754 101
100.67190217971802 230
100.73872995376587 232
100.80325818061829 239
100.8711290359497 223
100.93585705757141 220
100.95177912712097 101
101.00335001945496 213
101.06856417655945 219
101.13377618789673 228
101.20082807540894 243
101.26004314422607 101
101.26617002487183 243
101.3327100276947 253
101.40248608589172 243
101.46391010284424 227
101.5301730632782 220
101.59623312950134 206
101.65954303741455 261
101.66262316703796 223
101.73032402992249 217
101.7603600025177 165
101.79472708702087 218
101.86250710487366 213
101.9266791343689 204
101.99331903457642 213
102.05916213989258 214
102.06088995933533 261
102.12470602989197 217
102.16136598587036 261
102.19029712677002 221
102.25567817687988 208
102.26344418525696 197
102.32164311408997 207
102.38958597183228 215
102.45551896095276 223
102.46179699897766 261
102.520348072052 227
102.56253695487976 261
102.58647298812866 225
102.65422701835632 212
102.66243195533752 261
102.7195131778717 233
102.76523017883301 197
102.78543496131897 254
102.85056495666504 253
102.86466217041016 261
102.9195191860199 250
102.9660530090332 261
102.98260307312012 242
103.04779314994812 237
103.06861710548401 261
103.11377215385437 227
103.16856002807617 245
103.18049907684326 227
103.2485921382904 255
103.25822710990906 52
103.26769399642944 261
103.3121280670166 258
103.36852097511292 261
103.38088798522949 266
103.44438910484314 249
103.4700870513916 261
103.51314401626587 233
103.57265114784241 245
103.5762209892273 228
103.64386510848999 230
103.67118906974792 261
103.70920300483704 240
103.77190804481506 261
103.77327299118042 231
103.83341813087463 101
103.84047508239746 247
103.90631413459778 244
103.97254705429077 241
104.03818798065186 239
104.10538911819458 238
104.1427710056305 101
104.17045211791992 235
104.23551297187805 240
104.30332207679749 238
104.36790108680725 228
104.43393111228943 235
104.46240711212158 101
104.50107216835022 240
104.56720614433289 243
104.63412499427795 263
104.69820404052734 260
104.74715614318848 101
104.76417899131775 256
104.83026599884033 234
104.89723706245422 208
104.96322917938232 204
105.02969408035278 189
105.06226396560669 101
105.09410500526428 203
105.10310006141663 52
105.15904903411865 217
105.22529911994934 197
105.22530007362366 218
105.29078412055969 216
105.35974717140198 219
105.36228609085083 245
105.36228704452515 101
105.38176608085632 245
105.42434310913086 263
105.45780611038208 277
105.48224115371704 277
105.49027299880981 275
105.55794215202332 173
105.55794310569763 273
105.5811619758606 165
105.62460613250732 177
105.62460708618164 268
105.68390107154846 277
105.68768405914307 101
105.68768501281738 194
105.68777704238892 269
105.75549006462097 190
105.75549507141113 268
105.78513407707214 277
105.82075715065002 193
105.82075810432434 252
105.88571906089783 277
105.88572001457214 206
105.88572001457214 245
105.9536759853363 211
105.9536771774292 246
105.98681616783142 277
106.0184211730957 196
106.01842212677002 265
106.08441495895386 193
106.08441710472107 260
106.08637118339539 261
106.11753702163696 101
106.14963698387146 193
106.14963817596436 275
106.21765518188477 193
106.21765613555908 277
106.27684807777405 52
106.28244614601135 182
106.28244709968567 278
106.29580616950989 101
106.34860014915466 187
106.34860110282898 281
106.41537117958069 207
106.415372133255 292
106.47956204414368 202
106.479562997818 275
106.54654502868652 204
106.54654598236084 271
106.58234095573425 101
106.61393308639526 204
106.61402606964111 270
106.67771601676941 188
106.67771697044373 258
106.74366116523743 204
106.74366211891174 268
106.81050896644592 214
106.81051111221313 267
106.87545013427734 225
106.87545108795166 271
106.88047409057617 101
106.94146299362183 210
106.94146418571472 275
107.00821208953857 193
107.00821304321289 279
107.07508897781372 223
107.07509016990662 260
107.14171099662781 236
107.14171314239502 252
107.20592308044434 215
107.20592403411865 270
107.22060418128967 101
107.27249312400818 229
107.27249503135681 260
107.3386549949646 215
107.3386561870575 266
107.40596604347229 230
107.40596604347229 249
107.47079205513 217
107.47079300880432 258
107.47998213768005 101
107.53641414642334 214
107.53641510009766 260
107.60239696502686 215
107.60239815711975 284
107.66871118545532 219
107.66871309280396 274
107.73452401161194 229
107.73452496528625 284
107.78188014030457 101
107.80037999153137 236
107.80042004585266 276
107.86631512641907 239
107.8663170337677 269
107.93233299255371 253
107.9323341846466 242
107.99809503555298 239
107.9980959892273 231
108.06437611579895 254
108.06437706947327 217
108.08788108825684 101
108.12903618812561 247
108.12903714179993 240
108.19726800918579 225
108.19726800918579 251
108.26318597793579 215
108.26318597793579 258
108.32897210121155 201
108.32897305488586 261
108.39456796646118 192
108.39456915855408 237
108.42350816726685 101
108.46180510520935 224
108.46180605888367 224
108.54273414611816 235
108.54273509979248 224
108.59231615066528 239
108.5923171043396 219
108.66027307510376 222
108.66027402877808 235
108.70519804954529 101
108.72389006614685 192
108.72389101982117 261
108.79078412055969 204
108.79078507423401 269
108.85687518119812 202
108.85687613487244 261
108.92237401008606 203
108.92237496376038 273
108.98894095420837 219
108.98894214630127 271
109.00564813613892 101
109.05556297302246 202
109.05556416511536 293
109.12039399147034 243
109.12039613723755 274
109.18603610992432 241
109.18603706359863 287
109.25118517875671 242
109.25118517875671 290
109.3021080493927 101
109.3125650882721 52
109.32106804847717 264
109.3210699558258 275
109.38408398628235 269
109.38408517837524 258
109.45157408714294 281
109.45157599449158 258
109.51715898513794 283
109.51716017723083 260
109.58296513557434 127
109.58296608924866 270
109.58296608924866 260
109.6095039844513 101
109.6498761177063 169
109.64987707138062 254
109.64987707138062 283
109.71428894996643 166
109.71429014205933 252
109.71429014205933 276
109.78030395507812 163
109.78030514717102 258
109.78030514717102 253
109.84711718559265 173
109.84711813926697 257
109.84711813926697 242
109.91094303131104 101
109.91222810745239 125
109.91222906112671 278
109.91222906112671 233
109.97973608970642 163
109.97973608970642 271
109.97973704338074 238
110.04346513748169 170
110.04346704483032 248
110.04346704483032 253
110.11239910125732 159
110.11240100860596 236
110.11240315437317 262
110.17617917060852 161
110.17618012428284 227
110.17618012428284 267
110.22037410736084 101
110.24203109741211 179
110.24203205108643 246
110.24213695526123 246
110.30764317512512 159
110.30764698982239 246
110.30764698982239 266
110.37443709373474 167
110.37443804740906 257
110.37443804740906 253
110.4400680065155 159
110.44006896018982 262
110.44007015228271 259
110.50542497634888 198
110.50542616844177 241
110.50542616844177 246
110.5209641456604 101
110.58255195617676 171
110.58255314826965 261
110.58255410194397 242
110.63874912261963 182
110.63875007629395 247
110.63875102996826 240
110.70370602607727 253
110.70370697975159 231
110.77121305465698 241
110.77121305465698 253
110.82887005805969 101
110.8367669582367 237
110.83676815032959 247
110.90246200561523 234
110.90246295928955 259
110.96819806098938 226
110.96819996833801 270
111.03572297096252 248
111.03572416305542 256
111.10022711753845 243
111.10022807121277 256
111.14169406890869 101
111.16750407218933 254
111.16750502586365 260
111.23444104194641 266
111.23444318771362 259
111.29800510406494 147
111.29800510406494 252
111.29800510406494 250
111.36532807350159 154
111.36532998085022 256
111.36532998085022 251
111.4310450553894 168
111.43104600906372 256
111.43104600906372 243
111.44631600379944 101
111.49652695655823 256
111.49652814865112 271
111.56209015846252 166
111.56209111213684 247
111.56209111213684 259
111.62748003005981 154
111.62748098373413 249
111.62748098373413 247
111.69372510910034 170
111.69372510910034 240
111.69372606277466 246
111.7394700050354 101
111.75948309898376 266
111.75948405265808 234
111.82864618301392 255
111.82864713668823 237
111.89259314537048 243
111.8925940990448 242
111.95791912078857 241
111.95792007446289 253
112.02566909790039 231
112.0256700515747 286
112.0905339717865 233
112.09053611755371 284
112.1135470867157 261
112.11489605903625 101
112.13564896583557 261
112.15756511688232 284
112.22373795509338 264
112.28950500488281 240
112.34218406677246 101
112.35607695579529 246
112.36462903022766 52
112.4227499961853 247
112.4864809513092 256
112.5524230003357 279
112.6232099533081 271
112.64369106292725 101
112.6842429637909 135
112.68424415588379 237
112.74956798553467 165
112.74956917762756 227
112.81698513031006 249
112.88392901420593 232
112.94649505615234 101
112.94755601882935 226
113.01384496688843 233
113.08080506324768 254
113.14604210853577 266
113.2129430770874 284
113.25617003440857 101
113.27881407737732 289
113.34383797645569 166
113.34383916854858 254
113.40937805175781 177
113.40937995910645 254
113.48001003265381 293
113.54326605796814 180
113.54326701164246 251
113.54326796531677 101
113.60844397544861 294
113.67471718788147 261
113.74113607406616 254
113.80615711212158 257
113.84332299232483 101
113.87258195877075 256
113.93872404098511 273
114.00431513786316 291
114.0702691078186 165
114.07027006149292 268
114.13718008995056 166
114.13718104362488 271
114.14953708648682 101
114.20342016220093 147
114.20342111587524 262
114.26713705062866 182
114.26713800430298 236
114.33501696586609 257
114.40002512931824 252
114.44610500335693 101
114.46610307693481 251
114.53136014938354 242
114.598473072052 245
114.66447114944458 248
114.7300980091095 254
114.75270414352417 101
114.79563617706299 256
114.86381697654724 257
114.92908310890198 243
114.94728016853333 52
114.96714615821838 125
114.99387097358704 242
115.00938510894775 125
115.05444717407227 101
115.06046295166016 251
115.06954216957092 125
115.12785911560059 240
115.19198107719421 240
115.25809717178345 231
115.30103015899658 149
115.32559514045715 208
115.3641951084137 101
115.39105701446533 199
115.45691299438477 189
115.52326202392578 187
115.58925914764404 198
115.65351796150208 196
115.68205499649048 101
115.72124004364014 204
115.7862491607666 197
115.85225296020508 196
115.9192430973053 207
115.93413209915161 197
115.96934103965759 101
115.98539400100708 213
116.04993295669556 215
116.11576795578003 204
116.18180418014526 200
116.24730014801025 199
116.28632998466492 101
116.31442618370056 200
116.38033103942871 207
116.44564914703369 224
116.51225113868713 213
116.57719302177429 210
116.5829770565033 101
116.6458649635315 206
116.71134114265442 202
116.77786707878113 206
116.84408211708069 211
116.90051007270813 101
116.90781211853027 229
116.97415614128113 232
117.04106116294861 224
117.10602712631226 235
117.11132216453552 213
117.13018012046814 213
117.17281699180603 227
117.24010801315308 228
117.2894070148468 101
117.30556201934814 223
117.37026596069336 212
117.43616604804993 204
117.50285196304321 197
117.508052110672 101
117.56887412071228 192
117.63363695144653 212
117.69955205917358 203
117.76734399795532 216
117.80374908447266 101
117.83114314079285 208
117.8990740776062 215
117.96522617340088 206
118.03122901916504 211
118.0962929725647 227
118.10374903678894 101
118.10634803771973 52
118.16521096229553 220
118.22827196121216 228
118.29367709159851 215
118.36102199554443 204
118.40816402435303 101
118.42554116249084 213
118.49282598495483 202
118.55864906311035 204
118.62499117851257 217
118.6895899772644 215
118.70644211769104 101
118.75475907325745 230
118.82341408729553 231
118.88784003257751 227
118.95431995391846 224
119.00469517707825 101
119.0214569568634 225
119.08750605583191 240
119.15220499038696 231
119.21774411201477 224
119.2859411239624 221
119.30529618263245 101
119.34903717041016 212
119.4191620349884 205
119.48259115219116 205
119.54893708229065 195
119.60653710365295 101
119.61331295967102 208
119.67973399162292 210
119.72553706169128 133
119.76307702064514 208
119.81182098388672 218
119.87783598899841 221
119.907142162323 101
119.94391012191772 211
120.01078295707703 215
120.07531499862671 218
120.14144396781921 218
120.20868802070618 214
120.2086889743805 101
120.27342700958252 208
120.34188318252563 207
120.4061050415039 216
120.47119998931885 211
120.51204514503479 101
120.53772497177124 234
120.6052451133728 236
120.67015504837036 242
120.73705697059631 231
120.8036060333252 201
120.80980706214905 101
120.86841106414795 200
120.93535017967224 203
121.00013899803162 223
121.06727409362793 254
121.11342406272888 101
121.13195300102234 52
121.13289618492126 257
121.19825601577759 260
121.264230966568 241
121.32937002182007 223
121.39659714698792 216
121.41162109375 101
121.46149897575378 223
121.52700114250183 229
121.5949649810791 236
121.65958499908447 237
121.71609497070312 101
121.72593903541565 237
121.8024640083313 233
121.85807704925537 221
121.92455005645752 207
121.98993515968323 194
122.03020405769348 101
122.05591416358948 195
122.12268209457397 210
122.18784809112549 208
122.25398111343384 206
122.31928300857544 227
122.33290100097656 101
122.38655614852905 226
122.45369005203247 230
122.51803398132324 239
122.58431005477905 235
122.63337206840515 101
122.6501669883728 245
122.71548295021057 248
122.78121900558472 252
122.84810614585876 247
122.91408705711365 241
122.95106601715088 101
122.97999906539917 241
123.045725107193 234
