5245604
0.0 68
4.0531158447265625e-06 67
0.43213415145874023 69
0.768334150314331 172
1.1781721115112305 90
1.5262060165405273 1478
1.5277960300445557 1478
2.2072720527648926 1478
2.2072720527648926 1477
2.2072720527648926 1479
2.4082510471343994 1480
2.408252000808716 1480
2.4082531929016113 1477
2.4082531929016113 1480
2.4082541465759277 1480
2.4082541465759277 1478
2.5639901161193848 1480
2.563991069793701 1478
2.565551996231079 1477
2.565551996231079 1477
2.5655531883239746 1477
2.5677361488342285 1480
2.567737102508545 1479
2.567744016647339 1479
2.567744016647339 1477
2.6430160999298096 571
2.7452940940856934 1477
2.7472829818725586 1480
2.747284173965454 1477
2.749293088912964 1477
2.805507183074951 74
3.0338029861450195 1478
3.033804178237915 1480
3.033806085586548 1477
3.0338070392608643 1478
3.0338101387023926 1480
3.0338151454925537 1479
3.106544017791748 572
3.2382471561431885 1477
3.2397561073303223 1480
3.239758014678955 1478
3.2397592067718506 1477
3.2397620677948 1478
3.2414770126342773 1477
3.241478204727173 1477
3.2427291870117188 1480
3.30440616607666 1480
3.453123092651367 1478
3.454691171646118 1480
3.4546921253204346 1478
3.4546921253204346 1480
3.454693078994751 1478
3.4546940326690674 1480
3.454694986343384 1478
3.456376075744629 1479
3.638355016708374 77
3.6696910858154297 1479
3.669692039489746 1479
3.6696929931640625 1478
3.6723310947418213 1478
3.672333002090454 1480
3.6723361015319824 1478
3.6723380088806152 1479
3.672340154647827 1478
3.672340154647827 1479
3.6723411083221436 1479
3.674333095550537 1480
3.6772730350494385 1479
3.677273988723755 1478
3.677276134490967 1477
3.677277088165283 1479
3.6772780418395996 1477
3.677278995513916 1480
3.677281141281128 1479
3.6786789894104004 1478
3.7312891483306885 574
3.885845184326172 1480
3.885848045349121 1480
3.8875701427459717 1477
3.887576103210449 1480
3.8875770568847656 1480
4.082035064697266 74
4.0940141677856445 1478
4.094017028808594 1478
4.094017028808594 1477
4.095067024230957 1480
4.097063064575195 1477
4.097066164016724 1478
4.09706711769104 1477
4.097069025039673 1479
4.097069978713989 1480
4.097073078155518 1480
4.097079038619995 1478
4.097079038619995 1477
4.0970799922943115 1478
4.097081184387207 1477
4.0986151695251465 1477
4.0986151695251465 1479
4.098617076873779 1478
4.100182056427002 1477
4.100183010101318 1477
4.100184202194214 1477
4.10018515586853 1479
4.1001880168914795 1478
4.100188970565796 1478
4.100190162658691 1479
4.101629972457886 1477
4.101631164550781 1477
4.101633071899414 1479
4.1016340255737305 1479
4.101636171340942 1480
4.101637125015259 1477
4.101638078689575 1479
4.162255048751831 1072
4.2927210330963135 1479
4.292725086212158 1478
4.292726993560791 1477
4.2927281856536865 1480
4.294733047485352 1477
4.294733047485352 1477
4.294734001159668 1480
4.2947351932525635 1477
4.294737100601196 1477
4.294738054275513 1478
4.294739007949829 1478
4.2960121631622314 1477
4.296013116836548 1477
4.297547101974487 1478
4.297547101974487 1477
4.297548055648804 1477
4.29754900932312 1477
4.470470190048218 1072
4.5029590129852295 74
4.5672430992126465 1479
4.569172143936157 1479
4.569176197052002 1478
4.570250988006592 1477
4.571922063827515 1480
4.5719239711761475 1480
4.571926116943359 1477
4.57335901260376 1478
4.573360204696655 1477
4.573360204696655 1478
4.573362112045288 1479
4.573362112045288 1477
4.5733630657196045 1477
4.573364019393921 1479
4.573366165161133 1478
4.573367118835449 1479
4.573367118835449 1477
4.573368072509766 1479
4.573368072509766 1479
4.573369979858398 1480
4.573374032974243 1478
4.573374032974243 1479
4.573376178741455 1479
4.575659990310669 1477
4.57898211479187 1479
4.578984022140503 1477
4.578984022140503 1478
4.578984975814819 1479
4.578987121582031 1480
4.578987121582031 1478
4.578988075256348 1477
4.578989028930664 1480
4.580681085586548 1478
4.580681085586548 1480
4.580682039260864 1480
4.580687046051025 1479
4.580689191818237 1478
4.5826661586761475 1479
4.582669019699097 1477
4.582673072814941 1479
4.584806203842163 1477
4.584810972213745 1479
4.584812164306641 1477
4.586582183837891 1478
4.586582183837891 1477
4.586583137512207 1478
4.674432039260864 1074
4.72266411781311 1478
4.743566036224365 1477
4.745187044143677 1477
4.745187044143677 1479
4.745187997817993 1478
4.745190143585205 1477
4.745190143585205 1478
4.746863126754761 1477
4.746863126754761 1478
4.7468671798706055 1479
4.746868133544922 1477
4.746870040893555 1478
4.746870994567871 1478
4.74881911277771 1477
4.750723123550415 1480
4.7507240772247314 1479
4.752052068710327 1478
4.7520530223846436 1480
4.753606081008911 1477
4.7536070346832275 1477
4.753607988357544 1480
4.7536091804504395 1480
4.7536091804504395 1480
4.7536091804504395 1479
4.753610134124756 1478
4.755212068557739 1480
4.755213022232056 1479
4.755213022232056 1480
4.7552170753479 1478
4.755218029022217 1477
4.755218029022217 1478
4.755218982696533 1478
4.757177114486694 1479
4.757177114486694 1478
4.757181167602539 1479
4.757183074951172 1478
4.76059103012085 1478
4.760595083236694 1480
4.762900114059448 1479
4.762901067733765 1478
4.762902021408081 1477
4.764281988143921 1477
4.764284133911133 1480
4.764289140701294 1477
4.766022205352783 1477
4.7660231590271 1479
4.766025066375732 1479
4.826723098754883 75
4.854549169540405 1074
4.887129068374634 1074
4.9346230030059814 1480
4.934624195098877 1477
5.015789031982422 1478
5.015789031982422 1480
5.015789985656738 1477
5.01796817779541 1479
5.017970085144043 1478
5.017971038818359 1477
5.017973184585571 1479
5.019119024276733 1477
5.021291017532349 1479
5.0212931632995605 1477
5.023386001586914 1480
5.023391008377075 1477
5.025099992752075 1478
5.025102138519287 1477
5.02823805809021 1480
5.028241157531738 1479
5.028243064880371 1480
5.0282440185546875 1478
5.029850006103516 1480
5.029855012893677 1480
5.029855012893677 1477
5.029856204986572 1479
5.031866073608398 1477
5.031870126724243 1479
5.0318779945373535 1478
5.034718990325928 1479
5.036070108413696 1477
5.036071062088013 1480
5.036072015762329 1477
5.0360729694366455 1477
5.036074161529541 1480
5.036075115203857 1477
5.036082029342651 1478
5.07155704498291 1478
5.07155704498291 1477
5.071557998657227 1477
5.0715601444244385 1478
5.071561098098755 1478
5.071562051773071 1478
5.07371711730957 1479
5.07371711730957 1478
5.0737199783325195 1478
5.073721170425415 1479
5.075749158859253 1478
5.075749158859253 1480
5.075750112533569 1479
5.075751066207886 1478
5.075752019882202 1478
5.0757529735565186 1477
5.075754165649414 1479
5.0757551193237305 1478
5.075757026672363 1479
5.077962160110474 1479
5.07796311378479 1478
5.077965021133423 1477
5.0792670249938965 1479
5.079267978668213 1477
5.079269170761108 1479
5.080608129501343 1479
5.080618143081665 1479
5.082317113876343 1478
5.082319021224976 1477
5.0823211669921875 1478
5.082322120666504 1477
5.082324028015137 1480
5.083929061889648 1480
5.083932161331177 1479
5.083933115005493 1477
5.08393406867981 1478
5.083954095840454 1478
5.0839550495147705 1479
5.085659980773926 1479
5.085661172866821 1480
5.087485074996948 1478
5.087486028671265 1479
5.087486982345581 1480
5.087488174438477 1477
5.087490081787109 1477
5.087491035461426 1478
5.167585134506226 1480
5.232249021530151 1478
5.234400987625122 1479
5.289651155471802 1480
5.289652109146118 1480
5.289652109146118 1480
5.289652109146118 1478
5.289653062820435 1477
5.289653062820435 1477
5.289654016494751 1479
5.289654016494751 1477
5.292118072509766 1479
5.29212212562561 1480
5.292123079299927 1478
5.292124032974243 1478
5.417157173156738 1073
5.45363712310791 475
5.5206451416015625 1479
5.520646095275879 1478
5.520663022994995 1478
5.520665168762207 1477
5.522517204284668 1477
5.522518157958984 1478
5.522521018981934 1478
5.522521018981934 1479
5.52252197265625 1478
5.522524118423462 1477
5.52386999130249 1479
5.523871183395386 1477
5.523872137069702 1479
5.525864124298096 1477
5.525866985321045 1477
5.525869131088257 1479
5.52587103843689 1478
5.52587103843689 1477
5.527393102645874 1479
5.527399063110352 1477
5.527399063110352 1478
5.527400970458984 1478
5.527400970458984 1477
5.52740216255188 1479
5.527404069900513 1480
5.529078006744385 1478
5.529080152511597 1477
5.529083013534546 1479
5.529084205627441 1479
5.529085159301758 1478
5.529086112976074 1480
5.530681133270264 1478
5.530689001083374 1480
5.530691146850586 1478
5.530695199966431 1477
5.532258987426758 1478
5.5322630405426025 1480
5.5322630405426025 1479
5.532263994216919 1480
5.534260988235474 1479
5.5342631340026855 1478
5.5342631340026855 1479
5.534265041351318 1477
5.534265041351318 1477
5.534265995025635 1479
5.534265995025635 1480
5.569435119628906 1477
5.569437026977539 1480
5.571895122528076 1073
5.571896076202393 478
5.571897029876709 1072
5.571900129318237 477
5.571901082992554 1074
5.573196172714233 476
5.573196172714233 1072
5.57319712638855 119
5.573199987411499 1478
5.5747761726379395 1479
5.574779987335205 1478
5.576723098754883 1478
5.578313112258911 1480
5.578317165374756 1477
5.585184097290039 1479
5.586323976516724 1479
5.586328029632568 1477
5.58633017539978 1480
5.586331129074097 1477
5.586331129074097 1480
5.586332082748413 1479
5.590079069137573 1480
5.59008002281189 1479
5.590080976486206 1478
5.59141206741333 1480
5.592903137207031 1477
5.592909097671509 1479
5.594573020935059 1477
5.708690166473389 1480
5.708696126937866 1477
5.711012125015259 1478
5.711013078689575 1480
5.711014986038208 1480
5.712625980377197 1479
5.712629079818726 1478
5.712630987167358 1478
5.712632179260254 1479
5.757153034210205 1477
5.782971143722534 1024
5.829893112182617 1479
5.829894065856934 1480
5.82989501953125 1480
5.831500053405762 1477
5.834146976470947 1477
5.834148168563843 1478
5.835314989089966 1480
5.835316181182861 1477
5.835317134857178 1480
5.835318088531494 1479
5.837635040283203 1479
5.903067111968994 1479
5.904278039932251 74
5.943332195281982 1072
5.98157000541687 1477
5.981571197509766 1072
6.006289005279541 1074
6.031457185745239 1286
6.074386119842529 1480
6.074387073516846 1480
6.0743889808654785 1478
6.0743889808654785 1477
6.074390172958374 1477
6.07439112663269 1477
6.074393033981323 1479
6.074393033981323 1480
6.07439398765564 1480
6.074395179748535 1479
6.076690196990967 1478
6.0766921043396 1480
6.0766921043396 1479
6.076698064804077 1480
6.076698064804077 1477
6.0766990184783936 1480
6.07669997215271 1480
6.076704025268555 1479
6.078941106796265 1480
6.078942060470581 1478
6.078946113586426 1477
6.078947067260742 1478
6.078947067260742 1477
6.078948020935059 1479
6.080438137054443 1477
6.080438137054443 1478
6.08043909072876 1477
6.081835985183716 1480
6.081837177276611 1480
6.081838130950928 1479
6.081839084625244 1480
6.0818421840667725 1479
6.081844091415405 1478
6.081845998764038 1480
6.081847190856934 1477
6.081849098205566 1478
6.083676099777222 1477
6.0868589878082275 1480
6.086860179901123 1480
6.086860179901123 1477
6.086863040924072 1478
6.086868047714233 1478
6.086870193481445 1479
6.086871147155762 1477
6.0868730545043945 1479
6.089320182800293 1479
6.122115135192871 1479
6.123656988143921 1478
6.123658180236816 1478
6.123660087585449 1479
6.1236631870269775 1479
6.125974178314209 1478
6.125976085662842 1479
6.125977993011475 1480
6.128414154052734 1479
6.128415107727051 1479
6.128416061401367 1480
6.128417015075684 1479
6.128417015075684 1479
6.128417015075684 1477
6.128418207168579 1479
6.129849195480347 1477
6.129852056503296 1478
6.129852056503296 1477
6.129853010177612 1479
6.129854202270508 1479
6.129854202270508 1478
6.129855155944824 1478
6.131839990615845 264
6.13184118270874 1286
6.13184118270874 265
6.131843090057373 1285
6.1318440437316895 265
6.1318440437316895 1480
6.1318440437316895 1477
6.131844997406006 1286
6.133048057556152 1479
6.133049011230469 1480
6.133049011230469 1478
6.133051156997681 1478
6.13305401802063 263
6.133054971694946 1287
6.133054971694946 263
6.133054971694946 1286
6.133056163787842 264
6.13512110710144 1288
6.135122060775757 262
6.135122060775757 1288
6.135124206542969 262
6.135124206542969 572
6.14850115776062 1479
6.1485021114349365 1480
6.1485021114349365 1477
6.148503065109253 1478
6.149244070053101 1480
6.149255990982056 1477
6.150923013687134 1477
6.1509270668029785 1480
6.152518033981323 1478
6.154209136962891 1480
6.154211044311523 1478
6.15421199798584 1480
6.155519008636475 1480
6.157240152359009 1477
6.158921003341675 1479
6.158923149108887 1478
6.158923149108887 1477
6.158924102783203 1480
6.160799026489258 1480
6.160804986953735 1478
6.160806179046631 1477
6.160806179046631 1480
6.162283182144165 1478
6.162285089492798 1479
6.164244174957275 1478
6.164245128631592 1480
6.164246082305908 1478
6.164246082305908 1479
6.164247035980225 1479
6.164247989654541 1478
6.1664650440216064 1479
6.187435150146484 1479
6.282680034637451 1480
6.282680034637451 1477
6.282680988311768 1479
6.282680988311768 1477
6.286169052124023 1477
6.286171197891235 1480
6.287996053695679 1477
6.289031028747559 1478
6.290743112564087 572
6.292462110519409 1478
6.292463064193726 1480
6.292463064193726 1478
6.39274001121521 1478
6.394520044326782 1479
6.394524097442627 1478
6.396387100219727 1479
6.396388053894043 1478
6.396388053894043 1480
6.396389007568359 1479
6.396390199661255 1477
6.396391153335571 1477
6.399845123291016 1478
6.401913166046143 1479
6.401915073394775 1479
6.403829097747803 1479
6.403829097747803 1480
6.403830051422119 1479
6.4038310050964355 1479
6.40383505821228 1477
6.405718088150024 1479
6.405719041824341 1478
6.405719995498657 1477
6.4070351123809814 1478
6.407037019729614 1478
6.407037973403931 1478
6.408646106719971 1479
6.408646106719971 1477
6.410506010055542 1478
6.412358045578003 1478
6.412358045578003 1480
6.412358999252319 1480
6.414959192276001 1477
6.414960145950317 1478
6.416705131530762 1479
6.418548107147217 1479
6.420603036880493 1480
6.420611143112183 1478
6.424376010894775 1477
6.427991151809692 1480
6.427992105484009 1477
6.427998065948486 1479
6.427999019622803 1479
7.062256097793579 1478
7.303261041641235 1478
7.522135972976685 1480
7.52213716506958 1478
7.6748130321502686 1480
7.674813985824585 1477
7.894568204879761 1478
7.894569158554077 1478
8.032565116882324 1479
8.081610202789307 1479
8.08161211013794 1480
8.081614017486572 1477
8.083348989486694 1479
8.0833580493927 1479
8.085026025772095 1479
8.290258169174194 1478
8.482941150665283 1480
8.569575071334839 1478
8.569576978683472 1479
8.569578170776367 1477
8.569579124450684 1478
8.80063509941101 1480
8.800636053085327 1479
8.800637006759644 1478
8.802024126052856 1478
8.802030086517334 1479
8.80203104019165 1479
8.802031993865967 1478
8.80317997932434 1479
8.803181171417236 1479
8.803182125091553 1480
8.803184032440186 1480
8.803184032440186 1480
8.939465045928955 1477
8.939465999603271 1480
8.939579010009766 1480
8.941078186035156 1479
8.941080093383789 1480
8.94339108467102 1479
8.943392038345337 1478
8.943394184112549 1479
8.943397045135498 1477
8.94339919090271 1480
8.943400144577026 1480
8.943400144577026 1478
8.944941997528076 1477
8.944943189620972 1477
8.944943189620972 1480
8.944943189620972 1477
8.94726014137268 1477
8.947262048721313 1479
8.947267055511475 1479
8.949470043182373 1477
8.994096040725708 622
9.125087022781372 1480
9.125091075897217 1478
9.127047061920166 1480
9.127055168151855 1479
9.128890991210938 1480
9.131163120269775 1477
9.14015007019043 1477
9.140151023864746 1478
9.140153169631958 1480
9.140154123306274 1480
9.140154123306274 1479
9.142048120498657 1478
9.142048120498657 1480
9.142050981521606 1480
9.142052173614502 1478
9.142052173614502 1479
9.142053127288818 1478
9.142054080963135 1477
9.146032094955444 1477
9.153645038604736 1480
9.155714988708496 1477
9.155716180801392 1480
9.155718088150024 1479
9.155718088150024 1479
9.15571904182434 1477
9.157757997512817 1477
9.157759189605713 1477
9.15776014328003 1478
9.162851095199585 929
9.179360151290894 621
9.179360151290894 931
9.186252117156982 620
9.186252117156982 931
9.188023090362549 619
9.188023090362549 929
9.190960168838501 622
9.190961122512817 931
9.196822166442871 622
9.198402166366577 929
9.198402166366577 619
9.198403120040894 930
9.199961185455322 621
9.199961185455322 928
9.199962139129639 622
9.199962139129639 928
9.199962139129639 620
9.199963092803955 574
9.333084106445312 1479
9.333084106445312 1477
9.342564105987549 1480
9.342568159103394 1479
9.346817016601562 1480
9.346817016601562 1478
9.346817970275879 1479
9.34682011604309 1480
9.348148107528687 1480
9.348148107528687 1480
9.348149061203003 1479
9.34815001487732 1477
9.34815001487732 1477
9.348154067993164 1479
9.3732750415802 978
9.373280048370361 1479
9.390027046203613 574
9.390027046203613 979
9.401301145553589 574
9.40277099609375 977
9.512248992919922 1479
9.514684200286865 1478
9.514685153961182 1480
9.516680002212524 1480
9.516682147979736 1478
9.516682147979736 1479
9.516685009002686 1478
9.516686201095581 1478
9.516687154769897 1479
9.516688108444214 1479
9.518392086029053 1479
9.51839303970337 1480
9.51839804649353 1480
9.518401145935059 1477
9.520529985427856 1479
9.520529985427856 1480
9.521891117095947 1479
9.521891117095947 1480
9.521892070770264 1480
9.521893978118896 1479
9.541683197021484 1479
9.5416841506958 1477
9.541688203811646 1479
9.541692018508911 1477
9.545368194580078 1478
9.547694206237793 1478
9.598283052444458 573
9.59828805923462 1075
9.598289012908936 571
9.727678060531616 1480
9.727679014205933 1480
9.727680206298828 1480
9.727680206298828 1480
9.727681159973145 1478
9.727681159973145 1479
9.727681159973145 1480
9.727682113647461 1477
9.729689121246338 1479
9.729690074920654 1478
9.72969102859497 1480
9.72969102859497 1479
9.729693174362183 1477
9.729694128036499 1480
9.73143219947815 1479
9.731434106826782 1478
9.7328200340271 1478
9.732820987701416 1480
9.770555973052979 1478
9.77564001083374 478
9.78480315208435 1075
9.784804105758667 478
9.784804105758667 1073
9.784805059432983 476
9.784805059432983 1074
9.786555051803589 475
9.786556005477905 1075
9.786556005477905 477
9.7865571975708 1075
9.786559104919434 168
9.919656038284302 1479
9.919658184051514 1480
9.91965913772583 1477
9.919660091400146 1477
9.919661045074463 1480
9.92124319076538 1479
9.921245098114014 1477
9.921245098114014 1478
9.921245098114014 1479
9.92124605178833 1480
9.92124605178833 1478
9.921247005462646 1477
9.921247005462646 1478
9.921248197555542 1478
9.922975063323975 1477
9.922976016998291 1477
9.924395084381104 1480
9.92439603805542 1478
9.924396991729736 1477
9.924396991729736 1479
9.924399137496948 1477
9.924401044845581 1477
9.926206111907959 1477
9.926206111907959 1479
9.926207065582275 1478
9.926207065582275 1478
9.926207065582275 1480
9.926208019256592 1480
9.926208019256592 1480
9.926208972930908 1478
9.926208972930908 1477
9.926208972930908 1477
9.926210165023804 1478
9.934948205947876 1480
9.934949159622192 1478
9.934950113296509 1477
9.934950113296509 1479
9.934951066970825 1480
9.936758041381836 1479
9.936758995056152 1480
9.970609188079834 1382
9.976193189620972 167
9.976194143295288 1382
9.979425191879272 168
9.979425191879272 1384
9.979426145553589 167
9.979426145553589 1383
9.979426145553589 166
9.979427099227905 1384
9.979427099227905 167
9.981239080429077 1382
9.981239080429077 168
9.981240034103394 1382
9.981240034103394 168
9.981240034103394 1381
9.981240034103394 167
9.98124098777771 1382
9.98124098777771 169
9.98124098777771 119
9.984760046005249 1477
10.138466119766235 1480
10.140419006347656 1477
10.140420198440552 1477
10.140423059463501 1477
10.141918182373047 1480
10.141998052597046 1478
10.14394497871399 1480
10.143946170806885 1480
10.143946170806885 1480
10.145879030227661 1478
10.147865056991577 1480
10.147865056991577 1477
10.147866010665894 1478
10.155050039291382 1477
10.156362056732178 1479
10.156366109848022 1480
10.15861201286316 1480
10.28495717048645 1479
10.284958124160767 1477
10.284958124160767 1480
10.2849600315094 1477
10.286846160888672 1480
10.286847114562988 1479
10.288142204284668 1479
10.2881441116333 1479
10.2881441116333 1478
10.2881441116333 1478
10.288145065307617 1480
10.288145065307617 1478
10.288145065307617 1478
10.288146018981934 1480
10.290220975875854 1477
10.290709018707275 1479
10.290712118148804 1477
10.290712118148804 1480
10.29071307182312 1480
10.495151042938232 1477
10.49515414237976 1480
10.575937032699585 1480
10.575937986373901 1480
10.703046083450317 1479
10.750890970230103 1480
10.844228029251099 1478
10.84423017501831 1479
11.030205011367798 1479
11.170783996582031 1478
11.170785188674927 1479
11.17078709602356 1480
11.465149164199829 1477
11.465150117874146 1480
11.465151071548462 1477
11.466960191726685 1479
11.466960191726685 1480
11.466961145401001 1477
11.523333072662354 74
11.663287162780762 1480
11.663289070129395 1480
11.664262056350708 1478
11.66667914390564 1477
11.666680097579956 1479
11.666681051254272 1479
11.666682004928589 1478
11.666683197021484 1477
11.668255090713501 1478
11.66825819015503 1478
11.668259143829346 1480
11.668259143829346 1480
11.668259143829346 1480
11.88184905052185 1480
11.88184905052185 1480
11.881850004196167 1480
11.881856203079224 1478
11.884234189987183 1479
11.884235143661499 1479
11.884236097335815 1478
11.884238004684448 1479
11.884241104125977 1478
11.885670185089111 1479
11.88730502128601 1478
11.986392974853516 1477
12.07485818862915 1480
12.0748610496521 1479
12.074864149093628 1479
12.076080083847046 1479
12.077643156051636 1479
12.077645063400269 1477
12.077646017074585 1479
12.077646017074585 1480
12.077646970748901 1480
12.077648162841797 1477
12.079323053359985 1480
12.079326152801514 1480
12.07932710647583 1480
12.079329013824463 1478
12.08092713356018 1479
12.080928087234497 1477
12.1825590133667 1477
12.22498106956482 1477
12.224985122680664 1479
12.224987030029297 1479
12.224989175796509 1480
12.224989175796509 1477
12.224990129470825 1479
12.226238012313843 1478
12.226239204406738 1479
12.290791988372803 169
12.387773036956787 1479
12.387773990631104 1478
12.387776136398315 1477
12.387777090072632 1480
12.389135122299194 1479
12.38913607597351 1478
12.390375137329102 1478
12.390375137329102 1477
12.390379190444946 1477
12.390379190444946 1479
12.392868041992188 1479
12.3928701877594 1478
12.39723014831543 1477
12.397231101989746 1479
12.397233009338379 1477
12.39723515510559 1479
12.39723515510559 1478
12.397240161895752 1477
12.3991379737854 1480
12.399139165878296 1478
12.399140119552612 1478
12.399144172668457 1478
12.452620029449463 1383
12.454460144042969 168
12.454461097717285 1384
12.45559811592102 166
12.455599069595337 1384
12.455599069595337 168
12.455600023269653 1383
12.455600023269653 167
12.45560097694397 1381
12.459321975708008 168
12.459323167800903 1384
12.459895133972168 169
12.459897994995117 571
12.579419136047363 1479
12.57942008972168 1477
12.579421043395996 1479
12.579421043395996 1478
12.579774141311646 1478
12.579774141311646 1480
12.579774141311646 1477
12.579776048660278 1477
12.58214807510376 1478
12.582154035568237 1478
12.582154989242554 1479
12.582154989242554 1480
12.58215618133545 1478
12.58215618133545 1478
12.582157135009766 1478
12.584465980529785 1478
12.584465980529785 1477
12.58446717262268 1477
12.63361406326294 1478
12.641364097595215 1073
12.754539012908936 1477
12.768764019012451 1479
12.768764019012451 1479
12.768766164779663 1478
12.76876711845398 1479
12.768769979476929 1479
12.768771171569824 1479
12.768773078918457 1478
12.768773078918457 1480
12.768774032592773 1480
12.76877498626709 1480
12.76877498626709 1478
12.768776178359985 1477
12.770762205123901 1480
12.770763158798218 1480
12.770764112472534 1480
12.77076506614685 1479
12.77076506614685 1478
12.770766973495483 1479
12.770771026611328 1478
12.772881984710693 1478
12.772886037826538 1480
12.772886991500854 1478
12.772886991500854 1479
12.774368047714233 1477
12.77436900138855 1479
12.77436900138855 1480
12.774371147155762 1477
12.774375200271606 1480
12.77437710762024 1477
12.77437710762024 1479
12.776132106781006 1480
12.776141166687012 1479
12.776142120361328 1480
12.776143074035645 1477
12.778509140014648 1478
12.781216144561768 1477
12.781219005584717 1478
12.781220197677612 1479
12.781223058700562 1480
12.781224012374878 1478
12.781241178512573 1479
12.782962083816528 1479
12.782963037490845 1479
12.782963991165161 1478
12.78296709060669 1480
12.78296709060669 1479
12.852426052093506 1072
12.880568981170654 476
12.931270122528076 1480
12.970679998397827 1479
13.012129068374634 1479
13.01213002204895 1478
13.012130975723267 1477
13.012130975723267 1477
13.012132167816162 1480
13.012134075164795 1477
13.012134075164795 1480
13.012134075164795 1478
13.012135028839111 1477
13.014445066452026 1480
13.014446020126343 1478
13.014446020126343 1477
13.01444697380066 1477
13.016302108764648 1478
13.016304969787598 1478
13.016306161880493 1479
13.016306161880493 1477
13.01630711555481 1480
13.01630711555481 1477
13.041481971740723 1479
13.041484117507935 1478
13.041484117507935 1479
13.041485071182251 1479
13.043193101882935 1478
13.04319715499878 1480
13.045111179351807 1477
13.045112133026123 1479
13.045114040374756 1480
13.045116186141968 1477
13.045117139816284 1478
13.0451180934906 1480
13.047280073165894 1477
13.04728102684021 1480
13.048444032669067 1478
13.048444032669067 1478
13.04844617843628 1478
13.04844617843628 1477
13.050220012664795 1480
13.050225019454956 1480
13.051786184310913 1480
13.051789999008179 1074
13.051791191101074 476
13.053101062774658 1073
13.053102016448975 478
13.053102970123291 1075
13.053102970123291 478
13.135831117630005 1477
13.203687191009521 1480
13.203688144683838 1478
13.205209970474243 1480
13.205209970474243 1479
13.205211162567139 1480
13.205211162567139 1480
13.205212116241455 1479
13.41182804107666 1480
13.41423511505127 1477
13.414236068725586 1478
13.414246082305908 1480
13.415642023086548 1477
13.415642976760864 1478
13.41564416885376 1479
13.415646076202393 1478
13.415647029876709 1477
13.415649175643921 1479
13.41769814491272 1480
13.417702198028564 1477
13.417704105377197 1478
13.419255018234253 1480
13.419257164001465 1479
13.419258117675781 1478
13.420687198638916 1477
13.420691013336182 1477
13.42255711555481 1478
13.422559022903442 1478
13.424434185028076 1480
13.424439191818237 1480
13.424444198608398 1478
13.426438093185425 1477
13.426439046859741 1479
13.428986072540283 1477
13.42899203300476 1477
13.428996086120605 1480
13.429123163223267 1477
13.430399179458618 1477
13.430402040481567 1478
13.4324791431427 1479
13.4324791431427 1479
13.49657416343689 1073
13.49657416343689 476
13.580697059631348 1074
13.608789205551147 1480
13.615130186080933 1479
13.615130186080933 1478
13.615132093429565 1480
13.615132093429565 1479
13.615133047103882 1477
13.615135192871094 1478
13.61717414855957 1477
13.617176055908203 1477
13.617178201675415 1480
13.617178201675415 1477
13.617179155349731 1479
13.617179155349731 1478
13.688996076583862 620
13.693900108337402 930
13.70829701423645 1477
13.792302131652832 1478
13.827661991119385 1478
13.827664136886597 1477
13.827665090560913 1479
13.827666997909546 1477
13.828988075256348 1478
13.832817077636719 1477
13.832818984985352 1480
13.832818984985352 1480
13.832820177078247 1477
13.832821130752563 1477
13.834388017654419 1479
13.834388971328735 1478
13.834388971328735 1479
13.83439016342163 1479
13.851905107498169 620
13.851905107498169 929
13.87952208518982 621
13.87952208518982 929
13.87952208518982 621
13.879523038864136 929
13.888893127441406 619
13.888893127441406 931
13.894078016281128 1478
14.014960050582886 1480
14.019179105758667 1479
14.027469158172607 1480
14.027470111846924 1480
14.425538063049316 1477
14.678092002868652 1479
14.678092002868652 1479
14.739300012588501 621
14.865485191345215 1479
14.867447137832642 1478
14.867448091506958 1479
14.9846830368042 1479
15.211833000183105 1477
15.211833000183105 1478
15.211834192276001 1480
15.211834192276001 1480
15.212409019470215 1479
15.212409019470215 1478
15.212409973144531 1479
15.212409973144531 1480
15.40113115310669 1477
15.401134014129639 1478
15.401135206222534 1479
15.40113615989685 1480
15.40113615989685 1477
15.401137113571167 1477
15.403208017349243 1478
15.403208017349243 1479
15.40320897102356 1477
15.403210163116455 1477
15.403211116790771 1477
15.403212070465088 1479
15.403213024139404 1478
15.403215169906616 1480
15.47628402709961 619
15.612714052200317 1478
15.612715005874634 1479
15.61271619796753 1479
15.615138053894043 1479
15.61513900756836 1477
15.61685299873352 1478
15.616854190826416 1478
15.616854190826416 1477
15.616855144500732 1478
15.618219137191772 1479
15.618220090866089 1478
15.618220090866089 1478
15.618223190307617 1480
15.618224143981934 1480
15.618226051330566 1480
15.683708190917969 77
15.85785698890686 1480
15.857860088348389 1479
15.857861042022705 1480
15.85786509513855 1479
15.859297037124634 1479
15.859304189682007 1478
15.861163139343262 1478
15.861165046691895 1478
15.861167192459106 1477
15.861168146133423 1480
15.861170053482056 1478
15.86217713356018 1477
15.86217713356018 1478
15.863907098770142 1477
15.863909006118774 1480
15.86391019821167 1479
15.865665197372437 1480
15.865666151046753 1480
15.86566710472107 1479
15.865668058395386 1478
15.865671157836914 1480
15.934818983078003 1075
15.961940050125122 475
16.003262996673584 1072
16.00326418876648 478
16.057866096496582 1477
16.057868003845215 1477
16.059868097305298 1478
16.059874057769775 1479
16.061939001083374 1478
16.061939001083374 1479
16.06194019317627 1480
16.06194019317627 1479
16.061941146850586 1477
16.063801050186157 1478
16.063801050186157 1477
16.063802003860474 1479
16.063804149627686 1477
16.063805103302002 1478
16.06380605697632 1477
16.06546902656555 1478
16.06547212600708 1478
16.065474033355713 1478
16.066802978515625 1479
16.1134090423584 1480
16.113409996032715 1479
16.113412141799927 1479
16.113413095474243 1480
16.113415002822876 1480
16.11522102355957 1479
16.11758303642273 1477
16.11758518218994 1477
16.11947011947632 1478
16.119471073150635 1479
16.222692012786865 1480
16.23675298690796 1480
16.23675298690796 1480
16.236756086349487 1480
16.238047122955322 1477
16.23804807662964 1480
16.322233200073242 1075
16.331911087036133 571
16.33303999900818 1074
16.393372058868408 1383
16.405227184295654 166
16.405227184295654 977
16.42274498939514 1479
16.422747135162354 1479
16.42274808883667 1478
16.422749042510986 1477
16.423179149627686 1477
16.42318105697632 1478
16.423182010650635 1477
16.423185110092163 1480
16.42318606376648 1479
16.423187017440796 1480
16.42603302001953 1478
16.426040172576904 1480
16.49379014968872 1479
16.493791103363037 574
16.493791103363037 1480
16.493792057037354 978
16.49379301071167 574
16.493794202804565 976
16.495362997055054 1479
16.495366096496582 1480
16.495366096496582 1477
16.4953670501709 1480
16.495368003845215 1479
16.49725317955017 1477
16.497255086898804 1477
16.49725604057312 571
16.498560190200806 976
16.498561143875122 573
16.498561143875122 572
16.533097982406616 1478
16.576207160949707 979
16.64543318748474 1479
16.64744520187378 1477
16.64744520187378 1478
16.64744806289673 1478
16.64744806289673 1480
16.649468183517456 1477
16.649468183517456 1480
16.649469137191772 1478
16.649469137191772 1480
16.683107137680054 572
16.683107137680054 978
16.683107137680054 571
16.68310809135437 977
16.68310809135437 573
16.68310809135437 977
16.683109998703003 574
16.6831111907959 118
16.698036193847656 1477
16.699939012527466 1480
16.71778917312622 1478
16.717790126800537 1479
16.717791080474854 1478
16.71779203414917 1479
16.719799995422363 1478
16.71980118751526 1480
16.71980118751526 1480
16.71980309486389 1480
16.719805002212524 1477
16.721269130706787 1480
16.721269130706787 1478
16.72127103805542 1479
16.724451065063477 1478
16.72634506225586 1478
16.72635006904602 1477
16.728548049926758 1478
16.728552103042603 1480
16.730382204055786 1478
16.730385065078735 1480
16.739480018615723 1480
16.76824116706848 1429
16.769354104995728 119
16.771632194519043 1430
16.774198055267334 120
16.77628803253174 1431
16.776288986206055 119
16.776288986206055 1431
16.796024084091187 119
16.796024084091187 119
16.86138415336609 1480
16.861387014389038 1478
16.864886045455933 1478
16.900745153427124 1479
16.937870979309082 1477
16.941076040267944 1480
16.942548036575317 1478
16.942548990249634 1478
16.94411301612854 1480
16.945720195770264 1478
16.945720195770264 1479
16.945722103118896 1477
16.94572401046753 1478
16.94650101661682 1479
16.947728157043457 1477
16.94773006439209 1480
16.99432110786438 1480
17.158051013946533 1479
17.44260811805725 1477
17.44422698020935 1478
17.444229125976562 1479
17.44423198699951 1478
17.446341037750244 1478
17.44634509086609 1478
17.670114994049072 1480
17.849735021591187 1480
17.85202407836914 1479
17.853615045547485 1479
17.8536159992218 1477
17.85361909866333 1477
17.85543704032898 1478
17.85543918609619 1479
17.855440139770508 1478
17.85544204711914 1478
17.855443000793457 1477
18.16147208213806 1480
18.163530111312866 1478
18.163535118103027 1478
18.16583013534546 1478
18.165831089019775 1479
18.165831089019775 1479
18.165831089019775 1479
18.165832042694092 1480
18.165832996368408 1479
18.455023050308228 1477
18.455026149749756 1477
18.455026149749756 1479
18.455027103424072 1478
18.45736598968506 1478
18.45736813545227 1479
18.457369089126587 1480
18.45737099647522 1477
18.459627151489258 1479
18.459630012512207 1479
18.461647987365723 1480
18.461650133132935 1478
18.46165108680725 1479
18.6353440284729 1480
18.635348081588745 1477
18.635749101638794 1480
18.63575005531311 1477
18.6357581615448 1479
18.635759115219116 1478
18.635761976242065 1477
18.63576316833496 1477
18.635764122009277 1477
18.635764122009277 1480
18.63576602935791 1480
18.639814138412476 1479
18.639814138412476 1480
18.639815092086792 1479
18.639815092086792 1478
18.63981604576111 1478
18.639816999435425 1480
18.639820098876953 1480
18.843109130859375 1478
18.84311008453369 1478
18.843111038208008 1480
18.843111991882324 1478
18.84311318397522 1480
18.843114137649536 1479
18.843115091323853 1480
18.843115091323853 1477
18.843115091323853 1480
18.843119144439697 1479
18.84352707862854 1477
18.843528032302856 1480
18.997685194015503 1479
19.04321002960205 622
19.188608169555664 1477
19.19018316268921 1478
19.19018316268921 1478
19.190184116363525 1480
19.190186023712158 1478
19.190186977386475 1478
19.190189123153687 1477
19.190190076828003 1480
19.192200183868408 1477
19.192201137542725 1480
19.19220209121704 1478
19.19220209121704 1479
19.192203044891357 1480
19.19412899017334 1477
19.194130182266235 1477
19.229642152786255 931
19.24162006378174 621
19.241621017456055 928
19.241621017456055 619
19.2431480884552 930
19.2431480884552 620
19.243149042129517 928
19.243149042129517 619
19.24315118789673 931
19.246154069900513 621
19.246154069900513 573
19.372979164123535 1478
19.374900102615356 1480
19.374900102615356 1480
19.374901056289673 1477
19.374903202056885 1480
19.374903202056885 1477
19.3749041557312 1478
19.376811027526855 1480
19.376811981201172 1479
19.376811981201172 1479
19.378656148910522 1477
19.378656148910522 1477
19.378656148910522 1477
19.380047082901 1477
19.380048036575317 1477
19.38005018234253 1478
19.3819580078125 1477
19.38196110725403 1477
19.381962060928345 1477
19.41387915611267 1477
19.447810173034668 119
19.590747117996216 1477
19.590747117996216 1480
19.59074902534485 1479
19.590749979019165 1477
19.590752124786377 1480
19.590752124786377 1479
19.59406304359436 1477
19.59406304359436 1477
19.594063997268677 1479
19.594065189361572 1479
19.594065189361572 1480
19.59406614303589 1478
19.594067096710205 1480
19.59406805038452 1479
19.594070196151733 1478
19.59407114982605 1480
19.59407114982605 1480
19.594072103500366 1478
19.594073057174683 1478
19.59586215019226 1479
19.59736919403076 1480
20.131554126739502 1477
20.13155698776245 1477
20.13156008720398 1479
20.131561040878296 1478
20.13332200050354 1479
20.133324146270752 1480
20.133324146270752 1480
20.133326053619385 1480
20.133326053619385 1477
20.133326053619385 1478
20.135017156600952 1480
20.13501811027527 1478
20.135019063949585 1477
20.1350200176239 1479
20.474212169647217 1477
20.541296005249023 1480
20.5433189868927 1477
20.803888082504272 1479
20.838284969329834 1478
20.83828616142273 1477
21.04507803916931 1478
21.045078992843628 1479
21.04508113861084 1478
21.04508113861084 1479
21.152060985565186 1479
21.152400016784668 1479
21.379520177841187 1480
21.379520177841187 1480
21.379521131515503 1478
21.496318101882935 1478
21.496318101882935 1478
21.498053073883057 1478
21.498054027557373 1478
21.498056173324585 1478
21.4980571269989 1477
21.506829023361206 1480
21.594331979751587 1478
21.596058130264282 1479
21.5960590839386 1479
21.59606099128723 1480
21.732978105545044 1478
21.732978105545044 1477
21.733126163482666 1478
21.733127117156982 1478
21.897381067276 1477
21.908218145370483 1478
21.9082190990448 1479
21.908221006393433 1480
21.90825319290161 1479
21.90825319290161 1478
21.908254146575928 1478
21.908254146575928 1477
22.11845111846924 1478
22.11845302581787 1480
22.118455171585083 1478
22.118455171585083 1477
22.1184561252594 1479
22.1184561252594 1477
22.118457078933716 1478
22.119976043701172 1480
22.119976043701172 1477
22.11997699737549 1480
22.11997699737549 1480
22.41275906562805 1480
22.41428518295288 1477
22.414287090301514 1477
22.414288997650146 1478
22.41429305076599 1480
22.41590905189514 1478
22.41759419441223 1480
22.419442176818848 1479
22.41944408416748 1480
22.41944718360901 1477
22.420931100845337 1477
22.420931100845337 1477
22.420932054519653 1479
22.423441171646118 1477
22.423442125320435 1480
22.45510506629944 1121
22.504060983657837 427
22.5336651802063 1479
22.64501118659973 1480
22.64501118659973 1480
22.645012140274048 1480
22.645012140274048 1477
22.645013093948364 1479
22.64688205718994 1479
22.646883010864258 1478
22.646887063980103 1477
22.648187160491943 1480
22.648189067840576 1480
22.648190021514893 1477
22.672059059143066 1480
22.673545122146606 1480
22.675281047821045 1477
22.686068058013916 1122
22.686069011688232 427
22.686069011688232 1122
22.686070203781128 430
22.686071157455444 1120
22.686071157455444 430
22.686073064804077 1123
22.687056064605713 427
22.68706512451172 1121
22.687066078186035 427
22.753475189208984 1480
22.755192041397095 1479
22.75519299507141 1478
22.755194187164307 1480
22.755195140838623 1479
22.75519609451294 1480
22.755197048187256 1479
22.755198001861572 1477
22.757132053375244 1480
22.926361083984375 1122
22.926362991333008 428
22.97645115852356 1479
23.07103204727173 1478
23.1372811794281 1477
23.137282133102417 1478
23.137282133102417 1479
23.137283086776733 1478
23.137284994125366 1480
23.137284994125366 1479
23.13728618621826 1479
23.206341981887817 1123
23.20928716659546 118
23.20928716659546 1122
23.33643102645874 1480
23.33643102645874 1479
23.33789300918579 1479
23.33789300918579 1477
23.337894201278687 1478
23.33789610862732 1480
23.337897062301636 1478
23.337898015975952 1477
23.34165120124817 1477
23.341652154922485 1477
23.343630075454712 1477
23.343630075454712 1477
23.34363317489624 1480
23.343635082244873 1477
23.345410108566284 1478
23.34594416618347 1480
23.34929919242859 1478
23.367499113082886 1431
23.394366025924683 120
23.397935152053833 1430
23.397935152053833 120
23.39793610572815 1432
23.39793610572815 118
23.397939205169678 1431
23.397939205169678 118
23.397939205169678 573
23.48913812637329 1477
23.490791082382202 1478
23.49079418182373 1478
23.492943048477173 1478
23.492947101593018 1479
23.492948055267334 1480
23.494220972061157 1478
23.494220972061157 1479
23.49534511566162 1477
23.49534511566162 1479
23.49680209159851 1480
23.49680209159851 1478
23.53718400001526 1477
23.537872076034546 1480
23.53788113594055 1477
23.54287314414978 1480
23.542874097824097 1479
23.54287815093994 1478
23.542879104614258 1479
23.550458192825317 1477
23.62471914291382 1479
23.660736083984375 1072
23.685211181640625 478
23.73129415512085 1480
23.80642008781433 1478
23.806421995162964 1479
23.806430101394653 1480
23.808784008026123 1480
23.808784008026123 1478
23.80878520011902 1480
23.81307315826416 1480
23.81307816505432 1479
23.814686059951782 1479
23.81669020652771 1479
23.816694974899292 1480
23.816696166992188 1477
23.81816005706787 1480
23.818162202835083 1478
23.818165063858032 1477
23.81816601753235 1478
23.818166971206665 1479
23.82012915611267 1477
23.82299518585205 1477
23.822996139526367 1480
23.822997093200684 1479
23.822998046875 1477
23.822999000549316 1477
23.82300114631653 1477
23.823002099990845 1478
23.82422709465027 1478
23.82422709465027 1479
23.824228048324585 1477
23.8242290019989 1478
23.8242290019989 1478
23.824230194091797 1477
23.824231147766113 1477
23.82423210144043 1480
23.825693130493164 1478
23.82569408416748 1477
23.825695037841797 1479
23.825695037841797 1479
23.825695991516113 1478
23.82569718360901 1478
23.825700044631958 1478
23.825700998306274 1478
23.82570219039917 1480
23.82570219039917 1479
23.828272104263306 1480
23.828275203704834 1479
23.828277111053467 1478
23.839022159576416 1477
23.839023113250732 1479
23.840355157852173 1477
23.841957092285156 1478
23.841957092285156 1477
23.841958045959473 1479
23.841960191726685 1478
23.875530004501343 1073
23.87553119659424 478
23.876957178115845 1073
23.87695813179016 477
23.87695813179016 1072
23.878234148025513 475
23.880122184753418 1073
23.880123138427734 476
23.89299511909485 1072
23.89299511909485 478
23.892996072769165 1074
23.89299702644348 478
23.892997980117798 1074
23.892997980117798 572
23.901265144348145 1478
24.004410982131958 1478
24.004412174224854 1478
24.006396055221558 1480
24.010115146636963 1480
24.010115146636963 1478
24.018963098526 1479
24.018963098526 1478
24.018964052200317 1479
24.018964052200317 1480
24.021061182022095 1478
24.083052158355713 1480
24.0854229927063 74
24.105961084365845 1075
24.139506101608276 476
24.194231033325195 1477
24.236898183822632 1480
24.23690104484558 1479
24.24271512031555 1480
24.242717027664185 1478
24.24439811706543 1478
24.244399070739746 1479
24.244400024414062 1480
24.24440097808838 1477
24.24440097808838 1479
24.244402170181274 1478
24.244402170181274 1478
24.244404077529907 1477
24.245403051376343 1478
24.245405197143555 1480
24.245405197143555 1479
24.24540615081787 1478
24.24582815170288 1480
24.245829105377197 1478
24.24771809577942 1479
24.247719049453735 1478
24.247719049453735 1480
24.24772000312805 1478
24.24772310256958 1477
24.247724056243896 1477
24.247724056243896 1477
24.247727155685425 1478
24.24893808364868 1480
24.24893808364868 1478
24.24893808364868 1477
24.276520013809204 1480
24.2765212059021 1478
24.2765212059021 1477
24.27856707572937 1480
24.2785701751709 1477
24.278571128845215 1478
24.278571128845215 1477
24.27857208251953 1477
24.27857518196106 1477
24.27857518196106 1477
24.278576135635376 1479
24.27979016304016 1478
24.27979612350464 1478
24.281321048736572 1479
24.281325101852417 1477
24.282875061035156 1479
24.286879062652588 1479
24.290613174438477 1478
24.290614128112793 1477
24.290616989135742 1479
24.29271411895752 1477
24.292715072631836 1478
24.294337034225464 1479
24.296327114105225 1477
24.29633402824402 1477
24.296334981918335 1478
24.29633617401123 1478
24.296342134475708 1480
24.29821014404297 1479
24.312438011169434 217
24.34666109085083 1478
24.408889055252075 1027
24.452324151992798 1478
24.452325105667114 1478
24.45232605934143 1479
24.45422911643982 1479
24.45422911643982 1477
24.456318140029907 1478
24.456319093704224 1478
24.45753312110901 1480
24.457534074783325 1480
24.457534074783325 1479
24.45753502845764 1478
24.45753502845764 1478
24.45753502845764 1477
24.45908808708191 1480
24.513712167739868 1477
24.514597177505493 1480
24.514599084854126 1480
24.514599084854126 1480
24.516551971435547 1477
24.516553163528442 1479
24.51655411720276 1477
24.51655602455139 1479
24.51843810081482 1479
24.51843810081482 1477
24.518450021743774 1478
24.62444806098938 1477
24.625826120376587 1479
24.625827074050903 1477
24.62582802772522 1480
24.627910137176514 1480
24.62791109085083 1480
24.627912044525146 1478
24.627912044525146 1477
24.627912998199463 1480
24.628393173217773 1480
24.62839412689209 1480
24.630237102508545 1477
24.630239009857178 1479
24.63151216506958 1479
24.631513118743896 1477
24.63151502609253 1480
24.631518125534058 1480
24.63497018814087 1478
24.634971141815186 1478
24.634972095489502 1477
24.634974002838135 1478
24.63497519493103 1477
24.63679003715515 1478
24.638113021850586 1478
24.638113021850586 1478
24.638115167617798 1479
24.638118028640747 1479
24.640039205551147 1480
24.64210319519043 1480
24.646157026290894 1479
24.646159172058105 1478
24.64616298675537 1479
24.646164178848267 1478
24.752789974212646 1477
24.841130018234253 1478
24.846806049346924 1478
24.84680700302124 1477
24.846817016601562 1479
25.054578065872192 1480
25.05458116531372 1480
25.054582118988037 1479
25.055603981018066 1479
25.055605173110962 1477
25.275495052337646 1478
25.277477979660034 1477
25.278987169265747 1477
25.278990983963013 1478
25.27899408340454 1480
25.295483112335205 1479
25.402363061904907 1480
25.402364015579224 1480
25.47876501083374 1477
25.48036813735962 1477
25.480369091033936 1479
25.480369091033936 1478
25.480370044708252 1477
25.48037099838257 1480
25.48037099838257 1480
25.491222143173218 1477
25.491223096847534 1478
25.596551179885864 1478
25.59655213356018 1479
25.596553087234497 1477
25.70447015762329 1477
25.705106019973755 1478
25.705109119415283 1480
25.705113172531128 1478
25.705114126205444 1480
25.70511507987976 1477
25.70511507987976 1477
25.705116033554077 1478
25.70511817932129 1477
25.709598064422607 1478
25.709602117538452 1478
25.7096049785614 1480
25.709606170654297 1479
25.800368070602417 1480
25.80036997795105 1478
25.801680088043213 1477
25.80168104171753 1479
25.801681995391846 1478
25.893246173858643 1480
25.89449119567871 1479
25.89449405670166 1478
25.897300004959106 1479
25.897300004959106 1479
25.897301197052002 1477
25.897303104400635 1480
25.89730405807495 1479
25.897305011749268 1479
25.897305011749268 1478
25.897306203842163 1477
25.898882150650024 1480
25.89888310432434 1477
25.89888310432434 1479
25.89888310432434 1477
25.898884057998657 1478
25.898885011672974 1480
25.899705171585083 1477
25.901023149490356 1478
25.975739002227783 1120
26.02887201309204 1477
26.028873205184937 1477
26.03440499305725 1477
26.034406185150146 1479
26.034406185150146 1480
26.034406185150146 1477
26.034407138824463 1480
26.038089990615845 429
26.041330099105835 1123
26.041330099105835 428
26.08912205696106 1121
26.08912205696106 427
26.09174609184265 1123
26.09174609184265 428
26.091747045516968 1122
26.091747045516968 427
26.091747045516968 1120
26.091747045516968 429
26.096383094787598 1480
26.09638500213623 1479
26.096387147903442 1480
26.09638810157776 1480
26.096389055252075 1478
26.09639000892639 1480
26.098644971847534 1480
26.09864616394043 1480
26.156005144119263 1480
26.157902002334595 1479
26.157902002334595 1478
26.157905101776123 1480
26.157907009124756 1477
26.15790820121765 1480
26.157912015914917 1478
26.16165804862976 1479
26.161659002304077 1479
26.16166114807129 1480
26.16166114807129 1479
26.16166114807129 1480
26.165024995803833 1479
26.16502618789673 1478
26.165027141571045 1479
26.165027141571045 1477
26.16502809524536 1478
26.165029048919678 1480
26.227910041809082 1479
26.227910041809082 1479
26.229616165161133 1477
26.22961711883545 1477
26.22961711883545 1479
26.229618072509766 1479
26.2313711643219 1480
26.23301911354065 1477
26.27933406829834 1122
26.27933406829834 120
26.279335021972656 1121
26.44770908355713 1480
26.489556074142456 1479
26.836358070373535 1477
26.83635902404785 1478
26.836359977722168 1477
26.916316032409668 77
27.498186111450195 1478
27.50010919570923 1480
27.500110149383545 1478
27.50011110305786 1478
27.500112056732178 1479
27.720744132995605 1477
27.720746994018555 1477
27.72075319290161 1479
27.720758199691772 1478
27.799474000930786 1477
27.92169213294983 1477
27.923712015151978 1479
27.92371416091919 1477
27.92371702194214 1478
27.923720121383667 1477
27.923721075057983 1477
28.129345178604126 1478
28.129345178604126 1478
28.129346132278442 1478
28.13115119934082 1478
28.13115119934082 1480
28.131153106689453 1478
28.131153106689453 1477
28.13115406036377 1480
28.131155014038086 1480
28.132984161376953 1477
28.337380170822144 1479
28.33738112449646 1477
28.33738112449646 1480
28.338755130767822 1478
28.33875608444214 1478
28.338757038116455 1480
28.33875799179077 1477
28.33875799179077 1478
28.34066104888916 1477
28.340662002563477 1479
28.340663194656372 1478
28.343934059143066 1480
28.343935012817383 1478
28.34393620491028 1478
28.553474187850952 1478
28.55347514152527 1477
28.553476095199585 1477
28.553476095199585 1480
28.555068969726562 1479
28.555068969726562 1480
28.555068969726562 1477
28.555070161819458 1480
28.555070161819458 1478
28.556644201278687 1477
28.556644201278687 1479
28.556645154953003 1480
28.556645154953003 1480
28.556645154953003 1477
28.55664610862732 1480
28.56020212173462 1480
28.56181311607361 1479
28.561814069747925 1478
28.56390619277954 1479
28.563907146453857 1479
28.564794063568115 1480
28.639409065246582 1123
28.69383215904236 428
28.74080801010132 1480
28.740811109542847 1479
28.740812063217163 1480
28.74081301689148 1480
28.74081516265869 1480
28.74081516265869 1478
28.740816116333008 1478
28.74082112312317 1480
28.743450164794922 1479
28.74345111846924 1480
28.74345111846924 1479
28.74345111846924 1477
28.74345302581787 1477
28.743455171585083 1477
28.7434561252594 1477
28.743457078933716 1478
28.743457078933716 1477
28.743457078933716 1477
28.74345898628235 1479
28.74345898628235 1479
28.745856046676636 1480
28.745857000350952 1480
28.76438617706299 1480
28.764387130737305 1480
28.808542013168335 1120
28.80854320526123 428
28.808544158935547 1121
28.808544158935547 429
28.808544158935547 1120
28.808545112609863 427
28.80854606628418 1122
28.808547019958496 428
28.808549165725708 1123
28.812360048294067 427
28.812361001968384 1122
28.812361001968384 573
28.82759118080139 1480
28.82759118080139 1480
28.827592134475708 1477
28.827593088150024 1477
28.82759404182434 1478
28.837860107421875 1479
28.87417197227478 978
28.886213064193726 574
28.886213064193726 976
28.88621497154236 571
28.886216163635254 978
28.887909173965454 572
28.887909173965454 977
28.914626121520996 1478
28.91462802886963 1479
28.914631128311157 1477
28.914632081985474 1477
28.914633989334106 1479
28.9165461063385 1477
28.916551113128662 1479
28.916982173919678 1479
28.918713092803955 1478
28.91872215270996 1479
28.918723106384277 1477
28.918723106384277 1477
28.918724060058594 1480
28.92101812362671 1478
28.986220121383667 574
28.986220121383667 979
28.986221075057983 571
28.9862220287323 121
29.0450279712677 1477
29.045029163360596 1477
29.050562143325806 1477
29.050563097000122 1478
29.05056405067444 1479
29.050565004348755 1480
29.093505144119263 1430
29.09562611579895 1479
29.134037017822266 1478
29.134039163589478 1480
29.134040117263794 1477
29.13404107093811 1479
29.13587713241577 1479
29.202009201049805 1477
29.216039180755615 1480
29.217478036880493 1477
29.21748113632202 1479
29.220141172409058 1479
29.220141172409058 1479
29.220141172409058 1478
29.220142126083374 1479
29.220142126083374 1479
29.22014307975769 1479
29.22014307975769 1479
29.220144033432007 1477
29.220144033432007 1480
29.22014617919922 1477
29.22014617919922 1478
29.22014617919922 1479
29.220147132873535 1478
29.220147132873535 1480
29.22014808654785 1480
29.22014808654785 1477
29.220149040222168 1478
29.220149040222168 1477
29.321778059005737 1477
29.32178020477295 1479
29.321781158447266 1477
29.321781158447266 1479
29.321782112121582 1477
29.323790073394775 1477
29.323790073394775 1479
29.323791027069092 1479
29.32379698753357 1478
29.32379913330078 1479
29.325350046157837 1480
29.325350046157837 1480
29.325350999832153 1478
29.32535219192505 1478
29.32535219192505 1480
29.327829122543335 1480
29.327835083007812 1478
29.32826805114746 1478
29.39785599708557 121
29.39785599708557 1430
29.400111198425293 120
29.445690155029297 1479
29.454315185546875 119
29.642768144607544 1480
29.850292205810547 1478
30.010033130645752 1477
30.011958122253418 1480
30.011959075927734 1477
30.012768030166626 1477
30.21258807182312 1479
30.212589025497437 1477
30.214461088180542 1477
30.21446204185486 1480
30.21446204185486 1479
30.21446204185486 1478
30.42307209968567 1480
30.423073053359985 1479
30.4230740070343 1479
30.424256086349487 1479
30.42425799369812 1478
30.42642116546631 1479
30.426424980163574 1477
30.42795705795288 1479
30.427961111068726 1478
30.483246088027954 1074
30.609042167663574 1479
30.609042167663574 1478
30.80392813682556 1479
30.803930044174194 1477
30.80393099784851 1480
30.80393099784851 1477
30.803933143615723 1478
30.80393409729004 1480
30.803936004638672 1478
30.806202173233032 1479
30.80620312690735 1480
30.806204080581665 1478
30.80620503425598 1479
30.808364152908325 1478
30.80836510658264 1478
30.808366060256958 1480
30.808369159698486 1477
30.869373083114624 121
30.885046005249023 158
31.016005992889404 1478
31.01601004600525 1479
31.016010999679565 1479
31.016013145446777 1479
31.01601505279541 1478
31.017547130584717 1479
31.01754903793335 1477
31.019476175308228 1479
31.019477128982544 1478
31.01947808265686 1477
31.019479036331177 1477
31.019479990005493 1478
31.019479990005493 1477
31.019482135772705 1479
31.02059507369995 1477
31.026098012924194 1480
31.026101112365723 1480
31.026101112365723 1477
31.02610206604004 1479
31.026103019714355 1477
31.075369119644165 1477
31.23028802871704 1479
47.10106706619263 53
52.14131212234497 79
52.26412510871887 75
52.56017804145813 1480
52.560178995132446 1480
52.56160116195679 1478
52.5616021156311 1480
52.563690185546875 1478
52.56369113922119 1479
52.56369113922119 1477
52.56369113922119 1477
52.563693046569824 1479
52.563693046569824 1477
52.563693046569824 1479
52.56369400024414 1477
52.56605815887451 1477
52.56605911254883 1480
52.56606197357178 1478
52.56606411933899 1477
53.09618306159973 1477
53.09618520736694 1477
53.09618520736694 1479
53.09618616104126 1477
53.09618616104126 1480
53.096187114715576 1479
53.098488092422485 1478
53.38049817085266 574
53.62070107460022 1477
53.84153604507446 1480
53.84333515167236 1479
54.05377507209778 1480
54.340766191482544 1480
54.34076714515686 1479
54.34076809883118 1480
54.34246611595154 1477
54.524142026901245 1479
54.52414417266846 1477
54.52675414085388 1477
54.52675414085388 1479
54.5267550945282 1480
54.5267550945282 1479
54.66914200782776 1479
54.669143199920654 1477
54.66914415359497 1478
54.66914510726929 1480
54.67106604576111 1477
54.67106914520264 1477
54.67560601234436 1479
54.67560601234436 1478
54.67560601234436 1480
54.675607204437256 1478
54.71043300628662 574
54.75589418411255 75
54.924063205718994 1479
54.92406415939331 1480
54.92406511306763 1480
54.92406606674194 1480
54.925968170166016 1478
54.92597198486328 1477
54.92597413063049 1477
54.92597508430481 1479
54.92769718170166 1480
54.92769813537598 1479
54.92769908905029 1478
54.936251163482666 1480
54.936251163482666 1478
54.93625211715698 1477
54.968701124191284 574
55.11048197746277 1477
55.1104850769043 1480
55.11595010757446 1480
55.115952014923096 1480
55.11595320701599 1479
55.11595416069031 1477
55.11595797538757 1480
55.11595797538757 1479
55.11595916748047 1478
55.11917805671692 1477
55.32803702354431 1479
55.32803702354431 1479
55.32803797721863 1478
55.33009099960327 1479
55.33009099960327 1477
55.33009219169617 1479
55.33009219169617 1478
55.3300940990448 1480
55.3300940990448 1478
55.330095052719116 1477
55.330095052719116 1478
55.33009600639343 1479
55.33009600639343 1477
55.33009600639343 1480
55.33162808418274 1480
55.33162808418274 1480
55.331629037857056 1480
55.331629037857056 1479
55.33162999153137 1477
55.33162999153137 1480
55.33163118362427 1480
55.33312797546387 1477
55.33312797546387 1479
55.37878918647766 574
55.44597506523132 76
55.564229011535645 1478
55.606626987457275 1477
55.60662817955017 1477
55.60662913322449 1478
55.60663104057312 1478
55.60663199424744 1480
55.60663199424744 1477
55.60663318634033 1478
55.60663414001465 1477
55.60663414001465 1479
55.606635093688965 1478
55.60882520675659 1480
55.60882616043091 1477
55.60882616043091 1479
55.608827114105225 1479
55.608827114105225 1477
55.60882806777954 1477
55.60882806777954 1479
55.60882902145386 1477
55.608829975128174 1479
55.61094617843628 1478
55.610947132110596 1477
55.61094808578491 1478
55.61094903945923 1478
55.62108397483826 573
55.839684009552 1478
55.839686155319214 1480
55.83968901634216 1478
55.83968901634216 1479
55.83968997001648 1480
55.842612981796265 1479
55.844375133514404 1480
55.84437608718872 1477
55.84437704086304 1478
55.84437704086304 1480
55.84855818748474 1477
55.85038614273071 1477
55.852023124694824 1479
55.85202407836914 1479
55.85202598571777 1480
55.85202598571777 1478
55.85202598571777 1479
55.85202717781067 1478
55.85392212867737 1480
55.85392212867737 1479
55.853923082351685 1480
55.853923082351685 1477
55.853924036026 1477
56.016518115997314 573
56.18911099433899 1479
56.37235403060913 1073
56.51352906227112 1478
56.513530015945435 1479
56.51353096961975 1480
56.51353311538696 1478
56.51353406906128 1479
56.51353406906128 1480
56.513535022735596 1478
56.515637159347534 1478
56.51564407348633 1480
56.51564407348633 1479
56.51903009414673 1480
56.54901909828186 1478
56.54902005195618 1479
56.74286413192749 476
56.89081811904907 1478
56.89215016365051 1479
56.90052604675293 1480
56.90226101875305 1477
56.90226101875305 1480
56.90226602554321 1477
56.904208183288574 1478
56.90421199798584 1477
56.904213190078735 1479
56.90421509742737 1479
56.90616416931152 1478
56.90616512298584 1477
56.906166076660156 1477
56.906166076660156 1478
56.90616798400879 1480
56.90617108345032 1478
56.90617299079895 1477
56.90862703323364 1480
57.06759715080261 1478
57.4878990650177 1480
57.48790097236633 1478
57.815186977386475 1480
57.81518912315369 1478
57.815190076828 1477
57.81519103050232 1480
58.05358004570007 1478
58.0555419921875 1477
58.05554509162903 1478
58.425538063049316 1479
58.42553901672363 1480
58.42553901672363 1480
58.79226112365723 1480
58.79226207733154 1479
58.792263984680176 1478
59.121756076812744 1477
59.12175703048706 1477
59.12175798416138 1479
59.121761083602905 1477
59.34332799911499 1480
59.34884309768677 1478
59.35074210166931 1478
59.35074305534363 1477
59.67448902130127 1480
59.676109075546265 1479
59.67611002922058 1479
59.6761109828949 1479
59.676114082336426 1480
59.67611503601074 1477
59.72968912124634 1075
59.72968912124634 477
59.729690074920654 1073
59.78553605079651 166
59.86986804008484 1477
59.871809005737305 1480
59.871809005737305 1480
59.873713970184326 1477
59.873713970184326 1478
59.87371516227722 1480
59.87371516227722 1480
59.9816210269928 1479
60.08285403251648 1478
60.082858085632324 1478
60.08285903930664 1479
60.085278034210205 1480
60.08527898788452 1480
60.08529019355774 1480
60.08757209777832 1479
60.08757305145264 1480
60.09102416038513 1480
60.091026067733765 1477
60.09102702140808 1479
60.09222197532654 1480
60.092223167419434 1477
60.27317810058594 1477
60.2731831073761 1478
60.273184061050415 1477
60.273184061050415 1480
60.27531409263611 1478
60.275315046310425 1479
60.27671003341675 1477
60.276713132858276 1480
60.276713132858276 1480
60.27671408653259 1479
60.27841401100159 1478
60.27841401100159 1478
60.27841520309448 1479
60.286163091659546 1480
60.28616404533386 1480
60.288132190704346 1480
60.28813314437866 1477
60.28813314437866 1479
60.28813600540161 1479
60.28813719749451 1478
60.33324098587036 621
60.39848208427429 1478
60.42184114456177 931
60.47490906715393 1478
60.47673797607422 1477
60.47673797607422 1480
60.47673797607422 1479
60.476739168167114 1479
60.47674012184143 1477
60.47674107551575 1478
60.47674107551575 1480
60.47869801521301 1477
60.47869801521301 1477
60.47869920730591 1479
60.47870111465454 1477
60.478703022003174 1479
60.478705167770386 1480
60.48054504394531 1477
60.48054599761963 1478
60.48054599761963 1478
60.480547189712524 1477
60.48265099525452 1478
60.504204988479614 620
60.50879096984863 931
60.50879406929016 620
60.508795976638794 928
60.508795976638794 621
60.508795976638794 1033
60.58560109138489 1479
60.586958169937134 1479
60.586958169937134 1480
60.58696007728577 1479
60.600502014160156 1478
60.67014002799988 1480
60.67014217376709 1478
60.689876079559326 1478
60.77975511550903 1479
60.77975606918335 1480
60.783220052719116 1480
60.783223152160645 1477
60.78322410583496 1479
60.985970973968506 1479
61.13057017326355 1478
61.13057017326355 1478
61.13057613372803 1480
61.176581144332886 77
61.73971199989319 1478
61.7397141456604 1480
61.74206018447876 1477
61.742061138153076 1477
61.742061138153076 1479
61.74359703063965 1478
61.74360013008118 1480
61.74360013008118 1480
61.74360108375549 1479
61.745540142059326 1480
61.9332070350647 1480
61.933207988739014 1480
61.93320918083191 1477
61.93321108818054 1480
61.93321204185486 1479
61.93321418762207 1478
61.93321418762207 1480
61.93321514129639 1477
61.9332160949707 1478
61.9332160949707 1478
61.935545206069946 1477
62.15638613700867 1477
62.15824103355408 1478
62.15824317932129 1478
62.158244132995605 1477
62.158244132995605 1478
62.15824508666992 1477
62.15824604034424 1478
62.15824604034424 1478
62.16235709190369 1479
62.162358045578 1479
62.16235899925232 1477
62.16236114501953 1478
62.16236209869385 1480
62.24746918678284 1480
62.32103610038757 1477
62.32104015350342 1478
62.322479009628296 1478
62.322482109069824 1479
62.32248401641846 1479
62.32248401641846 1477
62.32756209373474 1478
62.32756304740906 1480
62.32959699630737 1478
62.32959818840027 1477
62.32959818840027 1478
62.331358194351196 1478
62.33135914802551 1480
62.333402156829834 1477
62.33340501785278 1480
62.333407163619995 1479
62.33340907096863 1479
62.33496809005737 1477
62.33496904373169 1478
62.40137815475464 1480
62.40360713005066 1480
62.487091064453125 1478
62.489530086517334 1478
62.52412414550781 1479
62.68170404434204 1478
62.68422317504883 1480
62.684224128723145 1477
62.68422603607178 1480
62.684226989746094 1477
62.684226989746094 1479
62.68422818183899 1480
62.68422818183899 1479
62.68423104286194 1477
62.68423318862915 1478
62.68652319908142 1480
62.68652415275574 1479
62.72501802444458 169
62.8559889793396 1477
63.10060405731201 1480
63.677797079086304 1477
63.924602031707764 1480
63.92460298538208 1478
64.10813498497009 1478
64.10813617706299 1480
64.11018705368042 1480
64.11018800735474 1479
64.27768206596375 1479
64.27768397331238 1480
64.27768516540527 1480
64.2802062034607 1478
64.2802062034607 1479
64.28173518180847 1480
64.45840716362 1478
64.46025800704956 1480
64.46026015281677 1477
64.46370100975037 1480
64.46370315551758 1480
64.46570205688477 1477
64.46570301055908 1477
64.46570420265198 1479
64.46570611000061 1478
64.46732211112976 1479
64.66244602203369 1478
64.66244697570801 1479
64.6624481678009 1480
64.66245007514954 1479
64.664381980896 1480
64.66438412666321 1478
64.6676070690155 1478
64.66760802268982 1477
64.66760897636414 1480
64.66760897636414 1480
64.8565661907196 1480
65.01766300201416 1478
65.0193932056427 1480
65.0657970905304 121
65.21032619476318 1477
65.26443219184875 74
65.26637101173401 1477
65.43906998634338 1478
65.43907117843628 1478
65.4390721321106 1478
65.44067120552063 1480
65.44067215919495 1477
65.44067311286926 1479
65.44597005844116 1480
65.66590118408203 1477
65.66590309143066 1479
65.66781806945801 1477
65.66782307624817 1479
65.66951608657837 1478
65.66951704025269 1477
65.6695191860199 1480
65.66952013969421 1478
65.7811210155487 1477
65.7811222076416 1480
65.78112411499023 1478
65.78112411499023 1479
65.78112602233887 1478
65.7833800315857 1478
65.78338098526001 1479
65.8602499961853 1477
66.04184198379517 1477
66.04184198379517 1479
66.04184198379517 1477
66.04184317588806 1480
66.04184317588806 1480
66.04184412956238 1480
66.04184412956238 1480
66.0418450832367 1480
66.26190519332886 1479
66.26190710067749 1478
66.26190710067749 1478
66.26420497894287 1477
66.26420617103577 1478
66.26420712471008 1478
66.26590013504028 1479
66.43885517120361 1480
66.43885612487793 1479
66.43885707855225 1478
66.43885707855225 1480
66.43885803222656 1477
66.43885803222656 1480
66.44147610664368 1478
66.44147801399231 1479
66.4414792060852 1479
66.44148015975952 1480
66.58726716041565 1480
66.58726811408997 1477
66.62724900245667 1480
66.65067601203918 1478
66.6506781578064 1480
66.65067911148071 1479
66.65199208259583 1477
66.80943298339844 1477
66.80943417549133 1477
66.80943417549133 1480
66.80943512916565 1477
66.80943512916565 1480
66.81124114990234 1477
66.81124114990234 1477
66.8112440109253 1477
66.81124520301819 1477
66.8112461566925 1478
66.81124711036682 1477
66.8129870891571 1480
66.81298804283142 1480
66.81298899650574 1480
66.81299114227295 1480
66.81299209594727 1480
66.81457209587097 1479
66.85018706321716 169
67.07970404624939 1480
67.0797049999237 1480
67.07970809936523 1480
67.07970809936523 1477
67.07970905303955 1480
67.08174204826355 1480
67.08174300193787 1477
67.08174514770508 1477
67.0817461013794 1479
67.08174705505371 1480
67.08304715156555 1479
67.08304715156555 1478
67.08304905891418 1477
67.0830500125885 1478
67.0830512046814 1480
67.0830512046814 1477
67.08519005775452 1479
67.13944602012634 1075
67.19611310958862 476
67.33068203926086 1477
67.33138108253479 1480
67.33138108253479 1478
67.35105919837952 1479
67.35257697105408 1479
67.3525800704956 1478
67.35434007644653 1478
67.3584771156311 1478
67.3584771156311 1477
67.35847806930542 1480
67.35848307609558 1478
67.36066317558289 1477
67.3606641292572 1478
67.36066603660583 1477
67.36066603660583 1480
67.36066818237305 1479
67.36066818237305 1480
67.36284613609314 1480
67.36284708976746 1479
67.36501598358154 1478
67.36501908302307 1477
67.45140814781189 1478
67.45311713218689 1477
67.45311903953552 1478
67.45513701438904 1479
67.52075409889221 1479
67.52075600624084 1480
67.52075600624084 1480
67.52075719833374 1477
67.52095413208008 1477
67.5209550857544 1480
67.52227306365967 1480
67.52416110038757 1480
67.52416205406189 1479
67.5657410621643 1072
67.56574201583862 477
67.56574296951294 1073
67.61963510513306 1074
67.72300410270691 1480
67.72300720214844 1480
67.74669599533081 1478
67.8973879814148 1478
67.89908719062805 1478
67.89908909797668 1478
67.89909100532532 1480
67.89909219741821 1477
67.90094900131226 1480
68.03357601165771 1478
68.03357720375061 1477
68.03671503067017 1478
68.0387670993805 1479
68.0387670993805 1477
68.03876805305481 1477
68.03877019882202 1477
68.03877210617065 1480
68.03877305984497 1477
68.0763590335846 574
68.12690114974976 74
68.26876902580261 1478
68.26876997947693 1477
68.26877212524414 1478
68.26877307891846 1477
68.27108407020569 1480
68.27108502388 1478
68.27108502388 1478
68.27108716964722 1480
68.27108812332153 1479
68.27108812332153 1477
68.27108907699585 1480
68.27317500114441 1477
68.2731761932373 1480
68.2731761932373 1479
68.46415400505066 1477
68.46610403060913 1477
68.46740818023682 1479
68.46741104125977 1478
68.46741199493408 1479
68.46928215026855 1480
68.46928310394287 1478
68.46928310394287 1477
68.4692850112915 1480
68.47041010856628 1478
68.47239398956299 1479
68.47239518165588 1480
68.47239708900452 1477
68.47239804267883 1478
68.47240018844604 1479
68.48480319976807 1477
68.48609209060669 1478
68.49370002746582 1478
68.66093707084656 1477
68.66093802452087 1479
68.66093897819519 1479
68.66763710975647 1478
68.66763710975647 1480
68.66763710975647 1480
68.67459201812744 1480
68.67459201812744 1479
68.67459297180176 1480
68.67459416389465 1478
68.67459416389465 1480
68.67459416389465 1479
68.67459511756897 1478
68.67459511756897 1477
68.67459607124329 1479
68.69306206703186 1480
68.86549019813538 1480
68.86549210548401 1477
68.86549210548401 1480
69.23387598991394 1480
69.26717519760132 1477
69.26717615127563 1480
69.26717710494995 1479
69.26865410804749 1478
69.26865911483765 1478
69.61240911483765 1478
69.61241006851196 1478
69.61241006851196 1477
69.61427116394043 1477
69.61427211761475 1478
69.61427211761475 1480
69.61427307128906 1480
69.6164300441742 1477
70.26180410385132 1477
70.26180410385132 1480
70.26180815696716 1480
70.47288703918457 1479
70.47866010665894 1477
70.5265531539917 1479
70.57414197921753 167
70.71115899085999 1477
70.7111611366272 1477
70.93447303771973 1477
70.93447399139404 1480
70.93447399139404 1479
70.93447518348694 1479
70.93447518348694 1478
71.15585207939148 1480
71.15585398674011 1478
71.15585517883301 1478
71.15585708618164 1480
71.15585899353027 1478
71.15585899353027 1480
71.15586113929749 1477
71.1558620929718 1477
71.36696600914001 1480
71.36696600914001 1480
71.36696600914001 1479
71.36914706230164 1480
71.36914801597595 1478
71.36914801597595 1477
71.36915397644043 1480
71.37023711204529 1478
71.3702380657196 1477
71.37218618392944 1477
71.37218809127808 1479
71.37218999862671 1477
71.57488799095154 1480
71.57503414154053 1480
71.5767240524292 1478
71.57673501968384 1477
71.57898020744324 1480
71.57898020744324 1479
71.57898116111755 1480
71.57898211479187 1477
71.57898306846619 1479
71.57898497581482 1478
71.58149218559265 1480
71.77866220474243 1478
71.77866315841675 1477
71.77866411209106 1479
71.7786660194397 1479
71.77866816520691 1480
71.77866911888123 1480
71.78031420707703 1479
71.78031802177429 1477
71.78031802177429 1478
71.78031802177429 1477
71.78257513046265 1477
71.78257608413696 1478
71.78257608413696 1477
71.78257608413696 1480
71.7825779914856 1478
71.78257918357849 1477
71.78258013725281 1478
71.78258013725281 1477
71.78258109092712 1477
71.78258109092712 1480
71.78258109092712 1478
71.78402400016785 1478
71.78402400016785 1478
71.84220218658447 168
71.92504119873047 1382
71.94111919403076 166
71.94112014770508 1383
71.9445571899414 1478
71.9445571899414 1479
71.9445571899414 1479
71.94630813598633 1477
71.94630908966064 1479
71.94631004333496 1479
71.94631099700928 1480
71.94631314277649 1478
71.94881010055542 1480
71.94881105422974 1479
71.94881200790405 1477
71.94881200790405 1478
71.94881200790405 1479
72.04457020759583 1477
72.04457497596741 1478
72.04713201522827 1479
72.04713320732117 1477
72.04922103881836 1477
72.04922199249268 1480
72.04922318458557 1479
72.04922914505005 1478
72.04922914505005 1480
72.05097508430481 1478
72.05097913742065 1478
72.05098009109497 1479
72.05238914489746 1477
72.05365705490112 167
72.05365800857544 572
72.06151604652405 1479
72.06151604652405 1479
72.06151700019836 1480
72.06151819229126 1478
72.06151914596558 1478
72.06152009963989 1479
72.06273198127747 1479
72.19237017631531 1477
72.1982581615448 1479
72.2516930103302 76
72.26618719100952 1478
72.3389060497284 1480
72.40102410316467 1478
72.40102505683899 1477
72.40102505683899 1477
72.40271806716919 1477
72.40271806716919 1479
72.4027190208435 1479
72.40272116661072 1480
72.40446615219116 1477
72.55470514297485 1477
72.55470609664917 1478
72.55470705032349 1478
72.55470705032349 1478
72.5547080039978 1478
72.5547091960907 1480
72.55471014976501 1477
72.55595016479492 1477
72.55595016479492 1479
72.55595016479492 1477
72.55595207214355 1478
72.55595302581787 1479
72.55803608894348 1479
72.55803608894348 1479
72.55803608894348 1479
72.5580370426178 1478
72.80088114738464 1478
72.80088305473328 1479
72.80088520050049 1479
72.80088710784912 1480
72.80481719970703 1478
72.80703711509705 1479
72.80703902244568 1480
72.80704498291016 1478
72.85173606872559 1074
72.8517370223999 476
72.85331702232361 1478
72.85331916809082 1479
72.85332107543945 1479
72.94217419624329 1072
72.9738450050354 1479
73.0944299697876 1480
73.0944311618805 1479
73.0944311618805 1479
73.09443211555481 1480
73.33203315734863 1479
73.33203315734863 1477
73.33203411102295 1477
73.33203506469727 1477
73.33203601837158 1478
73.33427715301514 1480
73.63164806365967 1479
73.63164901733398 1478
73.63164901733398 1480
73.6316499710083 1478
73.6316499710083 1477
73.6316511631012 1478
73.6333019733429 1477
73.66021203994751 1073
73.73339819908142 475
73.76337504386902 1478
73.76337599754333 1478
73.76337599754333 1479
73.76337718963623 1478
73.80174016952515 1480
73.80174112319946 1479
73.85553312301636 1479
73.85553407669067 1478
73.93453097343445 1478
74.0501971244812 1477
74.0501971244812 1480
74.05020308494568 1479
74.05020499229431 1478
74.05020499229431 1477
74.05244612693787 1479
74.10088801383972 573
74.12361311912537 1480
74.27014398574829 1480
74.4007420539856 1480
74.50188708305359 1477
74.50188708305359 1477
74.5018880367279 1479
74.50189018249512 1480
74.50189018249512 1478
74.50189113616943 1477
74.50189113616943 1479
74.50367903709412 1478
74.50367999076843 1480
74.50367999076843 1479
74.69075107574463 1478
74.69075107574463 1480
74.69075107574463 1480
74.69075202941895 1480
74.69075298309326 1480
74.69075512886047 1479
74.69200897216797 1480
74.69397401809692 1479
74.69397497177124 1478
74.69503712654114 1480
74.69503808021545 1480
74.69503808021545 1480
74.69503998756409 1477
74.69504404067993 1480
74.69712018966675 1480
74.85469007492065 1477
74.85469007492065 1477
74.85648202896118 1478
74.8564829826355 1480
74.8564829826355 1478
74.8564841747284 1480
74.85648608207703 1478
74.85648703575134 1479
74.85857915878296 1477
74.85858011245728 1480
74.85858011245728 1478
74.85858201980591 1479
74.85858511924744 1478
74.86071014404297 1479
74.86071014404297 1480
74.86071109771729 1478
74.86071109771729 1480
74.8607120513916 1479
74.86071300506592 1477
74.86216902732849 1477
74.86216902732849 1478
74.86216902732849 1477
74.86216998100281 1477
74.91386413574219 167
74.96007704734802 1479
74.96007800102234 1478
74.96472811698914 1382
75.00902915000916 1477
75.00903010368347 1478
75.00903105735779 1477
75.01091504096985 1477
75.01091599464417 1477
75.01091718673706 1477
75.0109190940857 1478
75.01092004776001 1479
75.01293110847473 1479
75.01480317115784 1478
75.01480603218079 1480
75.014808177948 1478
75.01480913162231 1478
75.01713514328003 1477
75.01713514328003 1479
75.01713514328003 1479
75.01857399940491 166
75.0185751914978 1382
75.01857709884644 1478
75.01857805252075 1479
75.02009510993958 1480
75.02009510993958 1478
75.02009606361389 1478
75.02009606361389 1479
75.061448097229 167
75.06342697143555 1382
75.0634331703186 167
75.06516313552856 1381
75.06678199768066 169
75.06678199768066 1383
75.06678318977356 167
75.06821513175964 574
75.08208799362183 1477
75.08208918571472 1480
75.08402299880981 1480
75.08402299880981 1478
75.08402609825134 1477
75.08884406089783 1478
75.09065318107605 1479
75.09065413475037 1480
75.09265398979187 1477
75.1550600528717 1478
75.15672206878662 1479
75.15672397613525 1480
75.21144914627075 1480
75.21144914627075 1479
75.2114531993866 1478
75.21145510673523 1478
75.21145510673523 1478
75.21354913711548 1478
75.21913719177246 1477
75.25808119773865 1478
75.33478498458862 1478
75.60333609580994 1477
75.64919304847717 74
75.87432909011841 1479
75.87433004379272 1478
75.87605905532837 1480
75.87606000900269 1478
75.87606000900269 1479
75.8760621547699 1478
75.87606310844421 1479
75.87767314910889 1479
75.8776741027832 1480
75.87767505645752 1478
75.87767601013184 1479
75.87767815589905 1477
75.87768006324768 1478
75.87768006324768 1478
75.877681016922 1478
75.87768197059631 1479
75.92381119728088 119
75.99382019042969 1430
76.0554211139679 1477
76.05542206764221 1479
76.05542206764221 1478
76.05542302131653 1477
76.05542397499084 1480
76.05542397499084 1479
76.05542612075806 1480
76.05704712867737 1479
76.05705308914185 1477
76.05912899971008 1477
76.05913019180298 1477
76.05913209915161 1480
76.06204104423523 1479
76.06334400177002 1480
76.06334710121155 1477
76.06334805488586 1478
76.06334805488586 1480
76.06334805488586 1477
76.06334900856018 1478
76.06542801856995 1478
76.10446214675903 120
76.10446214675903 1429
76.10446214675903 120
76.10446214675903 1431
76.10446310043335 119
76.10446310043335 1430
76.10446405410767 121
76.10446405410767 1432
76.10446405410767 119
76.10446405410767 1432
76.10446500778198 121
76.10446619987488 1431
76.10446619987488 118
76.10446619987488 1432
76.10446619987488 120
76.10663199424744 1430
76.10663318634033 119
76.10663318634033 118
76.12044906616211 1477
76.12045001983643 1478
76.12174606323242 1479
76.12174606323242 1478
76.12174701690674 1477
76.12174701690674 1477
76.12174797058105 1477
76.12174797058105 1478
76.12441205978394 1479
76.12441205978394 1479
76.12441205978394 1477
76.12441420555115 1480
76.20070600509644 1429
76.20897912979126 120
76.20898008346558 1429
76.2204110622406 120
76.22514414787292 1431
76.22780299186707 118
76.22780418395996 1430
76.22780418395996 118
76.22780418395996 1431
76.23174810409546 119
76.23174810409546 1430
76.23174905776978 120
76.2330801486969 571
76.24313807487488 1477
76.2431390285492 1478
76.2431390285492 1478
76.24319505691528 1478
76.24489712715149 1478
76.24489712715149 1478
76.2448980808258 1478
76.24489903450012 1480
76.24489903450012 1477
76.24490118026733 1478
76.24731397628784 1478
76.24731516838074 1478
76.24731516838074 1480
76.24731802940369 1480
76.30228114128113 1479
76.31251502037048 1479
76.31251502037048 1479
76.31252002716064 1479
76.31252098083496 1478
76.31407308578491 1479
76.32579016685486 1479
76.34812712669373 1479
76.34812903404236 1479
76.36094903945923 1477
76.36095118522644 1477
76.36496210098267 1478
76.36496305465698 1478
76.36496305465698 1480
76.3649652004242 1480
76.38092517852783 1478
76.38092613220215 1480
76.38092708587646 1478
76.38260698318481 1479
76.44387006759644 1074
76.46297717094421 478
76.46298003196716 1479
76.5465931892395 1478
76.57159399986267 1477
76.57159519195557 1479
76.57159614562988 1477
76.57159614562988 1479
76.57159614562988 1480
76.57372403144836 1477
76.57372403144836 1479
76.57372617721558 1478
76.57518100738525 1478
76.57518219947815 1480
76.57518219947815 1479
76.57518315315247 1479
76.57518315315247 1480
76.57518410682678 1480
76.57518410682678 1480
76.57518720626831 1478
76.57518815994263 1479
76.57518911361694 1480
76.57704520225525 1480
76.57704615592957 1477
76.57704615592957 1480
76.57704710960388 1478
76.57704997062683 1477
76.57869100570679 1480
76.57869219779968 1480
76.57869219779968 1480
76.57869410514832 1477
76.57869410514832 1480
76.58061218261719 1479
76.58061218261719 1479
76.58061504364014 1477
76.58061599731445 1478
76.58061718940735 1480
76.58206605911255 1478
76.58206701278687 1477
76.58206820487976 1478
76.58206915855408 1479
76.58206915855408 1479
76.5838360786438 1478
76.58786511421204 1480
76.58786606788635 1477
76.58786702156067 1477
76.58786702156067 1479
76.58786797523499 1478
76.58786797523499 1477
76.58786916732788 1477
76.60821104049683 1480
76.61034107208252 1478
76.61034202575684 1478
76.61034297943115 1477
76.61034417152405 1478
76.61034607887268 1478
76.61034607887268 1477
76.610347032547 1477
76.61153197288513 1477
76.61153411865234 1478
76.61153602600098 1480
76.61291313171387 1477
76.6129150390625 1477
76.61292719841003 1478
76.61328411102295 1478
76.61328411102295 1478
76.61328411102295 1480
76.61465716362 1479
76.61465811729431 1477
76.61466312408447 1480
76.61466312408447 1478
76.61466407775879 1480
76.61666011810303 1479
76.61666107177734 1480
76.61666107177734 1479
76.61666297912598 1478
76.61826920509338 1478
76.62087416648865 1477
76.62087512016296 1477
76.62087607383728 1480
76.6208770275116 1478
76.6208770275116 1480
76.6283540725708 1072
76.6283540725708 478
76.62835502624512 1074
76.62835502624512 477
76.62835597991943 1073
76.62835597991943 475
76.62835597991943 1073
76.62835597991943 476
76.62835717201233 1072
76.62835717201233 477
76.62835717201233 1073
76.62835812568665 1073
76.70094299316406 1480
76.77686405181885 1478
76.77686500549316 1477
76.77686500549316 1478
76.77686619758606 1479
76.78068399429321 1479
76.78925609588623 574
76.81179714202881 1478
76.91890716552734 1478
76.91890716552734 1479
76.9189100265503 1478
76.9189100265503 1477
76.92184805870056 1477
76.92184901237488 1479
76.92185401916504 1480
76.92185401916504 1477
76.92406797409058 1477
76.92406797409058 1480
76.92407011985779 1477
76.92407202720642 1478
76.92409110069275 1480
76.92540407180786 1479
76.92721199989319 1477
76.92721319198608 1477
76.92721605300903 1478
76.92721819877625 1478
76.92721915245056 1480
76.92883110046387 1478
76.92883110046387 1480
76.92883515357971 1479
76.93004298210144 1479
76.95159411430359 1477
77.231938123703 1477
77.231938123703 1479
77.23193907737732 1479
77.27279210090637 76
77.42466020584106 1478
77.42466020584106 1480
77.426833152771 1480
77.42683506011963 1479
77.42683506011963 1477
77.42853116989136 1480
77.42853116989136 1480
77.42853212356567 1478
77.42853212356567 1478
77.42853307723999 1479
77.4285340309143 1479
77.42853498458862 1477
77.43042707443237 1477
77.43042802810669 1480
77.430428981781 1477
77.430428981781 1479
77.4304301738739 1479
77.4359381198883 1477
77.43594002723694 1478
77.43594217300415 1477
77.43749403953552 1477
77.43793201446533 1479
77.43794298171997 1477
77.44039297103882 1477
77.44039511680603 1478
77.44039797782898 1478
77.44162011146545 1477
77.44162106513977 1478
77.44162511825562 1480
77.44162607192993 1480
77.44372510910034 1479
77.44372606277466 1478
77.44372916221619 1479
77.44373202323914 1478
77.44373297691345 1479
77.44373416900635 1477
77.44373917579651 1480
77.44374012947083 1478
77.44564914703369 1480
77.44564914703369 1477
77.4690511226654 621
77.61091804504395 931
77.61815810203552 1478
77.61816000938416 1479
77.61816120147705 1479
77.61946201324463 1477
77.61946320533752 1477
77.61946702003479 1480
77.6194679737091 1478
77.6194679737091 1478
77.6210150718689 1478
77.62101912498474 1478
77.62102103233337 1480
77.6223042011261 1479
77.6235899925232 1480
77.62359118461609 1480
77.62500810623169 1479
77.62670516967773 1477
77.63824105262756 1477
77.64174604415894 1479
77.65921807289124 622
77.65921807289124 930
77.65921807289124 620
77.65921902656555 928
77.66072916984558 619
77.66072916984558 928
77.6607301235199 622
77.6607301235199 929
77.66250920295715 620
77.66250920295715 928
77.66251015663147 620
77.66251015663147 929
77.66251015663147 620
77.66251111030579 929
77.76254606246948 1480
77.76254606246948 1477
77.76434803009033 1477
77.76435017585754 1477
77.76435112953186 1478
77.76568603515625 1477
77.76568603515625 1480
77.76568698883057 1479
77.7656900882721 1479
77.76715612411499 1477
77.78348398208618 1478
77.79224300384521 1480
77.79495620727539 1478
77.79495620727539 1480
77.79495620727539 1479
77.79635119438171 1479
77.79635214805603 1479
77.79635214805603 1480
77.79635310173035 1478
77.79635310173035 1477
77.80148816108704 1479
77.80149006843567 1477
77.80149006843567 1479
77.80418515205383 1477
77.80418705940247 1479
78.00730919837952 1479
78.0093080997467 1477
78.28749918937683 1477
78.28982520103455 1478
78.28982710838318 1478
78.28982996940613 1480
78.28982996940613 1477
78.28983116149902 1477
78.2920081615448 1477
78.58507013320923 1478
78.58507013320923 1480
78.58507108688354 1479
78.8603241443634 1479
78.86032509803772 1479
78.86200213432312 1478
78.86200308799744 1477
78.86200404167175 1478
78.86200404167175 1479
78.86351919174194 1478
78.86764407157898 1480
79.11388397216797 1478
79.11624908447266 1479
79.11625099182129 1479
79.11625099182129 1477
79.11789298057556 1480
79.11789298057556 1478
79.11789417266846 1478
79.11789417266846 1480
79.29664301872253 1479
79.42785215377808 1479
79.42785310745239 1480
79.42785406112671 1480
80.27456998825073 1479
80.58035016059875 1480
80.58035111427307 1480
80.85003900527954 1480
80.85280799865723 1478
80.85280919075012 1480
81.12285017967224 1479
81.12285113334656 1479
81.12447905540466 1479
81.15694499015808 621
81.15891599655151 1122
81.16047215461731 619
81.28149509429932 1480
81.28149604797363 1480
81.2844820022583 428
81.28590703010559 1478
81.28707098960876 1480
81.28707218170166 1477
81.28910112380981 1477
81.28910398483276 1478
81.28910517692566 1480
81.28910517692566 1479
81.29062414169312 1478
81.29062414169312 1480
81.29062509536743 1479
81.29223108291626 1478
81.29223203659058 1480
81.31477808952332 1122
81.31477904319763 430
81.31835317611694 1120
81.31835508346558 429
81.31835508346558 1121
81.31835603713989 429
81.32018518447876 1122
81.32018613815308 428
81.32018613815308 1122
81.32292199134827 428
81.32292199134827 1120
81.32292199134827 430
81.32292318344116 1120
81.32292413711548 428
81.32993507385254 1121
81.34959316253662 571
81.43897604942322 1478
81.44056701660156 1478
81.46295499801636 1477
81.46463203430176 1480
81.46463203430176 1478
81.46463799476624 1478
81.46463918685913 1477
81.46670198440552 1480
81.46670198440552 1478
81.46958708763123 1478
81.46958899497986 1477
81.47088313102722 1480
81.47088408470154 1480
81.47088599205017 1478
81.47272515296936 1477
81.49042201042175 1477
81.64523315429688 1479
81.64523315429688 1477
81.64523315429688 1480
81.64523410797119 1480
81.64523410797119 1478
81.64523410797119 1477
81.64523816108704 1480
81.64523911476135 1478
81.64667701721191 1477
81.64667916297913 1478
81.64667916297913 1477
81.64668011665344 1480
81.64668107032776 1477
81.64845013618469 1477
81.64845418930054 1478
81.64845514297485 1478
81.64983415603638 1479
81.6498351097107 1478
81.65151715278625 1478
81.65151810646057 1478
81.65151810646057 1478
81.65151906013489 1477
81.65151906013489 1477
81.654048204422 1478
81.654048204422 1479
81.65405106544495 1479
81.65405201911926 1477
81.65405297279358 1477
81.65405511856079 1478
81.65603399276733 1477
81.65603709220886 1479
81.6812310218811 1075
81.7212860584259 573
81.8543632030487 1477
81.85436415672302 1478
81.85436415672302 1477
81.85679197311401 1478
81.85679507255554 1480
81.85679507255554 1479
81.85679602622986 1478
81.85679697990417 1480
81.85851216316223 1479
81.85851311683655 1477
81.85851407051086 1479
81.86041402816772 1477
81.86041402816772 1478
81.86041402816772 1478
81.86041617393494 1478
81.86180901527405 1477
81.86181020736694 1477
81.86181211471558 1479
81.86383605003357 1478
81.86383700370789 1479
81.8638391494751 1477
81.86384010314941 1477
81.86532211303711 1479
82.05482697486877 1479
82.11223316192627 1479
82.11223411560059 1477
82.11223411560059 1479
82.11223697662354 1479
82.11223816871643 1480
82.11356401443481 1478
82.11356401443481 1478
82.11356520652771 1478
82.11356520652771 1479
82.11356616020203 1480
82.11530208587646 1478
82.11530303955078 1479
82.11530303955078 1477
82.1153039932251 1479
82.1611111164093 76
82.40146017074585 1477
82.44240212440491 1478
82.44240617752075 1478
82.65717697143555 1480
82.65717816352844 1478
82.65922403335571 1478
82.65922617912292 1478
82.65922713279724 1478
82.65922713279724 1479
82.65922808647156 1478
82.82206511497498 1477
82.82207012176514 1477
82.82207012176514 1480
82.84420204162598 1480
83.01466012001038 1480
83.01466107368469 1479
83.01466202735901 1479
83.01466417312622 1477
83.20665001869202 1480
83.20927309989929 1480
83.20927405357361 1479
83.20927500724792 1477
83.20927619934082 1478
83.20927619934082 1479
83.20927619934082 1480
83.36069512367249 1477
83.36069512367249 1480
83.3606960773468 1479
83.36238217353821 1478
83.36238408088684 1480
83.36291718482971 1479
83.36425399780273 1477
83.36571598052979 1479
83.36571717262268 1480
83.40046715736389 208
83.53629803657532 1478
83.53629803657532 1480
83.53629899024963 1479
83.54341697692871 1478
83.5434181690216 1477
83.54341912269592 1479
83.54342103004456 1477
99.64008116722107 52
109.50214219093323 82
