1050000
0.0 1500
0.0008530616760253906 1500
0.002907991409301758 1500
0.0038280487060546875 1500
0.006188154220581055 1500
0.006966114044189453 1500
0.008990049362182617 1500
0.009811162948608398 1500
0.012072086334228516 1500
0.013231992721557617 1500
0.01418304443359375 1500
0.01601696014404297 1500
0.01681804656982422 1500
0.01881694793701172 1500
0.02031707763671875 1500
0.02219700813293457 1500
0.023463010787963867 1500
0.02494215965270996 1500
0.02593207359313965 1500
0.026937007904052734 1500
0.02915215492248535 1500
0.029999971389770508 1500
0.032035112380981445 1500
0.03307294845581055 1500
0.03512310981750488 1500
0.03589200973510742 1500
0.038233041763305664 1500
0.03905916213989258 1500
0.04008793830871582 1500
0.04191017150878906 1500
0.04282999038696289 1500
0.04501795768737793 1500
0.046450138092041016 1500
0.04812812805175781 1500
0.048890113830566406 1500
0.05116415023803711 1500
0.052041053771972656 1500
0.05271601676940918 1500
0.05529212951660156 1500
0.05684709548950195 1500
0.058155059814453125 1500
0.060112953186035156 1500
0.06085014343261719 1500
0.06199002265930176 1500
0.06424593925476074 1500
0.06497597694396973 1500
0.06868505477905273 1500
0.06868505477905273 1500
0.07010698318481445 1500
0.07076597213745117 1500
0.07310914993286133 1500
0.07390308380126953 1500
0.07541894912719727 1500
0.07715606689453125 1500
0.07862997055053711 1500
0.08018708229064941 1500
0.08094096183776855 1500
0.08307600021362305 1500
0.0840451717376709 1500
0.08630514144897461 1500
0.08680915832519531 1500
0.0877981185913086 1500
0.09010910987854004 1500
0.0907449722290039 1500
0.0932469367980957 1500
0.09384298324584961 1500
0.09584903717041016 1500
0.09685397148132324 1500
0.09938812255859375 1500
0.10002017021179199 1500
0.10203409194946289 1500
0.10302615165710449 1500
0.10433411598205566 1500
0.10592508316040039 1500
0.10677099227905273 1500
0.10897016525268555 1500
0.10980796813964844 1500
0.11264514923095703 1500
0.11281299591064453 1500
0.11503100395202637 1500
0.1160271167755127 1500
0.11695313453674316 1500
0.11929202079772949 1500
0.12000799179077148 1500
0.12216997146606445 1500
0.12295699119567871 1500
0.12529611587524414 1500
0.1257941722869873 1500
0.12822794914245605 1500
0.12883305549621582 1500
0.13015103340148926 1500
0.13208508491516113 1500
0.13316011428833008 1500
0.1350080966949463 1500
0.13585114479064941 1500
0.1385180950164795 1500
0.13903117179870605 1500
0.14113998413085938 1500
0.14185714721679688 1500
0.14285016059875488 1500
0.14519095420837402 1500
0.14616012573242188 1500
0.14815711975097656 1500
0.1490471363067627 1500
0.15126299858093262 1500
0.15197515487670898 1500
0.15447306632995605 1500
0.1550910472869873 1500
0.15647196769714355 1500
0.15851497650146484 1500
0.15894007682800293 1500
0.16150712966918945 1500
0.16207313537597656 1500
0.16384506225585938 1500
0.16486597061157227 1500
0.16721415519714355 1500
0.167924165725708 1500
0.16948914527893066 1500
0.171220064163208 1500
0.1719810962677002 1500
0.1741020679473877 1500
0.17612504959106445 1500
0.17743611335754395 1500
0.17814016342163086 1500
0.18024802207946777 1500
0.1808481216430664 1500
0.1836400032043457 1500
0.18440604209899902 1500
0.1859300136566162 1500
0.18706297874450684 1500
0.18781614303588867 1500
0.1901991367340088 1500
0.19102215766906738 1500
0.1932239532470703 1500
0.19387316703796387 1500
0.1949770450592041 1500
0.19677209854125977 1500
0.19828295707702637 1500
0.20017504692077637 1500
0.20101594924926758 1500
0.20343303680419922 1500
0.20387506484985352 1500
0.20621204376220703 1500
0.20699810981750488 1500
0.20781898498535156 1500
0.20984506607055664 1500
0.21087217330932617 1500
0.21323394775390625 1500
0.21401214599609375 1500
0.21609115600585938 1500
0.2171480655670166 1500
0.21998906135559082 1500
0.21998906135559082 1500
0.2213900089263916 1500
0.2233569622039795 1500
0.22395110130310059 1500
0.22618794441223145 1500
0.22722411155700684 1500
0.22886013984680176 1500
0.22974896430969238 1500
0.2322709560394287 1500
0.2329721450805664 1500
0.23425507545471191 1500
0.236130952835083 1500
0.23702216148376465 1500
0.23922300338745117 1500
0.2399599552154541 1500
0.24227309226989746 1500
0.24318599700927734 1500
0.24505305290222168 1500
0.2459249496459961 1500
0.24711394309997559 1500
0.24898004531860352 1500
0.2503981590270996 1500
0.2517681121826172 1500
0.2529449462890625 1500
0.2552609443664551 1500
0.25611400604248047 1500
0.2582521438598633 1500
0.25886011123657227 1500
0.2599339485168457 1500
0.2634141445159912 1500
0.2634141445159912 1500
0.26488494873046875 1500
0.2658979892730713 1500
0.26824116706848145 1500
0.26892709732055664 1500
0.2711811065673828 1500
0.27192115783691406 1500
0.27296900749206543 1500
0.2749459743499756 1500
0.2762470245361328 1500
0.2782151699066162 1500
0.27910614013671875 1500
0.2815580368041992 1500
0.28243017196655273 1500
0.2841501235961914 1500
0.28537797927856445 1500
0.28583407402038574 1500
0.2881960868835449 1500
0.2888791561126709 1500
0.29100513458251953 1500
0.2920670509338379 1500
0.2938239574432373 1500
0.29488611221313477 1500
0.2969679832458496 1500
0.2981419563293457 1500
0.3001279830932617 1500
0.30094099044799805 1500
0.3021690845489502 1500
0.305462121963501 1500
0.305462121963501 1500
0.30730414390563965 1500
0.30819106101989746 1500
0.31003499031066895 1500
0.31099605560302734 1500
0.3129251003265381 1500
0.31419801712036133 1500
0.31490111351013184 1500
0.31717610359191895 1500
0.3179149627685547 1500
0.31996893882751465 1500
0.3209381103515625 1500
0.3246769905090332 1500
0.3246769905090332 1500
0.326214075088501 1500
0.3270411491394043 1500
0.32823610305786133 1500
0.33020806312561035 1500
0.3310270309448242 1500
0.3347280025482178 1500
0.3347280025482178 1500
0.3358731269836426 1500
0.3370089530944824 1500
0.33936500549316406 1500
0.3398280143737793 1500
0.34096598625183105 1500
0.34465813636779785 1500
0.34465813636779785 1500
0.3464820384979248 1500
0.3468761444091797 1500
0.34937095642089844 1500
0.35005903244018555 1500
0.35198116302490234 1500
0.3530290126800537 1500
0.3550839424133301 1500
0.35599613189697266 1500
0.35689210891723633 1500
0.3592040538787842 1500
0.3598141670227051 1500
0.3619980812072754 1500
0.3628511428833008 1500
0.3652470111846924 1500
0.3660111427307129 1500
0.36821794509887695 1500
0.3688850402832031 1500
0.37015295028686523 1500
0.3718380928039551 1500
0.3727281093597412 1500
0.3754129409790039 1500
0.37607598304748535 1500
0.3778719902038574 1500
0.37891697883605957 1500
0.38112807273864746 1500
0.3819999694824219 1500
0.3831820487976074 1500
0.3861579895019531 1500
0.38623809814453125 1500
0.38820695877075195 1500
0.3887290954589844 1500
0.3911271095275879 1500
0.3919351100921631 1500
0.3940701484680176 1500
0.3949241638183594 1500
0.39718008041381836 1500
0.398151159286499 1500
0.39882802963256836 1500
0.40085411071777344 1500
0.4019770622253418 1500
0.4040350914001465 1500
0.40508103370666504 1500
0.40699100494384766 1500
0.4078049659729004 1500
0.4092550277709961 1500
0.4111640453338623 1500
0.41227006912231445 1500
0.41429805755615234 1500
0.41515302658081055 1500
0.41710495948791504 1500
0.41785311698913574 1500
0.420151948928833 1500
0.4211750030517578 1500
0.42208194732666016 1500
0.42404794692993164 1500
0.4252300262451172 1500
0.4269850254058838 1500
0.4277939796447754 1500
0.43097710609436035 1500
0.43097710609436035 1500
0.43314695358276367 1500
0.43392515182495117 1500
0.4351379871368408 1500
0.4370441436767578 1500
0.4377920627593994 1500
0.44014406204223633 1500
0.44102001190185547 1500
0.4432511329650879 1500
0.44412994384765625 1500
0.4462709426879883 1500
0.4468879699707031 1500
0.44840407371520996 1500
0.4503190517425537 1500
0.45110511779785156 1500
0.45283007621765137 1500
0.45401716232299805 1500
0.4562411308288574 1500
0.4568150043487549 1500
0.4592101573944092 1500
0.4597189426422119 1500
0.46094703674316406 1500
0.4627511501312256 1500
0.4639930725097656 1500
0.46623897552490234 1500
0.4671061038970947 1500
0.4689371585845947 1500
0.4699709415435791 1500
0.47205209732055664 1500
0.4743499755859375 1500
0.4743499755859375 1500
0.47616004943847656 1500
0.47681713104248047 1500
0.47910094261169434 1500
0.4800441265106201 1500
0.48206305503845215 1500
0.482896089553833 1500
0.4852409362792969 1500
0.4859731197357178 1500
0.48728513717651367 1500
0.4894411563873291 1500
0.48975300788879395 1500
0.49216794967651367 1500
0.4932680130004883 1500
0.4949760437011719 1500
0.4963040351867676 1500
0.49813008308410645 1500
0.4988901615142822 1500
0.501007080078125 1500
0.5019559860229492 1500
0.503180980682373 1500
0.5047030448913574 1500
0.5060689449310303 1500
0.5078029632568359 1500
0.5091209411621094 1500
0.5112330913543701 1500
0.5118451118469238 1500
0.5150589942932129 1500
0.5151441097259521 1500
0.516880989074707 1500
0.5183050632476807 1500
0.5190889835357666 1500
0.5210771560668945 1500
0.5219380855560303 1500
0.5238549709320068 1500
0.5247509479522705 1500
0.5272431373596191 1500
0.5277740955352783 1500
0.5304300785064697 1500
0.5310201644897461 1500
0.5333890914916992 1500
0.5337820053100586 1500
0.537632942199707 1500
0.537632942199707 1500
0.5392019748687744 1500
0.5399940013885498 1500
0.542323112487793 1500
0.5428309440612793 1500
0.5450119972229004 1500
0.5461251735687256 1500
0.5481841564178467 1500
0.5491819381713867 1500
0.550227165222168 1500
0.5518460273742676 1500
0.5527970790863037 1500
0.5550551414489746 1500
0.5563969612121582 1500
0.5581130981445312 1500
0.5591609477996826 1500
0.5599551200866699 1500
0.5621850490570068 1500
0.56296706199646 1500
0.5651309490203857 1500
0.5657210350036621 1500
0.5678920745849609 1500
0.568925142288208 1500
0.5710279941558838 1500
0.5719020366668701 1500
0.5730719566345215 1500
0.5752899646759033 1500
0.5759849548339844 1500
0.5782020092010498 1500
0.5791211128234863 1500
0.5811970233917236 1500
0.5820231437683105 1500
0.5841381549835205 1500
0.5848391056060791 1500
0.5859301090240479 1500
0.5881509780883789 1500
0.5888071060180664 1500
0.5913140773773193 1500
0.5917980670928955 1500
0.5942659378051758 1500
0.5947749614715576 1500
0.5968689918518066 1500
0.5983080863952637 1500
0.5988960266113281 1500
0.6011221408843994 1500
0.6018190383911133 1500
0.6038730144500732 1500
0.6049680709838867 1500
0.6070461273193359 1500
0.6078090667724609 1500
0.6100931167602539 1500
0.6108701229095459 1500
0.6119270324707031 1500
0.614130973815918 1500
0.6152970790863037 1500
0.6171281337738037 1500
0.6177420616149902 1500
0.6200771331787109 1500
0.6210041046142578 1500
0.6231260299682617 1500
0.6238961219787598 1500
0.6252710819244385 1500
0.627094030380249 1500
0.6281521320343018 1500
0.6302380561828613 1500
0.6368861198425293 1500
0.6368861198425293 1500
0.6368861198425293 1500
0.6368861198425293 1500
0.6371300220489502 1500
0.6383650302886963 1500
0.6398701667785645 1500
0.6411120891571045 1500
0.6428251266479492 1500
0.6442310810089111 1500
0.6463370323181152 1500
0.6470470428466797 1500
0.6494369506835938 1500
0.649744987487793 1500
0.6579570770263672 1500
0.6579570770263672 1500
0.6579570770263672 1500
0.6579570770263672 1500
0.6579570770263672 1500
0.6594820022583008 1500
0.6598401069641113 1500
0.6622309684753418 1500
0.6632330417633057 1500
0.6640470027923584 1500
0.6659631729125977 1500
0.6687331199645996 1500
0.6692860126495361 1500
0.6700000762939453 1500
0.6735589504241943 1500
0.6735589504241943 1500
0.6825289726257324 1500
0.6825289726257324 1500
0.6825289726257324 1500
0.6825289726257324 1500
0.6825289726257324 1500
0.6825289726257324 1500
0.6841249465942383 1500
0.6850121021270752 1500
0.6857850551605225 1500
0.6878280639648438 1500
0.6890780925750732 1500
0.6910021305084229 1500
0.6918480396270752 1500
0.6940181255340576 1500
0.695289134979248 1500
0.6972391605377197 1500
0.6982381343841553 1500
0.6991651058197021 1500
0.7012290954589844 1500
0.7018020153045654 1500
0.7042930126190186 1500
0.7049250602722168 1500
0.7068181037902832 1500
0.7077951431274414 1500
0.710003137588501 1500
0.7108001708984375 1500
0.7118401527404785 1500
0.7141671180725098 1500
0.7151510715484619 1500
0.7170000076293945 1500
0.718372106552124 1500
0.7209770679473877 1500
0.7211141586303711 1500
0.7230069637298584 1500
0.7243130207061768 1500
0.725006103515625 1500
0.7272131443023682 1500
0.7278449535369873 1500
0.7298469543457031 1500
0.7309510707855225 1500
0.7330830097198486 1500
0.7340731620788574 1500
0.7359740734100342 1500
0.7370021343231201 1500
0.7392101287841797 1500
0.7397871017456055 1500
0.7456481456756592 1500
0.7456481456756592 1500
0.7456481456756592 1500
0.7462389469146729 1500
0.7470591068267822 1500
0.748816967010498 1500
0.7497751712799072 1500
0.7509069442749023 1500
0.7531709671020508 1500
0.7538590431213379 1500
0.7559430599212646 1500
0.7571940422058105 1500
0.7589499950408936 1500
0.7598581314086914 1500
0.7623720169067383 1500
0.7627871036529541 1500
0.7642080783843994 1500
0.7662270069122314 1500
0.7671351432800293 1500
0.7700309753417969 1500
0.7700309753417969 1500
0.7724530696868896 1500
0.7734110355377197 1500
0.7752821445465088 1500
0.7759759426116943 1500
0.7768509387969971 1500
0.7791249752044678 1500
0.7797830104827881 1500
0.7832090854644775 1500
0.7832090854644775 1500
0.7850601673126221 1500
0.7857811450958252 1500
0.7883000373840332 1500
0.7896971702575684 1500
0.7899041175842285 1500
0.7921111583709717 1500
0.7927989959716797 1500
0.7948870658874512 1500
0.7961690425872803 1500
0.7984700202941895 1500
0.8002171516418457 1500
0.8010270595550537 1500
0.8018620014190674 1500
0.8038840293884277 1500
0.8049211502075195 1500
0.8070909976959229 1500
0.8079521656036377 1500
0.8103101253509521 1500
0.810992956161499 1500
0.8131170272827148 1500
0.8141050338745117 1500
0.8148951530456543 1500
0.8167209625244141 1500
0.8180911540985107 1500
0.819972038269043 1500
0.821052074432373 1500
0.8231639862060547 1500
0.8238639831542969 1500
0.8258531093597412 1500
0.8270981311798096 1500
0.8282971382141113 1500
0.8299679756164551 1500
0.8308091163635254 1500
0.8328549861907959 1500
0.8338849544525146 1500
0.8361051082611084 1500
0.8367111682891846 1500
0.8391289710998535 1500
0.8399021625518799 1500
0.8413081169128418 1500
0.842987060546875 1500
0.8440589904785156 1500
0.8460650444030762 1500
0.8470289707183838 1500
0.8493130207061768 1500
0.8498761653900146 1500
0.8556180000305176 1500
0.8556180000305176 1500
0.8556180000305176 1500
0.8562040328979492 1500
0.857154130935669 1500
0.859123945236206 1500
0.8597691059112549 1500
0.8620271682739258 1500
0.8630681037902832 1500
0.8650469779968262 1500
0.8664171695709229 1500
0.8669440746307373 1500
0.8699331283569336 1500
0.8699331283569336 1500
0.8718271255493164 1500
0.8729219436645508 1500
0.8751270771026611 1500
0.8759679794311523 1500
0.8781399726867676 1500
0.8789770603179932 1500
0.8811969757080078 1500
0.8819839954376221 1500
0.8833761215209961 1500
0.8848099708557129 1500
0.8858809471130371 1500
0.8881340026855469 1500
0.8893060684204102 1500
0.8913400173187256 1500
0.8917291164398193 1500
0.8930799961090088 1500
0.8953030109405518 1500
0.8960261344909668 1500
0.8981389999389648 1500
0.898921012878418 1500
0.9019870758056641 1500
0.9019870758056641 1500
0.9042179584503174 1500
0.9047529697418213 1500
0.9060051441192627 1500
0.9077939987182617 1500
0.908858060836792 1500
0.9110040664672852 1500
0.9118990898132324 1500
0.913891077041626 1500
0.91497802734375 1500
0.9170410633087158 1500
0.9183559417724609 1500
0.9190950393676758 1500
0.9212939739227295 1500
0.921983003616333 1500
0.9240250587463379 1500
0.9252021312713623 1500
0.9267959594726562 1500
0.9281721115112305 1500
0.9302020072937012 1500
0.930757999420166 1500
0.9321911334991455 1500
0.9347460269927979 1500
0.9348151683807373 1500
0.937324047088623 1500
0.9380900859832764 1500
0.9402470588684082 1500
0.9411230087280273 1500
0.9437870979309082 1500
0.9439990520477295 1500
0.9450981616973877 1500
0.947005033493042 1500
0.9478609561920166 1500
0.9498169422149658 1500
0.9509561061859131 1500
0.9528329372406006 1500
0.9537780284881592 1500
0.9560790061950684 1500
0.9568071365356445 1500
0.9578821659088135 1500
0.9599130153656006 1500
0.9610271453857422 1500
0.9635820388793945 1500
0.9637620449066162 1500
0.9683539867401123 1500
0.9683539867401123 1500
0.9688661098480225 1500
0.9701759815216064 1500
0.9720940589904785 1500
0.9729621410369873 1500
0.9738490581512451 1500
0.9761159420013428 1500
0.9772629737854004 1500
0.9790019989013672 1500
0.9800951480865479 1500
0.982011079788208 1500
0.9828360080718994 1500
0.9894571304321289 1500
0.9894571304321289 1500
0.9894571304321289 1500
0.9894571304321289 1500
0.9900190830230713 1500
0.9918439388275146 1500
0.9929659366607666 1500
0.9949631690979004 1500
0.9959430694580078 1500
0.997873067855835 1500
0.9987549781799316 1500
0.9997241497039795 1500
1.001979112625122 1500
1.0027179718017578 1500
1.0047881603240967 1500
1.005911111831665 1500
1.0095291137695312 1500
1.0095291137695312 1500
1.0108051300048828 1500
1.0121619701385498 1500
