1050000
0.0 1500
0.0022699832916259766 1500
0.0038819313049316406 1500
0.006350040435791016 1500
0.007261991500854492 1500
0.009210824966430664 1500
0.010921955108642578 1500
0.012967824935913086 1500
0.014835834503173828 1500
0.016321897506713867 1500
0.018007993698120117 1500
0.01993393898010254 1500
0.021374940872192383 1500
0.02324390411376953 1500
0.024873971939086914 1500
0.02698493003845215 1500
0.028398990631103516 1500
0.030242919921875 1500
0.03241586685180664 1500
0.03440499305725098 1500
0.03621387481689453 1500
0.03810405731201172 1500
0.041105031967163086 1500
0.041105031967163086 1500
0.043254852294921875 1500
0.04532289505004883 1500
0.047482967376708984 1500
0.04896998405456543 1500
0.051239967346191406 1500
0.055632829666137695 1500
0.056243896484375 1500
0.05862689018249512 1500
0.060205936431884766 1500
0.06393098831176758 1500
0.06402993202209473 1500
0.06545901298522949 1500
0.06720590591430664 1500
0.06934189796447754 1500
0.07165384292602539 1500
0.07370901107788086 1500
0.07539701461791992 1500
0.0770118236541748 1500
0.07916784286499023 1500
0.08091497421264648 1500
0.08282685279846191 1500
0.08617401123046875 1500
0.08630204200744629 1500
0.08841705322265625 1500
0.08984899520874023 1500
0.09120798110961914 1500
0.09361982345581055 1500
0.0949549674987793 1500
0.09701704978942871 1500
0.09897994995117188 1500
0.10028195381164551 1500
0.1020510196685791 1500
0.10415387153625488 1500
0.10612702369689941 1500
0.1078488826751709 1500
0.10920500755310059 1500
0.1108999252319336 1500
0.11261200904846191 1500
0.11398506164550781 1500
0.11611795425415039 1500
0.11736583709716797 1500
0.11901187896728516 1500
0.12125802040100098 1500
0.12235689163208008 1500
0.12407493591308594 1500
0.12593603134155273 1500
0.12721991539001465 1500
0.12907791137695312 1500
0.13098597526550293 1500
0.13327383995056152 1500
0.1351640224456787 1500
0.1371610164642334 1500
0.13896799087524414 1500
0.14161300659179688 1500
0.14375090599060059 1500
0.14496183395385742 1500
0.14716696739196777 1500
0.1494770050048828 1500
0.1508939266204834 1500
0.15233182907104492 1500
0.1541728973388672 1500
0.15630602836608887 1500
0.15822386741638184 1500
0.1599440574645996 1500
0.16182494163513184 1500
0.1631019115447998 1500
0.1649789810180664 1500
0.16702485084533691 1500
0.16910004615783691 1500
0.1699509620666504 1500
0.17217183113098145 1500
0.17409706115722656 1500
0.17619705200195312 1500
0.17799782752990723 1500
0.17989182472229004 1500
0.1828930377960205 1500
0.18385887145996094 1500
0.18581795692443848 1500
0.1880359649658203 1500
0.1894550323486328 1500
0.1912999153137207 1500
0.1934499740600586 1500
0.19518399238586426 1500
0.19751882553100586 1500
0.19940495491027832 1500
0.20137906074523926 1500
0.20316386222839355 1500
0.2048358917236328 1500
0.20724201202392578 1500
0.20881891250610352 1500
0.2103428840637207 1500
0.21233391761779785 1500
0.2140500545501709 1500
0.2163228988647461 1500
0.2180469036102295 1500
0.22040200233459473 1500
0.22285890579223633 1500
0.22520899772644043 1500
0.2269599437713623 1500
0.22917985916137695 1500
0.23039484024047852 1500
0.23225903511047363 1500
0.23391103744506836 1500
0.23587489128112793 1500
0.23731684684753418 1500
0.2393958568572998 1500
0.24095988273620605 1500
0.24411392211914062 1500
0.245866060256958 1500
0.2482309341430664 1500
0.2522280216217041 1500
0.2522280216217041 1500
0.2544419765472412 1500
0.25513195991516113 1500
0.2571439743041992 1500
0.25957489013671875 1500
0.2615969181060791 1500
0.2620840072631836 1500
0.2640969753265381 1500
0.2658958435058594 1500
0.26891303062438965 1500
0.27099084854125977 1500
0.2728738784790039 1500
0.27492690086364746 1500
0.27640700340270996 1500
0.278411865234375 1500
0.28009700775146484 1500
0.2820169925689697 1500
0.28434085845947266 1500
0.285930871963501 1500
0.2878730297088623 1500
0.2900879383087158 1500
0.29202985763549805 1500
0.2937948703765869 1500
0.29520392417907715 1500
0.29707884788513184 1500
0.2980828285217285 1500
0.30046796798706055 1500
0.30204200744628906 1500
0.30391883850097656 1500
0.3058948516845703 1500
0.30811285972595215 1500
0.30985093116760254 1500
0.3119020462036133 1500
0.3132309913635254 1500
0.3150818347930908 1500
0.3168349266052246 1500
0.31848883628845215 1500
0.3199460506439209 1500
0.32219386100769043 1500
0.3232729434967041 1500
0.32504701614379883 1500
0.32726192474365234 1500
0.32982492446899414 1500
0.3320300579071045 1500
0.33383798599243164 1500
0.334928035736084 1500
0.3371570110321045 1500
0.33879590034484863 1500
0.34003591537475586 1500
0.3419468402862549 1500
0.34337782859802246 1500
0.3450889587402344 1500
0.34696102142333984 1500
0.351032018661499 1500
0.35295987129211426 1500
0.3579878807067871 1500
0.3619849681854248 1500
0.3629889488220215 1500
0.3649618625640869 1500
0.366225004196167 1500
0.3679828643798828 1500
0.3699789047241211 1500
0.3719358444213867 1500
0.3750150203704834 1500
0.3769550323486328 1500
0.3780200481414795 1500
0.38011789321899414 1500
0.38190484046936035 1500
0.3839738368988037 1500
0.3858158588409424 1500
0.3874640464782715 1500
0.3889479637145996 1500
0.3908858299255371 1500
0.3929109573364258 1500
0.3951749801635742 1500
0.39730286598205566 1500
0.3982720375061035 1500
0.4003410339355469 1500
0.4019019603729248 1500
0.4040689468383789 1500
0.40589189529418945 1500
0.4080209732055664 1500
0.40992093086242676 1500
0.41235995292663574 1500
0.4148879051208496 1500
0.4163680076599121 1500
0.4182438850402832 1500
0.420245885848999 1500
0.4223289489746094 1500
0.42347002029418945 1500
0.4249389171600342 1500
0.42719292640686035 1500
0.4292469024658203 1500
0.43099188804626465 1500
0.4330430030822754 1500
0.4343700408935547 1500
0.436115026473999 1500
0.43843698501586914 1500
0.4400649070739746 1500
0.44193196296691895 1500
0.44399499893188477 1500
0.4477109909057617 1500
0.44847702980041504 1500
0.4504120349884033 1500
0.452955961227417 1500
0.45485997200012207 1500
0.45714282989501953 1500
0.45890188217163086 1500
0.4608440399169922 1500
0.46283888816833496 1500
0.46500205993652344 1500
0.4668600559234619 1500
0.4681270122528076 1500
0.4708549976348877 1500
0.4722268581390381 1500
0.47551393508911133 1500
0.47641587257385254 1500
0.4785459041595459 1500
0.48099589347839355 1500
0.4819819927215576 1500
0.48418402671813965 1500
0.48610997200012207 1500
0.4879429340362549 1500
0.4898190498352051 1500
0.4911830425262451 1500
0.49326586723327637 1500
0.4949049949645996 1500
0.4972970485687256 1500
0.49901700019836426 1500
0.5009658336639404 1500
0.5028729438781738 1500
0.5048189163208008 1500
0.5063619613647461 1500
0.5083088874816895 1500
0.5100979804992676 1500
0.5118389129638672 1500
0.5139689445495605 1500
0.5152308940887451 1500
0.517319917678833 1500
0.5191428661346436 1500
0.5208649635314941 1500
0.5228228569030762 1500
0.5240809917449951 1500
0.5261960029602051 1500
0.5279428958892822 1500
0.5298318862915039 1500
0.5312900543212891 1500
0.5333359241485596 1500
0.5350680351257324 1500
0.5372228622436523 1500
0.5384340286254883 1500
0.5400669574737549 1500
0.5420620441436768 1500
0.5433568954467773 1500
0.5452969074249268 1500
0.5471899509429932 1500
0.5483088493347168 1500
0.5498988628387451 1500
0.5512619018554688 1500
0.5528688430786133 1500
0.5540258884429932 1500
0.5560238361358643 1500
0.5578780174255371 1500
0.5590288639068604 1500
0.5610649585723877 1500
0.5628888607025146 1500
0.5650010108947754 1500
0.566925048828125 1500
0.5681328773498535 1500
0.5699799060821533 1500
0.5720968246459961 1500
0.5733740329742432 1500
0.5749640464782715 1500
0.5769369602203369 1500
0.5781939029693604 1500
0.5800390243530273 1500
0.582103967666626 1500
0.5838449001312256 1500
0.5854020118713379 1500
0.58707594871521 1500
0.5889968872070312 1500
0.590080976486206 1500
0.5920259952545166 1500
0.5942559242248535 1500
0.59586501121521 1500
0.5978410243988037 1500
0.5995948314666748 1500
0.6013760566711426 1500
0.6028718948364258 1500
0.6043610572814941 1500
0.6060938835144043 1500
0.6080799102783203 1500
0.6098530292510986 1500
0.6118960380554199 1500
0.6134729385375977 1500
0.6149580478668213 1500
0.6168718338012695 1500
0.6183409690856934 1500
0.619452953338623 1500
0.6209900379180908 1500
0.6224050521850586 1500
0.6239728927612305 1500
0.6254408359527588 1500
0.6273379325866699 1500
0.6288309097290039 1500
0.6299309730529785 1500
0.6319830417633057 1500
0.6329808235168457 1500
0.63515305519104 1500
0.637131929397583 1500
0.6389689445495605 1500
0.6405069828033447 1500
0.642056941986084 1500
0.6441090106964111 1500
0.6461820602416992 1500
0.6478219032287598 1500
0.649237871170044 1500
0.6509380340576172 1500
0.6530070304870605 1500
0.6543209552764893 1500
0.6559350490570068 1500
0.6572320461273193 1500
0.6593420505523682 1500
0.6609928607940674 1500
0.66302490234375 1500
0.6649880409240723 1500
0.6664068698883057 1500
0.6683719158172607 1500
0.6698439121246338 1500
0.6711719036102295 1500
0.6733798980712891 1500
0.6753828525543213 1500
0.6768310070037842 1500
0.6783299446105957 1500
0.6801109313964844 1500
0.6813549995422363 1500
0.6832149028778076 1500
0.6848490238189697 1500
0.686492919921875 1500
0.6881179809570312 1500
0.689978837966919 1500
0.6913168430328369 1500
0.6933610439300537 1500
0.6952450275421143 1500
0.6970410346984863 1500
0.6982958316802979 1500
0.7002520561218262 1500
0.7020938396453857 1500
0.7042238712310791 1500
0.7058529853820801 1500
0.707319974899292 1500
0.7089869976043701 1500
0.7110729217529297 1500
0.7129828929901123 1500
0.7153868675231934 1500
0.7168769836425781 1500
0.7183868885040283 1500
0.720020055770874 1500
0.7218399047851562 1500
0.7233028411865234 1500
0.7249360084533691 1500
0.7271230220794678 1500
0.7283589839935303 1500
0.7301809787750244 1500
0.7374269962310791 1500
0.7374269962310791 1500
0.7374269962310791 1500
0.7374269962310791 1500
0.7382080554962158 1500
0.7404348850250244 1500
0.7420608997344971 1500
0.7430510520935059 1500
0.7450950145721436 1500
0.7469830513000488 1500
0.7488720417022705 1500
0.7504730224609375 1500
0.7519538402557373 1500
0.7539370059967041 1500
0.7552978992462158 1500
0.756943941116333 1500
0.7592298984527588 1500
0.760368824005127 1500
0.7619378566741943 1500
0.7642560005187988 1500
0.7650270462036133 1500
0.7671768665313721 1500
0.7688980102539062 1500
0.7703208923339844 1500
0.7719998359680176 1500
0.7739219665527344 1500
0.7755429744720459 1500
0.7769768238067627 1500
0.778892993927002 1500
0.7801249027252197 1500
0.7820470333099365 1500
0.783890962600708 1500
0.7858560085296631 1500
0.787194013595581 1500
0.7893569469451904 1500
0.7911369800567627 1500
0.7924280166625977 1500
0.7942538261413574 1500
0.7962799072265625 1500
0.7975800037384033 1500
0.7992188930511475 1500
0.8003430366516113 1500
0.8024978637695312 1500
0.8044719696044922 1500
0.8058938980102539 1500
0.8079419136047363 1500
0.8091399669647217 1500
0.811176061630249 1500
0.8128950595855713 1500
0.8150839805603027 1500
0.8161189556121826 1500
0.8182499408721924 1500
0.819943904876709 1500
0.8213639259338379 1500
0.8229398727416992 1500
0.824970006942749 1500
0.8270838260650635 1500
0.8279678821563721 1500
0.8301088809967041 1500
0.832237958908081 1500
0.834352970123291 1500
0.8362338542938232 1500
0.8380818367004395 1500
0.8398640155792236 1500
0.8421249389648438 1500
0.8438999652862549 1500
0.846099853515625 1500
0.8488960266113281 1500
0.8513510227203369 1500
0.8530399799346924 1500
0.855241060256958 1500
0.8573079109191895 1500
0.8592100143432617 1500
0.8611099720001221 1500
0.8633530139923096 1500
0.8650920391082764 1500
0.8663170337677002 1500
0.8683898448944092 1500
0.8702340126037598 1500
0.8721339702606201 1500
0.8745510578155518 1500
0.8761849403381348 1500
0.8781518936157227 1500
0.8799929618835449 1500
0.8819918632507324 1500
0.8839728832244873 1500
0.886023998260498 1500
0.8878810405731201 1500
0.8919408321380615 1500
0.8919408321380615 1500
0.8933379650115967 1500
0.8954489231109619 1500
0.8975670337677002 1500
0.8988158702850342 1500
0.9002389907836914 1500
0.901892900466919 1500
0.9043829441070557 1500
0.9058828353881836 1500
0.908210039138794 1500
0.9090900421142578 1500
0.9110229015350342 1500
0.9119329452514648 1500
0.9145150184631348 1500
0.9163060188293457 1500
0.9190609455108643 1500
0.920166015625 1500
0.9220738410949707 1500
0.9241039752960205 1500
0.9265098571777344 1500
0.9280970096588135 1500
0.9299590587615967 1500
0.9318208694458008 1500
0.9340360164642334 1500
0.9351928234100342 1500
0.9378960132598877 1500
0.9390649795532227 1500
0.9408788681030273 1500
0.9430429935455322 1500
0.9454019069671631 1500
0.9471738338470459 1500
0.9489738941192627 1500
0.9508500099182129 1500
0.9528360366821289 1500
0.9548239707946777 1500
0.9570858478546143 1500
0.9588298797607422 1500
0.9599900245666504 1500
0.9620130062103271 1500
0.9638910293579102 1500
0.9651689529418945 1500
0.9673418998718262 1500
0.9691460132598877 1500
0.9708950519561768 1500
0.9731638431549072 1500
0.9748439788818359 1500
0.9763388633728027 1500
0.978247880935669 1500
0.9798870086669922 1500
0.9820468425750732 1500
0.9842548370361328 1500
0.9858789443969727 1500
0.987933874130249 1500
0.9902780055999756 1500
0.9919779300689697 1500
0.993851900100708 1500
0.9960188865661621 1500
0.9979989528656006 1500
1.0003318786621094 1500
1.0020649433135986 1500
1.0038769245147705 1500
1.005875825881958 1500
1.0079748630523682 1500
1.0103929042816162 1500
1.0120868682861328 1500
1.0142428874969482 1500
1.0158638954162598 1500
1.0182440280914307 1500
1.0202288627624512 1500
1.022294044494629 1500
1.0241329669952393 1500
1.0261459350585938 1500
1.027899980545044 1500
1.0298550128936768 1500
1.0319440364837646 1500
1.033884048461914 1500
1.0358829498291016 1500
1.0379359722137451 1500
1.0398468971252441 1500
1.0421068668365479 1500
1.0433640480041504 1500
1.0453388690948486 1500
1.047374963760376 1500
1.0490930080413818 1500
1.0510070323944092 1500
1.0530059337615967 1500
1.0539379119873047 1500
1.0563640594482422 1500
1.0581109523773193 1500
1.0600130558013916 1500
1.0611448287963867 1500
1.0643329620361328 1500
1.0658018589019775 1500
1.0673179626464844 1500
1.0698339939117432 1500
1.0710859298706055 1500
1.0730528831481934 1500
1.0752849578857422 1500
1.0769798755645752 1500
1.0790019035339355 1500
1.0809519290924072 1500
1.08296799659729 1500
1.0848629474639893 1500
1.0863289833068848 1500
1.087878942489624 1500
1.0915288925170898 1500
1.0921838283538818 1500
1.093073844909668 1500
1.0955078601837158 1500
1.0968818664550781 1500
1.0991179943084717 1500
1.1007769107818604 1500
1.1023118495941162 1500
1.1041438579559326 1500
1.1058988571166992 1500
1.108154058456421 1500
1.1099278926849365 1500
1.1119818687438965 1500
1.113455057144165 1500
1.1152338981628418 1500
1.1169068813323975 1500
1.1189570426940918 1500
1.1202378273010254 1500
1.1221318244934082 1500
1.1238758563995361 1500
1.125838041305542 1500
1.1279809474945068 1500
1.1298558712005615 1500
1.1310288906097412 1500
1.133131980895996 1500
1.1348910331726074 1500
1.1363530158996582 1500
1.1379728317260742 1500
1.1416120529174805 1500
1.1420588493347168 1500
1.1442289352416992 1500
1.1458709239959717 1500
1.147979974746704 1500
1.1499910354614258 1500
1.1518909931182861 1500
1.153904914855957 1500
1.1550118923187256 1500
1.1573638916015625 1500
1.1590869426727295 1500
1.1609389781951904 1500
1.1621308326721191 1500
1.164160966873169 1500
1.165950059890747 1500
1.168118953704834 1500
1.1693429946899414 1500
1.1709058284759521 1500
1.1729240417480469 1500
1.1743638515472412 1500
1.176131010055542 1500
1.1779160499572754 1500
1.179914951324463 1500
1.1813130378723145 1500
1.182852029800415 1500
1.184851884841919 1500
1.1872990131378174 1500
1.189267873764038 1500
1.1909220218658447 1500
1.193091869354248 1500
1.1949329376220703 1500
1.1963310241699219 1500
1.198314905166626 1500
1.1999568939208984 1500
1.2019908428192139 1500
1.2038419246673584 1500
1.205948829650879 1500
1.2078628540039062 1500
1.2098889350891113 1500
1.2121269702911377 1500
1.2135579586029053 1500
1.2152838706970215 1500
1.2172648906707764 1500
1.2188048362731934 1500
1.2204608917236328 1500
1.2223789691925049 1500
1.2242770195007324 1500
1.226038932800293 1500
1.2279269695281982 1500
1.229914903640747 1500
1.2314438819885254 1500
1.232947826385498 1500
1.2350058555603027 1500
1.237367868423462 1500
1.239102840423584 1500
1.2405459880828857 1500
1.2421998977661133 1500
1.2441060543060303 1500
1.2465698719024658 1500
1.2479209899902344 1500
1.2498459815979004 1500
1.2518260478973389 1500
1.2538280487060547 1500
1.2550678253173828 1500
1.257396936416626 1500
1.2588448524475098 1500
1.2605059146881104 1500
1.262204885482788 1500
1.2643458843231201 1500
1.2654139995574951 1500
1.2672748565673828 1500
1.2690658569335938 1500
1.2708940505981445 1500
1.2722749710083008 1500
1.274751901626587 1500
1.2758898735046387 1500
1.2779788970947266 1500
1.2799930572509766 1500
1.2819650173187256 1500
