1049663
0.0 1478
0.00042510032653808594 1478
0.00042510032653808594 1478
0.0008859634399414062 1478
0.015098094940185547 787
0.015774011611938477 1478
0.016191959381103516 1478
0.016191959381103516 1478
0.016582965850830078 1478
0.016582965850830078 1478
0.016973018646240234 1478
0.017574071884155273 1478
0.017574071884155273 1478
0.017776012420654297 1478
0.02365708351135254 124
0.03577709197998047 1478
0.03614997863769531 1478
0.045105934143066406 787
0.04548287391662598 1478
0.04548287391662598 1478
0.059114933013916016 1478
0.06625604629516602 76
0.0865640640258789 1478
0.0937650203704834 1478
0.1069328784942627 1478
0.12238597869873047 1478
0.13736295700073242 1478
0.15375304222106934 1478
0.17075109481811523 1478
0.2121598720550537 1478
0.23312687873840332 787
0.2649219036102295 190
0.39078497886657715 1478
0.39078497886657715 1478
0.39118504524230957 1478
0.39118504524230957 1478
0.39118504524230957 1478
0.39139509201049805 1478
0.3918640613555908 1478
0.3918640613555908 1478
0.3918640613555908 1478
0.39223504066467285 1478
0.39223504066467285 1478
0.39223504066467285 787
0.392625093460083 1478
0.392625093460083 1478
0.3929929733276367 1478
0.3929929733276367 1478
0.39350104331970215 1478
0.39350104331970215 1478
0.39350104331970215 1478
0.39350104331970215 1478
0.3937249183654785 1478
0.3941071033477783 1478
0.3941071033477783 1478
0.3941071033477783 787
0.3945200443267822 1478
0.3945200443267822 1478
0.39494991302490234 1478
0.39494991302490234 1478
0.3953990936279297 1478
0.3953990936279297 1478
0.3953990936279297 1478
0.39585089683532715 1478
0.39585089683532715 1478
0.39585089683532715 1478
0.39629507064819336 1478
0.39629507064819336 787
0.39629507064819336 1478
0.39660000801086426 1478
0.39660000801086426 1478
0.39715099334716797 1478
0.39715099334716797 1478
0.39763903617858887 1478
0.39763903617858887 1478
0.39763903617858887 1478
0.39763903617858887 1478
0.3979530334472656 1478
0.398392915725708 1478
0.398392915725708 787
0.4416310787200928 196
0.621243953704834 1478
0.6216089725494385 1478
0.6216089725494385 1478
0.6219708919525146 1478
0.6219708919525146 1478
0.6219708919525146 1478
0.6219708919525146 1478
0.6223108768463135 1478
0.6223108768463135 1478
0.6223108768463135 1478
0.6226940155029297 1478
0.6226940155029297 787
0.6226940155029297 1478
0.6230700016021729 1478
0.6230700016021729 1478
0.6230700016021729 1478
0.6234400272369385 1478
0.6234400272369385 1478
0.6238269805908203 1478
0.6238269805908203 1478
0.6242179870605469 1478
0.6242179870605469 1478
0.6246280670166016 1478
0.6246280670166016 787
0.6246280670166016 1478
0.6249949932098389 1478
0.6249949932098389 1478
0.6249949932098389 1478
0.625417947769165 1478
0.625417947769165 1478
0.6257250308990479 1478
0.6257250308990479 1478
0.6261088848114014 1478
0.6261088848114014 1478
0.6264839172363281 1478
0.6264839172363281 787
0.6590330600738525 172
0.6866118907928467 52
0.8923549652099609 1478
0.9021620750427246 1478
0.9025709629058838 1478
0.9025709629058838 1478
0.9029150009155273 1478
0.9029150009155273 1478
0.9032609462738037 1478
0.9032609462738037 1478
0.9036910533905029 1478
0.9189329147338867 1478
0.9189329147338867 1478
0.9189329147338867 787
0.919672966003418 1478
0.9201319217681885 1478
0.9332199096679688 1478
0.933535099029541 1478
0.933880090713501 1478
0.9342288970947266 1478
0.9342288970947266 1478
0.9345669746398926 1478
0.9345669746398926 1478
0.9345669746398926 1478
0.9345669746398926 1478
0.9350490570068359 787
0.9350490570068359 1478
0.9350490570068359 1478
0.9353640079498291 1478
0.9353640079498291 1478
0.9353640079498291 1478
0.9356698989868164 1478
0.9356698989868164 1478
0.9359509944915771 1478
0.9359509944915771 1478
0.9359509944915771 1478
0.9363079071044922 1478
0.9363079071044922 787
0.9385659694671631 1478
0.9389119148254395 1478
0.9389119148254395 1478
0.9392600059509277 1478
0.9392600059509277 1478
0.9392600059509277 1478
0.939702033996582 1478
0.939702033996582 1478
0.9400758743286133 1478
0.9400758743286133 1478
0.940579891204834 1478
0.940579891204834 787
0.9422740936279297 124
0.9753279685974121 124
0.9832310676574707 1478
0.9845988750457764 1478
0.9968709945678711 1478
0.9970879554748535 1478
0.9975080490112305 1478
0.9975080490112305 1478
0.9978950023651123 1478
0.9978950023651123 1478
0.9983658790588379 1478
1.0042510032653809 1478
1.0042510032653809 1478
1.0042510032653809 787
1.0047509670257568 1478
1.0047509670257568 1478
1.0047509670257568 1478
1.0050079822540283 1478
1.0050079822540283 1478
1.0053699016571045 1478
1.0053699016571045 1478
1.0053699016571045 1478
1.0058341026306152 1478
1.0058341026306152 1478
1.0058341026306152 1478
1.0058341026306152 787
1.0062289237976074 1478
1.0062289237976074 1478
1.011260986328125 1478
1.0116360187530518 1478
1.0116360187530518 1478
1.0118980407714844 1478
1.0118980407714844 1478
1.0122900009155273 1478
1.0122900009155273 1478
1.0126218795776367 1478
1.0126218795776367 1478
1.0126218795776367 787
1.0129690170288086 1478
1.0129690170288086 1478
1.0129690170288086 1478
1.0129690170288086 1478
1.0133368968963623 1478
1.0133368968963623 1478
1.0136840343475342 1478
1.0136840343475342 1478
1.0140430927276611 1478
1.0140430927276611 1478
1.0140430927276611 1478
1.0140430927276611 787
1.0348610877990723 148
1.0417180061340332 100
1.1675059795379639 1478
1.1677119731903076 1478
1.1851210594177246 1478
1.2137629985809326 1478
1.2219529151916504 1478
1.2300748825073242 1478
1.2502899169921875 1478
1.261281967163086 1478
1.2619071006774902 1478
1.2919929027557373 1478
1.2951669692993164 1478
1.2951669692993164 787
1.3109819889068604 76
1.3442890644073486 1478
1.3442890644073486 1478
1.3442890644073486 1478
1.3442890644073486 1478
1.3442890644073486 1478
1.3442890644073486 1478
1.3442890644073486 1478
1.3447699546813965 1478
1.3447699546813965 1478
1.3447699546813965 1478
1.3447699546813965 1478
1.3447699546813965 787
1.3452999591827393 1478
1.3452999591827393 1478
1.3456499576568604 1478
1.3456499576568604 1478
1.3460180759429932 1478
1.3542859554290771 1478
1.3774540424346924 76
1.3775088787078857 1478
1.378105878829956 1478
1.3855159282684326 1478
1.3855159282684326 1478
1.3858768939971924 1478
1.3858768939971924 787
1.3858768939971924 1478
1.3862550258636475 1478
1.3862550258636475 1478
1.3866350650787354 1478
1.3866350650787354 1478
1.3866350650787354 1478
1.3866350650787354 1478
1.3866350650787354 1478
1.3870010375976562 1478
1.3870010375976562 1478
1.3873379230499268 1478
1.3873379230499268 787
1.4172029495239258 1478
1.4172029495239258 1478
1.4176089763641357 1478
1.4176089763641357 1478
1.417963981628418 1478
1.417963981628418 1478
1.417963981628418 1478
1.4183719158172607 1478
1.418828010559082 1478
1.418828010559082 1478
1.418828010559082 1478
1.418828010559082 787
1.426171064376831 1478
1.4265639781951904 1478
1.4269359111785889 1478
1.4322190284729004 124
1.4327619075775146 1478
1.4482929706573486 1478
1.4486029148101807 1478
1.4551000595092773 76
1.471484899520874 1478
1.4720230102539062 1478
1.4720230102539062 1478
1.4724280834197998 1478
1.4724280834197998 1478
1.4724280834197998 787
1.4782049655914307 1478
1.478492021560669 1478
1.478492021560669 1478
1.4788780212402344 1478
1.4788780212402344 1478
1.498755931854248 76
1.4992210865020752 1478
1.4998838901519775 1478
1.5022718906402588 1478
1.5027248859405518 1478
1.5032711029052734 1478
1.5052299499511719 1478
1.5063719749450684 787
1.5109710693359375 1478
1.5109710693359375 1478
1.5113658905029297 1478
1.5113658905029297 1478
1.5113658905029297 1478
1.5113658905029297 1478
1.5117619037628174 1478
1.5117619037628174 1478
1.512012004852295 1478
1.512012004852295 1478
1.5123810768127441 1478
1.5123810768127441 787
1.5123810768127441 1478
1.5294640064239502 124
1.5297439098358154 1478
1.5415658950805664 1478
1.5415658950805664 1478
1.5419869422912598 1478
1.5687129497528076 1478
1.5731110572814941 1478
1.6042571067810059 1478
1.635288953781128 1478
1.635288953781128 1478
1.6356890201568604 1478
1.6356890201568604 787
1.657783031463623 76
1.8557040691375732 1478
1.8560500144958496 1478
1.8560500144958496 1478
1.8560500144958496 1478
1.8565089702606201 1478
1.8565089702606201 1478
1.8565089702606201 1478
1.8565089702606201 1478
1.8569309711456299 1478
1.8569309711456299 1478
1.8573880195617676 1478
1.8573880195617676 787
1.8573880195617676 1478
1.8573880195617676 1478
1.8573880195617676 1478
1.8577580451965332 1478
1.8577580451965332 1478
1.8577580451965332 1478
1.8581640720367432 1478
1.8581640720367432 1478
1.8585960865020752 1478
1.8585960865020752 1478
1.8585960865020752 1478
1.859062910079956 787
1.8751559257507324 1478
1.880465030670166 124
1.8811829090118408 1478
1.8816070556640625 1478
1.8816070556640625 1478
1.882004976272583 1478
1.8845300674438477 1478
1.8845300674438477 1478
1.8845300674438477 1478
1.8849799633026123 1478
1.8849799633026123 1478
1.885425090789795 1478
1.885425090789795 787
1.9233360290527344 1478
1.9233360290527344 1478
1.9233360290527344 1478
1.9233360290527344 1478
1.9233360290527344 1478
1.930238962173462 76
1.9309630393981934 1478
1.9313879013061523 1478
1.9418299198150635 1478
1.9418299198150635 1478
1.9422669410705566 1478
1.9456169605255127 1478
1.9471380710601807 787
1.9639270305633545 1478
1.9639270305633545 1478
1.9639270305633545 1478
1.9650459289550781 1478
1.9650459289550781 1478
1.9650459289550781 1478
1.9650459289550781 1478
1.9650459289550781 1478
1.9650459289550781 1478
1.9650459289550781 1478
1.965878963470459 1478
1.965878963470459 787
1.965878963470459 1478
1.965878963470459 1478
1.965878963470459 1478
1.9671399593353271 1478
1.9671399593353271 1478
1.9671399593353271 1478
1.9671399593353271 1478
1.9671399593353271 1478
1.9671399593353271 1478
1.9671399593353271 1478
1.9675440788269043 1478
1.9675440788269043 787
1.9678399562835693 1478
1.9678399562835693 1478
1.968214988708496 1478
1.968214988708496 1478
1.9686000347137451 1478
1.9689850807189941 1478
1.9689850807189941 1478
1.969372034072876 1478
1.969372034072876 1478
1.969763994216919 1478
1.969763994216919 1478
1.969763994216919 787
1.9711899757385254 76
1.999619960784912 172
2.00014591217041 1478
2.00049090385437 1478
2.00049090385437 1478
2.000838041305542 1478
2.000838041305542 1478
2.000838041305542 1478
2.001183032989502 1478
2.001183032989502 1478
2.001530885696411 1478
2.001530885696411 1478
2.001530885696411 1478
2.001530885696411 787
2.0094408988952637 1478
2.0094408988952637 1478
2.009809970855713 1478
2.009809970855713 1478
2.01019287109375 1478
2.01019287109375 1478
2.010576009750366 1478
2.010576009750366 1478
2.010576009750366 1478
2.0109610557556152 1478
2.0109610557556152 1478
2.0109610557556152 787
2.0431840419769287 76
2.043956995010376 1478
2.043956995010376 1478
2.0442709922790527 1478
2.0446300506591797 1478
2.0446300506591797 1478
2.044980049133301 1478
2.044980049133301 1478
2.045356035232544 1478
2.045356035232544 1478
2.045356035232544 1478
2.045356035232544 1478
2.045356035232544 787
2.045742988586426 1478
2.045742988586426 1478
2.045742988586426 1478
2.0462450981140137 1478
2.0462450981140137 1478
2.0462450981140137 1478
2.0462450981140137 1478
2.0466721057891846 1478
2.0466721057891846 1478
2.0466721057891846 1478
2.0466721057891846 1478
2.0469970703125 787
2.071847915649414 76
2.0721089839935303 1478
2.0724730491638184 1478
2.072899103164673 1478
2.072899103164673 1478
2.0732710361480713 1478
2.0732710361480713 1478
2.0732710361480713 1478
2.0736780166625977 1478
2.0736780166625977 1478
2.0741400718688965 1478
2.0741400718688965 1478
2.0741400718688965 787
2.0741400718688965 1478
2.0741400718688965 1478
2.0745608806610107 1478
2.0745608806610107 1478
2.0745608806610107 1478
2.0745608806610107 1478
2.0749030113220215 1478
2.0753049850463867 1478
2.0753049850463867 1478
2.0753049850463867 1478
2.0756778717041016 1478
2.0756778717041016 787
2.0870230197906494 124
2.0874788761138916 1478
2.0874788761138916 1478
2.0878028869628906 1478
2.088218927383423 1478
2.088218927383423 1478
2.088218927383423 1478
2.088218927383423 1478
2.0886480808258057 1478
2.0886480808258057 1478
2.0890069007873535 1478
2.0890069007873535 1478
2.0890069007873535 787
2.1030468940734863 124
2.1040830612182617 1478
2.1040830612182617 1478
2.104448080062866 1478
2.1048290729522705 1478
2.1048290729522705 1478
2.1048290729522705 1478
2.105123996734619 1478
2.1055550575256348 1478
2.1055550575256348 1478
2.1055550575256348 1478
2.105958938598633 1478
2.105958938598633 787
2.1385300159454346 76
2.1389899253845215 1478
2.139378070831299 1478
2.139378070831299 1478
2.139378070831299 1478
2.139744997024536 1478
2.139744997024536 1478
2.1400980949401855 1478
2.1400980949401855 1478
2.1400980949401855 1478
2.1400980949401855 1478
2.1405460834503174 1478
2.1405460834503174 787
2.1405460834503174 1478
2.1409339904785156 1478
2.1409339904785156 1478
2.1594700813293457 1478
2.1652801036834717 76
2.1656839847564697 1478
2.1842799186706543 1478
2.197829008102417 1478
2.279017925262451 1478
2.279381036758423 1478
2.2941489219665527 1478
2.2945480346679688 1478
2.2945480346679688 787
2.2945480346679688 1478
2.2948899269104004 1478
2.295274019241333 1478
2.344606876373291 76
2.345189094543457 1478
2.345690965652466 1478
2.375462055206299 1478
2.3759350776672363 1478
2.3759350776672363 1478
2.376260995864868 1478
2.376605987548828 1478
2.376605987548828 1478
2.376605987548828 787
2.376605987548828 1478
2.376944065093994 1478
2.376944065093994 1478
2.3773438930511475 1478
2.3773438930511475 1478
2.3773438930511475 1478
2.3776369094848633 1478
2.3776369094848633 1478
2.3779850006103516 1478
2.3779850006103516 1478
2.3783299922943115 1478
2.3783299922943115 787
2.3783299922943115 1478
2.378793954849243 1478
2.379185914993286 1478
2.379185914993286 1478
2.379185914993286 1478
2.379538059234619 1478
2.3816468715667725 1478
2.384842872619629 1478
2.3851990699768066 1478
2.3991270065307617 76
2.399493932723999 1478
2.399493932723999 1478
2.399894952774048 787
2.400270938873291 1478
2.400270938873291 1478
2.4006760120391846 1478
2.4006760120391846 1478
2.4011430740356445 1478
2.4011430740356445 1478
2.4011430740356445 1478
2.401524066925049 1478
2.401524066925049 1478
2.402021884918213 1478
2.4148170948028564 76
2.4154388904571533 1478
2.4370839595794678 100
2.4374489784240723 787
2.437849998474121 1478
2.437849998474121 1478
2.464447021484375 1478
2.469939947128296 76
2.470273971557617 1478
2.470644950866699 1478
2.470644950866699 1478
2.4709250926971436 1478
2.4723010063171387 1478
2.4723010063171387 1478
2.4723010063171387 1478
2.4723010063171387 1478
2.4723010063171387 787
2.4723010063171387 1478
2.4723010063171387 1478
2.4723010063171387 1478
2.4723010063171387 1478
2.4723010063171387 1478
2.4728000164031982 1478
2.4728000164031982 1478
2.4728000164031982 1478
2.47302508354187 1478
2.47302508354187 1478
2.473430871963501 1478
2.473430871963501 787
2.473430871963501 1478
2.4738569259643555 1478
2.4738569259643555 1478
2.4742438793182373 1478
2.4742438793182373 1478
2.4746298789978027 1478
2.4746298789978027 1478
2.475040912628174 1478
2.475040912628174 1478
2.4753990173339844 1478
2.4753990173339844 1478
2.4753990173339844 787
2.4753990173339844 1478
2.47578501701355 1478
2.47578501701355 1478
2.4761719703674316 1478
2.4761719703674316 1478
2.4765539169311523 1478
2.4765539169311523 1478
2.4765539169311523 1478
2.4769399166107178 1478
2.4769399166107178 1478
2.477329969406128 1478
2.477329969406128 787
2.5087409019470215 196
2.50956392288208 1478
2.50956392288208 1478
2.509902000427246 1478
2.509902000427246 1478
2.51023006439209 1478
2.51023006439209 1478
2.510654926300049 1478
2.510654926300049 1478
2.510654926300049 1478
2.510654926300049 1478
2.5112650394439697 1478
2.5112650394439697 787
2.5112650394439697 1478
2.5112650394439697 1478
2.5112650394439697 1478
2.511791944503784 1478
2.511791944503784 1478
2.512356996536255 1478
2.512356996536255 1478
2.512356996536255 1478
2.512356996536255 1478
2.5126960277557373 1478
2.5126960277557373 1478
2.5126960277557373 787
2.513223886489868 1478
2.5136189460754395 1478
2.5136189460754395 1478
2.5140199661254883 1478
2.5140199661254883 1478
2.5140199661254883 1478
2.5140199661254883 1478
2.5143730640411377 1478
2.5147740840911865 1478
2.5147740840911865 1478
2.5151100158691406 1478
2.5151100158691406 787
2.5151100158691406 1478
2.515631914138794 1478
2.515631914138794 1478
2.5160739421844482 1478
2.5160739421844482 1478
2.516493082046509 1478
2.516493082046509 1478
2.516493082046509 1478
2.516493082046509 1478
2.516493082046509 1478
2.5170319080352783 1478
2.5170319080352783 787
2.5170319080352783 52
2.5400829315185547 220
2.540574073791504 1478
2.540574073791504 1478
2.540574073791504 1478
2.5410289764404297 1478
2.5410289764404297 1478
2.541455030441284 1478
2.541455030441284 1478
2.541455030441284 1478
2.541455030441284 1478
2.541801929473877 1478
2.541801929473877 1478
2.541801929473877 787
2.573209047317505 1478
2.573591947555542 1478
2.573591947555542 1478
2.573982000350952 1478
2.573982000350952 1478
2.57442307472229 1478
2.57442307472229 1478
2.57442307472229 1478
2.57442307472229 1478
2.574784994125366 1478
2.574784994125366 1478
2.574784994125366 787
2.574784994125366 1478
2.575165033340454 1478
2.575165033340454 1478
2.575525999069214 1478
2.575525999069214 1478
2.575525999069214 1478
2.575525999069214 1478
2.5758910179138184 1478
2.5758910179138184 1478
2.5762760639190674 1478
2.5762760639190674 1478
2.5762760639190674 787
2.576641082763672 1478
2.576641082763672 1478
2.5770468711853027 1478
2.5770468711853027 1478
2.577428102493286 1478
2.577428102493286 1478
2.577755928039551 1478
2.577755928039551 1478
2.577755928039551 1478
2.578150987625122 1478
2.578150987625122 1478
2.578150987625122 787
2.578476905822754 1478
2.578845977783203 1478
2.578845977783203 1478
2.578845977783203 1478
2.5792338848114014 1478
2.5792338848114014 1478
2.5796139240264893 1478
2.5796139240264893 1478
2.579988956451416 1478
2.579988956451416 1478
2.5804080963134766 1478
2.5804080963134766 787
2.5804080963134766 76
2.6027910709381104 124
2.603250026702881 1478
2.6035940647125244 1478
2.6039199829101562 1478
2.6039199829101562 1478
2.604285955429077 1478
2.604285955429077 1478
2.604285955429077 1478
2.604607105255127 1478
2.604607105255127 1478
2.6049540042877197 1478
2.6049540042877197 1478
