1049280
0.0 1093
0.0 1093
0.0 1093
0.0003800392150878906 1093
0.0003800392150878906 1093
0.0003800392150878906 1093
0.0006461143493652344 1093
0.0006461143493652344 1093
0.0006461143493652344 1093
0.0009660720825195312 1093
0.0013360977172851562 1093
0.0013360977172851562 1093
0.0013360977172851562 1093
0.0013360977172851562 1093
0.0013360977172851562 1093
0.0017120838165283203 1093
0.002084970474243164 1093
0.002084970474243164 1093
0.002084970474243164 1093
0.002084970474243164 1093
0.0024580955505371094 1093
0.0024580955505371094 1093
0.0024580955505371094 1093
0.013153076171875 1093
0.013153076171875 1093
0.013153076171875 1093
0.013153076171875 1093
0.013665914535522461 1093
0.013665914535522461 1093
0.013665914535522461 1093
0.013665914535522461 1093
0.023129940032958984 1093
0.023129940032958984 1093
0.023129940032958984 1093
0.023406028747558594 1093
0.023785114288330078 1093
0.024151086807250977 1093
0.024151086807250977 1093
0.024151086807250977 1093
0.024151086807250977 1093
0.024537086486816406 1093
0.024917125701904297 1093
0.026987075805664062 1093
0.03193402290344238 1093
0.03193402290344238 1093
0.03193402290344238 1093
0.03232002258300781 1093
0.03593802452087402 1093
0.0599970817565918 1093
0.0599970817565918 1093
0.06094193458557129 1093
0.06094193458557129 1093
0.06094193458557129 1093
0.06132197380065918 1093
0.06132197380065918 1093
0.06132197380065918 1093
0.06132197380065918 1093
0.06168007850646973 1093
0.06168007850646973 1093
0.06168007850646973 1093
0.06168007850646973 1093
0.062046051025390625 1093
0.062046051025390625 1093
0.062046051025390625 1093
0.06778907775878906 1093
0.0680999755859375 1093
0.0680999755859375 1093
0.0680999755859375 1093
0.0680999755859375 1093
0.06856298446655273 1093
0.06856298446655273 1093
0.06856298446655273 1093
0.06885790824890137 1093
0.06885790824890137 1093
0.07008790969848633 1093
0.07008790969848633 1093
0.07008790969848633 1093
0.08292412757873535 1093
0.08292412757873535 1093
0.08327603340148926 1093
0.10286593437194824 1093
0.10386991500854492 1093
0.10422110557556152 1093
0.10422110557556152 1093
0.10492110252380371 1093
0.10492110252380371 1093
0.1052699089050293 1093
0.1052699089050293 1093
0.1052699089050293 1093
0.10596299171447754 1093
0.10596299171447754 1093
0.10596299171447754 1093
0.10631513595581055 1093
0.10631513595581055 1093
0.10631513595581055 1093
0.10700702667236328 1093
0.10700702667236328 1093
0.10735511779785156 1093
0.10735511779785156 1093
0.10735511779785156 1093
0.10735511779785156 1093
0.10770106315612793 1093
0.10770106315612793 1093
0.10770106315612793 1093
0.10803794860839844 1093
0.10803794860839844 1093
0.1083841323852539 1093
0.10873007774353027 1093
0.10873007774353027 1093
0.10873007774353027 1093
0.10873007774353027 1093
0.10907196998596191 1093
0.10907196998596191 1093
0.10907196998596191 1093
0.10940909385681152 1093
0.10940909385681152 1093
0.10940909385681152 1093
0.10940909385681152 1093
0.10974597930908203 1093
0.10974597930908203 1093
0.1260359287261963 1093
0.1260359287261963 1093
0.1260359287261963 1093
0.1264209747314453 1093
0.1264209747314453 1093
0.1264209747314453 1093
0.12682795524597168 1093
0.12682795524597168 1093
0.14507603645324707 1093
0.1454789638519287 1093
0.1454789638519287 1093
0.1454789638519287 1093
0.1454789638519287 1093
0.1454789638519287 1093
0.14581894874572754 1093
0.1462249755859375 1093
0.14754009246826172 1093
0.14754009246826172 1093
0.14754009246826172 1093
0.14754009246826172 1093
0.14754009246826172 1093
0.14754009246826172 1093
0.148576021194458 1093
0.148576021194458 1093
0.1509079933166504 1093
0.1509079933166504 1093
0.15134906768798828 1093
0.15134906768798828 1093
0.15134906768798828 1093
0.15134906768798828 1093
0.15134906768798828 1093
0.15184998512268066 1093
0.15232110023498535 1093
0.15232110023498535 1093
0.15232110023498535 1093
0.15232110023498535 1093
0.15232110023498535 1093
0.15232110023498535 1093
0.15279293060302734 1093
0.16496896743774414 1093
0.16496896743774414 1093
0.16528105735778809 1093
0.16528105735778809 1093
0.16597414016723633 1093
0.16597414016723633 1093
0.16597414016723633 1093
0.16632699966430664 1093
0.16702699661254883 1093
0.16702699661254883 1093
0.16702699661254883 1093
0.16737699508666992 1093
0.16991806030273438 1093
0.16991806030273438 1093
0.1702561378479004 1093
0.1702561378479004 1093
0.1702561378479004 1093
0.1702561378479004 1093
0.17213010787963867 1093
0.17213010787963867 1093
0.1731729507446289 1093
0.17542505264282227 1093
0.17542505264282227 1093
0.17542505264282227 1093
0.17613911628723145 1093
0.1768479347229004 1093
0.1772000789642334 1093
0.17815804481506348 1093
0.18191194534301758 1093
0.18406009674072266 1093
0.18406009674072266 1093
0.18406009674072266 1093
0.18406009674072266 1093
0.18441390991210938 1093
0.18441390991210938 1093
0.1883559226989746 1093
0.1883559226989746 1093
0.1883559226989746 1093
0.18877792358398438 1093
0.18877792358398438 1093
0.18877792358398438 1093
0.18908905982971191 1093
0.18908905982971191 1093
0.18976807594299316 1093
0.1911449432373047 1093
0.19275903701782227 1093
0.19309711456298828 1093
0.19309711456298828 1093
0.19401192665100098 1093
0.1952519416809082 1093
0.1952519416809082 1093
0.19611406326293945 1093
0.1988670825958252 1093
0.1988670825958252 1093
0.19921493530273438 1093
0.19921493530273438 1093
0.20021891593933105 1093
0.20078396797180176 1093
0.20392394065856934 1093
0.20392394065856934 1093
0.20427298545837402 1093
0.20427298545837402 1093
0.20496892929077148 1093
0.20496892929077148 1093
0.2069239616394043 1093
0.2069239616394043 1093
0.20726609230041504 1093
0.20814895629882812 1093
0.20814895629882812 1093
0.21170401573181152 1093
0.21170401573181152 1093
0.21170401573181152 1093
0.21262407302856445 1093
0.21262407302856445 1093
0.2170109748840332 1093
0.2170109748840332 1093
0.21735191345214844 1093
0.21735191345214844 1093
0.21810197830200195 1093
0.21931910514831543 1093
0.22043609619140625 1093
0.22043609619140625 1093
0.22043609619140625 1093
0.22146296501159668 1093
0.22146296501159668 1093
0.22183012962341309 1093
0.22221112251281738 1093
0.22410893440246582 1093
0.22410893440246582 1093
0.22410893440246582 1093
0.22487998008728027 1093
0.22606897354125977 1093
0.22713804244995117 1093
0.22713804244995117 1093
0.22995805740356445 1093
0.22995805740356445 1093
0.23040008544921875 1093
0.23040008544921875 1093
0.23040008544921875 1093
0.23124194145202637 1093
0.2321469783782959 1093
0.2338860034942627 1093
0.23508810997009277 1093
0.23508810997009277 1093
0.23508810997009277 1093
0.23586797714233398 1093
0.23624801635742188 1093
0.241987943649292 1093
0.24240398406982422 1093
0.24240398406982422 1093
0.24240398406982422 1093
0.2427520751953125 1093
0.24316906929016113 1093
0.24316906929016113 1093
0.24316906929016113 1093
0.24316906929016113 1093
0.24503493309020996 1093
0.24542903900146484 1093
0.2458200454711914 1093
0.2469499111175537 1093
0.2469499111175537 1093
0.24733710289001465 1093
0.2491459846496582 1093
0.24996495246887207 1093
0.2503979206085205 1093
0.2531249523162842 1093
0.2531249523162842 1093
0.2531249523162842 1093
0.2539539337158203 1093
0.2539539337158203 1093
0.25511693954467773 1093
0.255856990814209 1093
0.2561910152435303 1093
0.2561910152435303 1093
0.2580530643463135 1093
0.259105920791626 1093
0.259105920791626 1093
0.25981903076171875 1093
0.26018691062927246 1093
0.265733003616333 1093
0.26607799530029297 1093
0.26607799530029297 1093
0.26607799530029297 1093
0.26642513275146484 1093
0.26642513275146484 1093
0.28493404388427734 1093
0.28527307510375977 1093
0.28527307510375977 1093
0.28527307510375977 1093
0.28567004203796387 1093
0.28567004203796387 1093
0.28567004203796387 1093
0.28567004203796387 1093
0.28567004203796387 1093
0.28567004203796387 1093
0.2860851287841797 1093
0.2864720821380615 1093
0.2864720821380615 1093
0.2864720821380615 1093
0.2864720821380615 1093
0.2864720821380615 1093
0.28795313835144043 1093
0.28795313835144043 1093
0.28832411766052246 1093
0.28832411766052246 1093
0.28832411766052246 1093
0.28832411766052246 1093
0.28870511054992676 1093
0.2890739440917969 1093
0.2890739440917969 1093
0.2890739440917969 1093
0.2890739440917969 1093
0.2895369529724121 1093
0.2895369529724121 1093
0.289992094039917 1093
0.289992094039917 1093
0.289992094039917 1093
0.2903621196746826 1093
0.2903621196746826 1093
0.2908329963684082 1093
0.29224395751953125 1093
0.29224395751953125 1093
0.29323410987854004 1093
0.29323410987854004 1093
0.30115294456481934 1093
0.30115294456481934 1093
0.30115294456481934 1093
0.3014090061187744 1093
0.3014090061187744 1093
0.3014090061187744 1093
0.3014090061187744 1093
0.3017709255218506 1093
0.3017709255218506 1093
0.30783605575561523 1093
0.3082280158996582 1093
0.3082280158996582 1093
0.30900001525878906 1093
0.30900001525878906 1093
0.30900001525878906 1093
0.30936503410339355 1093
0.30936503410339355 1093
0.30936503410339355 1093
0.30936503410339355 1093
0.3101351261138916 1093
0.3101351261138916 1093
0.3101351261138916 1093
0.3108680248260498 1093
0.3108680248260498 1093
0.3120391368865967 1093
0.3120391368865967 1093
0.31382012367248535 1093
0.31422901153564453 1093
0.31504297256469727 1093
0.3153340816497803 1093
0.31668710708618164 1093
0.31711411476135254 1093
0.31711411476135254 1093
0.31861400604248047 1093
0.31971001625061035 1093
0.32201504707336426 1093
0.32201504707336426 1093
0.32201504707336426 1093
0.3240950107574463 1093
0.32448601722717285 1093
0.32486701011657715 1093
0.3711559772491455 1093
0.3711559772491455 1093
0.3711559772491455 1093
0.37213706970214844 1093
0.37213706970214844 1093
0.37213706970214844 1093
0.3725399971008301 1093
0.3725399971008301 1093
0.3725399971008301 1093
0.3725399971008301 1093
0.3729870319366455 1093
0.3729870319366455 1093
0.3729870319366455 1093
0.3729870319366455 1093
0.3729870319366455 1093
0.3734269142150879 1093
0.3734269142150879 1093
0.3738839626312256 1093
0.37433910369873047 1093
0.37433910369873047 1093
0.37433910369873047 1093
0.37433910369873047 1093
0.37433910369873047 1093
0.37470412254333496 1093
0.37470412254333496 1093
0.37470412254333496 1093
0.37470412254333496 1093
0.3751709461212158 1093
0.3751709461212158 1093
0.3751709461212158 1093
0.3751709461212158 1093
0.3751709461212158 1093
0.3758819103240967 1093
0.37624192237854004 1093
0.37624192237854004 1093
0.37624192237854004 1093
0.3766179084777832 1093
0.3766179084777832 1093
0.3766179084777832 1093
0.3766179084777832 1093
0.3766179084777832 1093
0.3766179084777832 1093
0.37699007987976074 1093
0.37699007987976074 1093
0.37699007987976074 1093
0.37735891342163086 1093
0.37735891342163086 1093
0.37735891342163086 1093
0.41408705711364746 1093
0.41495704650878906 1093
0.4151439666748047 1093
0.4151439666748047 1093
0.4151439666748047 1093
0.41552209854125977 1093
0.41552209854125977 1093
0.41552209854125977 1093
0.4158649444580078 1093
0.41623806953430176 1093
0.41694211959838867 1093
0.41694211959838867 1093
0.41733407974243164 1093
0.41826295852661133 1093
0.41826295852661133 1093
0.41826295852661133 1093
0.41991496086120605 1093
0.41991496086120605 1093
0.41991496086120605 1093
0.42025208473205566 1093
0.42025208473205566 1093
0.42025208473205566 1093
0.4209709167480469 1093
0.4209709167480469 1093
0.42698192596435547 1093
0.42698192596435547 1093
0.42698192596435547 1093
0.42737507820129395 1093
0.42737507820129395 1093
0.42737507820129395 1093
0.42807793617248535 1093
0.42807793617248535 1093
0.42885613441467285 1093
0.42917895317077637 1093
0.42917895317077637 1093
0.42917895317077637 1093
0.42949390411376953 1093
0.4298391342163086 1093
0.4301769733428955 1093
0.4301769733428955 1093
0.4301769733428955 1093
0.4301769733428955 1093
0.43054890632629395 1093
0.43054890632629395 1093
0.43054890632629395 1093
0.4308960437774658 1093
0.4308960437774658 1093
0.43209195137023926 1093
0.43209195137023926 1093
0.4331851005554199 1093
0.4390709400177002 1093
0.4402639865875244 1093
0.4402639865875244 1093
0.4402639865875244 1093
0.4402639865875244 1093
0.4405241012573242 1093
0.4427790641784668 1093
0.44312596321105957 1093
0.44312596321105957 1093
0.44312596321105957 1093
0.44347596168518066 1093
0.44347596168518066 1093
0.4449589252471924 1093
0.4449589252471924 1093
0.4449589252471924 1093
0.4452979564666748 1093
0.4452979564666748 1093
0.44614505767822266 1093
0.4470860958099365 1093
0.44822001457214355 1093
0.44822001457214355 1093
0.45082998275756836 1093
0.4511680603027344 1093
0.4511680603027344 1093
0.4511680603027344 1093
0.45198512077331543 1093
0.45198512077331543 1093
0.4530830383300781 1093
0.454132080078125 1093
0.454132080078125 1093
0.4548380374908447 1093
0.45685410499572754 1093
0.4571959972381592 1093
0.4571959972381592 1093
0.4578869342803955 1093
0.4591801166534424 1093
0.4591801166534424 1093
0.4599490165710449 1093
0.46183204650878906 1093
0.4622020721435547 1093
0.4630601406097412 1093
0.46327996253967285 1093
0.4650099277496338 1093
0.4650099277496338 1093
0.4660489559173584 1093
0.46689796447753906 1093
0.46689796447753906 1093
0.4672849178314209 1093
0.46796512603759766 1093
0.4687540531158447 1093
0.46979403495788574 1093
0.47081995010375977 1093
0.4711649417877197 1093
0.4768359661102295 1093
0.47715210914611816 1093
0.47715210914611816 1093
0.4849519729614258 1093
0.4849519729614258 1093
0.4852900505065918 1093
0.4852900505065918 1093
0.4859781265258789 1093
0.4863159656524658 1093
0.4863159656524658 1093
0.4863159656524658 1093
0.4863159656524658 1093
0.4863159656524658 1093
0.48665499687194824 1093
0.48665499687194824 1093
0.48665499687194824 1093
0.48665499687194824 1093
0.4870009422302246 1093
0.4870009422302246 1093
0.5039551258087158 1093
0.5052280426025391 1093
0.5052280426025391 1093
0.5052280426025391 1093
0.5052280426025391 1093
0.5052280426025391 1093
0.5289459228515625 1093
0.5289459228515625 1093
0.5299069881439209 1093
0.5299069881439209 1093
0.5299069881439209 1093
0.5299069881439209 1093
0.5309250354766846 1093
0.5309250354766846 1093
0.5309250354766846 1093
0.5309250354766846 1093
0.5309250354766846 1093
0.5309250354766846 1093
0.5309250354766846 1093
0.5320930480957031 1093
0.5320930480957031 1093
0.5320930480957031 1093
0.5320930480957031 1093
0.5320930480957031 1093
0.5320930480957031 1093
0.532865047454834 1093
0.5338571071624756 1093
0.5338571071624756 1093
0.5338571071624756 1093
0.5338571071624756 1093
0.5338571071624756 1093
0.5338571071624756 1093
0.5338571071624756 1093
0.5338571071624756 1093
0.5338571071624756 1093
0.5338571071624756 1093
0.5348570346832275 1093
0.5348570346832275 1093
0.5348570346832275 1093
0.5348570346832275 1093
0.5348570346832275 1093
0.5348570346832275 1093
0.5348570346832275 1093
0.5358829498291016 1093
0.5358829498291016 1093
0.5358829498291016 1093
0.5358829498291016 1093
0.5358829498291016 1093
0.5358829498291016 1093
0.5358829498291016 1093
0.5358829498291016 1093
0.5358829498291016 1093
0.5363290309906006 1093
0.5363290309906006 1093
0.5370099544525146 1093
0.5430219173431396 1093
0.5430219173431396 1093
0.5430219173431396 1093
0.5430219173431396 1093
0.5434060096740723 1093
0.5434060096740723 1093
0.5529379844665527 1093
0.554189920425415 1093
0.554189920425415 1093
0.554189920425415 1093
0.554189920425415 1093
0.5548050403594971 1093
0.5551509857177734 1093
0.5559170246124268 1093
0.5559170246124268 1093
0.5562589168548584 1093
0.5562589168548584 1093
0.5565979480743408 1093
0.5565979480743408 1093
0.5565979480743408 1093
0.5565979480743408 1093
0.5569450855255127 1093
0.5569450855255127 1093
0.5573220252990723 1093
0.5573220252990723 1093
0.5581381320953369 1093
0.5590240955352783 1093
0.5590240955352783 1093
0.5600080490112305 1093
0.5600080490112305 1093
0.5600080490112305 1093
0.5603561401367188 1093
0.5608429908752441 1093
0.5630989074707031 1093
0.5630989074707031 1093
0.5640900135040283 1093
0.5648660659790039 1093
0.5652880668640137 1093
0.5652880668640137 1093
0.5670309066772461 1093
0.5670309066772461 1093
0.5670309066772461 1093
0.5674610137939453 1093
0.5682909488677979 1093
0.56911301612854 1093
0.5698990821838379 1093
0.5702710151672363 1093
0.5710039138793945 1093
0.5723600387573242 1093
0.5759909152984619 1093
0.5759909152984619 1093
0.5764780044555664 1093
0.5764780044555664 1093
0.5764780044555664 1093
0.5768461227416992 1093
0.5773410797119141 1093
0.5773410797119141 1093
0.5787889957427979 1093
0.5792639255523682 1093
0.5802450180053711 1093
0.5802450180053711 1093
0.5820090770721436 1093
0.5824120044708252 1093
0.5824120044708252 1093
0.5824120044708252 1093
0.5824120044708252 1093
0.582737922668457 1093
0.583298921585083 1093
0.583298921585083 1093
0.583298921585083 1093
0.5843291282653809 1093
0.5843291282653809 1093
0.5859470367431641 1093
0.5859470367431641 1093
0.5869040489196777 1093
0.5872890949249268 1093
0.5882670879364014 1093
0.5882670879364014 1093
0.5882670879364014 1093
0.5889489650726318 1093
0.5897889137268066 1093
0.5901410579681396 1093
0.5909481048583984 1093
0.5919981002807617 1093
0.5919981002807617 1093
0.5930449962615967 1093
0.5951290130615234 1093
0.5951290130615234 1093
0.6069440841674805 1093
0.6072509288787842 1093
0.6072509288787842 1093
0.6072509288787842 1093
0.6072509288787842 1093
0.6072509288787842 1093
0.6075940132141113 1093
0.6075940132141113 1093
0.6075940132141113 1093
0.608022928237915 1093
0.608022928237915 1093
0.608022928237915 1093
0.6083700656890869 1093
0.6131539344787598 1093
0.6190359592437744 1093
0.6190359592437744 1093
0.6194760799407959 1093
0.6194760799407959 1093
0.6194760799407959 1093
0.6194760799407959 1093
0.6194760799407959 1093
0.6198749542236328 1093
0.6198749542236328 1093
0.6198749542236328 1093
0.6198749542236328 1093
0.6204040050506592 1093
0.6204040050506592 1093
0.6204040050506592 1093
0.6204040050506592 1093
0.6206779479980469 1093
0.6206779479980469 1093
0.6206779479980469 1093
0.6206779479980469 1093
0.6210930347442627 1093
0.6210930347442627 1093
0.6210930347442627 1093
0.6210930347442627 1093
0.6215560436248779 1093
0.6242280006408691 1093
0.6242280006408691 1093
0.6251211166381836 1093
0.6251211166381836 1093
0.6251211166381836 1093
0.626971960067749 1093
0.626971960067749 1093
0.626971960067749 1093
0.6729259490966797 1093
0.6729259490966797 1093
0.6735970973968506 1093
0.6735970973968506 1093
0.6735970973968506 1093
0.6735970973968506 1093
0.6735970973968506 1093
0.6735970973968506 1093
0.6739420890808105 1093
0.6739420890808105 1093
0.674644947052002 1093
0.674644947052002 1093
0.674644947052002 1093
0.674644947052002 1093
0.674644947052002 1093
0.674644947052002 1093
0.6750149726867676 1093
0.675753116607666 1093
0.675753116607666 1093
0.675753116607666 1093
0.675753116607666 1093
0.6763451099395752 1093
0.6763451099395752 1093
0.6763451099395752 1093
0.6763451099395752 1093
0.6763451099395752 1093
0.6763451099395752 1093
0.6763451099395752 1093
0.6769719123840332 1093
0.6769719123840332 1093
0.6769719123840332 1093
0.6769719123840332 1093
0.6778590679168701 1093
0.6782450675964355 1093
0.6788980960845947 1093
0.6788980960845947 1093
0.6794209480285645 1093
0.6794209480285645 1093
0.6794209480285645 1093
0.6794209480285645 1093
0.6796441078186035 1093
0.6796441078186035 1093
0.6796441078186035 1093
0.680027961730957 1093
0.680027961730957 1093
0.680027961730957 1093
0.680027961730957 1093
0.6803979873657227 1093
0.6803979873657227 1093
0.6808340549468994 1093
0.6808340549468994 1093
0.6808340549468994 1093
0.6810789108276367 1093
0.6810789108276367 1093
0.6810789108276367 1093
0.6814670562744141 1093
0.6814670562744141 1093
0.6814670562744141 1093
0.6814670562744141 1093
0.6819229125976562 1093
0.6819229125976562 1093
0.6819229125976562 1093
0.6819229125976562 1093
0.6821730136871338 1093
0.6826751232147217 1093
0.682866096496582 1093
0.682866096496582 1093
0.683243989944458 1093
0.683243989944458 1093
0.683243989944458 1093
0.683243989944458 1093
0.6836330890655518 1093
0.6836330890655518 1093
0.6839959621429443 1093
0.6839959621429443 1093
0.6839959621429443 1093
0.6847901344299316 1093
0.6851339340209961 1093
0.6851339340209961 1093
0.6851339340209961 1093
0.6855370998382568 1093
0.6879730224609375 1093
0.6879730224609375 1093
0.6885991096496582 1093
0.6885991096496582 1093
0.6885991096496582 1093
0.6970140933990479 1093
0.6970140933990479 1093
0.6970140933990479 1093
0.6979639530181885 1093
0.6983530521392822 1093
0.6992220878601074 1093
0.6992220878601074 1093
0.6992220878601074 1093
0.7000229358673096 1093
0.7000229358673096 1093
0.7000229358673096 1093
0.7007880210876465 1093
0.7012379169464111 1093
0.7020339965820312 1093
0.7028799057006836 1093
0.7028799057006836 1093
0.7038531303405762 1093
0.7038531303405762 1093
0.7043359279632568 1093
0.7043359279632568 1093
0.7053079605102539 1093
0.7053079605102539 1093
0.707611083984375 1093
0.707611083984375 1093
0.707611083984375 1093
0.7078430652618408 1093
0.7097420692443848 1093
0.7097420692443848 1093
0.7108349800109863 1093
0.7130470275878906 1093
0.7141420841217041 1093
0.7141420841217041 1093
0.7148439884185791 1093
0.7150330543518066 1093
0.7160940170288086 1093
0.7160940170288086 1093
0.7160940170288086 1093
0.7170090675354004 1093
0.7170090675354004 1093
0.7189369201660156 1093
0.7189369201660156 1093
0.7193589210510254 1093
0.7289979457855225 1093
0.7289979457855225 1093
0.7289979457855225 1093
0.7293350696563721 1093
0.7293350696563721 1093
0.7293350696563721 1093
0.7293350696563721 1093
0.7296819686889648 1093
0.7296819686889648 1093
0.7300279140472412 1093
0.7300279140472412 1093
0.7300279140472412 1093
0.7303769588470459 1093
0.7303769588470459 1093
0.7303769588470459 1093
0.7303769588470459 1093
0.7310669422149658 1093
0.7310669422149658 1093
0.7310669422149658 1093
0.7310669422149658 1093
0.7314140796661377 1093
0.7321059703826904 1093
0.7321059703826904 1093
0.7321059703826904 1093
0.7321059703826904 1093
0.7324459552764893 1093
0.7324459552764893 1093
0.7324459552764893 1093
0.7324459552764893 1093
0.7327930927276611 1093
0.7327930927276611 1093
0.7331371307373047 1093
0.7338380813598633 1093
0.7341749668121338 1093
0.7341749668121338 1093
0.7341749668121338 1093
0.7341749668121338 1093
0.7345199584960938 1093
0.7345199584960938 1093
0.7345199584960938 1093
0.734868049621582 1093
0.7352139949798584 1093
0.7352139949798584 1093
0.7352139949798584 1093
0.7352139949798584 1093
0.7359061241149902 1093
0.7359061241149902 1093
0.736253023147583 1093
0.736253023147583 1093
0.736253023147583 1093
0.7366011142730713 1093
0.7366011142730713 1093
0.7366011142730713 1093
0.7366011142730713 1093
0.7369461059570312 1093
0.7369461059570312 1093
0.7373199462890625 1093
0.7380530834197998 1093
0.7380530834197998 1093
0.7380530834197998 1093
0.7384059429168701 1093
0.7387509346008301 1093
0.7391040325164795 1093
0.7391040325164795 1093
0.7739119529724121 1093
0.7742760181427002 1093
0.7742760181427002 1093
0.7742760181427002 1093
0.7742760181427002 1093
0.774665117263794 1093
0.7750799655914307 1093
0.7750799655914307 1093
0.7753899097442627 1093
0.7753899097442627 1093
0.7753899097442627 1093
0.7757461071014404 1093
0.7757461071014404 1093
0.7757461071014404 1093
0.7757461071014404 1093
0.7761259078979492 1093
0.7761259078979492 1093
0.776508092880249 1093
0.776508092880249 1093
0.776508092880249 1093
0.776508092880249 1093
0.7768919467926025 1093
0.7768919467926025 1093
0.7772579193115234 1093
0.7772579193115234 1093
