1048660
0.0 1500
0.0009250640869140625 1500
0.001600027084350586 1500
0.0035500526428222656 1500
0.00454401969909668 1500
0.006644010543823242 1500
0.007503032684326172 1500
0.009626150131225586 1500
0.010749101638793945 1500
0.012855052947998047 1500
0.013936996459960938 1500
0.014854192733764648 1500
0.016604185104370117 1500
0.017831087112426758 1500
0.019898176193237305 1500
0.02162313461303711 1500
0.022724151611328125 1500
0.024563074111938477 1500
0.02544713020324707 1500
0.026696205139160156 1500
0.028437137603759766 1500
0.029532194137573242 1500
0.031655073165893555 1500
0.032636165618896484 1500
0.03572821617126465 1500
0.03572821617126465 1500
0.0376741886138916 1500
0.03890419006347656 1500
0.03965616226196289 1500
0.04149913787841797 1500
0.042788028717041016 1500
0.04458498954772949 1500
0.04572319984436035 1500
0.047675132751464844 1500
0.04855704307556152 1500
0.05050802230834961 1500
0.052865028381347656 1500
0.053556203842163086 1500
0.055477142333984375 1500
0.05650615692138672 1500
0.05752110481262207 1500
0.05978512763977051 1500
0.06039905548095703 1500
0.06266021728515625 1500
0.06343412399291992 1500
0.06562018394470215 1500
0.06665921211242676 1500
0.0686790943145752 1500
0.06976914405822754 1500
0.07056903839111328 1500
0.07259917259216309 1500
0.07364010810852051 1500
0.07573604583740234 1500
0.07700514793395996 1500
0.07849907875061035 1500
0.07953310012817383 1500
0.08164715766906738 1500
0.08255910873413086 1500
0.08360409736633301 1500
0.0855569839477539 1500
0.08670711517333984 1500
0.08846616744995117 1500
0.08959102630615234 1500
0.09148311614990234 1500
0.09262204170227051 1500
0.09613800048828125 1500
0.09613800048828125 1500
0.0966482162475586 1500
0.09875202178955078 1500
0.09975719451904297 1500
0.10190415382385254 1500
0.10248112678527832 1500
0.10462403297424316 1500
0.10545516014099121 1500
0.1080009937286377 1500
0.10874009132385254 1500
0.1096200942993164 1500
0.11167502403259277 1500
0.11297416687011719 1500
0.11461400985717773 1500
0.11548614501953125 1500
0.11742019653320312 1500
0.1187741756439209 1500
0.12061500549316406 1500
0.12172818183898926 1500
0.1225900650024414 1500
0.12458515167236328 1500
0.12585902214050293 1500
0.1275160312652588 1500
0.12862610816955566 1500
0.13047313690185547 1500
0.13160109519958496 1500
0.13364505767822266 1500
0.13474702835083008 1500
0.13552403450012207 1500
0.13779807090759277 332
0.13791298866271973 1500
0.14011716842651367 1500
0.14174199104309082 1500
0.1425340175628662 1500
0.1435070037841797 1500
0.14459919929504395 1500
0.14669203758239746 1500
0.14784002304077148 1500
0.1502699851989746 1208
0.1505122184753418 1500
0.1516101360321045 1500
0.1535351276397705 1500
0.15451812744140625 1500
0.15672802925109863 1500
0.15741419792175293 1500
0.15997719764709473 1500
0.16048812866210938 1500
0.16279315948486328 1500
0.16342520713806152 1500
0.1645810604095459 1500
0.16669821739196777 1500
0.16764211654663086 1500
0.17052102088928223 1500
0.17052102088928223 1500
0.17291712760925293 1500
0.17354917526245117 1500
0.1757361888885498 1500
0.1766951084136963 1500
0.17766404151916504 1500
0.17958807945251465 1500
0.1804981231689453 1500
0.18267202377319336 1500
0.18343400955200195 1500
0.1856250762939453 1500
0.18657708168029785 1500
0.18879914283752441 1500
0.18955016136169434 1356
0.19059514999389648 1500
0.1924130916595459 1500
0.19369006156921387 1500
0.19559216499328613 1500
0.19673919677734375 1500
0.19983720779418945 1500
0.1998591423034668 1500
0.20039606094360352 1500
0.2025141716003418 1500
0.20372319221496582 1500
0.20554304122924805 1500
0.20664119720458984 1500
0.20855498313903809 1500
0.20959115028381348 1500
0.21151018142700195 1500
0.21238398551940918 1500
0.21371006965637207 184
0.2144181728363037 1500
0.21581506729125977 1500
0.21751809120178223 1500
0.21851015090942383 1356
0.21996212005615234 1500
0.22172999382019043 1500
0.22248005867004395 1500
0.22484898567199707 1500
0.2256331443786621 1500
0.227647066116333 1500
0.2285170555114746 1500
0.2296900749206543 1500
0.2316751480102539 1500
0.23261499404907227 1500
0.23462200164794922 1500
0.23549318313598633 1500
0.2375810146331787 1500
0.23855018615722656 1500
0.240447998046875 1500
0.2415790557861328 1500
0.24282002449035645 1500
0.24472904205322266 1500
0.24553799629211426 1500
0.24783802032470703 1500
0.2485802173614502 1500
0.25078320503234863 1500
0.25139403343200684 1500
0.25370001792907715 1500
0.25446414947509766 1500
0.25731706619262695 1500
0.2578301429748535 1500
0.2585110664367676 1500
0.26058316230773926 1500
0.26159000396728516 1500
0.2636752128601074 1500
0.26481008529663086 1500
0.26676106452941895 1500
0.26778602600097656 1500
0.2684600353240967 1500
0.2708611488342285 1500
0.27165699005126953 1500
0.27376508712768555 1500
0.27459216117858887 1500
0.27677416801452637 1500
0.27735304832458496 184
0.27753400802612305 1500
0.2797892093658447 1500
0.2805671691894531 1500
0.28259706497192383 1500
0.2839970588684082 1500
0.28591203689575195 1500
0.2866060733795166 1500
0.28773021697998047 1500
0.2895832061767578 1500
0.2906060218811035 1500
0.29311704635620117 1500
0.293781042098999 1500
0.29564905166625977 1500
0.29657506942749023 1500
0.2988741397857666 1500
0.29949522018432617 1500
0.300800085067749 1500
0.3030722141265869 1500
0.30376601219177246 1500
0.3056511878967285 1500
0.3066751956939697 1500
0.308804988861084 1500
0.3096451759338379 1500
0.31171107292175293 1500
0.31242799758911133 1500
0.3137171268463135 1500
0.31569409370422363 1500
0.3166680335998535 1500
0.3190782070159912 1500
0.31967616081237793 1500
0.3216822147369385 1500
0.32269906997680664 1500
0.3249800205230713 1500
0.32583117485046387 1500
0.32675814628601074 1500
0.328808069229126 1500
0.3298351764678955 1500
0.3318030834197998 1500
0.3329191207885742 1500
0.3346130847930908 1500
0.33602213859558105 1500
0.33817410469055176 1500
0.33863115310668945 1500
0.3397040367126465 1500
0.34166598320007324 1500
0.3429551124572754 1500
0.3444521427154541 1500
0.3459160327911377 1500
0.34764814376831055 1500
0.34856319427490234 1500
0.35065221786499023 1500
0.3515660762786865 1500
0.3525381088256836 1500
0.3545491695404053 1500
0.35584521293640137 1500
0.35768818855285645 1500
0.35875415802001953 1500
0.36115598678588867 1500
0.361558198928833 1500
0.3639252185821533 1500
0.36478304862976074 1500
0.3660271167755127 1500
0.3677701950073242 1500
0.36841917037963867 1500
0.3707451820373535 1500
0.371535062789917 1500
0.3737061023712158 1500
0.3747270107269287 1500
0.37657713890075684 1500
0.37761807441711426 1500
0.37850308418273926 1500
0.3807680606842041 1500
0.38197803497314453 1500
0.38464903831481934 1500
0.38464903831481934 1500
0.38680505752563477 1500
0.3878300189971924 1500
0.38972020149230957 1500
0.39055418968200684 1500
0.39165711402893066 1500
0.39376020431518555 1500
0.3946850299835205 1356
0.39793920516967773 1500
0.39793920516967773 1500
0.39991211891174316 1500
0.4008359909057617 1500
0.4027571678161621 1500
0.4036061763763428 1500
0.40450620651245117 184
0.4055821895599365 1500
0.40662312507629395 1500
0.4101841449737549 1500
0.4101841449737549 1500
0.4108290672302246 1500
0.41289305686950684 1500
0.4135000705718994 1500
0.4158821105957031 1500
0.4167170524597168 1500
0.41860318183898926 1500
0.41967201232910156 1500
0.42175912857055664 1500
0.422666072845459 1500
0.4237101078033447 1500
0.4257850646972656 1500
0.4268050193786621 1500
0.42866015434265137 1500
0.4297661781311035 1500
0.4317750930786133 1500
0.43305206298828125 1500
0.4350321292877197 1500
0.4357330799102783 1500
0.4369351863861084 1500
0.4388542175292969 1500
0.4396820068359375 1500
0.44182610511779785 1500
0.4426441192626953 1500
0.44481801986694336 1500
0.4456610679626465 1500
0.4477880001068115 1500
0.4487640857696533 1500
0.44977712631225586 1500
0.45168304443359375 1500
0.4525179862976074 1500
0.45470499992370605 1500
0.4555971622467041 1500
0.457611083984375 1500
0.4585452079772949 1500
0.46172213554382324 1500
0.46172213554382324 1500
0.4626121520996094 1500
0.4650290012359619 1500
0.4656970500946045 1500
0.4678640365600586 1500
0.4684431552886963 1500
0.47076916694641113 1500
0.4717671871185303 1500
0.4749901294708252 1500
0.4749901294708252 1500
0.4762539863586426 1500
0.47776007652282715 1500
0.47856807708740234 1500
0.48077917098999023 1500
0.48191308975219727 1500
0.48381614685058594 1500
0.4848451614379883 1500
0.48804807662963867 1500
0.48804807662963867 1500
0.4888482093811035 1500
0.4907381534576416 1500
0.4916870594024658 1500
0.4941520690917969 1500
0.4947190284729004 1500
0.49676513671875 1500
0.49752020835876465 1500
0.4997901916503906 1500
0.501986026763916 1500
0.501986026763916 1500
0.5036230087280273 1500
0.5046830177307129 1500
0.5096402168273926 1500
0.5096402168273926 1500
0.5096402168273926 1500
0.5109601020812988 1500
0.512667179107666 1500
0.5138990879058838 1500
0.514794111251831 1500
0.5167300701141357 1500
0.5177261829376221 1500
0.5197310447692871 1500
0.5207140445709229 1500
0.5228631496429443 1500
0.5241031646728516 1500
0.526698112487793 1500
0.526698112487793 1500
0.5275070667266846 1500
0.5297231674194336 1500
0.5306811332702637 1500
0.5329720973968506 1500
0.5336329936981201 1500
0.5357801914215088 1500
0.5366010665893555 1500
0.5389630794525146 1500
0.5400450229644775 1500
0.5452501773834229 1500
0.5452501773834229 1500
0.5452501773834229 1500
0.5458731651306152 1500
0.5468630790710449 1500
0.5487751960754395 1500
0.549530029296875 1500
0.552016019821167 1500
0.5527071952819824 1500
0.5539190769195557 1500
0.5556910037994385 1500
0.5567731857299805 1500
0.558751106262207 1500
0.5599761009216309 1500
0.5629141330718994 1500
0.5629141330718994 1500
0.5645420551300049 1500
0.5660710334777832 1500
0.5669131278991699 1500
0.5686361789703369 1500
0.5696070194244385 1500
0.5717291831970215 1500
0.572904109954834 1500
0.5770790576934814 1500
0.5770790576934814 1500
0.5777170658111572 1500
0.5787341594696045 1500
0.5797691345214844 1500
0.5817470550537109 1500
0.5830180644989014 1500
0.5846400260925293 1500
0.5858922004699707 1500
0.5877370834350586 1500
0.5887930393218994 1500
0.5907211303710938 1500
0.5915341377258301 1500
0.5936341285705566 1500
0.5945210456848145 1500
0.5957190990447998 1500
0.597830057144165 1500
0.5986831188201904 1500
0.6006560325622559 1500
0.6018590927124023 1500
0.6034700870513916 1500
0.6048970222473145 1500
0.6067531108856201 1500
0.6076750755310059 1500
0.608619213104248 1500
0.6107430458068848 1500
0.6118950843811035 1500
0.6150720119476318 1500
0.6150720119476318 1500
0.6166670322418213 1500
0.6178781986236572 1500
0.6197381019592285 1500
0.620568037033081 1500
0.6217920780181885 1500
0.623798131942749 1500
0.6249990463256836 1500
0.6280951499938965 1500
0.6280951499938965 1500
0.6298961639404297 1500
0.6311101913452148 1500
0.6329960823059082 1500
0.6336991786956787 1500
0.6347920894622803 1500
0.6364901065826416 1500
0.6376252174377441 1500
0.6410331726074219 1500
0.6410331726074219 1500
0.6426520347595215 1500
0.643808126449585 1500
0.6459012031555176 1500
0.6467361450195312 1500
0.6479911804199219 1500
0.6497831344604492 1500
0.6507260799407959 1500
0.6536080837249756 1500
0.6536080837249756 1500
0.6555311679840088 1500
0.6567699909210205 1500
0.6589381694793701 1500
0.6597170829772949 1500
0.661545991897583 1500
0.6634809970855713 1500
0.663776159286499 1500
0.6657841205596924 1500
0.6665902137756348 1500
0.6689600944519043 1500
0.6696879863739014 1500
0.672335147857666 1500
0.6729869842529297 1500
0.673687219619751 1500
0.6759500503540039 1500
0.6767921447753906 1500
0.6784751415252686 1500
0.6796309947967529 1500
0.6815550327301025 1500
0.6826419830322266 1500
0.6847271919250488 1500
0.685575008392334 1500
0.6867551803588867 1500
0.6885380744934082 1500
0.6895191669464111 1500
0.6915881633758545 1500
0.6927320957183838 1500
0.694627046585083 1500
0.6959431171417236 1500
0.697681188583374 1500
0.6985540390014648 1500
0.6999890804290771 1500
0.7031960487365723 1500
0.7031960487365723 1500
0.7050809860229492 1500
0.7055761814117432 1500
0.7075040340423584 1500
0.7084131240844727 1500
0.7110230922698975 1500
0.7115521430969238 1500
0.7130441665649414 1500
0.7147030830383301 1500
0.716041088104248 1500
0.7177619934082031 1500
0.7184751033782959 1500
0.7206640243530273 1500
0.7217490673065186 1500
0.7241032123565674 1500
0.7246479988098145 1500
0.7268130779266357 1500
0.7276060581207275 1500
0.7286860942840576 1500
0.7307190895080566 1500
0.7317821979522705 1500
0.7339282035827637 1500
0.7349100112915039 1500
0.7369980812072754 1500
0.7378711700439453 1500
0.7400062084197998 1500
0.7405481338500977 1500
0.7420041561126709 1500
0.7437551021575928 1500
0.7448010444641113 1500
0.7469251155853271 1500
0.7477819919586182 1500
0.7505841255187988 1500
0.7505841255187988 1500
0.7516860961914062 1500
0.7538051605224609 1500
0.7545680999755859 1500
0.7566311359405518 1500
0.7573649883270264 1500
0.7596859931945801 1500
0.760357141494751 1500
0.763862133026123 1500
0.763862133026123 1500
0.7648460865020752 1500
0.7666501998901367 1500
0.7678780555725098 1500
0.7696621417999268 1500
0.7717230319976807 1500
0.7767610549926758 1500
0.7767610549926758 1500
0.7767610549926758 1500
0.7790310382843018 1500
0.7790801525115967 1500
0.7805709838867188 1500
0.7817151546478271 1500
0.7826681137084961 1500
0.7847881317138672 1500
0.7857480049133301 1500
0.7876520156860352 1500
0.7887191772460938 1500
0.7906382083892822 1500
0.792586088180542 1500
0.7934930324554443 1500
0.7949120998382568 1500
0.7954370975494385 1500
0.7976441383361816 1500
0.7984380722045898 1500
0.8005681037902832 1500
0.8014211654663086 1500
0.8038551807403564 1500
0.8045752048492432 1500
0.8066880702972412 1500
0.8078510761260986 1500
0.8084990978240967 1500
0.810481071472168 1500
0.8116421699523926 1500
0.813770055770874 1500
0.8144960403442383 1500
0.8165371417999268 1500
0.8176732063293457 1500
0.8194460868835449 1500
0.820458173751831 1500
0.8216240406036377 1500
0.8235301971435547 1500
0.8245620727539062 1500
0.8265020847320557 1500
0.8274390697479248 1500
0.8295550346374512 1500
0.8305160999298096 1500
0.8329801559448242 1500
0.8338630199432373 1500
0.8346750736236572 1500
0.8367090225219727 1500
0.8377640247344971 1500
0.8394331932067871 1500
0.8405439853668213 1500
0.8426861763000488 1500
0.8436951637268066 1500
0.8458421230316162 1500
0.8464601039886475 1500
0.8474411964416504 1500
0.849614143371582 1500
0.8520591259002686 1500
0.8525722026824951 1500
0.8535540103912354 1500
0.8557560443878174 1500
0.8564810752868652 1500
0.8591341972351074 1500
0.8597440719604492 1500
0.8605880737304688 1500
0.8626770973205566 1500
0.863936185836792 1500
0.8656811714172363 1500
0.8663971424102783 1500
0.868610143661499 1500
0.8698031902313232 1500
0.8717520236968994 1500
0.876115083694458 1500
0.876115083694458 1500
0.876115083694458 1500
0.8769180774688721 1500
0.8784542083740234 1500
0.8794190883636475 1500
0.8816051483154297 1500
0.8826701641082764 1500
0.8847529888153076 1500
0.8857851028442383 1500
0.8867180347442627 1500
0.8884780406951904 1500
0.8895940780639648 1500
0.8915259838104248 1500
0.892719030380249 1500
0.8945550918579102 1500
0.8959991931915283 1500
0.8974571228027344 1500
0.8987531661987305 1500
0.8994081020355225 1500
0.9015581607818604 1500
0.902656078338623 1500
0.9044671058654785 1500
0.9054450988769531 1500
0.9079949855804443 1500
0.9097731113433838 1500
0.910459041595459 1500
0.9116110801696777 1500
0.9127321243286133 1500
0.9143822193145752 1500
0.9157412052154541 1500
0.917532205581665 1500
0.9190661907196045 1500
0.9204411506652832 1500
0.9213681221008301 1500
0.9237470626831055 1500
0.924854040145874 1500
0.9253790378570557 1500
0.927868127822876 1500
0.928476095199585 1500
0.931016206741333 1500
0.931555986404419 1500
0.9338359832763672 1500
0.9347960948944092 1500
0.9367380142211914 1500
0.9378230571746826 1500
0.9386031627655029 1500
0.9406499862670898 1500
0.9414541721343994 1500
0.9438860416412354 1500
0.945235013961792 1500
0.9465911388397217 1500
0.9475431442260742 1500
0.9495260715484619 1500
0.9504270553588867 1500
0.9517030715942383 1500
0.9537591934204102 1500
0.9546260833740234 1500
0.9571361541748047 1500
0.957442045211792 1500
0.960050106048584 1500
0.9607350826263428 1500
0.9624571800231934 1500
0.9635682106018066 1500
0.9658021926879883 1500
0.9667470455169678 1500
0.9681282043457031 1500
0.9695570468902588 1500
0.9707241058349609 1500
0.9736490249633789 1500
0.9736490249633789 1500
0.9757511615753174 1500
0.9768052101135254 1500
0.9786190986633301 1500
0.9798471927642822 1500
0.9804461002349854 1500
0.9828171730041504 1500
0.9837920665740967 1500
0.9856531620025635 1500
0.987436056137085 1500
0.9886829853057861 1500
0.9893851280212402 1500
0.9918661117553711 1500
0.9924581050872803 1500
0.9936590194702148 1500
0.9953920841217041 1500
0.9965090751647949 1500
0.998399019241333 1500
0.9997642040252686 1500
1.001758098602295 1500
1.0025410652160645 1500
1.004729986190796 1500
1.0056781768798828 1500
1.0065891742706299 1500
1.0086421966552734 1500
1.009411096572876 1500
