1050000
0.0 1500
0.002070903778076172 1500
0.0028848648071289062 1500
0.005192995071411133 1500
0.006115913391113281 1500
0.007963895797729492 1500
0.009073972702026367 1500
0.011219978332519531 1500
0.011750936508178711 1500
0.012925863265991211 1500
0.015040874481201172 1500
0.0157167911529541 1500
0.01819896697998047 1500
0.01920795440673828 1500
0.021188974380493164 1500
0.021683931350708008 1500
0.024213790893554688 1500
0.025000810623168945 1500
0.025926828384399414 1500
0.028107881546020508 1500
0.0288388729095459 1500
0.030826807022094727 1500
0.03409981727600098 1500
0.03409981727600098 1500
0.037956953048706055 1500
0.037956953048706055 1500
0.037956953048706055 1500
0.03878188133239746 1500
0.0411069393157959 1500
0.04189181327819824 1500
0.0441439151763916 1500
0.04478287696838379 1500
0.04716801643371582 1500
0.04804182052612305 1500
0.05004596710205078 1500
0.05069279670715332 1500
0.05188393592834473 1500
0.0543057918548584 1500
0.054741859436035156 1500
0.05851292610168457 1500
0.05851292610168457 1500
0.06020784378051758 1500
0.060913801193237305 1500
0.06279993057250977 1500
0.06372380256652832 1500
0.06478190422058105 1500
0.06747889518737793 1500
0.06786584854125977 1500
0.0703577995300293 1500
0.07078695297241211 1500
0.07308197021484375 1500
0.07377099990844727 1500
0.07596182823181152 1500
0.07712483406066895 1500
0.07773590087890625 1500
0.08020401000976562 1500
0.08112287521362305 1500
0.08341693878173828 1500
0.08397197723388672 1500
0.08619379997253418 1500
0.08669686317443848 1500
0.08920788764953613 1500
0.08985686302185059 1500
0.0910038948059082 1500
0.09306192398071289 1500
0.0939338207244873 1500
0.09578895568847656 1500
0.09690999984741211 1500
0.10377693176269531 1500
0.10377693176269531 1500
0.10377693176269531 1500
0.10377693176269531 1500
0.10448980331420898 1500
0.10582280158996582 1500
0.10700583457946777 1500
0.10892391204833984 1500
0.1097409725189209 1500
0.11216497421264648 1500
0.11283588409423828 1500
0.11510801315307617 1500
0.11596083641052246 1500
0.11697793006896973 1500
0.11899280548095703 1500
0.1196889877319336 1500
0.12212586402893066 1500
0.12285900115966797 1500
0.12494492530822754 1500
0.12571382522583008 1500
0.13196587562561035 1500
0.13196587562561035 1500
0.13196587562561035 1500
0.13196587562561035 1500
0.13768482208251953 1500
0.13768482208251953 1500
0.13768482208251953 1500
0.13800501823425293 1500
0.13877582550048828 1500
0.141157865524292 1500
0.14230585098266602 1500
0.14298701286315918 1500
0.14600181579589844 1500
0.14602398872375488 1500
0.148162841796875 1500
0.1486968994140625 1500
0.15079998970031738 1500
0.15181398391723633 1500
0.1538548469543457 1500
0.15475082397460938 1500
0.15723681449890137 1500
0.15872597694396973 1500
0.15886783599853516 1500
0.16077589988708496 1500
0.1618638038635254 1500
0.16416096687316895 1500
0.16500282287597656 1500
0.16835689544677734 1500
0.16835689544677734 1500
0.1689457893371582 1500
0.17132091522216797 1500
0.1720108985900879 1500
0.17393898963928223 1500
0.17488384246826172 1500
0.17702388763427734 1500
0.17791199684143066 1500
0.1799149513244629 1500
0.1807258129119873 1500
0.18207287788391113 1500
0.18407797813415527 1500
0.1847219467163086 1500
0.18718886375427246 1500
0.18794989585876465 1500
0.19006800651550293 1500
0.19071102142333984 1500
0.19310784339904785 1500
0.19372892379760742 1500
0.1947329044342041 1500
0.1973278522491455 1500
0.19774580001831055 1500
0.19976282119750977 1500
0.20122480392456055 1500
0.20301079750061035 1500
0.20409798622131348 1500
0.20600295066833496 1500
0.20672893524169922 1500
0.20776987075805664 1500
0.21010184288024902 1500
0.2108469009399414 1500
0.21338391304016113 1500
0.21411800384521484 1500
0.21580886840820312 1500
0.2168588638305664 1500
0.21907782554626465 1500
0.21978282928466797 1500
0.2211909294128418 1500
0.22342586517333984 1500
0.22402691841125488 1500
0.22579693794250488 1500
0.22670698165893555 1500
0.22920489311218262 1500
0.23000597953796387 1500
0.23171186447143555 1500
0.23342180252075195 1500
0.23383688926696777 1500
0.2358989715576172 1500
0.23702096939086914 1500
0.23938798904418945 1500
0.2398688793182373 1500
0.24185991287231445 1500
0.24274802207946777 1500
0.24494290351867676 1500
0.24571990966796875 1500
0.24675393104553223 1500
0.24875378608703613 1500
0.24976897239685059 1500
0.25176000595092773 1500
0.25316286087036133 1500
0.254727840423584 1500
0.256091833114624 1500
0.2577488422393799 1500
0.25886082649230957 1500
0.25986790657043457 1500
0.2618989944458008 1500
0.2627999782562256 1500
0.264941930770874 1500
0.2657299041748047 1500
0.26794886589050293 1500
0.26877284049987793 1500
0.27072787284851074 1500
0.2719428539276123 1500
0.2728149890899658 1500
0.2751808166503906 1500
0.27571582794189453 1500
0.2784237861633301 1500
0.27878284454345703 1500
0.2811617851257324 1500
0.2817850112915039 1500
0.2841978073120117 1500
0.28506898880004883 1500
0.28669190406799316 1500
0.28845691680908203 1500
0.28867101669311523 1500
0.291064977645874 1500
0.2918968200683594 1500
0.29390978813171387 1500
0.29488492012023926 1500
0.29680585861206055 1500
0.29810595512390137 1500
0.30444979667663574 1500
0.30444979667663574 1500
0.30444979667663574 1500
0.30444979667663574 1500
0.3048219680786133 1500
0.3066978454589844 1500
0.30779385566711426 1500
0.3100578784942627 1500
0.3108248710632324 1500
0.3119637966156006 1500
0.31414294242858887 1500
0.3146939277648926 1500
0.3169689178466797 1500
0.31791090965270996 1500
0.32007288932800293 1500
0.3208959102630615 1500
0.32291698455810547 1500
0.3240029811859131 1500
0.32485079765319824 1500
0.3268887996673584 1500
0.3281428813934326 1500
0.3297688961029053 1500
0.33086395263671875 1500
0.33835291862487793 1500
0.33835291862487793 1500
0.33835291862487793 1500
0.33835291862487793 1500
0.3388538360595703 1500
0.3401529788970947 1500
0.34064197540283203 1500
0.3430299758911133 1500
0.3439497947692871 1500
0.34593701362609863 1500
0.3469429016113281 1500
0.3500378131866455 1500
0.3500378131866455 1500
0.3508110046386719 1500
0.35300397872924805 1500
0.35382699966430664 1500
0.35601282119750977 1500
0.3568599224090576 1500
0.3589038848876953 1500
0.35980892181396484 1500
0.36224794387817383 1500
0.36270785331726074 1500
0.3640108108520508 1500
0.3659708499908447 1500
0.36678290367126465 1500
0.3688349723815918 1500
0.36972689628601074 1500
0.37175488471984863 1500
0.3731358051300049 1500
0.37519383430480957 1500
0.3757510185241699 1500
0.37687182426452637 1500
0.3787388801574707 1500
0.37987685203552246 1500
0.3818058967590332 1500
0.38301587104797363 1500
0.384753942489624 1500
0.3859729766845703 1500
0.3877568244934082 1500
0.3889648914337158 1500
0.3902289867401123 1500
0.391772985458374 1500
0.39311695098876953 1500
0.39495182037353516 1500
0.3958549499511719 1500
0.3982658386230469 1500
0.3988809585571289 1500
0.4010508060455322 1500
0.4018738269805908 1500
0.40331482887268066 1500
0.40471696853637695 1500
0.4057319164276123 1500
0.40770387649536133 1500
0.40888500213623047 1500
0.4111177921295166 1500
0.41188788414001465 1500
0.4140589237213135 1500
0.41539978981018066 1500
0.41573381423950195 1500
0.4178149700164795 1500
0.41869091987609863 1500
0.42113494873046875 1500
0.4219238758087158 1500
0.4242589473724365 1500
0.4250040054321289 1500
0.4272189140319824 1500
0.4278528690338135 1500
0.4288640022277832 1500
0.43074798583984375 1500
0.43241000175476074 1500
0.433743953704834 1500
0.43491291999816895 1500
0.4368000030517578 1500
0.4380049705505371 1500
0.4398229122161865 1500
0.44103384017944336 1500
0.44186902046203613 1500
0.44493889808654785 1500
0.44493889808654785 1500
0.4467768669128418 1500
0.44800782203674316 1500
0.4501378536224365 1500
0.45076990127563477 1500
0.4528520107269287 1500
0.45382189750671387 1500
0.4556138515472412 1500
0.4571518898010254 1500
0.45810580253601074 1500
0.4599289894104004 1500
0.4607658386230469 1500
0.4632267951965332 1500
0.4640958309173584 1500
0.4659860134124756 1500
0.4669339656829834 1500
0.4680747985839844 1500
0.46985483169555664 1500
0.4707808494567871 1500
0.47272491455078125 1500
0.4737129211425781 1500
0.4758579730987549 1500
0.47697997093200684 1500
0.47898387908935547 1500
0.4801199436187744 1500
0.48116087913513184 1500
0.4849698543548584 1500
0.4849698543548584 1500
0.48599982261657715 1500
0.48679089546203613 1500
0.48894786834716797 1500
0.48987388610839844 1500
0.49214982986450195 1500
0.49313783645629883 1500
0.49410200119018555 1500
0.4958159923553467 1500
0.49695491790771484 1500
0.49895381927490234 1500
0.4999408721923828 1500
0.5021529197692871 1500
0.5030498504638672 1500
0.5050358772277832 1500
0.5059289932250977 1500
0.5067808628082275 1500
0.5089068412780762 1500
0.5101659297943115 1500
0.5121479034423828 1500
0.5129139423370361 1500
0.5152099132537842 1500
0.5159318447113037 1500
0.5181620121002197 1500
0.5188159942626953 1500
0.5221929550170898 1500
0.5224788188934326 1500
0.5227968692779541 1500
0.525000810623169 1500
0.5258359909057617 1500
0.5281989574432373 1500
0.5289208889007568 1500
0.5310568809509277 1500
0.533026933670044 1500
0.5341129302978516 1500
0.5346639156341553 1500
0.5360889434814453 1500
0.5378940105438232 1500
0.5389928817749023 1500
0.5409200191497803 1500
0.5433149337768555 1500
0.5443189144134521 1500
0.5449728965759277 1500
0.5467839241027832 1500
0.5477797985076904 1500
0.5490169525146484 1500
0.551231861114502 1500
0.5520598888397217 1500
0.5538218021392822 1500
0.5548169612884521 1500
0.5574920177459717 1500
0.557729959487915 1500
0.5599229335784912 1500
0.5620148181915283 1500
0.5620148181915283 1500
0.5640699863433838 1500
0.565173864364624 1500
0.5670769214630127 1500
0.5679359436035156 1500
0.5697908401489258 1500
0.5707190036773682 1500
0.5729148387908936 1500
0.5738668441772461 1500
0.5750679969787598 1500
0.5770068168640137 1500
0.577812910079956 1500
0.5800399780273438 1500
0.5806899070739746 1500
0.582913875579834 1500
0.5838589668273926 1500
0.586270809173584 1500
0.5869028568267822 1500
0.5880990028381348 1500
0.5897297859191895 1500
0.590878963470459 1500
0.592836856842041 1500
0.5939369201660156 1500
0.5958738327026367 1500
0.5970327854156494 1500
0.5989158153533936 1500
0.5997560024261475 1500
0.6009049415588379 1500
0.6042768955230713 1500
0.6043918132781982 1500
0.6060168743133545 1500
0.6069610118865967 1500
0.6089580059051514 1500
0.6101298332214355 1500
0.6120059490203857 1500
0.6127288341522217 1500
0.6142368316650391 1500
0.615710973739624 1500
0.6168749332427979 1500
0.6189289093017578 1500
0.6199297904968262 1500
0.6217830181121826 1500
0.6230309009552002 1500
0.6249117851257324 1500
0.6257748603820801 1500
0.6266689300537109 1500
0.6291940212249756 1500
0.6300008296966553 1500
0.6318988800048828 1500
0.6331188678741455 1500
0.6349129676818848 1500
0.6356699466705322 1500
0.6377978324890137 1500
0.6386969089508057 1500
0.6398169994354248 1500
0.6420559883117676 1500
0.6432428359985352 1500
0.6450099945068359 1500
0.6457920074462891 1500
0.6479649543762207 1500
0.653749942779541 1500
0.653749942779541 1500
0.653749942779541 1500
0.653749942779541 1500
0.6549258232116699 1500
0.6564538478851318 1500
0.658026933670044 1500
0.6587309837341309 1500
0.6611440181732178 1500
0.6618947982788086 1500
0.664268970489502 1500
0.6649718284606934 1500
0.6660878658294678 1500
0.6680648326873779 1500
0.6690759658813477 1500
0.6706938743591309 1500
0.6722478866577148 1500
0.674238920211792 1500
0.6746978759765625 1500
0.6770498752593994 1500
0.6779088973999023 1500
0.67893385887146 1500
0.6809589862823486 1500
0.6816558837890625 1500
0.6876308917999268 1500
0.6876308917999268 1500
0.6876308917999268 1500
0.6877849102020264 1500
0.6901450157165527 1500
0.6908938884735107 1500
0.6921958923339844 1500
0.6936829090118408 1500
0.6949429512023926 1500
0.6984519958496094 1500
0.6984519958496094 1500
0.7001218795776367 1500
0.7008769512176514 1500
0.7030928134918213 1500
0.7041168212890625 1500
0.704927921295166 1500
0.7072548866271973 1500
0.7079229354858398 1500
0.7101919651031494 1500
0.7106637954711914 1500
0.7132568359375 1500
0.7138669490814209 1500
0.7159569263458252 1500
0.7166709899902344 1500
0.7191219329833984 1500
0.7200119495391846 1500
0.7207479476928711 1500
0.7230129241943359 1500
0.7237269878387451 1500
0.7257537841796875 1500
0.7267739772796631 1500
0.7292988300323486 1500
0.7299339771270752 1500
0.7323088645935059 1500
0.733597993850708 1500
0.735252857208252 1500
0.7356798648834229 1500
0.7369568347930908 1500
0.7388439178466797 1500
0.7398560047149658 1500
0.7423598766326904 1500
0.742933988571167 1500
0.7451839447021484 1500
0.7461588382720947 1500
0.7477908134460449 1500
0.7489500045776367 1500
0.7508139610290527 1500
0.7519559860229492 1500
0.752938985824585 1500
0.7547039985656738 1500
0.7557690143585205 1500
0.7580878734588623 1500
0.7587788105010986 1500
0.7610528469085693 1500
0.7617688179016113 1500
0.7640659809112549 1500
0.7647948265075684 1500
0.7657527923583984 1500
0.7682340145111084 1500
0.7688949108123779 1500
0.7710709571838379 1500
0.7718319892883301 1500
0.7742328643798828 1500
0.7747819423675537 1500
0.777101993560791 1500
0.7778129577636719 1500
0.779155969619751 1500
0.7811830043792725 1500
0.781790018081665 1500
0.7840750217437744 1500
0.7849099636077881 1500
0.7876830101013184 1500
0.7876830101013184 1500
0.790306806564331 1500
0.791057825088501 1500
0.7927370071411133 1500
0.794517993927002 1500
0.7949099540710449 1500
0.7971868515014648 1500
0.7982017993927002 1500
0.8001577854156494 1500
0.8009920120239258 1500
0.8030109405517578 1500
0.8036890029907227 1500
0.8061528205871582 1500
0.8068258762359619 1500
0.807765007019043 1500
0.8097529411315918 1500
0.8110618591308594 1500
0.8130040168762207 1500
0.8140108585357666 1500
0.8160898685455322 1500
0.8172469139099121 1500
0.8190939426422119 1500
0.8197669982910156 1500
0.8210189342498779 1500
0.822882890701294 1500
0.8238558769226074 1500
0.8260807991027832 1500
0.8269438743591309 1500
0.8291058540344238 1500
0.8296909332275391 1500
0.8323287963867188 1500
0.8326969146728516 1500
0.8339989185333252 1500
0.836082935333252 1500
0.8367798328399658 1500
0.8389480113983154 1500
0.8397448062896729 1500
0.8419029712677002 1500
0.8433837890625 1500
0.8449118137359619 1500
0.8457949161529541 1500
0.8480010032653809 1500
0.8489339351654053 1500
0.8503549098968506 1500
0.8520429134368896 1500
0.8526937961578369 1500
0.855050802230835 1500
0.8559238910675049 1500
0.8579390048980713 1500
0.8588919639587402 1500
0.861292839050293 1500
0.8617649078369141 1500
0.8630199432373047 1500
0.8657469749450684 1500
0.8660299777984619 1500
0.8680019378662109 1500
0.86910080909729 1500
0.8709738254547119 1500
0.87186598777771 1500
0.8737239837646484 1500
0.8748128414154053 1500
0.8757688999176025 1500
0.8778488636016846 1500
0.8788738250732422 1500
0.8811478614807129 1500
0.8820028305053711 1500
0.8842649459838867 1500
0.8847708702087402 1500
0.8880770206451416 1500
0.8880770206451416 1500
0.8889889717102051 1500
0.8911948204040527 1500
0.8917779922485352 1500
0.8941969871520996 1500
0.8965818881988525 1500
0.8970379829406738 1500
0.8979058265686035 1500
0.8997359275817871 1500
0.900763988494873 1500
0.9019248485565186 1500
0.9037199020385742 1500
0.9046938419342041 1500
0.9068119525909424 1500
0.9082539081573486 1500
0.9110069274902344 1500
0.9121549129486084 1500
0.9127748012542725 1500
0.9138829708099365 1500
0.914841890335083 1500
0.9168438911437988 1500
0.9179739952087402 1500
0.9199810028076172 1500
0.9209690093994141 1500
0.9234268665313721 1500
0.923820972442627 1500
0.9257869720458984 1500
0.9271268844604492 1500
0.927879810333252 1500
0.9300088882446289 1500
0.9308528900146484 1500
0.9328019618988037 1500
0.9339377880096436 1500
0.9360787868499756 1500
0.936823844909668 1500
0.9392039775848389 1500
0.9398939609527588 1500
0.9408249855041504 1500
0.9429869651794434 1500
0.943828821182251 1500
0.9459288120269775 1500
0.9476089477539062 1500
0.9489078521728516 1500
0.9498629570007324 1500
0.9530107975006104 1500
0.9530777931213379 1500
0.9538679122924805 1500
0.9561648368835449 1500
0.9567627906799316 1500
0.9589109420776367 1500
0.9600718021392822 1500
0.9621667861938477 1500
0.9629449844360352 1500
0.9647958278656006 1500
0.9657979011535645 1500
0.9672839641571045 1500
0.9693269729614258 1500
0.9698398113250732 1500
0.9720959663391113 1500
0.9729478359222412 1500
0.9751839637756348 1500
0.9758028984069824 1500
0.9780099391937256 1500
0.979017972946167 1500
0.9798099994659424 1500
0.9816708564758301 1500
0.983738899230957 1500
0.9846658706665039 1500
0.9860270023345947 1500
0.9880528450012207 1500
0.9888279438018799 1500
0.9911088943481445 1500
0.9917759895324707 1500
0.9929609298706055 1500
0.9951019287109375 1500
0.9957139492034912 1500
0.9978559017181396 1500
0.9992117881774902 1500
1.0036559104919434 1500
1.0036559104919434 1500
1.0039548873901367 1500
1.0052239894866943 1500
1.0057189464569092 1500
1.0077989101409912 1500
1.008862018585205 1500
1.0107488632202148 1500
