1049827
0.0 1460
0.00040793418884277344 1460
0.0018620491027832031 1460
0.002599954605102539 1460
0.0033719539642333984 1460
0.00426793098449707 1460
0.0048830509185791016 1460
0.005900859832763672 1460
0.005900859832763672 1043
0.005900859832763672 52
0.027276039123535156 220
0.028419017791748047 1460
0.029068946838378906 1460
0.02986598014831543 1460
0.03120589256286621 1460
0.03186297416687012 1460
0.03293204307556152 1460
0.03364706039428711 1460
0.034934043884277344 1460
0.0359189510345459 1460
0.03670191764831543 1460
0.0374140739440918 1460
0.04558300971984863 1043
0.04622793197631836 1460
0.046575069427490234 1460
0.04696488380432129 1460
0.048690080642700195 1460
0.05094099044799805 1460
0.0516209602355957 1460
0.0516209602355957 1460
0.055253028869628906 1460
0.056710004806518555 1460
0.057005882263183594 1460
0.05983090400695801 1460
0.05983090400695801 1043
0.05983090400695801 1460
0.06056094169616699 1460
0.06119203567504883 1460
0.06190896034240723 1460
0.06258487701416016 1460
0.06300592422485352 1460
0.06373095512390137 1460
0.06455302238464355 1460
0.06455302238464355 1460
0.06833696365356445 1460
0.06914305686950684 1460
0.06948399543762207 1043
0.07055187225341797 1460
0.07133197784423828 1460
0.07191705703735352 1460
0.07335305213928223 1460
0.07369089126586914 1460
0.07405686378479004 1460
0.07405686378479004 1460
0.0748288631439209 1460
0.07547998428344727 1460
0.07614803314208984 1460
0.07715797424316406 1460
0.07715797424316406 1043
0.10841608047485352 172
0.10841608047485352 1460
0.10935592651367188 1460
0.1099388599395752 1460
0.11032795906066895 1460
0.11109685897827148 1460
0.11164402961730957 1460
0.11164402961730957 1460
0.11241006851196289 1460
0.11290502548217773 1460
0.11290502548217773 1460
0.11392593383789062 1460
0.11462593078613281 1043
0.11462593078613281 1460
0.11542701721191406 1460
0.11815094947814941 1460
0.11885190010070801 1460
0.11989903450012207 1460
0.12063288688659668 1460
0.12063288688659668 1460
0.12189698219299316 1460
0.12281489372253418 1460
0.12489604949951172 1460
0.12525391578674316 1460
0.12631487846374512 1043
0.12673187255859375 1460
0.12744593620300293 1460
0.12816905975341797 1460
0.12884807586669922 1460
0.1303269863128662 1460
0.13090300559997559 1460
0.1316680908203125 1460
0.1339418888092041 1460
0.13497495651245117 1460
0.1365208625793457 1460
0.13720297813415527 1460
0.13775897026062012 1043
0.1385178565979004 1460
0.1385178565979004 1460
0.13914990425109863 1460
0.13984298706054688 1460
0.14030098915100098 1460
0.14030098915100098 1460
0.14089488983154297 1460
0.14173507690429688 1460
0.14173507690429688 1460
0.14298295974731445 1460
0.14298295974731445 1460
0.14462590217590332 1043
0.14503002166748047 76
0.17184805870056152 124
0.17223787307739258 1460
0.1731259822845459 1460
0.174515962600708 1460
0.174515962600708 1460
0.17490100860595703 1460
0.17490100860595703 1460
0.17561697959899902 1460
0.1759638786315918 1460
0.17644000053405762 1460
0.1768970489501953 1460
0.1768970489501953 1460
0.1768970489501953 1043
0.1775510311126709 1460
0.1775510311126709 1460
0.17827200889587402 1460
0.17827200889587402 1460
0.1786179542541504 1460
0.1786179542541504 1460
0.1789689064025879 1460
0.1789689064025879 1460
0.17945289611816406 1460
0.17980289459228516 1460
0.17980289459228516 1460
0.17980289459228516 1043
0.18082308769226074 1460
0.18082308769226074 1460
0.18082308769226074 1460
0.18194103240966797 1460
0.18246793746948242 1460
0.18246793746948242 1460
0.18246793746948242 1460
0.18265295028686523 1460
0.18363308906555176 1460
0.18451499938964844 1460
0.1849379539489746 1460
0.1849379539489746 1043
0.1849379539489746 124
0.21225786209106445 172
0.21404099464416504 1460
0.21404099464416504 1460
0.21646499633789062 1460
0.2180650234222412 1460
0.2180650234222412 1460
0.21895289421081543 1460
0.22240900993347168 1460
0.2339649200439453 1460
0.2366950511932373 1460
0.2374129295349121 1460
0.2374129295349121 1460
0.2379920482635498 1043
0.23864388465881348 1460
0.23894906044006348 1460
0.23894906044006348 1460
0.2399139404296875 1460
0.24042701721191406 1460
0.24042701721191406 1460
0.24086403846740723 1460
0.24132704734802246 1460
0.24190592765808105 1460
0.2426588535308838 1460
0.24414896965026855 1460
0.2445049285888672 1043
0.26769495010375977 1460
0.26769495010375977 1460
0.2689208984375 1460
0.26987195014953613 1460
0.2705390453338623 1460
0.2719118595123291 1460
0.2729949951171875 1460
0.2758948802947998 1460
0.2758948802947998 1460
0.2758948802947998 1460
0.276900053024292 1460
0.27790307998657227 1043
0.27866601943969727 1460
0.2790539264678955 1460
0.2802889347076416 1460
0.28107404708862305 1460
0.2827479839324951 1460
0.2833740711212158 1460
0.2858870029449463 1460
0.2858870029449463 1460
0.2858870029449463 1460
0.28685498237609863 1460
0.2879030704498291 1460
0.28828001022338867 1043
0.28948187828063965 1460
0.2899510860443115 1460
0.29105591773986816 1460
0.2915220260620117 1460
0.29291296005249023 1460
0.29369187355041504 1460
0.2952148914337158 1460
0.296550989151001 1460
0.29697704315185547 1460
0.29735708236694336 1460
0.29892587661743164 1460
0.29976487159729004 1043
0.29976487159729004 124
0.30540990829467773 124
0.3073899745941162 1460
0.3073899745941162 1460
0.3079559803009033 1460
0.3094360828399658 1460
0.31058502197265625 1460
0.31058502197265625 1460
0.31093502044677734 1460
0.31139302253723145 1460
0.3122100830078125 1460
0.31239795684814453 1460
0.3136429786682129 1460
0.3136429786682129 1043
0.3138389587402344 1460
0.3144569396972656 1460
0.31886792182922363 1460
0.31985998153686523 1460
0.3200380802154541 1460
0.32091498374938965 1460
0.3222379684448242 1460
0.32308197021484375 1460
0.32390904426574707 1460
0.3244040012359619 1460
0.32591986656188965 1460
0.32702088356018066 1043
0.35878705978393555 124
0.3599529266357422 1460
0.3603949546813965 1460
0.36197495460510254 1460
0.3634369373321533 1460
0.3641979694366455 1460
0.3666799068450928 1460
0.3666799068450928 1460
0.3675880432128906 1460
0.36794590950012207 1460
0.3689889907836914 1460
0.37084293365478516 1460
0.3713560104370117 1043
0.3713560104370117 1460
0.37193894386291504 1460
0.3735179901123047 1460
0.37396693229675293 1460
0.3749210834503174 1460
0.375823974609375 1460
0.37698888778686523 1460
0.37799501419067383 1460
0.37955307960510254 1460
0.3799428939819336 1460
0.380964994430542 1460
0.38164687156677246 1043
0.38237595558166504 1460
0.38297104835510254 1460
0.3837130069732666 1460
0.38519287109375 1460
0.38656187057495117 1460
0.38690686225891113 1460
0.3878340721130371 1460
0.38889503479003906 1460
0.3898148536682129 1460
0.39049196243286133 1460
0.39182400703430176 1460
0.39252305030822754 1043
0.3936638832092285 1460
0.39441490173339844 1460
0.39490795135498047 1460
0.39600086212158203 1460
0.39663100242614746 1460
0.3979189395904541 1460
0.3979189395904541 1460
0.3987698554992676 1460
0.3994460105895996 1460
0.40096592903137207 1460
0.40194201469421387 1460
0.4026648998260498 1043
0.4026648998260498 76
0.6623749732971191 172
0.663801908493042 1460
0.6644260883331299 1460
0.6658270359039307 1460
0.6658270359039307 1460
0.6658270359039307 1460
0.666450023651123 1460
0.6683449745178223 1460
0.6683449745178223 1460
0.6689460277557373 1460
0.6689460277557373 1460
0.6694350242614746 1460
0.6694350242614746 1043
0.6698260307312012 1460
0.6704590320587158 1460
0.6709609031677246 1460
0.6713299751281738 1460
0.6713299751281738 1460
0.6713299751281738 1460
0.6717450618743896 1460
0.6725978851318359 1460
0.6725978851318359 1460
0.672968864440918 1460
0.67340087890625 1460
0.67340087890625 1043
0.681988000869751 124
0.6829409599304199 1460
0.6839258670806885 1460
0.6959309577941895 1460
0.6965670585632324 1460
0.7005019187927246 1460
0.701915979385376 1460
0.7026269435882568 1460
0.7032070159912109 1460
0.7032070159912109 1460
0.7037429809570312 1460
0.70477294921875 1460
0.70477294921875 1043
0.705474853515625 1460
0.7059268951416016 1460
0.7070620059967041 1460
0.7077040672302246 1460
0.7083959579467773 1460
0.7099599838256836 1460
0.7106499671936035 1460
0.712212085723877 1460
0.7137658596038818 1460
0.7137658596038818 1460
0.7145829200744629 1460
0.7145829200744629 1043
0.7159988880157471 1460
0.7159988880157471 1460
0.7163338661193848 1460
0.7167069911956787 1460
0.7167069911956787 1460
0.7173788547515869 1460
0.7177259922027588 1460
0.7184278964996338 1460
0.7191190719604492 1460
0.7198209762573242 1460
0.7201690673828125 1460
0.7201690673828125 1043
0.7927758693695068 76
0.8130409717559814 172
0.8144230842590332 1460
0.8144230842590332 1460
0.8154110908508301 1460
0.8173670768737793 1460
0.8180549144744873 1460
0.8187210559844971 1460
0.8194658756256104 1460
0.8219199180603027 1460
0.8226490020751953 1460
0.8233339786529541 1460
0.8238968849182129 1460
0.8247709274291992 1043
0.835439920425415 1460
0.8361339569091797 1460
0.8361339569091797 1460
0.8368320465087891 1460
0.8374810218811035 1460
0.8381640911102295 1460
0.8406200408935547 1460
0.8475320339202881 1460
0.8480288982391357 1460
0.8523180484771729 1460
0.8533709049224854 1460
0.8537039756774902 1043
0.854564905166626 1460
0.8549830913543701 1460
0.855705976486206 1460
0.8569328784942627 1460
0.8572909832000732 1460
0.8591780662536621 1460
0.8595938682556152 1460
0.8600480556488037 1460
0.8618168830871582 1460
0.8634319305419922 1460
0.8634319305419922 1460
0.8634319305419922 1043
0.88401198387146 1460
0.8854219913482666 1460
0.8858020305633545 1460
0.8858020305633545 1460
0.8864750862121582 1460
0.8864750862121582 1460
0.8869428634643555 1460
0.8878519535064697 1460
0.8886029720306396 1460
0.8892700672149658 1460
0.8892700672149658 1460
0.8906059265136719 1043
0.8916749954223633 1460
0.8916749954223633 1460
0.8924770355224609 1460
0.8924770355224609 1460
0.8930108547210693 1460
0.8930108547210693 1460
0.8947639465332031 1460
0.8952579498291016 1460
0.8952579498291016 1460
0.8957929611206055 1460
0.8967258930206299 1460
0.8967258930206299 1043
0.9503569602966309 220
0.9516890048980713 1460
0.9523558616638184 1460
0.9619200229644775 1460
0.9630980491638184 1460
0.9635040760040283 1460
0.9644920825958252 1460
0.9659090042114258 1460
0.9666950702667236 1460
0.9666950702667236 1460
0.9679679870605469 1460
0.9687759876251221 1460
0.9694409370422363 1043
0.9705929756164551 1460
0.9710249900817871 1460
0.9719750881195068 1460
0.9727749824523926 1460
0.9734559059143066 1460
0.9734559059143066 1460
0.9748389720916748 1460
0.9748389720916748 1460
0.9763109683990479 1460
0.9768469333648682 1460
0.9779200553894043 1460
0.9782869815826416 1043
0.9799768924713135 1460
0.9815518856048584 1460
0.9815518856048584 1460
0.9844958782196045 1460
0.985602855682373 1460
0.9883930683135986 1460
0.9889509677886963 1460
0.9942500591278076 1460
0.9958200454711914 1460
0.9958200454711914 1460
0.9958200454711914 1460
0.9969699382781982 1043
0.9982209205627441 1460
0.9982209205627441 1460
0.999535083770752 1460
0.999535083770752 1460
1.0009450912475586 1460
1.0009450912475586 1460
1.001899003982544 1460
1.0025520324707031 1460
1.0025520324707031 1460
1.003929853439331 1460
1.0046720504760742 1460
1.005053997039795 1043
1.0646538734436035 76
1.100538969039917 220
1.105436086654663 1460
1.1059939861297607 1460
1.1067678928375244 1460
1.1074740886688232 1460
1.1085059642791748 1460
1.1090219020843506 1460
1.1090219020843506 1460
1.1100049018859863 1460
1.1125578880310059 1460
1.1125578880310059 1460
1.1149370670318604 1460
1.1149370670318604 1043
1.115936040878296 1460
1.115936040878296 1460
1.115936040878296 1460
1.1166598796844482 1460
1.1179418563842773 1460
1.1188619136810303 1460
1.1188619136810303 1460
1.1195249557495117 1460
1.1203210353851318 1460
1.1208529472351074 1460
1.1212780475616455 1460
1.1219229698181152 1043
1.123283863067627 1460
1.123283863067627 1460
1.1236169338226318 1460
1.124082088470459 1460
1.124082088470459 1460
1.1249940395355225 1460
1.1257479190826416 1460
1.1264350414276123 1460
1.1264350414276123 1460
1.127026081085205 1460
1.127026081085205 1460
1.1294779777526855 1043
1.1294779777526855 1460
1.1294779777526855 1460
1.129997968673706 1460
1.130997896194458 1460
1.1316978931427002 1460
1.1329970359802246 1460
1.1336889266967773 1460
1.1345958709716797 1460
1.1359710693359375 1460
1.1369709968566895 1460
1.1377859115600586 1460
1.1381549835205078 1043
1.1391029357910156 1460
1.1399378776550293 1460
1.1412179470062256 1460
1.1419100761413574 1460
1.1430950164794922 1460
1.143678903579712 1460
1.145914077758789 1460
1.145914077758789 1460
1.1479840278625488 1460
1.1479840278625488 1460
1.1479840278625488 1460
1.1493980884552002 1043
1.312047004699707 268
1.3130359649658203 1460
1.3146538734436035 1460
1.3164329528808594 1460
1.3164329528808594 1460
1.3166470527648926 1460
1.3175249099731445 1460
1.3188529014587402 1460
1.3199329376220703 1460
1.3206539154052734 1460
1.3214659690856934 1460
1.3220109939575195 1460
1.3229379653930664 1043
1.3236289024353027 1460
1.3245549201965332 1460
1.3250038623809814 1460
1.3259360790252686 1460
1.3264250755310059 1460
1.3282699584960938 1460
1.3286449909210205 1460
1.3297619819641113 1460
1.3309879302978516 1460
1.331902027130127 1460
1.3358359336853027 1460
1.3358359336853027 1043
1.336946964263916 1460
1.3379888534545898 1460
1.3387079238891602 1460
1.339421033859253 1460
1.3399219512939453 1460
1.3445489406585693 1460
1.3445489406585693 1460
1.3449490070343018 1460
1.3449490070343018 1460
1.3449490070343018 1460
1.3453500270843506 1460
1.345762014389038 1043
1.345762014389038 1460
1.345762014389038 1460
1.346618890762329 1460
1.346618890762329 1460
1.3467700481414795 1460
1.3477859497070312 1460
1.3477859497070312 1460
1.3482868671417236 1460
1.3482868671417236 1460
1.3493070602416992 1460
1.34989595413208 1460
1.34989595413208 1043
1.34989595413208 1460
1.3520569801330566 1460
1.3520569801330566 1460
1.3520569801330566 1460
1.3529980182647705 1460
1.3535759449005127 1460
1.3535759449005127 1460
1.3543720245361328 1460
1.3543720245361328 1460
1.3556900024414062 1460
1.3556900024414062 1460
1.3560800552368164 1043
1.3844549655914307 76
1.405026912689209 220
1.4060280323028564 1460
1.4069650173187256 1460
1.4077579975128174 1460
1.4090218544006348 1460
1.4104440212249756 1460
1.4114980697631836 1460
1.417219877243042 1460
1.4196739196777344 1460
1.4203689098358154 1460
1.4208979606628418 1460
1.4218580722808838 1460
1.4224810600280762 1043
1.4224810600280762 1460
1.4228780269622803 1460
1.4232070446014404 1460
1.423969030380249 1460
1.4248199462890625 1460
1.4248199462890625 1460
1.4248199462890625 1460
1.4254539012908936 1460
1.4269659519195557 1460
1.4279539585113525 1460
1.4390230178833008 1460
1.4397079944610596 1043
1.4397079944610596 1460
1.4404420852661133 1460
1.4415819644927979 1460
1.4419910907745361 1460
1.442976951599121 1460
1.442976951599121 1460
1.4444289207458496 1460
1.4449150562286377 1460
1.4449150562286377 1460
1.445836067199707 1460
1.4464969635009766 1460
1.4464969635009766 1043
1.4471590518951416 1460
1.4475219249725342 1460
1.4478709697723389 1460
1.449657917022705 1460
1.4504449367523193 1460
1.4580199718475342 1460
1.4584040641784668 1460
1.459299087524414 1460
1.4601809978485107 1460
1.4614629745483398 1460
1.4621970653533936 1460
1.4621970653533936 1043
1.4625670909881592 1460
1.4638800621032715 1460
1.465406894683838 1460
1.4682250022888184 1460
1.4690840244293213 1460
1.469660997390747 1460
1.4708149433135986 1460
1.4708149433135986 1460
1.4712529182434082 1460
1.4712529182434082 1460
1.4721100330352783 1460
1.4728178977966309 1043
1.5754809379577637 268
1.5771598815917969 1460
1.5771598815917969 1460
1.5773558616638184 1460
1.5776760578155518 1460
1.578031063079834 1460
1.5784180164337158 1460
1.5787558555603027 1460
1.579369068145752 1460
1.5799410343170166 1460
1.5807340145111084 1460
1.5807340145111084 1460
1.5813729763031006 1043
1.5824990272521973 1460
1.5824990272521973 1460
1.5830628871917725 1460
1.583949089050293 1460
1.5848379135131836 1460
1.5848379135131836 1460
1.5855000019073486 1460
1.5855000019073486 1460
1.5859410762786865 1460
1.5864479541778564 1460
1.5874860286712646 1460
1.5874860286712646 1043
1.5874860286712646 1460
1.5885059833526611 1460
1.5885059833526611 1460
1.5895578861236572 1460
1.5895578861236572 1460
1.5906929969787598 1460
1.5906929969787598 1460
1.5934960842132568 1460
1.5949959754943848 1460
1.5956940650939941 1460
1.5956940650939941 1460
1.596376895904541 1043
1.5974760055541992 1460
1.5978469848632812 1460
1.5990328788757324 1460
1.6017169952392578 1460
1.6069400310516357 1460
1.6083550453186035 1460
1.6094989776611328 1460
1.6094989776611328 1460
1.612746000289917 1460
1.6186010837554932 1460
1.6205949783325195 1460
1.6205949783325195 1043
1.6212599277496338 1460
1.6219940185546875 1460
1.6229889392852783 1460
1.6501049995422363 220
1.6514949798583984 1460
1.656580924987793 1460
1.673130989074707 1460
1.6815440654754639 1460
1.6819238662719727 1460
1.6836349964141846 1460
1.684356927871704 1460
1.684938907623291 1460
1.685683012008667 1043
1.685683012008667 1460
1.6863720417022705 1460
1.687952995300293 1460
1.6889359951019287 1460
1.689936876296997 1460
1.6909630298614502 1460
1.691706895828247 1460
1.6923589706420898 1460
1.6934928894042969 1460
1.694248914718628 1460
1.6957919597625732 1460
1.7042720317840576 1043
1.7053279876708984 1460
1.7059879302978516 1460
1.7072429656982422 1460
1.7085740566253662 1460
1.7089500427246094 1460
1.710669994354248 1460
1.713343858718872 1460
1.7495310306549072 1460
1.750295877456665 1460
1.750694990158081 1460
1.7511019706726074 1460
1.7518410682678223 1043
1.7527179718017578 1460
1.7534630298614502 1460
1.753964900970459 1460
1.753964900970459 1460
1.7548110485076904 1460
1.7548110485076904 1460
1.7556819915771484 1460
1.7569019794464111 1460
1.7576689720153809 1460
1.758009910583496 1460
1.758410930633545 1460
1.758988857269287 1043
1.7607200145721436 1460
1.7614669799804688 1460
1.761789083480835 1460
1.761789083480835 1460
1.76249098777771 1460
1.76249098777771 1460
1.7629098892211914 1460
1.7637579441070557 1460
1.7637579441070557 1460
1.7651698589324951 1460
1.7658278942108154 1460
1.7669239044189453 1043
1.7897300720214844 124
1.7901690006256104 1460
1.7901690006256104 1460
1.7916789054870605 1460
1.7924320697784424 1460
1.7934589385986328 1460
