1050040
0.0 1500
0.001199960708618164 1500
0.002994060516357422 1500
0.004040956497192383 1500
0.006513118743896484 1500
0.0073680877685546875 1500
0.008238077163696289 1500
0.010339975357055664 1500
0.011135101318359375 1500
0.01329803466796875 1500
0.014138936996459961 1500
0.016360998153686523 1500
0.018284082412719727 1500
0.018284082412719727 1500
0.02031397819519043 1500
0.021101951599121094 1500
0.02329707145690918 1500
0.024035930633544922 1500
0.026601076126098633 1500
0.027225017547607422 1500
0.030504941940307617 1500
0.030504941940307617 1500
0.03129911422729492 1500
0.033306121826171875 1500
0.033998966217041016 1500
0.036247968673706055 1500
0.036926984786987305 1500
0.03930997848510742 1500
0.0402979850769043 1500
0.04237508773803711 1500
0.04298710823059082 1500
0.04410600662231445 1500
0.04619312286376953 1500
0.04706597328186035 1500
0.04929494857788086 1500
0.0500330924987793 1500
0.05224204063415527 1500
0.053015947341918945 1500
0.05498504638671875 1500
0.0561981201171875 1500
0.05702805519104004 1500
0.05925703048706055 1500
0.0602259635925293 1500
0.06208205223083496 1500
0.06329107284545898 1500
0.06519007682800293 1500
0.0662689208984375 1500
0.0683889389038086 1500
0.06928896903991699 1500
0.06995010375976562 1500
0.07216906547546387 1500
0.07329893112182617 1500
0.07497501373291016 1500
0.07627701759338379 1500
0.07814407348632812 1500
0.0792999267578125 1500
0.08122014999389648 1500
0.08217215538024902 1500
0.0832369327545166 1500
0.08538508415222168 1500
0.08607006072998047 1500
0.08802914619445801 1500
0.08919000625610352 1500
0.09119796752929688 1500
0.09349703788757324 1500
0.09423303604125977 1500
0.09522700309753418 1500
0.09608912467956543 1500
0.09818696975708008 1500
0.09897804260253906 1500
0.10105514526367188 1500
0.10680413246154785 1500
0.10680413246154785 1500
0.10680413246154785 1500
0.10712695121765137 1500
0.10871100425720215 1500
0.1093449592590332 1500
0.11108207702636719 1500
0.11209511756896973 1500
0.11455297470092773 1500
0.11527204513549805 1500
0.11750102043151855 1500
0.1183171272277832 1500
0.12019705772399902 1500
0.12111210823059082 1500
0.1219930648803711 1500
0.12416410446166992 1500
0.12540698051452637 1500
0.12755799293518066 1500
0.12828993797302246 1500
0.13026213645935059 1500
0.13123011589050293 1500
0.13298606872558594 1500
0.13407111167907715 1500
0.1351771354675293 1500
0.137253999710083 1500
0.13822412490844727 1500
0.14061808586120605 1500
0.14115405082702637 1500
0.14325404167175293 1500
0.14395904541015625 1500
0.14749598503112793 1500
0.14749598503112793 1500
0.1480391025543213 1500
0.15034794807434082 1500
0.1512739658355713 1500
0.15334105491638184 1500
0.15423107147216797 1500
0.15604901313781738 1500
0.15732312202453613 1500
0.16031503677368164 1500
0.16031503677368164 1500
0.16100597381591797 1500
0.1633009910583496 1500
0.16420292854309082 1500
0.16637802124023438 1500
0.1671159267425537 1500
0.1690680980682373 1500
0.17024803161621094 1500
0.1735241413116455 1500
0.1735241413116455 1500
0.17507600784301758 1500
0.17626309394836426 1500
0.17810511589050293 1500
0.17925214767456055 1500
0.1807241439819336 1500
0.18217706680297852 1500
0.1830151081085205 1500
0.18495798110961914 1500
0.18628501892089844 1500
0.18801593780517578 1500
0.18940305709838867 1500
0.19119596481323242 1500
0.19244003295898438 1500
0.1929929256439209 1500
0.19538092613220215 1500
0.19625210762023926 1500
0.19858312606811523 1500
0.19923806190490723 1500
0.20128202438354492 1500
0.20190215110778809 1500
0.20428013801574707 1500
0.2049410343170166 1500
0.20614194869995117 1500
0.20792603492736816 1500
0.20933103561401367 1500
0.21161603927612305 1500
0.21211004257202148 1500
0.21442508697509766 1500
0.21727514266967773 1500
0.21727514266967773 1500
0.21902203559875488 1500
0.21908998489379883 1500
0.22105097770690918 1500
0.22227096557617188 1500
0.22430014610290527 1500
0.22522902488708496 1500
0.22737407684326172 1500
0.22827911376953125 1500
0.23033404350280762 1500
0.2310500144958496 1500
0.23231792449951172 1500
0.2353990077972412 1500
0.2353990077972412 1500
0.2370901107788086 1500
0.23810315132141113 1500
0.24028396606445312 1500
0.24132609367370605 1500
0.24330496788024902 1500
0.24436402320861816 1500
0.2461540699005127 1500
0.24721193313598633 1500
0.24803805351257324 1500
0.2504410743713379 1500
0.25140905380249023 1500
0.2545449733734131 1500
0.2545449733734131 1500
0.25751805305480957 1500
0.25751805305480957 1500
0.2583479881286621 1500
0.26026296615600586 1500
0.2612130641937256 1500
0.263355016708374 1500
0.2644479274749756 1500
0.26607513427734375 1500
0.269132137298584 1500
0.269132137298584 1500
0.27019715309143066 1500
0.2723050117492676 1500
0.27318811416625977 1500
0.2749519348144531 1500
0.2761240005493164 1500
0.2783031463623047 1500
0.2792201042175293 1500
0.2811610698699951 1500
0.2823140621185303 1500
0.2828991413116455 1500
0.2852151393890381 1500
0.28621411323547363 1500
0.28833603858947754 1500
0.28926801681518555 1500
0.2913961410522461 1500
0.29224705696105957 1500
0.2943539619445801 1500
0.2952840328216553 1500
0.2964200973510742 1500
0.29793310165405273 1500
0.2990860939025879 1500
0.3011500835418701 1500
0.3022899627685547 1500
0.30413007736206055 1500
0.3065330982208252 1500
0.3072829246520996 1500
0.3086509704589844 1500
0.30908894538879395 1500
0.31113505363464355 1500
0.3119831085205078 1500
0.3142709732055664 1500
0.3150291442871094 1500
0.3182051181793213 1500
0.3182051181793213 1500
0.3202531337738037 1500
0.32120800018310547 1500
0.32228994369506836 1500
0.3240201473236084 1500
0.32497096061706543 1500
0.3269331455230713 1500
0.3282511234283447 1500
0.33133411407470703 1500
0.33133411407470703 1500
0.3331151008605957 1500
0.3340160846710205 1500
0.33612895011901855 1500
0.33718109130859375 1500
0.33797693252563477 1500
0.3400731086730957 1500
0.3417201042175293 1500
0.34348201751708984 1500
0.34440112113952637 1500
0.3465249538421631 1500
0.3473680019378662 1500
0.34898805618286133 1500
0.3501460552215576 1500
0.3509211540222168 1500
0.35317206382751465 1500
0.35434603691101074 1500
0.35590410232543945 1500
0.35700511932373047 1500
0.35899996757507324 1500
0.36034297943115234 1500
0.36212801933288574 1500
0.3632049560546875 1500
0.36415910720825195 1500
0.3664360046386719 1500
0.3669610023498535 1500
0.36893606185913086 1500
0.3700580596923828 1500
0.3719511032104492 1500
0.3731539249420166 1500
0.3752930164337158 1500
0.3763301372528076 1500
0.3770871162414551 1500
0.3789689540863037 1500
0.38007092475891113 1500
0.3832991123199463 1500
0.3832991123199463 1500
0.38527798652648926 1500
0.3861870765686035 1500
0.3885071277618408 1500
0.3895909786224365 1500
0.3902101516723633 1500
0.39240002632141113 1500
0.3930549621582031 1500
0.3965330123901367 1500
0.3965330123901367 1500
0.39830803871154785 1500
0.3989980220794678 1500
0.40125608444213867 1500
0.40215492248535156 1500
0.40338706970214844 1500
0.40535902976989746 1500
0.4062080383300781 1500
0.4095280170440674 1500
0.4095280170440674 1500
0.4112660884857178 1500
0.4121389389038086 1500
0.4145081043243408 1500
0.41538310050964355 1500
0.4161341190338135 1500
0.4183681011199951 1500
0.4189620018005371 1500
0.421328067779541 1500
0.42215394973754883 1500
0.424091100692749 1500
0.4252810478210449 1500
0.42717695236206055 1500
0.42832303047180176 1500
0.4292759895324707 1500
0.431110143661499 1500
0.4322531223297119 1500
0.4345700740814209 1500
0.43550992012023926 1500
0.43733692169189453 1500
0.43841004371643066 1356
0.4393610954284668 1500
0.44159507751464844 1500
0.4422190189361572 1500
0.44528913497924805 1500
0.44528913497924805 1500
0.4471931457519531 1500
0.4482841491699219 1500
0.45034193992614746 1500
0.45116496086120605 1500
0.45210909843444824 1500
0.45409393310546875 1500
0.45505809783935547 1500
0.45735692977905273 184
0.4574451446533203 1500
0.4581420421600342 1500
0.4600820541381836 1500
0.46114611625671387 1500
0.4633769989013672 1500
0.46439504623413086 1500
0.4659750461578369 1500
0.46738314628601074 1500
0.46927595138549805 1500
0.46997714042663574 1500
0.47126293182373047 1500
0.4731130599975586 1500
0.473919153213501 1500
0.47611403465270996 1500
0.4769570827484131 1500
0.4794609546661377 1500
0.48114514350891113 1500
0.4821920394897461 1500
0.48331499099731445 1500
0.48410701751708984 1500
0.48615002632141113 1500
0.4872269630432129 1500
0.4892539978027344 1500
0.4903249740600586 1500
0.49350404739379883 1500
0.49350404739379883 1500
0.49523401260375977 1500
0.4964599609375 1500
0.4973781108856201 1500
0.4990730285644531 1500
0.5000569820404053 1500
0.5024440288543701 1500
0.5032401084899902 1500
0.5065310001373291 1500
0.5065310001373291 1500
0.5083000659942627 1500
0.5093240737915039 1500
0.5100030899047852 1500
0.5124011039733887 1500
0.5132839679718018 1500
0.5153601169586182 1500
0.5162069797515869 1500
0.5184290409088135 1500
0.5190930366516113 1500
0.5212321281433105 1500
0.5219309329986572 1500
0.5242359638214111 1500
0.5251860618591309 1500
0.5271389484405518 1500
0.5282490253448486 1500
0.5300109386444092 1500
0.5312790870666504 1500
0.5321569442749023 1500
0.5341529846191406 1500
0.5352821350097656 1500
0.5369601249694824 1500
0.5383551120758057 1500
0.5399570465087891 1500
0.5409331321716309 1500
0.5430929660797119 1500
0.5444819927215576 1500
0.5453240871429443 1500
0.5473880767822266 1500
0.549170970916748 1500
0.5502579212188721 1500
0.5520501136779785 1500
0.5531289577484131 1500
0.5551791191101074 1500
0.5558741092681885 1500
0.5580501556396484 1500
0.5589251518249512 1500
0.5610330104827881 1500
0.5624051094055176 1500
0.5632870197296143 1500
0.5651731491088867 1500
0.5660319328308105 1500
0.5697290897369385 1500
0.5697290897369385 1500
0.570918083190918 1500
0.5723049640655518 1500
0.5740621089935303 1500
0.5751359462738037 1500
0.5762910842895508 1500
0.5782239437103271 1500
0.5792601108551025 1500
0.5824990272521973 1500
0.5824990272521973 1500
0.5841710567474365 1500
0.5855400562286377 1500
0.587212085723877 1500
0.5883960723876953 1500
0.5891640186309814 1500
0.5911960601806641 1500
0.592095136642456 1500
0.5940680503845215 1500
0.5950181484222412 1500
0.5972990989685059 1500
0.5981459617614746 1500
0.6007180213928223 1500
0.6013381481170654 1500
0.6020059585571289 1500
0.604651927947998 1500
0.6049749851226807 1500
0.607234001159668 1500
0.6083319187164307 1500
0.610429048538208 1500
0.6114399433135986 1500
0.6138961315155029 1500
0.6145319938659668 1500
0.6148800849914551 1500
0.6176159381866455 1500
0.6196250915527344 1500
0.6199800968170166 1500
0.6212210655212402 1500
0.623237133026123 1500
0.6239759922027588 1500
0.6263570785522461 1500
0.6270639896392822 1500
0.628201961517334 1500
0.6311690807342529 1500
0.6312041282653809 1500
0.6330959796905518 1500
0.63395094871521 1500
0.6366751194000244 1500
0.6370611190795898 1500
0.6391301155090332 1500
0.6399991512298584 1500
0.641118049621582 1500
0.6432070732116699 1500
0.6449439525604248 1500
0.6480000019073486 1500
0.6480000019073486 1500
0.6492180824279785 1500
0.6499700546264648 1500
0.6520631313323975 1500
0.6532530784606934 1500
0.6543121337890625 1500
0.6563160419464111 1500
0.6582961082458496 1500
0.659074068069458 1500
0.6600589752197266 1500
0.6623020172119141 1500
0.663128137588501 1500
0.6651549339294434 1500
0.666114091873169 1500
0.6669631004333496 1500
0.6691200733184814 1500
0.6700520515441895 1500
0.6720941066741943 1500
0.6732399463653564 1500
0.6751599311828613 1500
0.6759281158447266 1500
0.6782300472259521 1500
0.6792199611663818 1500
0.6799430847167969 1500
0.6820909976959229 1500
0.6830229759216309 1500
0.6852669715881348 1500
0.68715500831604 1500
0.6882650852203369 1500
0.6900639533996582 1500
0.6910269260406494 1500
0.6922409534454346 1500
0.694443941116333 1500
0.6952071189880371 1500
0.7021210193634033 1500
0.7021210193634033 1500
0.7021210193634033 1500
0.7021210193634033 1500
0.7035589218139648 1500
0.7043981552124023 1500
0.7052590847015381 1500
0.7073791027069092 1500
0.708482027053833 1500
0.7101840972900391 1500
0.7112569808959961 1500
0.7131950855255127 1500
0.714184045791626 1500
0.7164859771728516 1500
0.7172620296478271 1500
0.7179911136627197 1500
0.7214429378509521 1500
0.7214429378509521 1500
0.7231900691986084 1500
0.7240099906921387 1500
0.7263150215148926 1500
0.7271249294281006 1500
0.7292370796203613 1500
0.7301440238952637 1500
0.7311410903930664 1500
0.7344210147857666 1500
0.7344210147857666 1500
0.7362639904022217 1500
0.736868143081665 1500
0.7391879558563232 1500
0.7404289245605469 1500
0.7420980930328369 1500
0.7431070804595947 1500
0.744312047958374 1500
0.7461509704589844 1500
0.7472920417785645 1500
0.7490761280059814 1500
0.7502119541168213 1500
0.7519741058349609 1500
0.7534711360931396 1500
0.7550489902496338 1500
0.755882978439331 1500
0.7570500373840332 1500
0.759019136428833 1500
0.7601490020751953 1500
0.7622461318969727 1500
0.7630600929260254 1500
0.7649340629577637 1500
0.7660980224609375 1500
0.7681820392608643 1500
0.7690730094909668 1500
0.770409107208252 1500
0.7724089622497559 1500
0.7730789184570312 1500
0.7750670909881592 1500
0.7762439250946045 1500
0.7783050537109375 1500
0.7791759967803955 1500
0.7811119556427002 1500
0.7819979190826416 1500
0.7828879356384277 1500
0.7851130962371826 1500
0.7862019538879395 1500
0.7880229949951172 1500
0.7894179821014404 1500
0.7912840843200684 1500
0.7921309471130371 1500
0.7945699691772461 1500
0.7952239513397217 1500
0.7976119518280029 1500
0.8011641502380371 1500
0.8011641502380371 1500
0.8011641502380371 1500
0.8022580146789551 1500
0.804185152053833 1500
0.8054790496826172 1500
0.8072879314422607 1500
0.8094401359558105 1500
0.8103749752044678 1500
0.810960054397583 1500
0.8120889663696289 1500
0.8141000270843506 1500
0.8150551319122314 1500
0.8172719478607178 1500
0.8182201385498047 1500
0.8213851451873779 1500
0.8213851451873779 1500
0.8231689929962158 1500
0.8240659236907959 1500
0.8252251148223877 1500
0.8270599842071533 1500
0.8281540870666504 1500
0.8301389217376709 1500
0.8311259746551514 1500
0.8344619274139404 1500
0.8344619274139404 1500
0.8361999988555908 1500
0.8371989727020264 1500
0.8410799503326416 1500
0.8417370319366455 1500
0.8418779373168945 1500
0.8431999683380127 1500
0.8441431522369385 1500
0.846229076385498 1500
0.84710693359375 1500
0.849311113357544 1500
0.8499500751495361 1500
0.8513839244842529 1500
0.8529901504516602 1500
0.8540430068969727 1500
0.856032133102417 1500
0.857396125793457 1500
0.8591351509094238 1500
0.8603000640869141 1500
0.862170934677124 1500
0.8631529808044434 1500
0.8642499446868896 1500
0.86627197265625 1500
0.8670139312744141 1500
0.8695030212402344 1500
0.8700759410858154 1500
0.8722641468048096 1500
0.8731119632720947 1500
0.875298023223877 1500
0.8759560585021973 1500
0.878248929977417 1500
0.879194974899292 1500
0.881371021270752 1500
0.8820400238037109 1500
0.883310079574585 1500
0.8851890563964844 1500
0.8859400749206543 1500
0.888267993927002 1500
0.8892221450805664 1500
0.891085147857666 1500
0.8922579288482666 1500
0.8952610492706299 1500
0.8952610492706299 1500
0.8959140777587891 1500
0.898036003112793 1500
0.8994591236114502 1500
0.901310920715332 1500
0.9025249481201172 1500
0.9042320251464844 1500
0.9049739837646484 1500
0.9069991111755371 1500
0.908268928527832 1500
0.9094719886779785 1500
0.9110739231109619 1500
0.9124741554260254 1500
0.9141800403594971 1500
0.9151740074157715 1500
0.9181079864501953 1500
0.9181079864501953 1500
0.9203870296478271 1500
0.9213399887084961 1500
0.922105073928833 1500
0.9241130352020264 1500
0.9250409603118896 1500
0.9269640445709229 1500
0.9279210567474365 1500
0.930027961730957 1500
0.9323151111602783 1500
0.9330430030822754 1500
0.9341239929199219 1500
0.935157060623169 1500
0.937006950378418 1500
0.9381711483001709 1500
0.9401891231536865 1500
0.940925121307373 1500
0.9434051513671875 1500
0.9442861080169678 1500
0.9460439682006836 1500
0.9473569393157959 1500
0.9481980800628662 1500
0.9502739906311035 1500
0.9509720802307129 1500
0.9531669616699219 1500
0.9541089534759521 1500
0.9560179710388184 1500
0.956989049911499 1500
0.9590620994567871 1500
0.9601781368255615 1500
0.9611630439758301 1500
0.9631791114807129 1500
0.964148998260498 1500
0.9661259651184082 1500
0.9669229984283447 1500
0.9692261219024658 1500
0.9701690673828125 1500
0.9722180366516113 1500
0.9732949733734131 1500
0.974107027053833 1500
0.9763479232788086 1500
0.9772830009460449 1500
0.9792120456695557 1500
0.9804000854492188 1500
0.9820740222930908 1500
0.9843549728393555 1500
0.9851970672607422 1500
0.9861071109771729 1500
0.9872860908508301 1500
0.9890279769897461 1500
0.9900541305541992 1500
0.992150068283081 1500
0.9930529594421387 1500
0.995164155960083 1500
0.9971771240234375 1500
0.9981989860534668 1500
0.999082088470459 1500
1.0000550746917725 1500
1.0075349807739258 1500
1.0075349807739258 1500
1.0075349807739258 1500
1.0075349807739258 1500
1.0083889961242676 1500
1.0102620124816895 1500
1.0110559463500977 1500
1.0122921466827393 1500
