1048720
0.0 1500
0.0024328231811523438 1500
0.0030558109283447266 1500
0.005827903747558594 1500
0.005937814712524414 1500
0.008189916610717773 1500
0.009341955184936523 1500
0.010393857955932617 1500
0.012583017349243164 1500
0.013222932815551758 1500
0.015434026718139648 1500
0.016041994094848633 1500
0.01842188835144043 1500
0.019156932830810547 1500
0.021420955657958984 1500
0.02210688591003418 1500
0.0230410099029541 1500
0.02511882781982422 1500
0.026000022888183594 1500
0.027998924255371094 1500
0.0292818546295166 1500
0.0314028263092041 1500
0.03210186958312988 1500
0.03624701499938965 1500
0.03624701499938965 1500
0.03624701499938965 1500
0.038025856018066406 1500
0.03939080238342285 1500
0.041471004486083984 1500
0.042021989822387695 1500
0.04456591606140137 1500
0.04534196853637695 1500
0.047297000885009766 1500
0.048120975494384766 1500
0.04943990707397461 1500
0.05111289024353027 1500
0.052047014236450195 1500
0.05417180061340332 1500
0.05505490303039551 1500
0.05739784240722656 1500
0.058592796325683594 1500
0.06020784378051758 1500
0.06131792068481445 1500
0.06255102157592773 1500
0.06405496597290039 1500
0.06522893905639648 1500
0.06712889671325684 1500
0.07013797760009766 1500
0.07013797760009766 1500
0.07256579399108887 1500
0.07311391830444336 1500
0.07419681549072266 1500
0.07652592658996582 1500
0.07706785202026367 1500
0.07946586608886719 1500
0.0801398754119873 1500
0.08242487907409668 1500
0.08314394950866699 1500
0.0851128101348877 1500
0.08638191223144531 1500
0.08736181259155273 1500
0.08948183059692383 1500
0.09038901329040527 1500
0.09377193450927734 1500
0.09385800361633301 1500
0.09537291526794434 1500
0.09604382514953613 1500
0.0984659194946289 1500
0.0990908145904541 1500
0.10032796859741211 1500
0.10246396064758301 1500
0.10301995277404785 1500
0.10560297966003418 1500
0.10610198974609375 1500
0.10859894752502441 1500
0.10951995849609375 1500
0.11150884628295898 1500
0.11206698417663574 1500
0.11319088935852051 1500
0.11670780181884766 1500
0.11670780181884766 1500
0.11840581893920898 1500
0.1190488338470459 1500
0.12152600288391113 1500
0.12207388877868652 1500
0.12415385246276855 1500
0.12521791458129883 1500
0.12634587287902832 1500
0.1327219009399414 1500
0.1327219009399414 1500
0.1327219009399414 1500
0.1327219009399414 1500
0.13444900512695312 1500
0.13511991500854492 1500
0.13811087608337402 1500
0.1383378505706787 1500
0.13903093338012695 1500
0.14144182205200195 1500
0.14200782775878906 1500
0.1444549560546875 1500
0.14519190788269043 1500
0.14722490310668945 1500
0.14806795120239258 1500
0.15040183067321777 1500
0.15134692192077637 1500
0.1535329818725586 1500
0.15422701835632324 1500
0.1564188003540039 1500
0.15730500221252441 1500
0.1612238883972168 1500
0.1612238883972168 1500
0.1612238883972168 1500
0.1633930206298828 1500
0.16442179679870605 1500
0.16666483879089355 1500
0.16695380210876465 1500
0.17052102088928223 1500
0.17072200775146484 1500
0.1721508502960205 1500
0.17331480979919434 1500
0.17409992218017578 1500
0.17626595497131348 1500
0.17704081535339355 1500
0.17943191528320312 1500
0.18063688278198242 1500
0.1822049617767334 1500
0.18334579467773438 1500
0.1851489543914795 1500
0.18600893020629883 1500
0.18729686737060547 1500
0.18935394287109375 1500
0.1905980110168457 1500
0.19234299659729004 1500
0.19346094131469727 1500
0.19528579711914062 1500
0.1965010166168213 1500
0.19851279258728027 1500
0.19910597801208496 1500
0.20146393775939941 1500
0.20241284370422363 1500
0.20326781272888184 1500
0.2053689956665039 1500
0.20614981651306152 1500
0.20829296112060547 1500
0.20918893814086914 1500
0.21142196655273438 1500
0.21218180656433105 1500
0.213425874710083 1500
0.21546292304992676 1500
0.21619701385498047 1500
0.2183988094329834 1500
0.21940398216247559 1500
0.22128701210021973 1500
0.22232389450073242 1500
0.22422099113464355 1500
0.22509193420410156 1500
0.22628402709960938 1500
0.22856783866882324 1500
0.22911596298217773 1500
0.23150897026062012 1500
0.233597993850708 1500
0.23427700996398926 1500
0.2352619171142578 1500
0.23735499382019043 1500
0.23821187019348145 1500
0.23909401893615723 1500
0.24138498306274414 1500
0.24230098724365234 1500
0.24443602561950684 1500
0.2452390193939209 1500
0.24702000617980957 1500
0.24804091453552246 1500
0.2500948905944824 1500
0.2511780261993408 1500
0.2522919178009033 1500
0.25438499450683594 1500
0.2559947967529297 1500
0.2572309970855713 1500
0.25804996490478516 1500
0.2602109909057617 1500
0.26133084297180176 1500
0.2633399963378906 1500
0.26412391662597656 1500
0.2667829990386963 1500
0.26703691482543945 1500
0.2684669494628906 1500
0.2704010009765625 1500
0.27117490768432617 1500
0.27360987663269043 1500
0.2745959758758545 1500
0.27637696266174316 1500
0.27719998359680176 1500
0.27939391136169434 1500
0.2802298069000244 1500
0.2812519073486328 1500
0.28334498405456543 1500
0.2841358184814453 1500
0.2865009307861328 1500
0.28706884384155273 1500
0.2899739742279053 1500
0.2899739742279053 1500
0.2922379970550537 1500
0.2930338382720947 1500
0.29428601264953613 1500
0.29607486724853516 1500
0.2976069450378418 1500
0.29993295669555664 1500
0.300062894821167 1500
0.3022348880767822 1500
0.3031928539276123 1500
0.30528879165649414 1500
0.30620598793029785 1500
0.30716800689697266 1500
0.30934882164001465 1500
0.31014490127563477 1500
0.31241679191589355 1500
0.31317782402038574 1500
0.315140962600708 1500
0.3163418769836426 1500
0.3185389041900635 1500
0.31912994384765625 1500
0.3200399875640869 1500
0.32241296768188477 1500
0.32347798347473145 1500
0.3251960277557373 1500
0.32639002799987793 1500
0.3283119201660156 1500
0.3291339874267578 1500
0.3310699462890625 1500
0.3321340084075928 1500
0.3332538604736328 1500
0.33519792556762695 1500
0.33649587631225586 1500
0.338101863861084 1500
0.33919787406921387 1500
0.3414618968963623 1500
0.3419959545135498 1500
0.34438586235046387 1500
0.3454909324645996 1500
0.34653782844543457 1500
0.34850192070007324 1500
0.34909796714782715 1500
0.35118794441223145 1500
0.3529539108276367 1500
0.3544919490814209 1500
0.3552069664001465 1500
0.3572850227355957 1500
0.35817694664001465 1500
0.3593118190765381 1500
0.36159801483154297 1500
0.3624279499053955 1500
0.36434483528137207 1500
0.36544299125671387 1500
0.36859798431396484 1500
0.36866283416748047 1500
0.37055087089538574 1500
0.37126898765563965 1500
0.3733339309692383 1500
0.3740408420562744 1500
0.3763599395751953 1500
0.3771178722381592 1500
0.37932586669921875 1500
0.38041186332702637 1500
0.381436824798584 1500
0.383436918258667 1500
0.3840639591217041 1500
0.38623499870300293 1500
0.38717079162597656 1500
0.38932085037231445 1500
0.3903059959411621 1500
0.3910369873046875 1500
0.3933258056640625 1500
0.3943338394165039 1500
0.396467924118042 1500
0.397014856338501 1500
0.4008669853210449 1500
0.40091896057128906 1500
0.402148962020874 1500
0.4032149314880371 1500
0.4043087959289551 1500
0.4063589572906494 1500
0.4070618152618408 1500
0.41101598739624023 1500
0.41101598739624023 1500
0.4125947952270508 1500
0.41319990158081055 1500
0.41530299186706543 1500
0.416179895401001 1500
0.41701292991638184 1500
0.4204239845275879 1500
0.4204239845275879 1500
0.42254090309143066 1500
0.42305779457092285 1500
0.4255199432373047 1500
0.4264228343963623 1500
0.4283428192138672 1500
0.42935895919799805 1500
0.4301729202270508 1500
0.43243980407714844 1500
0.4329969882965088 1500
0.4356348514556885 1500
0.4360368251800537 1500
0.4386868476867676 1500
0.43924999237060547 1500
0.44136500358581543 1500
0.4424300193786621 1500
0.44310498237609863 1500
0.44524598121643066 1500
0.44613099098205566 1500
0.4485588073730469 1500
0.4490358829498291 1500
0.45241880416870117 1500
0.45241880416870117 1500
0.4543309211730957 1500
0.4550487995147705 1500
0.45630693435668945 1500
0.4581120014190674 1500
0.459291934967041 1500
0.4612100124359131 1500
0.46201300621032715 1500
0.4642798900604248 1500
0.46525096893310547 1500
0.4672279357910156 1500
0.4681417942047119 1500
0.47024083137512207 1500
0.47139883041381836 1500
0.4735839366912842 1500
0.47423291206359863 1500
0.47542881965637207 1500
0.47728395462036133 1500
0.4781320095062256 1500
0.48069095611572266 1500
0.4811058044433594 1500
0.48345398902893066 1500
0.4841578006744385 1500
0.48772597312927246 1500
0.48772597312927246 1500
0.48865199089050293 1500
0.49040794372558594 1500
0.4909679889678955 1500
0.4932398796081543 1500
0.4939589500427246 1500
0.49620485305786133 1500
0.4970889091491699 1500
0.5009729862213135 1500
0.5009729862213135 1500
0.5009729862213135 1500
0.5032038688659668 1500
0.5040419101715088 1500
0.506525993347168 1500
0.5074279308319092 1500
0.509119987487793 1500
0.5102739334106445 1500
0.5120828151702881 1500
0.5134220123291016 1500
0.5142648220062256 1500
0.5161738395690918 1500
0.5169780254364014 1500
0.5194549560546875 1500
0.5198328495025635 140
0.7252988815307617 1500
0.7252988815307617 1500
0.7252988815307617 1500
0.7253909111022949 1500
0.7253909111022949 1500
0.7253909111022949 1500
0.7254748344421387 1500
0.726315975189209 1500
0.7273578643798828 1500
0.7279930114746094 1500
0.7305219173431396 1500
0.7312579154968262 1500
0.7335488796234131 1500
0.7355859279632568 1500
0.7362539768218994 1500
0.7370250225067139 1500
0.7395668029785156 1500
0.7422440052032471 1500
0.7422440052032471 1500
0.7444708347320557 1500
0.7451767921447754 1500
0.7473218441009521 1500
0.7482419013977051 1500
0.7491388320922852 1500
0.7524139881134033 1500
0.752504825592041 1500
0.7543380260467529 1500
0.7552018165588379 1500
0.7574479579925537 1500
0.7582387924194336 1500
0.7601728439331055 1500
0.7612349987030029 1500
0.7625818252563477 1500
0.7643728256225586 1500
0.7651638984680176 1500
0.7673399448394775 1500
0.7682290077209473 1500
0.7702939510345459 1500
0.7710728645324707 1500
0.7731249332427979 1500
0.7739598751068115 1500
0.775244951248169 1500
0.7771129608154297 1500
0.7785868644714355 1500
0.7806148529052734 1500
0.7809808254241943 1500
0.7833418846130371 1500
0.7843289375305176 1500
0.7865869998931885 1500
0.7870099544525146 1500
0.788079023361206 1500
0.7903599739074707 1500
0.7912068367004395 1500
0.7934219837188721 1500
0.794238805770874 1500
0.7961578369140625 1500
0.7971138954162598 1500
0.7995438575744629 1500
0.8000469207763672 1500
0.8016068935394287 1500
0.8038299083709717 1500
0.8039698600769043 1500
0.806643009185791 1500
0.8071508407592773 1500
0.8104679584503174 1500
0.8104679584503174 1500
0.8125119209289551 1500
0.8132548332214355 1500
0.8140280246734619 1500
0.8164229393005371 1500
0.8170390129089355 1500
0.8205428123474121 1500
0.8207099437713623 1500
0.8222389221191406 1500
0.822955846786499 1500
0.825361967086792 1500
0.8261189460754395 1500
0.8273048400878906 1500
0.8294188976287842 1500
0.8301389217376709 1500
0.833460807800293 1500
0.833460807800293 1500
0.8395318984985352 1500
0.8395318984985352 1500
0.8395318984985352 1500
0.8406839370727539 1500
0.8413329124450684 1500
0.8432328701019287 1500
0.8443248271942139 1500
0.8455510139465332 1500
0.8471319675445557 1500
0.8480558395385742 1500
0.8518519401550293 1500
0.8518519401550293 1500
0.8547658920288086 1500
0.8547658920288086 1500
0.858604907989502 1500
0.858604907989502 1500
0.858604907989502 1500
0.860386848449707 1500
0.8617708683013916 1500
0.8642768859863281 1500
0.8642768859863281 1500
0.8666489124298096 1500
0.8677239418029785 1500
0.8694868087768555 1500
0.8712019920349121 1500
0.8714020252227783 1500
0.8731880187988281 1500
0.8745110034942627 1500
0.8760569095611572 1500
0.8774769306182861 1500
0.879274845123291 1500
0.8803508281707764 1500
0.8824779987335205 1500
0.891528844833374 1500
0.891528844833374 1500
0.891528844833374 1500
0.891528844833374 1500
0.891528844833374 1500
0.891528844833374 1500
0.892009973526001 1500
0.8940379619598389 1500
0.8956029415130615 1500
0.896169900894165 1500
0.9003608226776123 1500
0.9003608226776123 1500
0.9014809131622314 1500
0.9022808074951172 1500
0.9031229019165039 1500
0.9054148197174072 1500
0.9061799049377441 1500
0.9080979824066162 1500
0.9095339775085449 1500
0.9114799499511719 1500
0.912086009979248 1500
0.9143469333648682 1500
0.9150419235229492 1500
0.9160189628601074 1500
0.9179849624633789 1500
0.9194447994232178 1500
0.9213199615478516 1500
0.9221019744873047 1500
0.9244940280914307 1500
0.925311803817749 1500
0.9289348125457764 1500
0.9289348125457764 1500
0.9293558597564697 1500
0.9314718246459961 1500
0.9321730136871338 1500
0.9341039657592773 1500
0.934999942779541 1500
0.9389119148254395 1500
0.9389119148254395 1500
0.9405138492584229 1500
0.9410088062286377 1500
0.9420559406280518 1500
0.944450855255127 1500
0.9450588226318359 1500
0.9480597972869873 1500
0.9480597972869873 1500
0.9502208232879639 1500
0.9511938095092773 1500
0.9534878730773926 1500
0.9540088176727295 1500
0.955143928527832 1500
0.9569978713989258 1500
0.9595749378204346 1500
0.9603519439697266 1500
0.9610769748687744 1500
0.9632389545440674 1500
0.9641649723052979 1500
0.9663498401641846 1500
0.9672398567199707 1500
0.9679818153381348 1500
0.9701240062713623 1500
0.971215009689331 1500
0.9732298851013184 1500
0.974064826965332 1500
0.9763638973236084 1356
0.9771208763122559 1500
0.9780910015106201 1500
0.9802908897399902 1500
0.9809567928314209 1500
0.9832010269165039 1500
0.984259843826294 1500
0.9863529205322266 1500
0.9872579574584961 1500
0.990656852722168 1500
0.990656852722168 1500
0.9911329746246338 1500
0.9934639930725098 1500
0.9939420223236084 1500
0.9962329864501953 1500
0.9984419345855713 1500
1.0001258850097656 1500
1.0002219676971436 1500
1.00215482711792 1500
1.0029668807983398 1500
1.0040059089660645 1500
1.006079912185669 1500
1.0070090293884277 1500
1.0093038082122803 1500
1.0101349353790283 1500
1.012328863143921 1500
1.01326584815979 1500
1.015190839767456 1500
1.015967845916748 1500
1.0172109603881836 1500
1.0192959308624268 1500
1.0200939178466797 1500
1.0222399234771729 1500
1.02302885055542 1500
1.025075912475586 1500
1.0259900093078613 1500
1.0282039642333984 1500
1.0289819240570068 184
1.0290498733520508 1500
1.0313329696655273 1500
1.0319459438323975 1500
1.0344188213348389 1356
1.035038948059082 1500
1.0359938144683838 1500
1.0384869575500488 1500
1.038977861404419 1500
1.0415079593658447 1500
1.042064905166626 1500
1.044475793838501 1500
1.0450778007507324 1500
1.046057939529419 1500
1.0482268333435059 1500
1.0491738319396973 1500
1.05137300491333 1500
1.0520830154418945 1500
1.054020881652832 1500
1.0550739765167236 1500
1.0572848320007324 1500
1.0584888458251953 1500
1.0590028762817383 1500
1.0614328384399414 1500
1.0619759559631348 1500
1.0652379989624023 1500
1.0652379989624023 1500
1.067337989807129 1500
1.0679779052734375 1500
1.0703349113464355 1500
1.0711119174957275 1500
1.0724689960479736 1500
1.0742559432983398 1500
1.0755789279937744 1500
1.0770049095153809 1500
1.0781519412994385 1500
1.0801730155944824 1500
1.0811059474945068 1500
1.083378791809082 1500
1.084075927734375 1500
1.0850508213043213 1500
1.0871038436889648 1500
1.0880789756774902 1500
1.0903339385986328 1500
1.0913348197937012 1500
1.0931739807128906 184
1.0933449268341064 1500
1.0944068431854248 1500
1.0962798595428467 1500
1.0970418453216553 1500
1.0992169380187988 1500
1.100031852722168 1500
1.1024129390716553 1500
1.1032178401947021 1500
1.1043119430541992 1500
1.1061208248138428 1500
1.1074268817901611 1500
1.1106219291687012 1500
1.1106219291687012 1500
1.1121258735656738 1500
1.1129999160766602 1500
1.1155359745025635 1500
1.116208791732788 1500
1.1174860000610352 1500
1.1189908981323242 1500
1.1210978031158447 1500
1.1225488185882568 1500
1.1232538223266602 1500
1.1255059242248535 1500
1.1260199546813965 1500
1.1283109188079834 1500
1.129180908203125 1500
1.130295991897583 1500
1.1323950290679932 1500
1.1331548690795898 1500
1.135368824005127 1500
1.137017011642456 1500
1.1382598876953125 1500
1.1392040252685547 1500
1.1418700218200684 1500
1.142603874206543 1500
1.1431899070739746 1500
1.1456739902496338 1500
1.1461060047149658 1500
1.148465871810913 1500
1.1491258144378662 1500
1.151197910308838 1500
1.1520869731903076 1500
1.154634952545166 1500
1.1551268100738525 1500
1.1560149192810059 1500
1.15818190574646 1500
1.159034013748169 1500
1.1612188816070557 1500
1.1621029376983643 1500
1.1642858982086182 1500
1.1651020050048828 1500
1.1670269966125488 1500
1.1679558753967285 1500
1.1691768169403076 1500
1.1711440086364746 1500
1.1724138259887695 1500
1.17429780960083 1500
1.1750619411468506 1500
1.1772668361663818 1500
1.177980899810791 1500
1.1804900169372559 1500
1.1812989711761475 1500
1.1824219226837158 1500
1.185499906539917 1500
1.185499906539917 1500
1.1875159740447998 1500
1.1880879402160645 1500
1.1902568340301514 1500
1.1909849643707275 1500
1.1932129859924316 1500
1.1942098140716553 1500
1.1962809562683105 1500
1.1974728107452393 1500
1.198612928390503 1500
1.2003748416900635 1500
1.2016589641571045 1500
1.2032368183135986 1500
1.2042829990386963 1500
1.2071349620819092 1500
1.2071349620819092 1500
