1050000
0.0 1500
0.0 1500
0.0001399517059326172 1500
0.0001399517059326172 1500
0.0001399517059326172 1500
0.0001399517059326172 1500
0.0001399517059326172 1500
0.0008809566497802734 1500
0.0019540786743164062 1500
0.0028870105743408203 1500
0.004853010177612305 1500
0.006146907806396484 1500
0.007768869400024414 1500
0.008899927139282227 1500
0.010859012603759766 1500
0.012022972106933594 1500
0.01390695571899414 1500
0.01478886604309082 1500
0.016757965087890625 1500
0.017958879470825195 1500
0.01892399787902832 1500
0.02083301544189453 1500
0.0220339298248291 1500
0.024077892303466797 1500
0.02488398551940918 1500
0.026767969131469727 1500
0.027782917022705078 1500
0.02998208999633789 1500
0.030685901641845703 1500
0.03188204765319824 1500
0.03409290313720703 1500
0.03506302833557129 1500
0.0368039608001709 1500
0.038186073303222656 1500
0.04018592834472656 1500
0.04094886779785156 1500
0.04296588897705078 1500
0.04367995262145996 1500
0.044921875 1500
0.04715704917907715 1500
0.04816389083862305 1500
0.050952911376953125 1500
0.050952911376953125 1500
0.052696943283081055 1500
0.05413007736206055 1500
0.05614590644836426 1500
0.05692100524902344 1500
0.05919194221496582 1500
0.05968189239501953 1500
0.06133008003234863 1500
0.06390786170959473 1500
0.06390786170959473 1500
0.06597089767456055 1500
0.06679296493530273 1500
0.06886506080627441 1500
0.06989288330078125 1500
0.07204198837280273 1500
0.07311201095581055 1500
0.07399606704711914 1500
0.07699704170227051 1500
0.07699704170227051 1500
0.07918095588684082 1500
0.07966995239257812 1500
0.08192992210388184 1500
0.08285903930664062 1500
0.08516788482666016 1500
0.0861508846282959 1500
0.08678793907165527 1500
0.09006786346435547 1500
0.09010791778564453 1500
0.09201908111572266 1500
0.092926025390625 1500
0.09479093551635742 1500
0.09578990936279297 1500
0.0977180004119873 1500
0.09867000579833984 1500
0.0999290943145752 1500
0.10190105438232422 1500
0.10296106338500977 1500
0.1049509048461914 1500
0.10585188865661621 1500
0.10768699645996094 1500
0.10875105857849121 1500
0.11102509498596191 1500
0.11176395416259766 1500
0.11273503303527832 1500
0.11512088775634766 1500
0.11586499214172363 1500
0.11776494979858398 1500
0.12015509605407715 1500
0.12104105949401855 1500
0.12211108207702637 1500
0.12409806251525879 1500
0.1249089241027832 1500
0.12592005729675293 1500
0.12795686721801758 1500
0.12897801399230957 1500
0.13137102127075195 1500
0.13197898864746094 1500
0.1339409351348877 1500
0.13495397567749023 1500
0.1370859146118164 1500
0.13774490356445312 1500
0.13900399208068848 1500
0.1413130760192871 1500
0.14173507690429688 1500
0.14395904541015625 1500
0.14493107795715332 1500
0.14698195457458496 1500
0.14797496795654297 1500
0.15020990371704102 1500
0.15066099166870117 1500
0.15183687210083008 1500
0.15392708778381348 1500
0.15477705001831055 1500
0.15708398818969727 1500
0.1576850414276123 1500
0.16143798828125 1500
0.16143798828125 1500
0.16279292106628418 1500
0.16386198997497559 1500
0.1650550365447998 1500
0.16676092147827148 1500
0.1677110195159912 1500
0.17037487030029297 1500
0.17083287239074707 1500
0.1729259490966797 1500
0.17409300804138184 1500
0.17608189582824707 1500
0.17685198783874512 1500
0.1776890754699707 1500
0.18022894859313965 1500
0.18074989318847656 1500
0.18291997909545898 1500
0.1843719482421875 1500
0.1859879493713379 1500
0.1868429183959961 1500
0.1889810562133789 1500
0.18989801406860352 1500
0.19220209121704102 1500
0.1929168701171875 1500
0.1951608657836914 1500
0.19586992263793945 1500
0.19789409637451172 1500
0.19888901710510254 1500
0.20087099075317383 1500
0.2020878791809082 1500
0.20387792587280273 1500
0.20484590530395508 1500
0.20683693885803223 1500
0.20765900611877441 1500
0.21010899543762207 1500
0.21078896522521973 1500
0.2122189998626709 1500
0.21379899978637695 1500
0.21515893936157227 1500
0.21699190139770508 1500
0.21796703338623047 1500
0.22016692161560059 1500
0.22119688987731934 1500
0.22280192375183105 1500
0.22409391403198242 1500
0.22481489181518555 1500
0.22675800323486328 1500
0.22818303108215332 1500
0.22992897033691406 1500
0.23078298568725586 1500
0.23298287391662598 1500
0.2340099811553955 1500
0.23576593399047852 1500
0.2366650104522705 1500
0.2387070655822754 1500
0.23966193199157715 1500
0.24177098274230957 1500
0.24300503730773926 1500
0.24393987655639648 1500
0.24593400955200195 1500
0.24701499938964844 1500
0.24873709678649902 1500
0.24966001510620117 1500
0.2519378662109375 1500
0.2528059482574463 1500
0.25588297843933105 1500
0.25588297843933105 1500
0.2566649913787842 1500
0.2589988708496094 1500
0.25969386100769043 1500
0.26189088821411133 1500
0.262894868850708 1500
0.26488494873046875 1500
0.2659590244293213 1500
0.26802587509155273 1500
0.2688748836517334 1500
0.2700040340423584 1500
0.2719879150390625 1500
0.27281808853149414 1500
0.2750370502471924 1500
0.27587389945983887 1500
0.27796292304992676 1500
0.2790548801422119 1500
0.28106188774108887 1500
0.28204894065856934 1500
0.2840728759765625 1500
0.2849149703979492 1500
0.2858860492706299 1500
0.2882499694824219 1500
0.2891218662261963 1500
0.2908499240875244 1500
0.29207706451416016 1500
0.29394006729125977 1500
0.2949988842010498 1500
0.29590702056884766 1500
0.2977480888366699 1500
0.2990429401397705 1500
0.3009638786315918 1500
0.30176687240600586 1500
0.3039560317993164 1500
0.30509090423583984 1500
0.3068680763244629 1500
0.3078129291534424 1500
0.3088240623474121 1500
0.31104302406311035 1500
0.31210899353027344 1500
0.3138589859008789 1500
0.3148789405822754 1500
0.3173210620880127 1500
0.31787991523742676 1500
0.3198730945587158 1500
0.32097291946411133 1500
0.3220500946044922 1500
0.324023962020874 1500
0.32497406005859375 1500
0.32686901092529297 1500
0.3277149200439453 1500
0.3297119140625 1500
0.3309459686279297 1500
0.3327500820159912 1500
0.3339118957519531 1500
0.33510589599609375 1500
0.3370990753173828 1500
0.3379669189453125 1500
0.33974599838256836 1500
0.3410329818725586 1500
0.3428668975830078 1500
0.34396886825561523 1500
0.3459920883178711 1500
0.3466770648956299 1500
0.34781408309936523 1500
0.35010194778442383 1500
0.35103797912597656 1500
0.35288286209106445 1500
0.3536560535430908 1500
0.3562760353088379 1500
0.35712409019470215 1500
0.3589968681335449 1500
0.35999393463134766 1500
0.3610069751739502 1500
0.3630869388580322 1500
0.3637070655822754 1500
0.36577701568603516 1500
0.3669259548187256 1500
0.36894989013671875 1500
0.3697829246520996 1500
0.3719980716705322 1500
0.37304091453552246 1500
0.3749659061431885 1500
0.37593793869018555 1500
0.3769359588623047 1500
0.3790700435638428 1500
0.38019299507141113 1500
0.382220983505249 1500
0.3832380771636963 1500
0.3851749897003174 1500
0.3912010192871094 1500
0.3912010192871094 1500
0.3912010192871094 1500
0.3912010192871094 1500
0.3920118808746338 1500
0.3928389549255371 1500
0.39514899253845215 1500
0.3960099220275879 1500
0.39797496795654297 1500
0.3991429805755615 1500
0.4020729064941406 1500
0.4020729064941406 1500
0.4028959274291992 1500
0.40473008155822754 1500
0.40617799758911133 1500
0.40772390365600586 1500
0.40880799293518066 1500
0.41091299057006836 1500
0.41288208961486816 1500
0.41397690773010254 1500
0.4149820804595947 1500
0.41699695587158203 1500
0.41808390617370605 1500
0.4197518825531006 1500
0.4209580421447754 1500
0.4226810932159424 1500
0.42386507987976074 1500
0.4262070655822754 1500
0.42682695388793945 1500
0.4279439449310303 1500
0.42978692054748535 1500
0.4308500289916992 1500
0.4328579902648926 1500
0.4340670108795166 1500
0.43624305725097656 1500
0.4370090961456299 1500
0.43901896476745605 1500
0.4396820068359375 1500
0.4409489631652832 1500
0.44289493560791016 1500
0.44469690322875977 1500
0.4459109306335449 1500
0.44683194160461426 1500
0.44895386695861816 1500
0.4499518871307373 1500
0.45168399810791016 1500
0.4527609348297119 1500
0.4538600444793701 1500
0.4561779499053955 1500
0.4569399356842041 1500
0.45878005027770996 1500
0.4598069190979004 1500
0.4620048999786377 1500
0.46308398246765137 1500
0.46605491638183594 1500
0.46605491638183594 1500
0.4666290283203125 1500
0.468782901763916 1500
0.46967196464538574 1500
0.4719209671020508 1500
0.473222017288208 1500
0.47489404678344727 1500
0.47574400901794434 1500
0.47791409492492676 1500
0.47903895378112793 1500
0.4809548854827881 1500
0.48205089569091797 1500
0.4828450679779053 1500
0.48502588272094727 1500
0.48592305183410645 1500
0.48765087127685547 1500
0.4887199401855469 1500
0.49086809158325195 1500
0.49200892448425293 1500
0.49503588676452637 1500
0.49503588676452637 1500
0.495927095413208 1500
0.49777793884277344 1500
0.4990079402923584 1500
0.5007169246673584 1500
0.5020849704742432 1500
0.5038220882415771 1500
0.5049669742584229 1500
0.5069930553436279 1500
0.507922887802124 1500
0.5099329948425293 1500
0.5108740329742432 1500
0.5120100975036621 1500
0.5136630535125732 1500
0.5149490833282471 1500
0.5167989730834961 1500
0.5179159641265869 1500
0.5197629928588867 1500
0.5209240913391113 1500
0.5221588611602783 1500
0.5241949558258057 1500
0.5250179767608643 1500
0.5266768932342529 1500
0.5276749134063721 1500
0.5301148891448975 1500
0.5308539867401123 1500
0.5329430103302002 1500
0.5339870452880859 1500
0.5350329875946045 1500
0.536916971206665 1500
0.5380020141601562 1500
0.5400428771972656 1500
0.5407319068908691 1500
0.5428750514984131 1500
0.5439639091491699 1500
0.5460250377655029 1500
0.5467760562896729 1500
0.5478179454803467 1500
0.5518779754638672 1500
0.5518779754638672 1500
0.5527639389038086 1500
0.5548560619354248 1500
0.5558669567108154 1500
0.557729959487915 1500
0.5587708950042725 1500
0.5611450672149658 1500
0.5619518756866455 1500
0.5644180774688721 1500
0.5648438930511475 1500
0.5667819976806641 1500
0.5679879188537598 1500
0.5689239501953125 1500
0.5708949565887451 1500
0.5719749927520752 1500
0.5737318992614746 1500
0.5750899314880371 1500
0.5769798755645752 1500
0.5779080390930176 1500
0.579758882522583 1500
0.5810060501098633 1500
0.5827510356903076 1500
0.5837059020996094 1500
0.5851449966430664 1500
0.5871779918670654 1500
0.5877280235290527 1500
0.5898010730743408 1500
0.5908620357513428 1500
0.5929229259490967 1500
0.5939340591430664 1500
0.5963180065155029 1500
0.5966639518737793 1500
0.5978419780731201 1500
0.6000239849090576 1500
0.6007509231567383 1500
0.6028950214385986 1500
0.6037418842315674 1500
0.6060659885406494 1500
0.6066379547119141 1500
0.6092269420623779 1500
0.6097280979156494 1500
0.6133558750152588 1500
0.6133558750152588 1500
0.615074872970581 1500
0.6157419681549072 1500
0.617285966873169 1500
0.6191549301147461 1500
0.6199109554290771 1500
0.6218769550323486 1500
0.6229159832000732 1500
0.6263539791107178 1500
0.6263539791107178 1500
0.6279780864715576 1500
0.6290318965911865 1500
0.6300709247589111 1500
0.6318168640136719 1500
0.6329739093780518 1500
0.6351840496063232 1500
0.6361250877380371 1500
0.6389539241790771 1500
0.6389539241790771 1500
0.6408560276031494 1500
0.6417849063873291 1500
0.6428890228271484 1500
0.6447639465332031 1500
0.6456480026245117 1500
0.6481480598449707 1500
0.6489310264587402 1500
0.6509139537811279 1500
0.6519579887390137 1500
0.6542210578918457 1500
0.6546940803527832 1500
0.6562790870666504 1500
0.6579799652099609 1500
0.6589100360870361 1500
0.660897970199585 1500
0.6617848873138428 1500
0.6643979549407959 1500
0.6650829315185547 1500
0.6670079231262207 1500
0.6677279472351074 1500
0.6688969135284424 1500
0.6708190441131592 1500
0.6718459129333496 1500
0.6738290786743164 1500
0.6746640205383301 1500
0.6781809329986572 1500
0.6781809329986572 1500
0.6797778606414795 1500
0.6810860633850098 1500
0.6819210052490234 1500
0.6848680973052979 1500
0.6850230693817139 1500
0.6866450309753418 1500
0.6882290840148926 1500
0.6899869441986084 1500
0.6918740272521973 1500
0.6927139759063721 1500
0.6939868927001953 1500
0.6947009563446045 1500
0.6973519325256348 1500
0.6981580257415771 1500
0.6999180316925049 1500
0.7006959915161133 1500
0.7030200958251953 1500
0.7037279605865479 1500
0.7058439254760742 1500
0.7070300579071045 1500
0.7077128887176514 1500
0.71014404296875 1500
0.7110068798065186 1500
0.7127969264984131 1500
0.7138350009918213 1500
0.7157630920410156 1500
0.7169389724731445 1500
0.7198190689086914 1500
0.7198190689086914 1500
0.7210788726806641 1500
0.7228059768676758 1500
0.7241780757904053 1500
0.726161003112793 1500
0.7269048690795898 1500
0.7292039394378662 1500
0.7298109531402588 1500
0.733191967010498 1500
0.733191967010498 1500
0.7353229522705078 1500
0.7358338832855225 1500
0.7370939254760742 1500
0.738671064376831 1500
0.739966869354248 1500
0.7420690059661865 1500
0.7428748607635498 1500
0.7448310852050781 1500
0.7466650009155273 1500
0.7477669715881348 1500
0.7490239143371582 1500
0.749993085861206 1500
0.7516958713531494 1500
0.7528979778289795 1500
0.7551779747009277 1500
0.7559778690338135 1500
0.7584729194641113 1500
0.7592940330505371 1500
0.7611188888549805 1500
0.7619500160217285 1500
0.7628910541534424 1500
0.765049934387207 1500
0.7661778926849365 1500
0.7678449153900146 1500
0.7689380645751953 1500
0.770684003829956 1500
0.7719149589538574 1500
0.7736999988555908 1500
0.7748298645019531 1500
0.7757399082183838 1500
0.777850866317749 1500
0.7786839008331299 1500
0.7810120582580566 1500
0.7816109657287598 1500
0.7838459014892578 1500
0.7847769260406494 1500
0.7871270179748535 1500
0.7877140045166016 1500
0.7919490337371826 1500
0.7919490337371826 1500
0.7931289672851562 1500
0.7937178611755371 1500
0.7957890033721924 1500
0.7969379425048828 1500
0.7982490062713623 1500
0.8000290393829346 1500
0.8012468814849854 1500
0.8029348850250244 1500
0.803947925567627 1500
0.805912971496582 1500
0.806657075881958 1500
0.808966875076294 1500
0.8112289905548096 1500
0.8112289905548096 1500
0.8131539821624756 1500
0.8140549659729004 1500
0.8160240650177002 1500
0.8168659210205078 1500
0.8189659118652344 1500
0.8200299739837646 1500
0.8217699527740479 1500
0.8238239288330078 1500
0.8238239288330078 1500
0.8261280059814453 1500
0.8269410133361816 1500
0.8287389278411865 1500
0.8298659324645996 1500
0.831697940826416 1500
0.8326690196990967 1500
0.8361289501190186 1500
0.8361289501190186 1500
0.8366720676422119 1500
0.8395700454711914 1500
0.8397178649902344 1500
0.841886043548584 1500
0.8428258895874023 1500
0.8447859287261963 1500
0.8456878662109375 1500
0.8490970134735107 1500
0.8490970134735107 1500
0.8498539924621582 1500
0.8518249988555908 1500
0.853424072265625 1500
0.854733943939209 1500
0.8563430309295654 1500
0.8577380180358887 1500
0.858834981918335 1500
0.8610849380493164 1500
0.8618559837341309 1500
0.8640320301055908 1500
0.8646860122680664 1500
0.8664100170135498 1500
0.8678300380706787 1500
0.8686709403991699 1500
0.8708369731903076 1500
0.8720359802246094 1500
0.8741500377655029 1500
0.8747789859771729 1500
0.8759548664093018 1500
0.8778469562530518 1500
0.8786928653717041 1500
0.8813889026641846 1500
0.882004976272583 1500
0.8839550018310547 1500
0.8849079608917236 1500
0.8869950771331787 1500
0.8876500129699707 1500
0.8893089294433594 1500
0.8911058902740479 1500
0.8919260501861572 1500
0.8937609195709229 1500
0.8950378894805908 1500
0.896838903427124 1500
0.8976540565490723 1500
0.900285005569458 1500
0.9012730121612549 1500
0.9021000862121582 1500
0.9041430950164795 1500
0.9048960208892822 1500
0.9068999290466309 1500
0.9077298641204834 1500
0.9097950458526611 1500
0.9112610816955566 1500
0.9129469394683838 1500
0.9139039516448975 1500
0.9148399829864502 1500
0.9168329238891602 1500
0.9176609516143799 1500
0.9198019504547119 1500
0.9206609725952148 1500
0.9233639240264893 1500
0.9237880706787109 1500
0.9261140823364258 1500
0.9271140098571777 1500
0.9277100563049316 1500
0.929818868637085 1500
0.9307830333709717 1500
0.933790922164917 1500
0.933790922164917 1500
0.9359259605407715 1500
0.936898946762085 1500
0.9389100074768066 1500
0.9399130344390869 1500
0.9408290386199951 1500
0.9429299831390381 1500
0.9438409805297852 1500
0.9458348751068115 1500
0.9466290473937988 1500
0.949152946472168 1500
0.9496839046478271 1500
0.9523179531097412 1500
0.9539949893951416 1500
0.9551260471343994 1500
0.9569549560546875 1500
0.9578499794006348 1500
0.9589900970458984 1500
0.9610550403594971 1500
0.9621679782867432 1500
0.9641749858856201 1500
0.964850902557373 1500
0.9668970108032227 1500
0.9678459167480469 1500
0.9699699878692627 1500
0.9708518981933594 1500
0.9717509746551514 1500
0.9740619659423828 1500
0.9748830795288086 1500
0.9768328666687012 1500
0.9780879020690918 1500
0.9800589084625244 1500
0.9807519912719727 1500
0.9827048778533936 1500
0.98384690284729 1500
0.9858050346374512 1500
0.9868788719177246 1500
0.9880359172821045 1500
0.9938869476318359 1500
0.9938869476318359 1500
0.9938869476318359 1500
0.9941139221191406 1500
0.9959869384765625 1500
0.997668981552124 1500
0.998939037322998 1500
0.9999890327453613 1500
1.0012459754943848 1500
1.0028018951416016 1500
1.0038769245147705 1500
