1049280
0.0 1093
0.00045490264892578125 1093
0.00045490264892578125 1093
0.0009200572967529297 1093
0.0009200572967529297 1093
0.0013849735260009766 1093
0.0013849735260009766 1093
0.0013849735260009766 1093
0.002379894256591797 1093
0.002379894256591797 1093
0.0027599334716796875 1093
0.0037789344787597656 1093
0.0037789344787597656 1093
0.004149913787841797 1093
0.004149913787841797 1093
0.004502058029174805 1093
0.009315013885498047 1093
0.00969696044921875 1093
0.00969696044921875 1093
0.00969696044921875 1093
0.010097026824951172 1093
0.010097026824951172 1093
0.010097026824951172 1093
0.010544061660766602 1093
0.014674901962280273 1093
0.015141010284423828 1093
0.015141010284423828 1093
0.015141010284423828 1093
0.01559305191040039 1093
0.016010046005249023 1093
0.016010046005249023 1093
0.016010046005249023 1093
0.01723194122314453 1093
0.01723194122314453 1093
0.01723194122314453 1093
0.01789689064025879 1093
0.017978906631469727 1093
0.017978906631469727 1093
0.018321990966796875 1093
0.018321990966796875 1093
0.018658876419067383 1093
0.018658876419067383 1093
0.01900792121887207 1093
0.01900792121887207 1093
0.01936197280883789 1093
0.019707918167114258 1093
0.019707918167114258 1093
0.02005600929260254 1093
0.024441957473754883 1093
0.025261878967285156 1093
0.025261878967285156 1093
0.025261878967285156 1093
0.025261878967285156 1093
0.025650978088378906 1093
0.025650978088378906 1093
0.025650978088378906 1093
0.027515888214111328 1093
0.027831077575683594 1093
0.027831077575683594 1093
0.027831077575683594 1093
0.028416872024536133 1093
0.028416872024536133 1093
0.028416872024536133 1093
0.02859807014465332 1093
0.02859807014465332 1093
0.028968095779418945 1093
0.028968095779418945 1093
0.028968095779418945 1093
0.028968095779418945 1093
0.02942204475402832 1093
0.02942204475402832 1093
0.02942204475402832 1093
0.02942204475402832 1093
0.02942204475402832 1093
0.029752016067504883 1093
0.029752016067504883 1093
0.029752016067504883 1093
0.029752016067504883 1093
0.0300900936126709 1093
0.031388044357299805 1093
0.0318150520324707 1093
0.03217887878417969 1093
0.03217887878417969 1093
0.032620906829833984 1093
0.032620906829833984 1093
0.03351902961730957 1093
0.03351902961730957 1093
0.03351902961730957 1093
0.03396892547607422 1093
0.03396892547607422 1093
0.03396892547607422 1093
0.03396892547607422 1093
0.03439903259277344 1093
0.03439903259277344 1093
0.03523993492126465 1093
0.03718304634094238 1093
0.03718304634094238 1093
0.03765702247619629 1093
0.03765702247619629 1093
0.03765702247619629 1093
0.03870391845703125 1093
0.03870391845703125 1093
0.03870391845703125 1093
0.0390620231628418 1093
0.0390620231628418 1093
0.039444923400878906 1093
0.039444923400878906 1093
0.04021406173706055 1093
0.04021406173706055 1093
0.04116487503051758 1093
0.04116487503051758 1093
0.0425570011138916 1093
0.0425570011138916 1093
0.0430300235748291 1093
0.0430300235748291 1093
0.04326891899108887 1093
0.04791092872619629 1093
0.04831409454345703 1093
0.04831409454345703 1093
0.05058789253234863 1093
0.05058789253234863 1093
0.05058789253234863 1093
0.05058789253234863 1093
0.05058789253234863 1093
0.05058789253234863 1093
0.05058789253234863 1093
0.05058789253234863 1093
0.05058789253234863 1093
0.053720951080322266 1093
0.05417299270629883 1093
0.054643869400024414 1093
0.054643869400024414 1093
0.055114030838012695 1093
0.05557107925415039 1093
0.056008100509643555 1093
0.05647397041320801 1093
0.05647397041320801 1093
0.05689597129821777 1093
0.05689597129821777 1093
0.057225942611694336 1093
0.057225942611694336 1093
0.057576894760131836 1093
0.05792593955993652 1093
0.05792593955993652 1093
0.05921292304992676 1093
0.05921292304992676 1093
0.05955195426940918 1093
0.059899091720581055 1093
0.059899091720581055 1093
0.06024503707885742 1093
0.06024503707885742 1093
0.060600996017456055 1093
0.06338000297546387 1093
0.06406688690185547 1093
0.06406688690185547 1093
0.06406688690185547 1093
0.06440305709838867 1093
0.06440305709838867 1093
0.06440305709838867 1093
0.06475591659545898 1093
0.06607699394226074 1093
0.06644487380981445 1093
0.06644487380981445 1093
0.06644487380981445 1093
0.06677603721618652 1093
0.06712198257446289 1093
0.06712198257446289 1093
0.06712198257446289 1093
0.06746792793273926 1093
0.06746792793273926 1093
0.06746792793273926 1093
0.06780886650085449 1093
0.06780886650085449 1093
0.06780886650085449 1093
0.06819605827331543 1093
0.06819605827331543 1093
0.07242393493652344 1093
0.07284307479858398 1093
0.07320499420166016 1093
0.07320499420166016 1093
0.07320499420166016 1093
0.07394790649414062 1093
0.07394790649414062 1093
0.07417988777160645 1093
0.0766758918762207 1093
0.0766758918762207 1093
0.0766758918762207 1093
0.0766758918762207 1093
0.0766758918762207 1093
0.0766758918762207 1093
0.07778501510620117 1093
0.07778501510620117 1093
0.07778501510620117 1093
0.07778501510620117 1093
0.07778501510620117 1093
0.07778501510620117 1093
0.07778501510620117 1093
0.07778501510620117 1093
0.07778501510620117 1093
0.07887101173400879 1093
0.07887101173400879 1093
0.07887101173400879 1093
0.07887101173400879 1093
0.07887101173400879 1093
0.07887101173400879 1093
0.07887101173400879 1093
0.07887101173400879 1093
0.07887101173400879 1093
0.08014798164367676 1093
0.08014798164367676 1093
0.08014798164367676 1093
0.08014798164367676 1093
0.08136296272277832 1093
0.08170795440673828 1093
0.08170795440673828 1093
0.08227205276489258 1093
0.08227205276489258 1093
0.08293604850769043 1093
0.08332109451293945 1093
0.08370208740234375 1093
0.0865480899810791 1093
0.0865480899810791 1093
0.0865480899810791 1093
0.08914709091186523 1093
0.0901038646697998 1093
0.0901038646697998 1093
0.0901038646697998 1093
0.0901038646697998 1093
0.09048700332641602 1093
0.09048700332641602 1093
0.09048700332641602 1093
0.09048700332641602 1093
0.09319686889648438 1093
0.09319686889648438 1093
0.09319686889648438 1093
0.09442901611328125 1093
0.09442901611328125 1093
0.09475588798522949 1093
0.09475588798522949 1093
0.0951390266418457 1093
0.09618997573852539 1093
0.09618997573852539 1093
0.09618997573852539 1093
0.09651303291320801 1093
0.09704804420471191 1093
0.09704804420471191 1093
0.09726190567016602 1093
0.09726190567016602 1093
0.09838008880615234 1093
0.09838008880615234 1093
0.09838008880615234 1093
0.09883999824523926 1093
0.09883999824523926 1093
0.09933686256408691 1093
0.09967899322509766 1093
0.10018396377563477 1093
0.10238409042358398 1093
0.10285186767578125 1093
0.10333991050720215 1093
0.10333991050720215 1093
0.10381102561950684 1093
0.10381102561950684 1093
0.10429787635803223 1093
0.10429787635803223 1093
0.1046910285949707 1093
0.1046910285949707 1093
0.1046910285949707 1093
0.1051630973815918 1093
0.1051630973815918 1093
0.10565590858459473 1093
0.10565590858459473 1093
0.1060340404510498 1093
0.10639500617980957 1093
0.10639500617980957 1093
0.10639500617980957 1093
0.10639500617980957 1093
0.10677504539489746 1093
0.10677504539489746 1093
0.10677504539489746 1093
0.10677504539489746 1093
0.11144089698791504 1093
0.11144089698791504 1093
0.11173295974731445 1093
0.11212706565856934 1093
0.11244797706604004 1093
0.1128239631652832 1093
0.1128239631652832 1093
0.1128239631652832 1093
0.11583995819091797 1093
0.11583995819091797 1093
0.11583995819091797 1093
0.11621308326721191 1093
0.11621308326721191 1093
0.11621308326721191 1093
0.11621308326721191 1093
0.11660289764404297 1093
0.11698007583618164 1093
0.11698007583618164 1093
0.11698007583618164 1093
0.1174159049987793 1093
0.1174159049987793 1093
0.1174159049987793 1093
0.1174159049987793 1093
0.1174159049987793 1093
0.12145495414733887 1093
0.12191200256347656 1093
0.122344970703125 1093
0.122344970703125 1093
0.12282800674438477 1093
0.12282800674438477 1093
0.12282800674438477 1093
0.12328195571899414 1093
0.12431788444519043 1093
0.12431788444519043 1093
0.12431788444519043 1093
0.1247720718383789 1093
0.1247720718383789 1093
0.1247720718383789 1093
0.1247720718383789 1093
0.1247720718383789 1093
0.1252288818359375 1093
0.1252288818359375 1093
0.1252288818359375 1093
0.1252288818359375 1093
0.1252288818359375 1093
0.12561893463134766 1093
0.12561893463134766 1093
0.12762188911437988 1093
0.12845802307128906 1093
0.12947702407836914 1093
0.12947702407836914 1093
0.12947702407836914 1093
0.12992286682128906 1093
0.12992286682128906 1093
0.12992286682128906 1093
0.12992286682128906 1093
0.1321580410003662 1093
0.1321580410003662 1093
0.1321580410003662 1093
0.1331629753112793 1093
0.1331629753112793 1093
0.1331629753112793 1093
0.1336650848388672 1093
0.1341550350189209 1093
0.13512301445007324 1093
0.13512301445007324 1093
0.13512301445007324 1093
0.13560104370117188 1093
0.13560104370117188 1093
0.13607406616210938 1093
0.13607406616210938 1093
0.13607406616210938 1093
0.13698101043701172 1093
0.13698101043701172 1093
0.13698101043701172 1093
0.13743805885314941 1093
0.13743805885314941 1093
0.1378779411315918 1093
0.1378779411315918 1093
0.13836407661437988 1093
0.14129209518432617 1093
0.14129209518432617 1093
0.1419999599456787 1093
0.14256596565246582 1093
0.14256596565246582 1093
0.14256596565246582 1093
0.14355707168579102 1093
0.14355707168579102 1093
0.14455008506774902 1093
0.14455008506774902 1093
0.14455008506774902 1093
0.14455008506774902 1093
0.14455008506774902 1093
0.144989013671875 1093
0.144989013671875 1093
0.144989013671875 1093
0.1455070972442627 1093
0.1455070972442627 1093
0.1455070972442627 1093
0.145982027053833 1093
0.145982027053833 1093
0.14645695686340332 1093
0.14645695686340332 1093
0.14645695686340332 1093
0.15046000480651855 1093
0.15084290504455566 1093
0.15084290504455566 1093
0.15134501457214355 1093
0.15134501457214355 1093
0.1517040729522705 1093
0.15207290649414062 1093
0.15207290649414062 1093
0.1548299789428711 1093
0.15527105331420898 1093
0.15527105331420898 1093
0.15527105331420898 1093
0.1557018756866455 1093
0.15609192848205566 1093
0.15653705596923828 1093
0.15653705596923828 1093
0.15693402290344238 1093
0.15693402290344238 1093
0.157304048538208 1093
0.15772604942321777 1093
0.158066987991333 1093
0.15844988822937012 1093
0.15887808799743652 1093
0.1592850685119629 1093
0.16008496284484863 1093
0.1604158878326416 1093
0.1607680320739746 1093
0.16147398948669434 1093
0.16182398796081543 1093
0.16182398796081543 1093
0.16217589378356934 1093
0.16254901885986328 1093
0.1633760929107666 1093
0.1633760929107666 1093
0.16371798515319824 1093
0.16406488418579102 1093
0.16406488418579102 1093
0.1644120216369629 1093
0.1644120216369629 1093
0.16475987434387207 1093
0.16475987434387207 1093
0.16475987434387207 1093
0.16510891914367676 1093
0.16548800468444824 1093
0.16582703590393066 1093
0.16582703590393066 1093
0.16617488861083984 1093
0.16617488861083984 1093
0.17021799087524414 1093
0.17055296897888184 1093
0.17055296897888184 1093
0.17090106010437012 1093
0.17090106010437012 1093
0.17090106010437012 1093
0.1712498664855957 1093
0.1712498664855957 1093
0.1715989112854004 1093
0.1715989112854004 1093
0.1715989112854004 1093
0.17203187942504883 1093
0.17203187942504883 1093
0.1722869873046875 1093
0.1722869873046875 1093
0.17270493507385254 1093
0.17383193969726562 1093
0.17383193969726562 1093
0.17417597770690918 1093
0.17417597770690918 1093
0.17417597770690918 1093
0.17417597770690918 1093
0.17452406883239746 1093
0.17452406883239746 1093
0.17534899711608887 1093
0.17534899711608887 1093
0.17570900917053223 1093
0.17606496810913086 1093
0.17606496810913086 1093
0.1764209270477295 1093
0.17675495147705078 1093
0.17675495147705078 1093
0.179764986038208 1093
0.18015694618225098 1093
0.1805400848388672 1093
0.18137288093566895 1093
0.18171000480651855 1093
0.18207693099975586 1093
0.18207693099975586 1093
0.18241500854492188 1093
0.1831350326538086 1093
0.1831350326538086 1093
0.18346786499023438 1093
0.18346786499023438 1093
0.18346786499023438 1093
0.18381404876708984 1093
0.18381404876708984 1093
0.18381404876708984 1093
0.18416309356689453 1093
0.18506097793579102 1093
0.18886590003967285 1093
0.18886590003967285 1093
0.1892108917236328 1093
0.1892108917236328 1093
0.1895608901977539 1093
0.1895608901977539 1093
0.1895608901977539 1093
0.18992400169372559 1093
0.18992400169372559 1093
0.19025588035583496 1093
0.19065594673156738 1093
0.19098591804504395 1093
0.19389700889587402 1093
0.19389700889587402 1093
0.19389700889587402 1093
0.19419193267822266 1093
0.19454002380371094 1093
0.19454002380371094 1093
0.19523906707763672 1093
0.1955878734588623 1093
0.1955878734588623 1093
0.1963520050048828 1093
0.19711709022521973 1093
0.19711709022521973 1093
0.19805908203125 1093
0.19875288009643555 1093
0.19875288009643555 1093
0.19947504997253418 1093
0.19981789588928223 1093
0.20020389556884766 1093
0.2012619972229004 1093
0.20206093788146973 1093
0.20240306854248047 1093
0.20240306854248047 1093
0.20275187492370605 1093
0.20275187492370605 1093
0.20346903800964355 1093
0.20346903800964355 1093
0.20417499542236328 1093
0.20451593399047852 1093
0.2048649787902832 1093
0.2048649787902832 1093
0.20890402793884277 1093
0.20890402793884277 1093
0.20924901962280273 1093
0.20924901962280273 1093
0.20924901962280273 1093
0.20924901962280273 1093
0.2096269130706787 1093
0.2096269130706787 1093
0.21001100540161133 1093
0.21001100540161133 1093
0.21001100540161133 1093
0.21042704582214355 1093
0.21042704582214355 1093
0.2107250690460205 1093
0.21109890937805176 1093
0.21109890937805176 1093
0.2122960090637207 1093
0.21269798278808594 1093
0.21269798278808594 1093
0.21269798278808594 1093
0.21309399604797363 1093
0.21751093864440918 1093
0.21751093864440918 1093
0.21751093864440918 1093
0.21796798706054688 1093
0.21796798706054688 1093
0.21796798706054688 1093
0.21796798706054688 1093
0.21796798706054688 1093
0.2183840274810791 1093
0.2183840274810791 1093
0.2183840274810791 1093
0.2183840274810791 1093
0.21878504753112793 1093
0.21878504753112793 1093
0.21878504753112793 1093
0.22026586532592773 1093
0.22026586532592773 1093
0.22026586532592773 1093
0.22074198722839355 1093
0.22074198722839355 1093
0.22152400016784668 1093
0.22198891639709473 1093
0.22247004508972168 1093
0.22247004508972168 1093
0.22294402122497559 1093
0.22391009330749512 1093
0.22391009330749512 1093
0.22780704498291016 1093
0.22780704498291016 1093
0.22780704498291016 1093
0.22878503799438477 1093
0.22878503799438477 1093
0.22878503799438477 1093
0.22925496101379395 1093
0.22925496101379395 1093
0.22925496101379395 1093
0.22925496101379395 1093
0.22925496101379395 1093
0.23003602027893066 1093
0.23003602027893066 1093
0.23003602027893066 1093
0.23003602027893066 1093
0.23003602027893066 1093
0.2304680347442627 1093
0.2304680347442627 1093
0.23084092140197754 1093
0.23296403884887695 1093
0.23296403884887695 1093
0.23296403884887695 1093
0.23332905769348145 1093
0.2337639331817627 1093
0.2337639331817627 1093
0.23413896560668945 1093
0.23413896560668945 1093
0.23484206199645996 1093
0.2356119155883789 1093
0.2356119155883789 1093
0.2356119155883789 1093
0.23625397682189941 1093
0.23658490180969238 1093
0.2373049259185791 1093
0.23770999908447266 1093
0.23770999908447266 1093
0.23836803436279297 1093
0.23871207237243652 1093
0.23871207237243652 1093
0.2390580177307129 1093
0.24011898040771484 1093
0.24047303199768066 1093
0.24047303199768066 1093
0.24119806289672852 1093
0.24119806289672852 1093
0.24154996871948242 1093
0.24190092086791992 1093
0.24225091934204102 1093
0.24295806884765625 1093
0.24330592155456543 1093
0.24330592155456543 1093
0.24370908737182617 1093
0.24782609939575195 1093
0.24782609939575195 1093
0.2481679916381836 1093
0.2481679916381836 1093
0.24851298332214355 1093
0.24851298332214355 1093
0.24851298332214355 1093
0.24885988235473633 1093
0.24885988235473633 1093
0.24885988235473633 1093
0.24920892715454102 1093
0.24955296516418457 1093
0.24990296363830566 1093
0.25024986267089844 1093
0.2505989074707031 1093
0.2505989074707031 1093
0.25137901306152344 1093
0.25137901306152344 1093
0.2523529529571533 1093
0.2523529529571533 1093
0.25295305252075195 1093
0.25295305252075195 1093
0.25295305252075195 1093
0.2532999515533447 1093
0.2532999515533447 1093
0.25627899169921875 1093
0.25627899169921875 1093
0.256558895111084 1093
0.25690603256225586 1093
0.25690603256225586 1093
0.25725698471069336 1093
0.25800204277038574 1093
0.25800204277038574 1093
0.2583889961242676 1093
0.25877809524536133 1093
0.25877809524536133 1093
0.25916600227355957 1093
0.25954508781433105 1093
0.25954508781433105 1093
0.25954508781433105 1093
0.25992894172668457 1093
0.26032090187072754 1093
0.26032090187072754 1093
0.26070308685302734 1093
0.2610929012298584 1093
0.2615830898284912 1093
0.26277804374694824 1093
0.26277804374694824 1093
0.26277804374694824 1093
0.2631490230560303 1093
0.2663130760192871 1093
0.2666659355163574 1093
0.2666659355163574 1093
0.2670450210571289 1093
0.2670450210571289 1093
0.267427921295166 1093
0.267427921295166 1093
0.26780009269714355 1093
0.26780009269714355 1093
0.26816701889038086 1093
0.26816701889038086 1093
0.2687509059906006 1093
0.2687509059906006 1093
0.2687509059906006 1093
0.2724740505218506 1093
0.27286195755004883 1093
0.27323389053344727 1093
0.27323389053344727 1093
0.2735910415649414 1093
0.2735910415649414 1093
0.2743649482727051 1093
0.2743649482727051 1093
0.27514195442199707 1093
0.27551794052124023 1093
0.27551794052124023 1093
0.27551794052124023 1093
0.27551794052124023 1093
0.2758970260620117 1093
0.2758970260620117 1093
0.2758970260620117 1093
0.27626895904541016 1093
0.27626895904541016 1093
0.27626895904541016 1093
0.27626895904541016 1093
0.276655912399292 1093
0.27706098556518555 1093
0.27750706672668457 1093
0.27750706672668457 1093
0.2789890766143799 1093
0.2789890766143799 1093
0.27936506271362305 1093
0.27936506271362305 1093
0.27974987030029297 1093
0.2801370620727539 1093
0.2801370620727539 1093
0.28050708770751953 1093
0.2817389965057373 1093
0.2817389965057373 1093
0.2817389965057373 1093
0.2825329303741455 1093
0.28670597076416016 1093
0.28670597076416016 1093
0.2870619297027588 1093
0.2870619297027588 1093
0.2870619297027588 1093
0.2870619297027588 1093
0.287431001663208 1093
0.287431001663208 1093
0.287431001663208 1093
0.287431001663208 1093
0.28789186477661133 1093
0.28834009170532227 1093
0.28834009170532227 1093
0.2887380123138428 1093
0.2887380123138428 1093
0.2887380123138428 1093
0.2892138957977295 1093
0.2897160053253174 1093
0.2897160053253174 1093
0.2897160053253174 1093
0.2901499271392822 1093
0.2911250591278076 1093
0.2911250591278076 1093
0.293658971786499 1093
0.293658971786499 1093
0.293658971786499 1093
0.29471588134765625 1093
0.2950730323791504 1093
0.2950730323791504 1093
0.2950730323791504 1093
0.2950730323791504 1093
0.29544997215270996 1093
0.29544997215270996 1093
0.29587697982788086 1093
0.29587697982788086 1093
0.29673290252685547 1093
0.29673290252685547 1093
0.2971510887145996 1093
0.29755187034606934 1093
0.29755187034606934 1093
0.2978858947753906 1093
0.2983100414276123 1093
0.2986130714416504 1093
0.29943203926086426 1093
0.3003208637237549 1093
0.3003208637237549 1093
0.3017129898071289 1093
0.3017129898071289 1093
0.3020598888397217 1093
0.3020598888397217 1093
0.3020598888397217 1093
0.3024120330810547 1093
0.3049020767211914 1093
0.3049020767211914 1093
0.3049020767211914 1093
0.3052840232849121 1093
0.3052840232849121 1093
0.3052840232849121 1093
0.3060638904571533 1093
0.3060638904571533 1093
0.30647993087768555 1093
0.3068070411682129 1093
0.3068070411682129 1093
0.3071858882904053 1093
0.3071858882904053 1093
0.30758094787597656 1093
0.3100268840789795 1093
0.3100268840789795 1093
0.3112828731536865 1093
0.31199193000793457 1093
0.31199193000793457 1093
0.31199193000793457 1093
0.31223607063293457 1093
0.3126180171966553 1093
0.31310486793518066 1093
0.3135499954223633 1093
0.3139660358428955 1093
0.31435608863830566 1093
0.31435608863830566 1093
0.31435608863830566 1093
0.3147740364074707 1093
0.3147740364074707 1093
0.3152000904083252 1093
0.3152000904083252 1093
0.31557798385620117 1093
0.31557798385620117 1093
0.31557798385620117 1093
0.3159148693084717 1093
0.3207840919494629 1093
0.3207840919494629 1093
0.3207840919494629 1093
0.32144904136657715 1093
0.32144904136657715 1093
0.32144904136657715 1093
0.32144904136657715 1093
0.32225704193115234 1093
0.32225704193115234 1093
0.3226308822631836 1093
0.323530912399292 1093
0.323530912399292 1093
0.32436609268188477 1093
0.32436609268188477 1093
0.32436609268188477 1093
0.32474589347839355 1093
0.325206995010376 1093
0.3255739212036133 1093
0.32604002952575684 1093
0.32604002952575684 1093
0.3264138698577881 1093
0.32684993743896484 1093
0.32712602615356445 1093
0.32712602615356445 1093
0.32712602615356445 1093
0.3275470733642578 1093
0.3275470733642578 1093
0.3278989791870117 1093
0.3278989791870117 1093
0.3278989791870117 1093
0.3283090591430664 1093
0.3283090591430664 1093
0.32866907119750977 1093
0.3290369510650635 1093
0.3299729824066162 1093
0.3299729824066162 1093
0.33240509033203125 1093
0.33240509033203125 1093
0.33277106285095215 1093
0.33277106285095215 1093
0.33277106285095215 1093
0.33277106285095215 1093
0.333158016204834 1093
0.33356404304504395 1093
0.33393096923828125 1093
0.33393096923828125 1093
0.33431100845336914 1093
0.33431100845336914 1093
0.3353860378265381 1093
0.3353860378265381 1093
0.33575987815856934 1093
0.33614492416381836 1093
0.33655405044555664 1093
0.3369159698486328 1093
0.3381969928741455 1093
0.3381969928741455 1093
0.3381969928741455 1093
0.33896899223327637 1093
0.33896899223327637 1093
0.3393440246582031 1093
0.33973097801208496 1093
0.34055495262145996 1093
0.34055495262145996 1093
0.340939998626709 1093
0.341310977935791 1093
0.3434269428253174 1093
0.3437840938568115 1093
0.3441660404205322 1093
0.3441660404205322 1093
0.3441660404205322 1093
0.3441660404205322 1093
0.3441660404205322 1093
0.34454894065856934 1093
0.34454894065856934 1093
0.3449900150299072 1093
0.34679698944091797 1093
0.34679698944091797 1093
0.34679698944091797 1093
0.34679698944091797 1093
0.3489339351654053 1093
0.3489339351654053 1093
0.3489339351654053 1093
0.34928297996520996 1093
0.34928297996520996 1093
0.3504819869995117 1093
0.3504819869995117 1093
0.35084104537963867 1093
0.35126805305480957 1093
0.35126805305480957 1093
0.35166501998901367 1093
0.35211801528930664 1093
0.35211801528930664 1093
0.3525829315185547 1093
0.3525829315185547 1093
0.3529670238494873 1093
0.353395938873291 1093
0.353395938873291 1093
0.353834867477417 1093
0.35408806800842285 1093
0.3549208641052246 1093
0.35951900482177734 1093
0.35951900482177734 1093
0.35951900482177734 1093
0.35987401008605957 1093
0.35987401008605957 1093
0.35987401008605957 1093
0.36025500297546387 1093
0.36025500297546387 1093
0.3606390953063965 1093
0.36102795600891113 1093
0.36102795600891113 1093
0.36140990257263184 1093
0.36140990257263184 1093
0.36179494857788086 1093
0.3621699810028076 1093
0.3621699810028076 1093
0.36316490173339844 1093
0.36316490173339844 1093
0.36353397369384766 1093
0.36353397369384766 1093
0.36353397369384766 1093
0.3638489246368408 1093
0.36456799507141113 1093
0.36456799507141113 1093
0.364901065826416 1093
0.36525487899780273 1093
0.3656010627746582 1093
0.3659679889678955 1093
0.3659679889678955 1093
0.3662989139556885 1093
0.3662989139556885 1093
0.3708069324493408 1093
0.3708069324493408 1093
0.37117695808410645 1093
0.37117695808410645 1093
0.37117695808410645 1093
0.37117695808410645 1093
0.3716108798980713 1093
0.3716108798980713 1093
0.3721010684967041 1093
0.3734729290008545 1093
0.3734729290008545 1093
0.3739190101623535 1093
0.3739190101623535 1093
0.3739190101623535 1093
0.3739190101623535 1093
0.3739190101623535 1093
0.37433695793151855 1093
