1050000
0.0 1500
0.0016520023345947266 1500
0.003481149673461914 1500
0.004609107971191406 1500
0.006608009338378906 1500
0.008502006530761719 1500
0.010509014129638672 1500
0.012830018997192383 1500
0.014523029327392578 1500
0.015681028366088867 1500
0.01824808120727539 1500
0.019598007202148438 1500
0.023704051971435547 1500
0.023704051971435547 1500
0.02478814125061035 1500
0.026537179946899414 1500
0.02815103530883789 1500
0.029560089111328125 1500
0.030976057052612305 1500
0.03283214569091797 1500
0.03472709655761719 1500
0.03585696220397949 1500
0.036726951599121094 1500
0.038743019104003906 1500
0.039884090423583984 1500
0.041622161865234375 1500
0.04304909706115723 1500
0.04480099678039551 1500
0.0464630126953125 1500
0.04758405685424805 1500
0.0488131046295166 1500
0.05074596405029297 1500
0.052802085876464844 1500
0.05446815490722656 1500
0.05557608604431152 1500
0.057682037353515625 1500
0.060439109802246094 1500
0.06157398223876953 1500
0.06293916702270508 1500
0.06499195098876953 1500
0.06673097610473633 1500
0.06857609748840332 1500
0.07095217704772949 1500
0.0726311206817627 1500
0.07460308074951172 1500
0.0757591724395752 1500
0.07774996757507324 1500
0.0795140266418457 1500
0.08076310157775879 1500
0.08363199234008789 1500
0.0849461555480957 1500
0.08663010597229004 1500
0.08863115310668945 1500
0.09065699577331543 1500
0.09259414672851562 1500
0.09375810623168945 1500
0.09577703475952148 1500
0.09754204750061035 1500
0.0995941162109375 1500
0.10152411460876465 1500
0.10305404663085938 1500
0.10460305213928223 1500
0.10672307014465332 1500
0.1092369556427002 1500
0.11066603660583496 1500
0.11252617835998535 1500
0.11458015441894531 1500
0.1165151596069336 1500
0.11861610412597656 1500
0.11973905563354492 1500
0.12111496925354004 1500
0.1230771541595459 1500
0.12409496307373047 1500
0.12574195861816406 1500
0.12682795524597168 1500
0.13307714462280273 1500
0.13307714462280273 1500
0.13307714462280273 1500
0.13307714462280273 1500
0.13468217849731445 1500
0.13777399063110352 1500
0.13777399063110352 1500
0.13906502723693848 1500
0.14056801795959473 1500
0.1425950527191162 1500
0.1436600685119629 1500
0.14581608772277832 1500
0.14696717262268066 1500
0.14847517013549805 1500
0.14998912811279297 1500
0.15172696113586426 1500
0.15357494354248047 1500
0.1555190086364746 1500
0.15745997428894043 1500
0.15856599807739258 1500
0.16108107566833496 1500
0.16266894340515137 1500
0.16480612754821777 1500
0.16652297973632812 1500
0.1688849925994873 1500
0.17049503326416016 1500
0.17268109321594238 1500
0.17454099655151367 1500
0.17572903633117676 1500
0.17800307273864746 1500
0.18008995056152344 1500
0.18194794654846191 1500
0.1839311122894287 1500
0.18552803993225098 1500
0.18761014938354492 1500
0.18948912620544434 1500
0.19098901748657227 1500
0.19344115257263184 1500
0.19483017921447754 1500
0.1965930461883545 1500
0.19845008850097656 1500
0.19971203804016113 1500
0.20164012908935547 1500
0.20354294776916504 1500
0.20508694648742676 1500
0.2068190574645996 1500
0.20917201042175293 1500
0.21086502075195312 1500
0.21165800094604492 1500
0.21482396125793457 1500
0.21591615676879883 1500
0.2175750732421875 1500
0.22020506858825684 1500
0.22153615951538086 1500
0.22366094589233398 1500
0.224884033203125 1500
0.22663211822509766 1500
0.2286360263824463 1500
0.23050594329833984 1500
0.23247408866882324 1500
0.23391103744506836 1500
0.23645997047424316 1500
0.23853302001953125 1500
0.2404940128326416 1500
0.2422640323638916 1500
0.24948811531066895 1500
0.24948811531066895 1500
0.24948811531066895 1500
0.24959707260131836 1500
0.25154995918273926 1500
0.25304698944091797 1500
0.2547900676727295 1500
0.25693607330322266 1500
0.2586491107940674 1500
0.26047301292419434 1500
0.2627420425415039 1500
0.26374197006225586 1500
0.2657949924468994 1500
0.26770901679992676 1500
0.2700049877166748 1500
0.2714841365814209 1500
0.2737410068511963 1500
0.2758779525756836 1500
0.27798914909362793 1500
0.27966904640197754 1500
0.2815060615539551 1500
0.28363513946533203 1500
0.28554296493530273 1500
0.28754615783691406 1500
0.28951096534729004 1500
0.2908289432525635 1500
0.29291296005249023 1500
0.29463696479797363 1500
0.2967870235443115 1500
0.2985720634460449 1500
0.3008861541748047 1500
0.3030209541320801 1500
0.3048110008239746 1500
0.30663204193115234 1500
0.30782413482666016 1500
0.3096499443054199 1500
0.3115520477294922 1500
0.3136169910430908 1500
0.3156740665435791 1500
0.3179190158843994 1500
0.3195960521697998 1500
0.32163000106811523 1500
0.3241920471191406 1500
0.3257441520690918 1500
0.3280200958251953 1500
0.3297309875488281 1500
0.33186817169189453 1500
0.3341090679168701 1500
0.3354911804199219 1500
0.33789896965026855 1500
0.3389310836791992 1500
0.3410310745239258 1500
0.34273195266723633 1500
0.3445770740509033 1500
0.3474600315093994 1500
0.3486969470977783 1500
0.35076904296875 1500
0.35295796394348145 1500
0.35512614250183105 1500
0.3568241596221924 1500
0.35901808738708496 1500
0.360767126083374 1500
0.3627030849456787 1500
0.3648080825805664 1500
0.3666260242462158 1500
0.3689560890197754 1500
0.3706181049346924 1500
0.3729691505432129 1500
0.37453317642211914 1500
0.37676215171813965 1500
0.378878116607666 1500
0.3806741237640381 1500
0.38276195526123047 1500
0.384721040725708 1500
0.38651394844055176 1500
0.38855409622192383 1500
0.39063096046447754 1500
0.39172911643981934 1500
0.39408016204833984 1500
0.39598703384399414 1500
0.39762210845947266 1500
0.39985203742980957 1500
0.400954008102417 1500
0.40303707122802734 1500
0.4050149917602539 1500
0.4067721366882324 1500
0.4086451530456543 1500
0.410020112991333 1500
0.4116220474243164 1500
0.4138791561126709 1500
0.4149610996246338 1500
0.4165520668029785 1500
0.41873598098754883 1500
0.42076897621154785 1500
0.4225480556488037 1500
0.42446303367614746 1500
0.42572808265686035 1500
0.4277009963989258 1500
0.4297981262207031 1500
0.43171000480651855 1500
0.43367600440979004 1500
0.4348909854888916 1500
0.4367361068725586 1500
0.4387960433959961 1500
0.44078803062438965 1500
0.44266510009765625 1500
0.44449305534362793 1500
0.4467289447784424 1500
0.4484860897064209 1500
0.4504880905151367 1500
0.45305895805358887 1500
0.4544501304626465 1500
0.4564640522003174 1500
0.4585130214691162 1500
0.46042609214782715 1500
0.4620170593261719 1500
0.46454715728759766 1500
0.4666769504547119 1500
0.46862316131591797 1500
0.47060513496398926 1500
0.47305798530578613 1500
0.47463011741638184 1500
0.47678208351135254 1500
0.4788031578063965 1500
0.4804539680480957 1500
0.48191404342651367 1500
0.48389506340026855 1500
0.4860241413116455 1500
0.48765110969543457 1500
0.49007511138916016 1500
0.4916520118713379 1500
0.49348902702331543 1500
0.49602794647216797 1500
0.4967041015625 1500
0.4985229969024658 1500
0.5001440048217773 1500
0.5015640258789062 1500
0.5032250881195068 1500
0.5045340061187744 1500
0.5060479640960693 1500
0.5071191787719727 1500
0.5088820457458496 1500
0.509911060333252 1500
0.512747049331665 1500
0.512747049331665 1500
0.5168881416320801 1500
0.5168881416320801 1500
0.5177831649780273 1500
0.5196130275726318 1500
0.5206890106201172 1500
0.5231261253356934 1500
0.5245571136474609 1500
0.5264661312103271 1500
0.53326416015625 1500
0.53326416015625 1500
0.53326416015625 1500
0.53326416015625 1500
0.5337510108947754 1500
0.5366411209106445 1500
0.5370161533355713 1500
0.5385260581970215 1500
0.5397059917449951 1500
0.541111946105957 1500
0.5430431365966797 1500
0.5437271595001221 1500
0.546004056930542 1500
0.5470130443572998 1500
0.5488660335540771 1500
0.5510251522064209 1500
0.5535790920257568 1500
0.553663969039917 1500
0.5551619529724121 1500
0.5557620525360107 1500
0.5577449798583984 1500
0.5586161613464355 1500
0.5596051216125488 1500
0.5614681243896484 1500
0.5628750324249268 1500
0.5641260147094727 1500
0.5660970211029053 1500
0.5674300193786621 1500
0.5684871673583984 1500
0.5695610046386719 1500
0.5710890293121338 1500
0.5726070404052734 1500
0.5739350318908691 1500
0.5756280422210693 1500
0.5770580768585205 1500
0.5785200595855713 1500
0.5797770023345947 1500
0.5806009769439697 1500
0.5820910930633545 1500
0.5837671756744385 1500
0.58498215675354 1500
0.5864951610565186 1500
0.5878159999847412 1500
0.5888261795043945 1500
0.590705156326294 1500
0.5917370319366455 1500
0.5926699638366699 1500
0.5944931507110596 1500
0.5957131385803223 1500
0.5966730117797852 1500
0.597614049911499 1500
0.5999281406402588 1500
0.6009120941162109 1500
0.6017401218414307 1500
0.6034631729125977 1500
0.6044759750366211 1500
0.6056640148162842 1500
0.6065561771392822 1500
0.607943058013916 1500
0.6095399856567383 1500
0.610936164855957 1500
0.6116940975189209 1500
0.6139249801635742 1500
0.6150000095367432 1500
0.6159789562225342 1500
0.6175711154937744 1500
0.6190810203552246 1500
0.6208291053771973 1500
0.6219320297241211 1500
0.6240010261535645 1500
0.6256051063537598 1500
0.6268301010131836 1500
0.6287360191345215 1500
0.6306149959564209 1500
0.6325860023498535 1500
0.6336801052093506 1500
0.6365230083465576 1500
0.6376230716705322 1500
0.6395621299743652 1500
0.6410400867462158 1500
0.6428091526031494 1500
0.643963098526001 1500
0.6451001167297363 1500
0.6469919681549072 1500
0.6485011577606201 1500
0.6495480537414551 1500
0.6520400047302246 1500
0.6539039611816406 1500
0.6554830074310303 1500
0.6576540470123291 1500
0.6599409580230713 1500
0.6606311798095703 1500
0.6629819869995117 1500
0.6648099422454834 1500
0.6669831275939941 1500
0.6687891483306885 1500
0.6698801517486572 1500
0.6715071201324463 1500
0.6735830307006836 1500
0.6750161647796631 1500
0.6756010055541992 1500
0.676753044128418 1500
0.6787960529327393 1500
0.6806869506835938 1500
0.6819140911102295 1500
0.6836371421813965 1500
0.6847600936889648 1500
0.6857321262359619 1500
0.6874749660491943 1500
0.688791036605835 1500
0.6905691623687744 1500
0.6915581226348877 1500
0.6937451362609863 1500
0.6955029964447021 1500
0.6967649459838867 1500
0.6987450122833252 1500
0.7005801200866699 1500
0.7027139663696289 1500
0.7045979499816895 1500
0.706043004989624 1500
0.707982063293457 1500
0.7099971771240234 1500
0.7118051052093506 1500
0.7135350704193115 1500
0.7148280143737793 1500
0.7166380882263184 1500
0.7190151214599609 1500
0.7204670906066895 1500
0.7220971584320068 1500
0.7240591049194336 1500
0.7259931564331055 1500
0.7278640270233154 1500
0.7296571731567383 1500
0.731503963470459 1500
0.7326641082763672 1500
0.7347910404205322 1500
0.7360031604766846 1500
0.7380471229553223 1500
0.7396650314331055 1500
0.7419371604919434 1500
0.7439870834350586 1500
0.7449040412902832 1500
0.7465331554412842 1500
0.7478640079498291 1500
0.7488620281219482 1500
0.7509429454803467 1500
0.7527511119842529 1500
0.7545371055603027 1500
0.7560210227966309 1500
0.7576711177825928 1500
0.7591400146484375 1500
0.7610321044921875 1500
0.763206958770752 1500
0.7647261619567871 1500
0.7665259838104248 1500
0.7679920196533203 1500
0.7700040340423584 1500
0.7715389728546143 1500
0.7735891342163086 1500
0.775860071182251 1500
0.7806441783905029 1500
0.7806441783905029 1500
0.7806441783905029 1500
0.7814371585845947 1500
0.7826910018920898 1500
0.7845339775085449 1500
0.7858719825744629 1500
0.787930965423584 1500
0.7896389961242676 1500
0.7908520698547363 1500
0.7925369739532471 1500
0.7944481372833252 1500
0.7959630489349365 1500
0.7979991436004639 1500
0.7996900081634521 1500
0.801516056060791 1500
0.802962064743042 1500
0.8049759864807129 1500
0.8074331283569336 1500
0.8089780807495117 1500
0.8111319541931152 1500
0.8126180171966553 1500
0.8145110607147217 1500
0.8165740966796875 1500
0.817857027053833 1500
0.8197879791259766 1500
0.8216371536254883 1500
0.8234331607818604 1500
0.8255720138549805 1500
0.8271040916442871 1500
0.8328900337219238 1500
0.8328900337219238 1500
0.8328900337219238 1500
0.8344841003417969 1500
0.8356561660766602 1500
0.8376891613006592 1500
0.839514970779419 1500
0.8411431312561035 1500
0.8427140712738037 1500
0.8440721035003662 1500
0.845656156539917 1500
0.84763503074646 1500
0.8495690822601318 1500
0.8515579700469971 1500
0.8530640602111816 1500
0.8544540405273438 1500
0.8565330505371094 1500
0.8578050136566162 1500
0.8597230911254883 1500
0.8615169525146484 1500
0.8630800247192383 1500
0.8645391464233398 1500
0.8658201694488525 1500
0.8674860000610352 1500
0.8686051368713379 1500
0.8709511756896973 1500
0.8728470802307129 1500
0.8739190101623535 1500
0.8750369548797607 1500
0.8774220943450928 1500
0.8787679672241211 1500
0.8807070255279541 1500
0.8825881481170654 1500
0.8839571475982666 1500
0.8855600357055664 1500
0.8867621421813965 1500
0.8922040462493896 1500
0.8922040462493896 1500
0.8922040462493896 1500
0.8936011791229248 1500
0.8957641124725342 1500
0.8966720104217529 1500
0.8987891674041748 1500
0.8997609615325928 1500
0.90059494972229 1500
0.9025230407714844 1500
0.9040310382843018 1500
0.9054601192474365 1500
0.9070241451263428 1500
0.908890962600708 1500
0.9109320640563965 1500
0.9119031429290771 1500
0.9136481285095215 1500
0.9156491756439209 1500
0.9169480800628662 1500
0.9185070991516113 1500
0.9198269844055176 1500
0.9215149879455566 1500
0.9228179454803467 1500
0.9244339466094971 1500
0.92576003074646 1500
0.9274921417236328 1500
0.9290070533752441 1500
0.9304661750793457 1500
0.9319231510162354 1500
0.9338240623474121 1500
0.9363970756530762 1500
0.9369029998779297 1500
0.9390671253204346 1500
0.9409410953521729 1500
0.9428341388702393 1500
0.9437079429626465 1500
0.9456651210784912 1500
0.9476139545440674 1500
0.9489779472351074 1500
0.9506320953369141 1500
0.9519989490509033 1500
0.9541571140289307 1500
0.9546501636505127 1500
0.9566161632537842 1500
0.9580261707305908 1500
0.9594659805297852 1500
0.9605879783630371 1500
0.9624910354614258 1500
0.9637761116027832 1500
0.9648230075836182 1500
0.9658529758453369 1500
0.967479944229126 1500
0.9689371585845947 1500
0.9697670936584473 1500
0.9716701507568359 1500
0.9726300239562988 1500
0.9740259647369385 1500
0.9748151302337646 1500
0.9765410423278809 1500
0.9779641628265381 1500
0.9794361591339111 1500
0.980525016784668 1500
0.9816451072692871 1500
0.9831230640411377 1500
0.9845070838928223 1500
0.9856491088867188 1500
0.9866671562194824 1500
0.987678050994873 1500
0.9894490242004395 1500
0.9905581474304199 1500
0.9915921688079834 1500
0.9935050010681152 1500
0.995941162109375 1500
0.9964859485626221 1500
0.9989869594573975 1500
0.9997539520263672 1500
1.0015711784362793 1500
1.0036499500274658 1500
1.003960132598877 1500
1.005748987197876 1500
1.006788969039917 1500
1.0085430145263672 1500
1.0099010467529297 1500
1.011491060256958 1500
1.0129811763763428 1500
1.014742136001587 1500
1.0159621238708496 1500
1.0165331363677979 1500
1.0179719924926758 1500
1.0200560092926025 1500
1.0216619968414307 1500
1.022874116897583 1500
1.0249230861663818 1500
1.025740146636963 1500
1.0274441242218018 1500
1.0287959575653076 1500
1.0300610065460205 1500
1.0308959484100342 1500
1.0327391624450684 1500
1.0337891578674316 1500
1.034818172454834 1500
1.0368311405181885 1500
1.0388290882110596 1500
1.0407111644744873 1500
1.041862964630127 1500
1.0428760051727295 1500
1.0449590682983398 1500
1.0466279983520508 1500
1.0477001667022705 1500
1.0488669872283936 1500
1.0505790710449219 1500
1.0517981052398682 1500
1.0529780387878418 1500
1.0549311637878418 1500
1.0558030605316162 1500
1.0574820041656494 1500
1.0585789680480957 1500
1.0596189498901367 1500
1.0606820583343506 1500
1.063019037246704 1500
1.0645151138305664 1500
1.065981149673462 1500
1.067929983139038 1500
1.070378065109253 1500
1.0705480575561523 1500
1.0717041492462158 1500
1.0731561183929443 1500
1.0739531517028809 1500
1.0756211280822754 1500
1.0768611431121826 1500
1.0785770416259766 1500
1.0799651145935059 1500
1.0816349983215332 1500
1.082517147064209 1500
1.0849270820617676 1500
1.0868279933929443 1500
1.0877230167388916 1500
1.0886890888214111 1500
1.0900371074676514 1500
1.0919170379638672 1500
1.0929851531982422 1500
1.0945160388946533 1500
1.0959839820861816 1500
1.0968811511993408 1500
1.098534107208252 1500
1.100438117980957 1500
1.10164213180542 1500
1.1029810905456543 1500
1.104449987411499 1500
1.1057491302490234 1500
1.1069810390472412 1500
1.1085481643676758 1500
1.1099390983581543 1500
1.1115520000457764 1500
1.112926959991455 1500
1.1138570308685303 1500
1.1160449981689453 1500
1.1168849468231201 1500
1.118544101715088 1500
1.1196660995483398 1500
1.1215620040893555 1500
1.122732162475586 1500
1.1240010261535645 1500
1.1257250308990479 1500
1.1270411014556885 1500
1.1287651062011719 1500
1.1299591064453125 1500
1.1319200992584229 1500
1.1331579685211182 1500
1.1367239952087402 1500
1.1369900703430176 1500
1.1389009952545166 1500
1.1411261558532715 1500
1.1430621147155762 1500
1.144930124282837 1500
1.146618127822876 1500
1.1489009857177734 1500
1.149799108505249 1500
1.1510570049285889 1500
1.1529791355133057 1500
1.1549911499023438 1500
