1049280
0.0 1093
0.0003612041473388672 1093
0.0003612041473388672 1093
0.0003612041473388672 1093
0.00067901611328125 1093
0.00067901611328125 1093
0.02119898796081543 1093
0.02119898796081543 1093
0.02152109146118164 1093
0.02152109146118164 1093
0.02152109146118164 1093
0.02152109146118164 1093
0.021886110305786133 1093
0.021886110305786133 1093
0.022262096405029297 1093
0.022262096405029297 1093
0.2611520290374756 1093
0.2611520290374756 1093
0.2611520290374756 1093
0.2611520290374756 1093
0.2611520290374756 1093
0.2623281478881836 1093
0.2623281478881836 1093
0.2623281478881836 1093
0.2623281478881836 1093
0.2623281478881836 1093
0.2623281478881836 1093
0.2735171318054199 1093
0.2751450538635254 1093
0.2751450538635254 1093
0.2751450538635254 1093
0.29325103759765625 1093
0.29325103759765625 1093
0.29325103759765625 1093
0.29325103759765625 1093
0.29325103759765625 1093
0.29325103759765625 1093
0.29325103759765625 1093
0.30458617210388184 1093
0.30458617210388184 1093
0.30458617210388184 1093
0.3049612045288086 1093
0.3049612045288086 1093
0.3112351894378662 1093
0.31175899505615234 1093
0.3151590824127197 1093
0.3169820308685303 1093
0.3295462131500244 1093
0.32988715171813965 1093
0.32988715171813965 1093
0.32988715171813965 1093
0.3355710506439209 1093
0.3360021114349365 1093
0.3467390537261963 1093
0.3467390537261963 1093
0.3471660614013672 1093
0.3471660614013672 1093
0.3483901023864746 1093
0.35384702682495117 1093
0.3621861934661865 1093
0.3625321388244629 1093
0.3625321388244629 1093
0.36676621437072754 1093
0.36676621437072754 1093
0.3719170093536377 1093
0.37644505500793457 1093
0.37684011459350586 1093
0.3786330223083496 1093
0.3850090503692627 1093
0.3853471279144287 1093
0.38979005813598633 1093
0.38979005813598633 1093
0.39608216285705566 1093
0.39608216285705566 1093
0.4037971496582031 1093
0.4045250415802002 1093
0.4045250415802002 1093
0.4045250415802002 1093
0.4089851379394531 1093
0.4089851379394531 1093
0.41497206687927246 1093
0.41497206687927246 1093
0.41759705543518066 1093
0.41948819160461426 1093
0.4227101802825928 1093
0.4266030788421631 1093
0.4266030788421631 1093
0.4304051399230957 1093
0.4319751262664795 1093
0.4380650520324707 1093
0.44089818000793457 1093
0.445911169052124 1093
0.4513661861419678 1093
0.4513661861419678 1093
0.45757102966308594 1093
0.4596390724182129 1093
0.4627342224121094 1093
0.46877312660217285 1093
0.4694790840148926 1093
0.47219419479370117 1093
0.4777860641479492 1093
0.4802720546722412 1093
0.4830820560455322 1093
0.48798108100891113 1093
0.48798108100891113 1093
0.49596619606018066 1093
0.49596619606018066 1093
0.49596619606018066 1093
0.4994010925292969 1093
0.5012872219085693 1093
0.504514217376709 1093
0.5107431411743164 1093
0.5111310482025146 1093
0.5111310482025146 1093
0.514315128326416 1093
0.5198020935058594 1093
0.5201511383056641 1093
0.5224950313568115 1093
0.5251331329345703 1093
0.5303630828857422 1093
0.5303630828857422 1093
0.5417101383209229 1093
0.5421631336212158 1093
0.5421631336212158 1093
0.5426301956176758 1093
0.5466630458831787 1093
0.5507311820983887 1093
0.5511670112609863 1093
0.5527369976043701 1093
0.5587880611419678 1093
0.5622951984405518 1093
0.5622951984405518 1093
0.5643842220306396 1093
0.566871166229248 1093
0.5704472064971924 1093
0.5726141929626465 1093
0.5835850238800049 1093
0.58396315574646 1093
0.58396315574646 1093
0.58396315574646 1093
0.5875701904296875 1093
0.5892610549926758 1093
0.5925540924072266 1093
0.5945971012115479 1093
0.6008410453796387 1093
0.6008410453796387 1093
0.6042141914367676 1093
0.6064131259918213 1093
0.6099281311035156 1093
0.6130030155181885 1093
0.6147952079772949 1093
0.6247591972351074 1093
0.6253671646118164 1093
0.6253671646118164 1093
0.6254792213439941 1093
0.6299841403961182 1093
0.6306531429290771 1093
0.6345341205596924 1093
0.6368730068206787 1093
0.6389961242675781 1093
0.6430881023406982 1093
0.6434710025787354 1093
0.6468319892883301 1093
0.6523962020874023 1093
0.6527221202850342 1093
0.6552371978759766 1093
0.6633942127227783 1093
0.6633942127227783 1093
0.6633942127227783 1093
0.6726620197296143 1093
0.6726620197296143 1093
0.6730151176452637 1093
0.6782510280609131 1093
0.6787741184234619 1093
0.6815700531005859 1093
0.6825520992279053 1093
0.6851480007171631 1093
0.6890661716461182 1093
0.6952650547027588 1093
0.6952650547027588 1093
0.6978781223297119 1093
0.7011220455169678 1093
0.7031722068786621 1093
0.7063469886779785 1093
0.7146220207214355 1093
0.7150430679321289 1093
0.7150430679321289 1093
0.7153961658477783 1093
0.7202091217041016 1093
0.7239210605621338 1093
0.7239210605621338 1093
0.7272591590881348 1093
0.7302072048187256 1093
0.7395401000976562 1093
0.7395401000976562 1093
0.7395401000976562 1093
0.7398321628570557 1093
0.7433512210845947 1093
0.7433512210845947 1093
0.7453269958496094 1093
0.7483761310577393 1093
0.756709098815918 1093
0.756709098815918 1093
0.756709098815918 1093
0.7570919990539551 1093
0.7626080513000488 1093
0.7626080513000488 1093
0.7659680843353271 1093
0.7659680843353271 1093
0.7695322036743164 1093
0.7695322036743164 1093
0.7721021175384521 1093
0.7755630016326904 1093
0.7820630073547363 1093
0.7823400497436523 1093
0.7856500148773193 1093
0.7876172065734863 1093
0.7935481071472168 1093
0.7991011142730713 1093
0.7994370460510254 1093
0.804509162902832 1093
0.804509162902832 1093
0.8079831600189209 1093
0.8115890026092529 1093
0.8182370662689209 1093
0.8182370662689209 1093
0.8242900371551514 1093
0.8245902061462402 1093
0.8288609981536865 1093
0.8288609981536865 1093
0.8358240127563477 1093
0.8358240127563477 1093
0.8358240127563477 1093
0.841170072555542 1093
0.841588020324707 1093
0.846602201461792 1093
0.846602201461792 1093
0.8488280773162842 1093
0.8500230312347412 1093
0.8548390865325928 1093
0.8548390865325928 1093
0.8603770732879639 1093
0.8603770732879639 1093
0.8664731979370117 1093
0.8668529987335205 1093
0.8668529987335205 1093
0.871319055557251 1093
0.871319055557251 1093
0.878115177154541 1093
0.878115177154541 1093
0.878115177154541 1093
0.8832850456237793 1093
0.8832850456237793 1093
0.8862001895904541 1093
0.8888840675354004 1093
0.8912839889526367 1093
0.8928050994873047 1093
0.8972561359405518 1093
0.8972561359405518 1093
0.90260910987854 1093
0.90260910987854 1093
0.9084000587463379 1093
0.9110310077667236 1093
0.9110310077667236 1093
0.9131901264190674 1093
0.9135391712188721 1093
0.9204561710357666 1093
0.9204561710357666 1093
0.9204561710357666 1093
0.9252951145172119 1093
0.9257311820983887 1093
0.9279720783233643 1093
0.932030200958252 1093
0.9339990615844727 1093
0.934838056564331 1093
0.9402871131896973 1093
0.9402871131896973 1093
0.943270206451416 1093
0.94476318359375 1093
0.9473850727081299 1093
0.9504129886627197 1093
0.9536631107330322 1093
0.9536631107330322 1093
0.9579181671142578 1093
0.9626190662384033 1093
0.9626190662384033 1093
0.9626190662384033 1093
0.9671721458435059 1093
0.9676210880279541 1093
0.969940185546875 1093
0.9740431308746338 1093
0.9759221076965332 1093
0.9822239875793457 1093
0.9827611446380615 1093
0.9827611446380615 1093
0.9852941036224365 1093
0.9864912033081055 1093
0.995704174041748 1093
0.995704174041748 1093
0.996070146560669 1093
0.9997580051422119 1093
0.9997580051422119 1093
1.0001521110534668 1093
1.0050911903381348 1093
1.0054872035980225 1093
1.0090579986572266 1093
1.0099260807037354 1093
1.0131351947784424 1093
1.01655912399292 1093
1.0169320106506348 1093
1.024360179901123 1093
1.024813175201416 1093
1.024813175201416 1093
1.027318000793457 1093
1.0282130241394043 1093
1.0316691398620605 1093
1.0378730297088623 1093
1.0378730297088623 1093
1.0382320880889893 1093
1.0421721935272217 1093
1.0425431728363037 1093
1.047126054763794 1093
1.047126054763794 1093
1.0503151416778564 1093
1.0690460205078125 1093
1.0693840980529785 1093
1.0693840980529785 1093
1.0693840980529785 1093
1.0693840980529785 1093
1.0697300434112549 1093
1.0697300434112549 1093
1.0697300434112549 1093
1.0747230052947998 1093
1.0747230052947998 1093
1.075073003768921 1093
1.07973313331604 1093
1.0802102088928223 1093
1.0844662189483643 1093
1.084585189819336 1093
1.0867772102355957 1093
1.0892810821533203 1093
1.0892810821533203 1093
1.0923161506652832 1093
1.1056032180786133 1093
1.1056032180786133 1093
1.1059820652008057 1093
1.1059820652008057 1093
1.1059820652008057 1093
1.1059820652008057 1093
1.106353998184204 1093
1.106353998184204 1093
1.1109240055084229 1093
1.1109240055084229 1093
1.111816167831421 1093
1.111816167831421 1093
1.1167750358581543 1093
1.1167750358581543 1093
1.117124080657959 1093
1.121880054473877 1093
1.121880054473877 1093
1.1229841709136963 1093
1.1244142055511475 1093
1.1263511180877686 1093
1.1287682056427002 1093
1.1318881511688232 1093
1.1345901489257812 1093
1.1425561904907227 1093
1.1425561904907227 1093
1.147731065750122 1093
1.147731065750122 1093
1.149886131286621 1093
1.1539561748504639 1093
1.154292106628418 1093
1.1591970920562744 1093
1.1610150337219238 1093
1.1636171340942383 1093
1.1653950214385986 1093
1.1683461666107178 1093
1.170898199081421 1093
1.1743240356445312 1093
1.1746571063995361 1093
1.177563190460205 1093
1.1779260635375977 1093
1.1797451972961426 1093
1.184993028640747 1093
1.184993028640747 1093
1.184993028640747 1093
1.1899330615997314 1093
1.1899330615997314 1093
1.1922399997711182 1093
1.2023742198944092 1093
1.2023742198944092 1093
1.2023742198944092 1093
1.2023742198944092 1093
1.2023742198944092 1093
1.2038421630859375 1093
1.206834077835083 1093
1.206834077835083 1093
1.2103211879730225 1093
1.2107000350952148 1093
1.21333909034729 1093
1.2167530059814453 1093
1.2167530059814453 1093
1.2197721004486084 1093
1.2201910018920898 1093
1.2226250171661377 1093
1.2236621379852295 1093
1.227046012878418 1093
1.227046012878418 1093
1.232107162475586 1093
1.232452154159546 1093
1.2341101169586182 1093
1.2350661754608154 1093
1.2450101375579834 1093
1.2450101375579834 1093
1.2450101375579834 1093
1.2453792095184326 1093
1.2453792095184326 1093
1.2488751411437988 1093
1.2492930889129639 1093
1.252150058746338 1093
1.2532670497894287 1093
1.2552909851074219 1093
1.2589101791381836 1093
1.2598700523376465 1093
1.2628681659698486 1093
1.263862133026123 1093
1.2648611068725586 1093
1.2696940898895264 1093
1.2696940898895264 1093
1.2728431224822998 1093
1.2728431224822998 1093
1.274832010269165 1093
1.2786331176757812 1093
1.2878260612487793 1093
1.2878260612487793 1093
1.2878260612487793 1093
1.288832187652588 1093
1.288832187652588 1093
1.288832187652588 1093
1.2906219959259033 1093
1.2915689945220947 1093
1.295302152633667 1093
1.295302152633667 1093
1.2982141971588135 1093
1.3012361526489258 1093
1.3016231060028076 1093
1.3024041652679443 1093
1.313770055770874 1093
1.3141911029815674 1093
1.315723180770874 1093
1.315723180770874 1093
1.3168871402740479 1093
1.3168871402740479 1093
1.317690134048462 1093
1.320559024810791 1093
1.3209071159362793 1093
1.3287031650543213 1093
1.3287031650543213 1093
1.329050064086914 1093
1.329050064086914 1093
1.3302431106567383 1093
1.333031177520752 1093
1.3343241214752197 1093
1.3377010822296143 1093
1.3377010822296143 1093
1.3402130603790283 1093
1.3432281017303467 1093
1.3432281017303467 1093
1.3479290008544922 1093
1.3479290008544922 1093
1.3561971187591553 1093
1.3561971187591553 1093
1.3561971187591553 1093
1.3565239906311035 1093
1.357586145401001 1093
1.3579330444335938 1093
1.362987995147705 1093
1.362987995147705 1093
1.3662700653076172 1093
1.3666541576385498 1093
1.3713769912719727 1093
1.3713769912719727 1093
1.3728702068328857 1093
1.375171184539795 1093
1.3756840229034424 1093
1.3798601627349854 1093
1.3798601627349854 1093
1.3822500705718994 1093
1.3851721286773682 1093
1.3851721286773682 1093
1.3900020122528076 1093
1.3903751373291016 1093
1.3906590938568115 1093
1.3993370532989502 1093
1.3993370532989502 1093
1.3997161388397217 1093
1.3997161388397217 1093
1.3997161388397217 1093
1.4031860828399658 1093
1.4035730361938477 1093
1.4054501056671143 1093
1.4080650806427002 1093
1.4136621952056885 1093
1.4136621952056885 1093
1.4140410423278809 1093
1.4149870872497559 1093
1.417302131652832 1093
1.421795129776001 1093
1.421795129776001 1093
1.4224112033843994 1093
1.4244720935821533 1093
1.42724609375 1093
1.42724609375 1093
1.4322140216827393 1093
1.4322140216827393 1093
1.432664155960083 1093
1.432664155960083 1093
1.4411799907684326 1093
1.4415171146392822 1093
1.4415171146392822 1093
1.4418540000915527 1093
1.4418540000915527 1093
1.4418540000915527 1093
1.442883014678955 1093
1.4449341297149658 1093
1.447270154953003 1093
1.447270154953003 1093
1.449883222579956 1093
1.4558351039886475 1093
1.4558351039886475 1093
1.4558351039886475 1093
1.4564001560211182 1093
1.4564001560211182 1093
1.4593291282653809 1093
1.4593291282653809 1093
1.4642891883850098 1093
1.4642891883850098 1093
1.4642891883850098 1093
1.466421127319336 1093
1.4693021774291992 1093
1.4743211269378662 1093
1.4743211269378662 1093
1.4747111797332764 1093
1.4782741069793701 1093
1.4831750392913818 1093
1.4831750392913818 1093
1.4845521450042725 1093
1.4892370700836182 1093
1.489626169204712 1093
1.4947640895843506 1093
1.4973101615905762 1093
1.4973101615905762 1093
1.5016322135925293 1093
1.5016322135925293 1093
1.5061311721801758 1093
1.5061311721801758 1093
1.5086960792541504 1093
1.5130670070648193 1093
1.5130670070648193 1093
1.521576166152954 1093
1.521576166152954 1093
1.521576166152954 1093
1.522047996520996 1093
1.522047996520996 1093
1.522047996520996 1093
1.522047996520996 1093
1.5232009887695312 1093
1.5252580642700195 1093
1.5252580642700195 1093
1.5266671180725098 1093
1.5316410064697266 1093
1.5316410064697266 1093
1.5316410064697266 1093
1.5327041149139404 1093
1.5373401641845703 1093
1.5373401641845703 1093
1.5373401641845703 1093
1.5393052101135254 1093
1.5396671295166016 1093
1.5442781448364258 1093
1.5442781448364258 1093
1.5448081493377686 1093
1.5479891300201416 1093
1.548370122909546 1093
1.548633098602295 1093
1.5506510734558105 1093
1.5521240234375 1093
1.5549910068511963 1093
1.5554261207580566 1093
1.5558550357818604 1093
1.5641059875488281 1093
1.5644810199737549 1093
1.5644810199737549 1093
1.5648651123046875 1093
1.5648651123046875 1093
1.5648651123046875 1093
1.5685651302337646 1093
1.5685651302337646 1093
1.5695350170135498 1093
1.5783631801605225 1093
1.5783631801605225 1093
1.5783631801605225 1093
1.578700065612793 1093
1.578700065612793 1093
1.578996181488037 1093
1.5793840885162354 1093
1.5810511112213135 1093
1.5874860286712646 1093
1.5874860286712646 1093
1.5874860286712646 1093
1.5874860286712646 1093
1.5893762111663818 1093
1.5910670757293701 1093
1.5914552211761475 1093
1.593170166015625 1093
1.5951871871948242 1093
1.5978810787200928 1093
1.5978810787200928 1093
1.5992510318756104 1093
1.6065211296081543 1093
1.606909990310669 1093
1.606909990310669 1093
1.606909990310669 1093
1.606909990310669 1093
1.6081161499023438 1093
1.6113121509552002 1093
1.6113121509552002 1093
1.6216280460357666 1093
1.6216280460357666 1093
1.6216280460357666 1093
1.6219491958618164 1093
1.6219491958618164 1093
1.6223812103271484 1093
1.6223812103271484 1093
1.6223812103271484 1093
1.6263670921325684 1093
1.6263670921325684 1093
1.629932165145874 1093
1.629932165145874 1093
1.629932165145874 1093
1.631331205368042 1093
1.6333141326904297 1093
1.635310173034668 1093
1.637343168258667 1093
1.63993501663208 1093
1.63993501663208 1093
1.6403141021728516 1093
1.6450421810150146 1093
1.6450421810150146 1093
1.6450421810150146 1093
1.652703046798706 1093
1.652703046798706 1093
1.652703046798706 1093
1.6538159847259521 1093
1.6538159847259521 1093
1.6550161838531494 1093
1.6632530689239502 1093
1.6639471054077148 1093
1.6639471054077148 1093
1.6639471054077148 1093
1.6639471054077148 1093
1.6639471054077148 1093
1.6650900840759277 1093
1.6650900840759277 1093
1.6797800064086914 1093
1.6807260513305664 1093
1.6807260513305664 1093
1.6807260513305664 1093
1.6817741394042969 1093
1.6817741394042969 1093
1.6817741394042969 1093
1.6817741394042969 1093
1.6817741394042969 1093
1.6817741394042969 1093
1.6827402114868164 1093
1.6851630210876465 1093
1.6851630210876465 1093
1.689244031906128 1093
1.689244031906128 1093
1.689244031906128 1093
1.6953132152557373 1093
1.6958651542663574 1093
1.6958651542663574 1093
1.6958651542663574 1093
1.6958651542663574 1093
1.7055070400238037 1093
1.7060019969940186 1093
1.7066071033477783 1093
1.7066071033477783 1093
1.706977128982544 1093
1.706977128982544 1093
1.706977128982544 1093
1.7219741344451904 1093
1.7223570346832275 1093
1.7223570346832275 1093
1.7223570346832275 1093
1.7227301597595215 1093
1.7227301597595215 1093
1.7227301597595215 1093
1.7227301597595215 1093
1.7231111526489258 1093
1.7231111526489258 1093
1.7231111526489258 1093
1.7242100238800049 1093
1.7269971370697021 1093
1.727351188659668 1093
1.7313392162322998 1093
1.7313392162322998 1093
1.7322580814361572 1093
1.7384510040283203 1093
1.7384510040283203 1093
1.7384510040283203 1093
1.7384510040283203 1093
1.7392380237579346 1093
1.7440781593322754 1093
1.7440781593322754 1093
1.744429111480713 1093
1.7508461475372314 1093
1.7511951923370361 1093
1.7511951923370361 1093
1.7511951923370361 1093
1.7526440620422363 1093
1.753688097000122 1093
1.7651970386505127 1093
1.7651970386505127 1093
1.7651970386505127 1093
1.7651970386505127 1093
1.7655901908874512 1093
1.7655901908874512 1093
1.7655901908874512 1093
1.7660231590270996 1093
1.7664740085601807 1093
1.7673530578613281 1093
1.7697629928588867 1093
1.7706201076507568 1093
1.7735941410064697 1093
1.7749741077423096 1093
1.775320053100586 1093
1.7767000198364258 1093
1.7774031162261963 1093
1.7777462005615234 1093
1.78263521194458 1093
1.78263521194458 1093
1.78263521194458 1093
1.7875161170959473 1093
1.787903070449829 1093
1.787903070449829 1093
1.787903070449829 1093
1.7882931232452393 1093
1.7894651889801025 1093
1.7898271083831787 1093
1.7911181449890137 1093
1.7965071201324463 1093
1.7965071201324463 1093
1.7968921661376953 1093
1.7968921661376953 1093
1.799570083618164 1093
1.7999460697174072 1093
1.8003640174865723 1093
1.8003640174865723 1093
1.8015060424804688 1093
1.8084430694580078 1093
1.8088080883026123 1093
1.8088080883026123 1093
1.8088080883026123 1093
1.8088080883026123 1093
1.8091871738433838 1093
1.809568166732788 1093
1.8143072128295898 1093
1.8143072128295898 1093
1.8146870136260986 1093
1.8154501914978027 1093
1.8162460327148438 1093
1.8200571537017822 1093
1.8200571537017822 1093
1.8200571537017822 1093
1.8218040466308594 1093
1.8222320079803467 1093
1.8281500339508057 1093
1.8281500339508057 1093
1.8285701274871826 1093
1.8285701274871826 1093
1.8306090831756592 1093
1.8326411247253418 1093
1.8389031887054443 1093
1.8389031887054443 1093
1.8389031887054443 1093
1.8418951034545898 1093
1.8427162170410156 1093
1.843630075454712 1093
1.8519370555877686 1093
1.8523271083831787 1093
1.8523271083831787 1093
1.8526530265808105 1093
1.8533880710601807 1093
1.854546070098877 1093
1.8571851253509521 1093
1.8583180904388428 1093
1.8626270294189453 1093
1.8630571365356445 1093
1.8630571365356445 1093
1.8660290241241455 1093
1.8670830726623535 1093
1.8841361999511719 1093
1.8844811916351318 1093
1.8844811916351318 1093
1.8844811916351318 1093
1.8848280906677246 1093
1.8848280906677246 1093
1.8848280906677246 1093
1.8848280906677246 1093
1.8851749897003174 1093
1.8855221271514893 1093
1.8858740329742432 1093
1.8862190246582031 1093
1.8862190246582031 1093
1.887270212173462 1093
1.8963661193847656 1093
1.8973791599273682 1093
1.8973791599273682 1093
1.8973791599273682 1093
1.8973791599273682 1093
1.8993802070617676 1093
1.8993802070617676 1093
1.8993802070617676 1093
1.9001309871673584 1093
1.9001309871673584 1093
1.9013590812683105 1093
1.9055089950561523 1093
1.9055089950561523 1093
1.905853033065796 1093
1.9066181182861328 1093
1.9204230308532715 1093
1.920769214630127 1093
1.920769214630127 1093
1.9211180210113525 1093
1.9211180210113525 1093
1.9211180210113525 1093
1.9211180210113525 1093
1.9214560985565186 1093
1.9214560985565186 1093
1.9217941761016846 1093
1.9270970821380615 1093
1.9270970821380615 1093
1.9270970821380615 1093
1.9270970821380615 1093
1.9274661540985107 1093
1.9278340339660645 1093
1.928638219833374 1093
1.939635992050171 1093
1.939635992050171 1093
1.939635992050171 1093
1.939635992050171 1093
1.940026044845581 1093
1.940026044845581 1093
1.9403951168060303 1093
1.9403951168060303 1093
1.9413180351257324 1093
1.9417049884796143 1093
1.9417049884796143 1093
1.9442620277404785 1093
1.9446320533752441 1093
1.949634075164795 1093
1.949634075164795 1093
1.9500911235809326 1093
1.9500911235809326 1093
1.9505372047424316 1093
1.9541950225830078 1093
1.9584791660308838 1093
1.9584791660308838 1093
1.9584791660308838 1093
1.9588451385498047 1093
1.9588451385498047 1093
1.962698221206665 1093
1.962698221206665 1093
1.9631521701812744 1093
1.9631521701812744 1093
1.9631521701812744 1093
1.9636070728302002 1093
1.9636070728302002 1093
1.9692630767822266 1093
1.9692630767822266 1093
1.9692630767822266 1093
1.9696731567382812 1093
1.9696731567382812 1093
1.97747802734375 1093
1.97747802734375 1093
1.977919101715088 1093
1.977919101715088 1093
1.977919101715088 1093
1.9787981510162354 1093
1.9828550815582275 1093
1.9831972122192383 1093
1.9831972122192383 1093
1.9831972122192383 1093
1.984138011932373 1093
1.985976219177246 1093
1.9982662200927734 1093
1.9986381530761719 1093
1.9986381530761719 1093
1.9986381530761719 1093
1.9986381530761719 1093
1.9994900226593018 1093
1.9994900226593018 1093
2.0014309883117676 1093
2.0014309883117676 1093
2.0014309883117676 1093
2.002230167388916 1093
2.0057480335235596 1093
2.006974220275879 1093
2.0117239952087402 1093
2.0117239952087402 1093
2.012127161026001 1093
2.012127161026001 1093
2.012953042984009 1093
2.014343023300171 1093
2.01969313621521 1093
2.01969313621521 1093
2.01969313621521 1093
2.020203113555908 1093
2.020203113555908 1093
2.020634174346924 1093
2.024693012237549 1093
2.0250301361083984 1093
2.0250301361083984 1093
2.025424003601074 1093
2.025834083557129 1093
2.0284030437469482 1093
2.0330309867858887 1093
2.0334441661834717 1093
2.0334441661834717 1093
2.0334441661834717 1093
2.0334441661834717 1093
2.040656089782715 1093
2.040656089782715 1093
2.040656089782715 1093
2.040656089782715 1093
2.041048049926758 1093
2.041048049926758 1093
2.041438102722168 1093
2.041438102722168 1093
2.041438102722168 1093
2.0428860187530518 1093
2.0436441898345947 1093
2.0436441898345947 1093
2.0477490425109863 1093
2.0477490425109863 1093
2.0477490425109863 1093
2.048811197280884 1093
2.051712989807129 1093
2.051712989807129 1093
2.051712989807129 1093
2.0542562007904053 1093
2.0542562007904053 1093
2.0545761585235596 1093
2.0545761585235596 1093
2.0545761585235596 1093
2.054901123046875 1093
2.054901123046875 1093
