1049280
0.0 1093
0.0009250640869140625 1093
0.0011250972747802734 1093
0.00456690788269043 1093
0.004971027374267578 1093
0.0053730010986328125 1093
0.0053730010986328125 1093
0.0053730010986328125 1093
0.0053730010986328125 1093
0.005738019943237305 1093
0.005738019943237305 1093
0.006927967071533203 1093
0.006927967071533203 1093
0.007323026657104492 1093
0.007323026657104492 1093
0.007323026657104492 1093
0.007323026657104492 1093
0.007681131362915039 1093
0.007681131362915039 1093
0.007681131362915039 1093
0.008062124252319336 1093
0.008062124252319336 1093
0.008062124252319336 1093
0.008446931838989258 1093
0.008446931838989258 1093
0.008446931838989258 1093
0.008841991424560547 1093
0.008841991424560547 1093
0.00921010971069336 1093
0.00921010971069336 1093
0.00921010971069336 1093
0.009567975997924805 1093
0.009567975997924805 1093
0.009943962097167969 1093
0.009943962097167969 1093
0.009943962097167969 1093
0.010319948196411133 1093
0.010319948196411133 1093
0.010319948196411133 1093
0.010688066482543945 1093
0.010688066482543945 1093
0.010688066482543945 1093
0.010688066482543945 1093
0.015268087387084961 1093
0.015268087387084961 1093
0.015268087387084961 1093
0.016340970993041992 1093
0.016340970993041992 1093
0.016340970993041992 1093
0.016340970993041992 1093
0.017528057098388672 1093
0.017528057098388672 1093
0.01823592185974121 1093
0.01823592185974121 1093
0.01823592185974121 1093
0.01823592185974121 1093
0.01823592185974121 1093
0.02044200897216797 1093
0.02044200897216797 1093
0.021244049072265625 1093
0.02237701416015625 1093
0.02237701416015625 1093
0.02237701416015625 1093
0.023253917694091797 1093
0.024569034576416016 1093
0.024569034576416016 1093
0.024569034576416016 1093
0.025449037551879883 1093
0.025449037551879883 1093
0.025449037551879883 1093
0.027276992797851562 1093
0.027276992797851562 1093
0.02802300453186035 1093
0.02802300453186035 1093
0.02802300453186035 1093
0.028342008590698242 1093
0.02916407585144043 1093
0.02916407585144043 1093
0.02916407585144043 1093
0.02916407585144043 1093
0.029555082321166992 1093
0.029555082321166992 1093
0.029957056045532227 1093
0.034394025802612305 1093
0.034394025802612305 1093
0.034394025802612305 1093
0.0348660945892334 1093
0.03530693054199219 1093
0.03530693054199219 1093
0.03569293022155762 1093
0.03607892990112305 1093
0.03646993637084961 1093
0.03646993637084961 1093
0.03685593605041504 1093
0.03685593605041504 1093
0.03685593605041504 1093
0.03685593605041504 1093
0.037338972091674805 1093
0.03757596015930176 1093
0.03757596015930176 1093
0.03757596015930176 1093
0.03796505928039551 1093
0.03796505928039551 1093
0.03835010528564453 1093
0.03835010528564453 1093
0.039576053619384766 1093
0.039576053619384766 1093
0.043517112731933594 1093
0.043901920318603516 1093
0.04428696632385254 1093
0.04467511177062988 1093
0.04505205154418945 1093
0.045433998107910156 1093
0.045433998107910156 1093
0.04581904411315918 1093
0.04663896560668945 1093
0.04697394371032715 1093
0.04732704162597656 1093
0.04732704162597656 1093
0.04770708084106445 1093
0.048094987869262695 1093
0.04886007308959961 1093
0.04886007308959961 1093
0.04886007308959961 1093
0.04923105239868164 1093
0.04961705207824707 1093
0.04961705207824707 1093
0.05038905143737793 1093
0.05038905143737793 1093
0.0507659912109375 1093
0.05114912986755371 1093
0.05523991584777832 1093
0.05523991584777832 1093
0.05562400817871094 1093
0.05562400817871094 1093
0.05600595474243164 1093
0.05641603469848633 1093
0.05641603469848633 1093
0.05641603469848633 1093
0.058222055435180664 1093
0.058222055435180664 1093
0.058222055435180664 1093
0.05858612060546875 1093
0.05858612060546875 1093
0.05858612060546875 1093
0.05858612060546875 1093
0.058960914611816406 1093
0.058960914611816406 1093
0.05933403968811035 1093
0.05933403968811035 1093
0.05933403968811035 1093
0.05933403968811035 1093
0.059706926345825195 1093
0.059706926345825195 1093
0.060064077377319336 1093
0.060064077377319336 1093
0.060064077377319336 1093
0.060064077377319336 1093
0.06043195724487305 1093
0.06043195724487305 1093
0.06043195724487305 1093
0.06043195724487305 1093
0.06081199645996094 1093
0.061190128326416016 1093
0.06156492233276367 1093
0.06156492233276367 1093
0.06194901466369629 1093
0.06194901466369629 1093
0.06341004371643066 1093
0.06341004371643066 1093
0.06376409530639648 1093
0.06424498558044434 1093
0.06476306915283203 1093
0.06476306915283203 1093
0.06630802154541016 1093
0.06666111946105957 1093
0.06666111946105957 1093
0.06723713874816895 1093
0.06723713874816895 1093
0.06723713874816895 1093
0.06817913055419922 1093
0.06817913055419922 1093
0.06817913055419922 1093
0.06849503517150879 1093
0.07080507278442383 1093
0.07080507278442383 1093
0.07080507278442383 1093
0.07422709465026855 1093
0.07422709465026855 1093
0.07460403442382812 1093
0.07460403442382812 1093
0.07460403442382812 1093
0.07499313354492188 1093
0.0753779411315918 1093
0.0753779411315918 1093
0.07622790336608887 1093
0.07665205001831055 1093
0.07698297500610352 1093
0.07698297500610352 1093
0.07735991477966309 1093
0.07735991477966309 1093
0.07774209976196289 1093
0.07774209976196289 1093
0.078125 1093
0.0784909725189209 1093
0.0784909725189209 1093
0.07886290550231934 1093
0.07886290550231934 1093
0.07937097549438477 1093
0.0798649787902832 1093
0.08033609390258789 1093
0.08259797096252441 1093
0.08259797096252441 1093
0.08301091194152832 1093
0.08338093757629395 1093
0.08338093757629395 1093
0.08427309989929199 1093
0.08427309989929199 1093
0.08462810516357422 1093
0.08462810516357422 1093
0.08554792404174805 1093
0.08591008186340332 1093
0.08591008186340332 1093
0.08626103401184082 1093
0.08661103248596191 1093
0.08765006065368652 1093
0.08812403678894043 1093
0.08812403678894043 1093
0.08812403678894043 1093
0.0889439582824707 1093
0.0889439582824707 1093
0.0889439582824707 1093
0.0889439582824707 1093
0.0889439582824707 1093
0.08943796157836914 1093
0.09403204917907715 1093
0.09451413154602051 1093
0.09451413154602051 1093
0.09451413154602051 1093
0.09498000144958496 1093
0.09546899795532227 1093
0.09546899795532227 1093
0.09546899795532227 1093
0.10050797462463379 1093
0.10050797462463379 1093
0.10086607933044434 1093
0.10123991966247559 1093
0.10164213180541992 1093
0.10198402404785156 1093
0.10198402404785156 1093
0.10245609283447266 1093
0.10580110549926758 1093
0.10580110549926758 1093
0.10580110549926758 1093
0.10624909400939941 1093
0.10624909400939941 1093
0.10624909400939941 1093
0.10660004615783691 1093
0.10660004615783691 1093
0.10660004615783691 1093
0.10660004615783691 1093
0.10719895362854004 1093
0.10719895362854004 1093
0.10719895362854004 1093
0.10719895362854004 1093
0.10735106468200684 1093
0.10735106468200684 1093
0.1076970100402832 1093
0.1076970100402832 1093
0.1076970100402832 1093
0.1076970100402832 1093
0.10807299613952637 1093
0.10807299613952637 1093
0.10807299613952637 1093
0.10807299613952637 1093
0.10848307609558105 1093
0.10848307609558105 1093
0.10848307609558105 1093
0.10885095596313477 1093
0.10885095596313477 1093
0.10885095596313477 1093
0.10885095596313477 1093
0.10926008224487305 1093
0.10926008224487305 1093
0.10926008224487305 1093
0.10960507392883301 1093
0.10960507392883301 1093
0.10960507392883301 1093
0.11043500900268555 1093
0.11043500900268555 1093
0.11043500900268555 1093
0.11292910575866699 1093
0.11329507827758789 1093
0.11329507827758789 1093
0.11366701126098633 1093
0.11366701126098633 1093
0.11403608322143555 1093
0.11446309089660645 1093
0.11446309089660645 1093
0.11498403549194336 1093
0.11498403549194336 1093
0.11560392379760742 1093
0.11560392379760742 1093
0.11607813835144043 1093
0.11647510528564453 1093
0.11647510528564453 1093
0.11692309379577637 1093
0.11737394332885742 1093
0.11737394332885742 1093
0.11737394332885742 1093
0.11782598495483398 1093
0.11782598495483398 1093
0.11820292472839355 1093
0.11866211891174316 1093
0.11912012100219727 1093
0.12153196334838867 1093
0.12153196334838867 1093
0.12238693237304688 1093
0.12238693237304688 1093
0.12238693237304688 1093
0.12280511856079102 1093
0.1230781078338623 1093
0.1234281063079834 1093
0.12377190589904785 1093
0.12446999549865723 1093
0.1248171329498291 1093
0.1248171329498291 1093
0.12517094612121582 1093
0.12552404403686523 1093
0.1263580322265625 1093
0.1263580322265625 1093
0.1263580322265625 1093
0.12669610977172852 1093
0.12743711471557617 1093
0.12743711471557617 1093
0.12778902053833008 1093
0.12778902053833008 1093
0.12813806533813477 1093
0.1284949779510498 1093
0.13256502151489258 1093
0.13292503356933594 1093
0.13292503356933594 1093
0.13292503356933594 1093
0.13358092308044434 1093
0.13393211364746094 1093
0.13393211364746094 1093
0.13427996635437012 1093
0.13948392868041992 1093
0.13948392868041992 1093
0.1401231288909912 1093
0.1401231288909912 1093
0.14059805870056152 1093
0.14059805870056152 1093
0.14098501205444336 1093
0.14098501205444336 1093
0.14489412307739258 1093
0.14526796340942383 1093
0.1455850601196289 1093
0.1455850601196289 1093
0.1464250087738037 1093
0.1464250087738037 1093
0.14753198623657227 1093
0.14753198623657227 1093
0.14753198623657227 1093
0.14772796630859375 1093
0.1481170654296875 1093
0.1481170654296875 1093
0.14851093292236328 1093
0.14892101287841797 1093
0.14892101287841797 1093
0.14892101287841797 1093
0.15534496307373047 1093
0.15534496307373047 1093
0.15534496307373047 1093
0.15534496307373047 1093
0.15534496307373047 1093
0.15534496307373047 1093
0.15636706352233887 1093
0.15636706352233887 1093
0.15842604637145996 1093
0.15842604637145996 1093
0.15842604637145996 1093
0.15842604637145996 1093
0.15842604637145996 1093
0.1595160961151123 1093
0.1595160961151123 1093
0.1595160961151123 1093
0.1595160961151123 1093
0.1595160961151123 1093
0.1595160961151123 1093
0.1595160961151123 1093
0.1595160961151123 1093
0.16055512428283691 1093
0.16055512428283691 1093
0.16055512428283691 1093
0.16055512428283691 1093
0.16055512428283691 1093
0.16055512428283691 1093
0.16055512428283691 1093
0.16055512428283691 1093
0.16055512428283691 1093
0.16158294677734375 1093
0.16158294677734375 1093
0.16158294677734375 1093
0.16158294677734375 1093
0.16158294677734375 1093
0.16158294677734375 1093
0.16158294677734375 1093
0.16158294677734375 1093
0.16158294677734375 1093
0.16227412223815918 1093
0.16227412223815918 1093
0.16227412223815918 1093
0.16227412223815918 1093
0.16227412223815918 1093
0.1633601188659668 1093
0.1633601188659668 1093
0.1633601188659668 1093
0.1633601188659668 1093
0.1633601188659668 1093
0.1633601188659668 1093
0.1633601188659668 1093
0.1633601188659668 1093
0.1633601188659668 1093
0.16440796852111816 1093
0.16440796852111816 1093
0.16440796852111816 1093
0.16440796852111816 1093
0.16440796852111816 1093
0.16440796852111816 1093
0.16440796852111816 1093
0.16542601585388184 1093
0.16542601585388184 1093
0.16542601585388184 1093
0.16542601585388184 1093
0.16542601585388184 1093
0.16646409034729004 1093
0.16646409034729004 1093
0.16646409034729004 1093
0.16646409034729004 1093
0.1692509651184082 1093
0.1692509651184082 1093
0.1692509651184082 1093
0.1712949275970459 1093
0.17223405838012695 1093
0.17223405838012695 1093
0.17223405838012695 1093
0.1725931167602539 1093
0.1730201244354248 1093
0.1730201244354248 1093
0.1730201244354248 1093
0.1787431240081787 1093
0.1787431240081787 1093
0.1792430877685547 1093
0.17969894409179688 1093
0.17969894409179688 1093
0.17969894409179688 1093
0.1801609992980957 1093
0.1801609992980957 1093
0.18419790267944336 1093
0.18452692031860352 1093
0.18452692031860352 1093
0.18494606018066406 1093
0.18575000762939453 1093
0.18608808517456055 1093
0.18649911880493164 1093
0.18694806098937988 1093
0.18780112266540527 1093
0.1882491111755371 1093
0.18869805335998535 1093
0.18915510177612305 1093
0.18915510177612305 1093
0.18915510177612305 1093
0.18957304954528809 1093
0.18957304954528809 1093
0.194566011428833 1093
0.19498991966247559 1093
0.1953279972076416 1093
0.1953279972076416 1093
0.1956939697265625 1093
0.1956939697265625 1093
0.1960611343383789 1093
0.19646096229553223 1093
0.1973271369934082 1093
0.1973271369934082 1093
0.1973271369934082 1093
0.19763803482055664 1093
0.19803094863891602 1093
0.19803094863891602 1093
0.19841694831848145 1093
0.19841694831848145 1093
0.19841694831848145 1093
0.19841694831848145 1093
0.1988070011138916 1093
0.1988070011138916 1093
0.1992781162261963 1093
0.19962191581726074 1093
0.19962191581726074 1093
0.19962191581726074 1093
0.20001697540283203 1093
0.20038294792175293 1093
0.20038294792175293 1093
0.20038294792175293 1093
0.20076894760131836 1093
0.20114803314208984 1093
0.20114803314208984 1093
0.20114803314208984 1093
0.20114803314208984 1093
0.20114803314208984 1093
0.2015209197998047 1093
0.2015209197998047 1093
0.2015209197998047 1093
0.20197296142578125 1093
0.20197296142578125 1093
0.20197296142578125 1093
0.202484130859375 1093
0.202484130859375 1093
0.202484130859375 1093
0.202484130859375 1093
0.2028520107269287 1093
0.2028520107269287 1093
0.2028520107269287 1093
0.2028520107269287 1093
0.20324110984802246 1093
0.20324110984802246 1093
0.20362591743469238 1093
0.20403003692626953 1093
0.20403003692626953 1093
0.2043900489807129 1093
0.2043900489807129 1093
0.20477700233459473 1093
0.20836901664733887 1093
0.20836901664733887 1093
0.20880603790283203 1093
0.20880603790283203 1093
0.20880603790283203 1093
0.2096719741821289 1093
0.2096719741821289 1093
0.2101421356201172 1093
0.2101421356201172 1093
0.2101421356201172 1093
0.2101421356201172 1093
0.2101421356201172 1093
0.21053600311279297 1093
0.21053600311279297 1093
0.21086692810058594 1093
0.21086692810058594 1093
0.21086692810058594 1093
0.21086692810058594 1093
0.21126413345336914 1093
0.21126413345336914 1093
0.2116539478302002 1093
0.21208405494689941 1093
0.21208405494689941 1093
0.21235108375549316 1093
0.21751904487609863 1093
0.21790695190429688 1093
0.21790695190429688 1093
0.21829891204833984 1093
0.21876001358032227 1093
0.21876001358032227 1093
0.21876001358032227 1093
0.2191600799560547 1093
0.22272896766662598 1093
0.22324013710021973 1093
0.22365403175354004 1093
0.22365403175354004 1093
0.224592924118042 1093
0.22498011589050293 1093
0.22498011589050293 1093
0.22574210166931152 1093
0.226578950881958 1093
0.2269730567932129 1093
0.2269730567932129 1093
0.22800612449645996 1093
0.22836899757385254 1093
0.22873806953430176 1093
0.2291259765625 1093
0.22951102256774902 1093
0.23314809799194336 1093
0.23353290557861328 1093
0.23392200469970703 1093
0.23430609703063965 1093
0.23478007316589355 1093
0.23478007316589355 1093
0.2351701259613037 1093
0.2355499267578125 1093
0.23638391494750977 1093
0.23673295974731445 1093
0.23673295974731445 1093
0.23708391189575195 1093
0.2375030517578125 1093
0.23818612098693848 1093
0.23818612098693848 1093
0.238508939743042 1093
0.23885703086853027 1093
0.23885703086853027 1093
0.23926091194152832 1093
0.23926091194152832 1093
0.23926091194152832 1093
0.239548921585083 1093
0.23989200592041016 1093
0.24026107788085938 1093
0.24026107788085938 1093
0.24026107788085938 1093
0.24026107788085938 1093
0.24067401885986328 1093
0.24067401885986328 1093
0.2409520149230957 1093
0.2409520149230957 1093
0.2416520118713379 1093
0.2416520118713379 1093
0.24200201034545898 1093
0.24200201034545898 1093
0.24200201034545898 1093
0.24235105514526367 1093
0.24235105514526367 1093
0.24269795417785645 1093
0.24269795417785645 1093
0.24269795417785645 1093
0.24305105209350586 1093
0.24305105209350586 1093
0.24305105209350586 1093
0.24341392517089844 1093
0.24375510215759277 1093
0.24375510215759277 1093
0.24375510215759277 1093
0.24375510215759277 1093
0.24408793449401855 1093
0.24408793449401855 1093
0.24408793449401855 1093
0.24408793449401855 1093
0.24443292617797852 1093
0.24443292617797852 1093
0.24478697776794434 1093
0.24722695350646973 1093
0.24722695350646973 1093
0.24722695350646973 1093
0.24751591682434082 1093
0.24786901473999023 1093
0.2515721321105957 1093
0.2515721321105957 1093
0.252000093460083 1093
0.252000093460083 1093
0.252000093460083 1093
0.252000093460083 1093
0.25238704681396484 1093
0.25238704681396484 1093
0.25334596633911133 1093
0.25363802909851074 1093
0.25363802909851074 1093
0.25363802909851074 1093
0.2542450428009033 1093
0.2542450428009033 1093
0.2542450428009033 1093
0.2542450428009033 1093
0.2542450428009033 1093
0.2545630931854248 1093
0.2545630931854248 1093
0.25657010078430176 1093
0.25657010078430176 1093
0.25701093673706055 1093
0.25701093673706055 1093
0.2574019432067871 1093
0.25773000717163086 1093
0.25773000717163086 1093
0.25822997093200684 1093
0.26157712936401367 1093
0.26157712936401367 1093
0.26235103607177734 1093
0.26235103607177734 1093
0.2636380195617676 1093
0.2644081115722656 1093
0.2644081115722656 1093
0.264862060546875 1093
0.2656700611114502 1093
0.2656700611114502 1093
0.2662060260772705 1093
0.26702094078063965 1093
0.26702094078063965 1093
0.26733899116516113 1093
0.268341064453125 1093
0.2687399387359619 1093
0.2723240852355957 1093
0.2723240852355957 1093
0.2723240852355957 1093
0.2728099822998047 1093
0.27331113815307617 1093
0.2737150192260742 1093
0.2737150192260742 1093
0.2740309238433838 1093
0.27490806579589844 1093
0.27490806579589844 1093
0.27526092529296875 1093
0.27526092529296875 1093
0.27626490592956543 1093
0.27664899826049805 1093
0.2770400047302246 1093
0.2784419059753418 1093
0.2784419059753418 1093
0.2784419059753418 1093
0.2784419059753418 1093
0.2794821262359619 1093
0.2794821262359619 1093
0.2794821262359619 1093
0.2804889678955078 1093
0.2804889678955078 1093
0.2804889678955078 1093
0.2804889678955078 1093
0.2804889678955078 1093
0.2815260887145996 1093
0.2815260887145996 1093
0.2815260887145996 1093
0.2815260887145996 1093
0.2815260887145996 1093
0.2815260887145996 1093
0.2815260887145996 1093
0.2818179130554199 1093
0.2818179130554199 1093
0.28274011611938477 1093
0.28274011611938477 1093
0.28299498558044434 1093
0.2833690643310547 1093
0.2833690643310547 1093
0.2833690643310547 1093
0.2842581272125244 1093
0.2842581272125244 1093
0.2842581272125244 1093
0.2846410274505615 1093
0.2846410274505615 1093
0.28551793098449707 1093
0.28551793098449707 1093
0.28551793098449707 1093
0.2859039306640625 1093
0.2859039306640625 1093
0.2859039306640625 1093
0.2866849899291992 1093
0.2866849899291992 1093
0.2866849899291992 1093
0.287398099899292 1093
0.287398099899292 1093
0.287398099899292 1093
0.2877829074859619 1093
0.2881901264190674 1093
0.2898750305175781 1093
0.2902069091796875 1093
0.2902069091796875 1093
0.2905440330505371 1093
0.2905440330505371 1093
0.2905440330505371 1093
0.2905440330505371 1093
0.29088401794433594 1093
0.29208803176879883 1093
0.29208803176879883 1093
0.29208803176879883 1093
0.29242706298828125 1093
0.2928121089935303 1093
0.2931230068206787 1093
0.2934689521789551 1093
0.2934689521789551 1093
0.2938220500946045 1093
0.29506993293762207 1093
0.29506993293762207 1093
0.2954111099243164 1093
0.2957611083984375 1093
0.2961089611053467 1093
0.2965400218963623 1093
0.3004570007324219 1093
0.3004570007324219 1093
0.3008100986480713 1093
0.3008100986480713 1093
0.3008100986480713 1093
0.30119895935058594 1093
0.30119895935058594 1093
0.3015871047973633 1093
0.3024320602416992 1093
0.30354809761047363 1093
0.30354809761047363 1093
0.30354809761047363 1093
0.30458712577819824 1093
0.30458712577819824 1093
0.304901123046875 1093
0.3060181140899658 1093
0.3060181140899658 1093
0.3063020706176758 1093
0.3070509433746338 1093
0.3074159622192383 1093
0.31124210357666016 1093
0.31124210357666016 1093
0.31124210357666016 1093
0.31167006492614746 1093
0.3119621276855469 1093
0.312946081161499 1093
0.312946081161499 1093
0.312946081161499 1093
0.31371092796325684 1093
0.31371092796325684 1093
0.3140859603881836 1093
0.3140859603881836 1093
0.3148179054260254 1093
0.3155219554901123 1093
0.3158700466156006 1093
0.3173401355743408 1093
0.31769704818725586 1093
0.31933093070983887 1093
0.31933093070983887 1093
0.31933093070983887 1093
0.31933093070983887 1093
0.31933093070983887 1093
0.3203549385070801 1093
0.3212900161743164 1093
0.3212900161743164 1093
0.3212900161743164 1093
0.3212900161743164 1093
0.3212900161743164 1093
0.3212900161743164 1093
0.3222649097442627 1093
0.3222649097442627 1093
0.3222649097442627 1093
0.3222649097442627 1093
0.3222649097442627 1093
0.3222649097442627 1093
0.3222649097442627 1093
0.3222649097442627 1093
0.3233780860900879 1093
0.3233780860900879 1093
0.3233780860900879 1093
0.3233780860900879 1093
0.3233780860900879 1093
0.3233780860900879 1093
0.3233780860900879 1093
0.3233780860900879 1093
0.3233780860900879 1093
0.32442212104797363 1093
0.32442212104797363 1093
0.32442212104797363 1093
0.32442212104797363 1093
0.32543206214904785 1093
0.32543206214904785 1093
0.32635498046875 1093
0.32635498046875 1093
0.32671213150024414 1093
0.32713913917541504 1093
0.3283569812774658 1093
0.3287239074707031 1093
0.3287239074707031 1093
0.3287239074707031 1093
0.3291189670562744 1093
0.3305931091308594 1093
0.3305931091308594 1093
0.33107805252075195 1093
0.33107805252075195 1093
0.3313870429992676 1093
0.3313870429992676 1093
0.3323249816894531 1093
0.3323249816894531 1093
0.3327760696411133 1093
0.3336341381072998 1093
0.3336341381072998 1093
0.33409690856933594 1093
0.33455801010131836 1093
0.3350210189819336 1093
0.33931899070739746 1093
0.33931899070739746 1093
0.3397641181945801 1093
0.3397641181945801 1093
0.3397641181945801 1093
0.3402249813079834 1093
0.34063100814819336 1093
0.34063100814819336 1093
0.34063100814819336 1093
0.34063100814819336 1093
0.34063100814819336 1093
0.34108495712280273 1093
0.34108495712280273 1093
0.34108495712280273 1093
0.34108495712280273 1093
0.3415389060974121 1093
0.3415389060974121 1093
0.3424050807952881 1093
0.3424050807952881 1093
0.3428621292114258 1093
0.34333109855651855 1093
0.3453359603881836 1093
0.3453359603881836 1093
0.3453359603881836 1093
0.3457920551300049 1093
0.3457920551300049 1093
0.3457920551300049 1093
0.3461110591888428 1093
0.34682798385620117 1093
0.3502969741821289 1093
0.350693941116333 1093
0.350693941116333 1093
0.350693941116333 1093
0.350693941116333 1093
0.3545529842376709 1093
0.3548870086669922 1093
0.3548870086669922 1093
0.35523295402526855 1093
0.35523295402526855 1093
0.3556380271911621 1093
0.3556380271911621 1093
0.3556380271911621 1093
0.35601305961608887 1093
0.35601305961608887 1093
0.3564009666442871 1093
0.35678696632385254 1093
0.35811305046081543 1093
0.35849499702453613 1093
0.35849499702453613 1093
0.35849499702453613 1093
0.35883092880249023 1093
0.35883092880249023 1093
0.3600931167602539 1093
0.3605520725250244 1093
0.3605520725250244 1093
0.3605520725250244 1093
0.360914945602417 1093
0.360914945602417 1093
0.36125802993774414 1093
0.36125802993774414 1093
0.36170411109924316 1093
0.36170411109924316 1093
0.36170411109924316 1093
0.3621649742126465 1093
0.3621649742126465 1093
0.3626229763031006 1093
0.36307597160339355 1093
0.36307597160339355 1093
0.36307597160339355 1093
0.36353206634521484 1093
0.36353206634521484 1093
0.3643910884857178 1093
0.3647449016571045 1093
0.3652079105377197 1093
0.3656630516052246 1093
0.3660731315612793 1093
0.3660731315612793 1093
0.3670060634613037 1093
0.36742305755615234 1093
0.36836791038513184 1093
0.36836791038513184 1093
0.3693721294403076 1093
0.3693721294403076 1093
0.3697969913482666 1093
0.3697969913482666 1093
0.3702549934387207 1093
0.3702549934387207 1093
0.3707149028778076 1093
0.3715999126434326 1093
0.3715999126434326 1093
0.3723471164703369 1093
0.3727281093597412 1093
0.3731119632720947 1093
0.3731119632720947 1093
0.3781719207763672 1093
0.3781719207763672 1093
0.37854909896850586 1093
0.37854909896850586 1093
