1049598
0.0 1500
0.001313924789428711 1500
0.0031599998474121094 1500
0.0041120052337646484 1500
0.006611824035644531 1500
0.007203817367553711 1500
0.008453845977783203 1500
0.010185003280639648 1500
0.011301994323730469 1500
0.013355016708374023 1500
0.014133930206298828 1500
0.01744699478149414 1500
0.01744699478149414 1500
0.01824784278869629 1500
0.021538972854614258 1500
0.021538972854614258 1500
0.023314952850341797 1500
0.024116992950439453 1500
0.026319026947021484 1500
0.027055025100708008 1500
0.02921295166015625 1500
0.03020501136779785 1500
0.031970977783203125 1500
0.03306889533996582 1500
0.03513789176940918 1500
0.035962820053100586 1500
0.037513017654418945 1500
0.038995981216430664 1500
0.04044079780578613 1500
0.0424189567565918 1500
0.043356895446777344 1500
0.04525899887084961 1500
0.04591488838195801 1500
0.04838681221008301 1500
0.049098968505859375 1500
0.050184011459350586 1500
0.05212593078613281 1500
0.053334951400756836 1500
0.055174827575683594 1500
0.05595993995666504 1500
0.05836200714111328 1500
0.05915498733520508 1500
0.061659812927246094 1500
0.06306791305541992 1500
0.06306791305541992 1500
0.06576180458068848 1500
0.06637191772460938 1500
0.06829380989074707 1500
0.0691838264465332 1500
0.07148194313049316 1500
0.0722358226776123 1500
0.07431793212890625 1500
0.0752408504486084 1500
0.07716488838195801 1500
0.07833600044250488 1500
0.08035683631896973 1500
0.08124399185180664 1500
0.08245396614074707 1500
0.08419394493103027 1500
0.08515596389770508 1500
0.08738398551940918 1500
0.08832192420959473 1500
0.09040594100952148 1500
0.09096789360046387 1500
0.09328985214233398 1500
0.09563589096069336 1500
0.09565901756286621 1500
0.0975499153137207 1500
0.09803199768066406 1500
0.10046887397766113 1500
0.10128092765808105 1500
0.10326385498046875 1500
0.10408186912536621 1500
0.10632801055908203 1500
0.10743880271911621 1500
0.10912489891052246 1500
0.11015486717224121 1500
0.1110379695892334 1500
0.11345481872558594 1500
0.11398887634277344 1500
0.11638092994689941 1500
0.11730790138244629 1500
0.1194608211517334 1500
0.11992883682250977 1500
0.1224210262298584 1500
0.12331485748291016 1500
0.1243598461151123 1500
0.12758898735046387 1500
0.12758898735046387 1500
0.12925982475280762 1500
0.13002800941467285 1500
0.13242387771606445 1500
0.13541793823242188 1500
0.13541793823242188 1500
0.13718581199645996 1500
0.13722681999206543 1500
0.13934993743896484 1500
0.14040184020996094 1500
0.14238691329956055 1500
0.14316296577453613 1500
0.14702892303466797 1500
0.14702892303466797 1500
0.14859795570373535 1500
0.14914584159851074 1500
0.15036892890930176 1500
0.15230488777160645 1500
0.1534128189086914 1500
0.15515494346618652 1500
0.15630292892456055 1500
0.1585078239440918 1500
0.1593940258026123 1500
0.16109085083007812 1500
0.16216588020324707 1500
0.1641099452972412 1500
0.16511893272399902 1500
0.16634297370910645 1500
0.16907191276550293 1500
0.16950082778930664 1500
0.1713719367980957 1500
0.1734299659729004 1500
0.17459988594055176 1500
0.17524480819702148 1500
0.17616891860961914 1500
0.1783738136291504 1500
0.1792910099029541 1500
0.18264484405517578 1500
0.18264484405517578 1500
0.18439698219299316 1500
0.18553686141967773 1500
0.18702387809753418 1500
0.18817687034606934 1500
0.19029998779296875 1500
0.19162297248840332 1500
0.19201397895812988 1500
0.19411897659301758 1500
0.19508981704711914 1500
0.1978449821472168 1500
0.19838690757751465 1500
0.20023179054260254 1500
0.20120000839233398 1500
0.20368099212646484 1500
0.20427894592285156 1500
0.20535993576049805 1500
0.2070629596710205 1500
0.2079939842224121 1500
0.21051883697509766 1500
0.21127891540527344 1500
0.2132120132446289 1500
0.214188814163208 1500
0.21612882614135742 1500
0.21727800369262695 1500
0.2181999683380127 1500
0.22035884857177734 1500
0.2213459014892578 1500
0.22352385520935059 1500
0.22408199310302734 1500
0.22642183303833008 1500
0.22728896141052246 1500
0.22917890548706055 1500
0.23017382621765137 1500
0.23116493225097656 1500
0.23330283164978027 1500
0.2341158390045166 1500
0.2361299991607666 1500
0.23714399337768555 1500
0.24376702308654785 1500
0.24376702308654785 1500
0.24376702308654785 1500
0.24376702308654785 1500
0.24763202667236328 1500
0.24763202667236328 1500
0.24763202667236328 1500
0.2525608539581299 1500
0.2525608539581299 1500
0.2525608539581299 1500
0.2530689239501953 1500
0.2571988105773926 1500
0.2571988105773926 1500
0.2571988105773926 1500
0.25981879234313965 1500
0.2601737976074219 1500
0.26285886764526367 1500
0.263185977935791 1500
0.2655599117279053 1500
0.26752400398254395 1500
0.2685248851776123 1500
0.26945996284484863 1500
0.2702198028564453 1500
0.27228593826293945 1500
0.27601099014282227 1500
0.27601099014282227 272
0.3704838752746582 40
0.3772439956665039 1500
0.3772439956665039 1500
0.3772439956665039 1500
0.3772439956665039 1500
0.3772439956665039 1500
0.3772439956665039 1500
0.3772439956665039 1500
0.3772439956665039 1500
0.3772439956665039 1500
0.37756896018981934 1500
0.38036179542541504 1500
0.38036179542541504 393
0.3811459541320801 1500
0.3825078010559082 1500
0.38424086570739746 1500
0.3851280212402344 1500
0.38758182525634766 1500
0.3880629539489746 1500
0.3890519142150879 1500
0.3913137912750244 1500
0.3923759460449219 1500
0.39435386657714844 1500
0.39527392387390137 1500
0.39736485481262207 393
0.39736485481262207 1500
0.39818501472473145 1500
0.40050387382507324 1500
0.40126800537109375 1500
0.4033699035644531 1500
0.405256986618042 1500
0.4060678482055664 1500
0.4075160026550293 1500
0.4091169834136963 1500
0.410139799118042 1500
0.4122629165649414 1500
0.4132108688354492 1500
0.41964292526245117 1500
0.41964292526245117 1500
0.41964292526245117 1500
0.41964292526245117 1500
0.4204878807067871 1500
0.4221608638763428 1500
0.4234609603881836 1500
0.42542099952697754 1500
0.4265170097351074 1500
0.4284639358520508 1500
0.42929887771606445 1500
0.4304659366607666 1500
0.4321298599243164 1500
0.43347597122192383 1500
0.43495988845825195 1500
0.43643879890441895 1500
0.4384779930114746 1500
0.4397850036621094 1500
0.4414529800415039 1500
0.442471981048584 1500
0.4443550109863281 1500
0.4470648765563965 1500
0.4471919536590576 1500
0.4495558738708496 1500
0.4502599239349365 1500
0.45249485969543457 1500
0.4541349411010742 1500
0.45557379722595215 1500
0.4564039707183838 1500
0.4585130214691162 1500
0.4602658748626709 1500
0.461284875869751 1500
0.4634559154510498 1500
0.46529293060302734 1500
0.46625590324401855 1500
0.46715283393859863 1500
0.4692409038543701 1500
0.47023987770080566 1500
0.4724009037017822 1500
0.473416805267334 1500
0.4754760265350342 1500
0.4770510196685791 1500
0.4784119129180908 1500
0.47928595542907715 1500
0.48122096061706543 1500
0.4821028709411621 1500
0.4830029010772705 1500
0.4853940010070801 1500
0.48653101921081543 1500
0.48844289779663086 1500
0.4902060031890869 1500
0.49127984046936035 1500
0.4932558536529541 1500
0.49425697326660156 1500
0.49547696113586426 1500
0.497438907623291 1500
0.4984548091888428 1500
0.5000309944152832 1500
0.5013368129730225 1500
0.503281831741333 1500
0.5041959285736084 1500
0.505483865737915 1500
0.507368803024292 1500
0.5083239078521729 1500
0.51025390625 1500
0.5125608444213867 1500
0.5130338668823242 1500
0.5143358707427979 1500
0.521047830581665 1500
0.521047830581665 1500
0.521047830581665 1500
0.521047830581665 1500
0.5214338302612305 1500
0.5220999717712402 1500
0.52398681640625 1500
0.5253808498382568 1500
0.5269439220428467 1500
0.5284879207611084 1500
0.5304358005523682 1500
0.531519889831543 1500
0.5322558879852295 1500
0.534160852432251 1500
0.5352258682250977 1500
0.5363287925720215 1500
0.5373950004577637 1500
0.5391459465026855 1500
0.5401458740234375 1500
0.5422239303588867 1500
0.5434207916259766 1500
0.5450727939605713 1500
0.5464270114898682 1500
0.5475258827209473 1500
0.5493597984313965 1500
0.5504889488220215 1500
0.5514569282531738 1500
0.5532639026641846 1500
0.5544788837432861 1500
0.5553967952728271 1500
0.5572998523712158 1500
0.5580248832702637 1500
0.5594758987426758 1500
0.5619628429412842 1500
0.5622859001159668 1500
0.5643157958984375 1500
0.5660538673400879 1500
0.567579984664917 1500
0.5689418315887451 1500
0.571462869644165 1500
0.5723059177398682 1500
0.5746078491210938 1500
0.5763399600982666 1500
0.5782308578491211 1500
0.5792498588562012 1500
0.5812129974365234 1500
0.5830960273742676 1500
0.5844709873199463 1500
0.5862669944763184 1500
0.5876100063323975 1500
0.5890970230102539 1500
0.5902249813079834 1500
0.5921239852905273 1500
0.5935659408569336 1500
0.5950767993927002 1500
0.5973389148712158 1500
0.5984628200531006 1500
0.6003999710083008 1500
0.601416826248169 1500
0.6032028198242188 1500
0.6043407917022705 1500
0.606328010559082 1500
0.6080858707427979 1500
0.6094748973846436 1500
0.6113889217376709 1500
0.6134889125823975 1500
0.61415696144104 1500
0.6164629459381104 1500
0.6174018383026123 1500
0.6194489002227783 1500
0.6202249526977539 1500
0.6214468479156494 1500
0.6232428550720215 1500
0.6252748966217041 1500
0.6262099742889404 1500
0.6282429695129395 1500
0.6293249130249023 1500
0.63047194480896 1500
0.6331348419189453 1500
0.6335768699645996 1500
0.6354730129241943 1500
0.6398208141326904 1500
0.6398208141326904 1500
0.6398208141326904 1500
0.6413218975067139 1500
0.6425039768218994 1500
0.6439878940582275 1500
0.645258903503418 1500
0.6471569538116455 1500
0.6485388278961182 1500
0.6492829322814941 1500
0.6514368057250977 1500
0.6532139778137207 1500
0.6542990207672119 1500
0.6563467979431152 1500
0.6572339534759521 1500
0.658146858215332 1500
0.65938401222229 1500
0.6612088680267334 1500
0.662531852722168 1500
0.664456844329834 1500
0.6652219295501709 1500
0.6662750244140625 1500
0.668280839920044 1500
0.6692118644714355 1500
0.6703388690948486 1500
0.6722269058227539 1500
0.6735689640045166 1500
0.6754817962646484 1500
0.676353931427002 1500
0.6780819892883301 1500
0.6795229911804199 1500
0.6812019348144531 1500
0.6833968162536621 1500
0.6841328144073486 1500
0.6851658821105957 1500
0.6875078678131104 1500
0.6883368492126465 1500
0.6891698837280273 1500
0.6904749870300293 1500
0.6920769214630127 1500
0.6934468746185303 1500
0.6955058574676514 1500
0.6970059871673584 1500
0.6990799903869629 1500
0.7003278732299805 1500
0.7011938095092773 1500
0.703056812286377 1500
0.7042808532714844 1500
0.7053818702697754 1500
0.7071499824523926 1500
0.7082188129425049 1500
0.7090709209442139 1500
0.710089921951294 1500
0.7122728824615479 1500
0.7133028507232666 1500
0.7144908905029297 1500
0.7161660194396973 1500
0.7172520160675049 1500
0.7192158699035645 1500
0.7204718589782715 1500
0.7215859889984131 1500
0.7231428623199463 1500
0.7242379188537598 1500
0.726254940032959 1500
0.7271218299865723 1500
0.728226900100708 1500
0.7292459011077881 1500
0.7314159870147705 1500
0.7319729328155518 1500
0.733381986618042 1500
0.73465895652771 1500
0.7363510131835938 1500
0.7372138500213623 1500
0.7385268211364746 1500
0.7403438091278076 1500
0.74137282371521 1500
0.7433438301086426 1500
0.7444109916687012 1500
0.746196985244751 1500
0.7473227977752686 1500
0.74826979637146 1500
0.7502148151397705 1500
0.7512538433074951 1500
0.7524509429931641 1500
0.7545080184936523 1500
0.7560868263244629 1500
0.7573528289794922 1500
0.7591259479522705 1500
0.76041579246521 1500
0.7610869407653809 1500
0.7633488178253174 1500
0.764549970626831 1500
0.7664499282836914 1500
0.7673180103302002 1500
0.7689340114593506 1500
0.771338939666748 1500
0.7725398540496826 1500
0.774040937423706 1500
0.7751510143280029 1500
0.7770049571990967 1500
0.779066801071167 1500
0.7803418636322021 1500
0.7820708751678467 1500
0.7834858894348145 1500
0.7844789028167725 1500
0.7861709594726562 1500
0.7872488498687744 1500
0.7898409366607666 1500
0.7906098365783691 1500
0.7926208972930908 1500
0.7944939136505127 1500
0.7944939136505127 1500
0.7960720062255859 1500
0.7969667911529541 1500
0.7981729507446289 1500
0.8003289699554443 1500
0.8012528419494629 1500
0.802170991897583 1500
0.8035290241241455 1500
0.8053560256958008 1500
0.8060719966888428 1500
0.8072628974914551 1500
0.8086309432983398 1500
0.8101398944854736 1500
0.8112289905548096 1500
0.8122649192810059 1500
0.8141689300537109 1500
0.8150928020477295 1500
0.8164348602294922 1500
0.8174488544464111 1500
0.8194279670715332 1500
0.8205358982086182 1500
0.8222517967224121 1500
0.823206901550293 1500
0.8252038955688477 1500
0.8261280059814453 1500
0.8281137943267822 1500
0.8292520046234131 1500
0.8304128646850586 1500
0.8323419094085693 1500
0.8333079814910889 1500
0.8340489864349365 1500
0.8360939025878906 1500
0.8383398056030273 1500
0.8392088413238525 1500
0.8412768840789795 1500
0.8424718379974365 1500
0.84415602684021 1500
0.8451309204101562 1500
0.847423791885376 1500
0.8482248783111572 1500
0.8492469787597656 1500
0.8509259223937988 1500
0.8523550033569336 1500
0.854759931564331 1500
0.8554949760437012 1500
0.8570778369903564 1500
0.858522891998291 1500
0.8603630065917969 1500
0.8614518642425537 1500
0.8635787963867188 1500
0.8643980026245117 1500
0.8662359714508057 1500
0.8680078983306885 1500
0.8690428733825684 1500
0.871431827545166 1500
0.8724219799041748 1500
0.8744399547576904 1500
0.8761539459228516 1500
0.8771209716796875 1500
0.8782308101654053 1500
0.8802800178527832 1500
0.8810210227966309 1500
0.8829848766326904 1500
0.8849518299102783 1500
0.8862860202789307 1500
0.8882119655609131 1500
0.889286994934082 1500
0.8914909362792969 1500
0.8924379348754883 1500
0.8942279815673828 1500
0.896359920501709 1500
0.8974318504333496 1500
0.8999598026275635 1500
0.9008989334106445 1500
0.9028058052062988 1500
0.9031329154968262 1500
0.9052519798278809 1500
0.9066359996795654 1500
0.9082047939300537 1500
0.9093790054321289 1500
0.9112420082092285 1500
0.9133048057556152 1500
0.9141619205474854 1500
0.917543888092041 1500
0.917543888092041 1500
0.9192888736724854 1500
0.9203348159790039 1500
0.9225988388061523 1500
0.9233338832855225 1500
0.9254999160766602 1500
0.926386833190918 1500
0.92842698097229 1500
0.9291307926177979 1500
0.9312248229980469 1500
0.9324648380279541 1500
0.9341998100280762 1500
0.9354028701782227 1500
0.9373059272766113 1500
0.938323974609375 1500
0.9401149749755859 1500
0.9413628578186035 1500
0.9430379867553711 1500
0.9443609714508057 1500
0.9463717937469482 1500
0.9484939575195312 1500
0.950037956237793 1500
0.951481819152832 1500
0.953312873840332 1500
0.9543349742889404 1500
0.9561150074005127 1500
0.9573419094085693 1500
0.9583268165588379 1500
0.9602370262145996 1500
0.9613637924194336 1500
0.9630348682403564 1500
0.9643309116363525 1500
0.9661610126495361 1500
0.9672489166259766 1500
0.9684298038482666 1500
0.9703059196472168 1500
0.9722878932952881 1500
0.9730479717254639 1500
0.9753329753875732 1500
0.976017951965332 1500
0.9780478477478027 1500
0.9791529178619385 1500
0.9811840057373047 1500
0.9825239181518555 1500
0.9839029312133789 1500
0.9856138229370117 1500
0.9870150089263916 1500
0.9885919094085693 1500
0.990077018737793 1500
0.9913640022277832 1500
0.9932088851928711 1500
0.9944689273834229 1500
0.9961228370666504 1500
0.9974849224090576 1500
0.9991848468780518 1500
1.0001678466796875 1500
1.0011448860168457 1500
1.002465009689331 1500
1.0043299198150635 1500
1.0053298473358154 1500
1.0069429874420166 1500
1.008288860321045 1500
1.0092430114746094 1500
1.0114498138427734 1500
1.012483835220337 1500
1.014272928237915 1500
1.0153858661651611 1500
1.0172369480133057 1500
1.018122911453247 1500
1.0204617977142334 1500
1.021461009979248 1500
1.0234589576721191 1500
1.024350881576538 1500
1.0261340141296387 1500
1.0272459983825684 1500
1.028350830078125 1500
1.0302228927612305 1500
1.0314218997955322 1500
1.0333600044250488 1500
1.0346260070800781 1500
1.036803960800171 1500
1.0373258590698242 1500
1.0390868186950684 1500
1.0403189659118652 1500
1.0424058437347412 1500
1.0432708263397217 1500
1.0451738834381104 1500
1.0460870265960693 1500
1.0477659702301025 1500
1.0490798950195312 1500
1.0503590106964111 1500
1.0514709949493408 1500
1.0534589290618896 1500
1.0545148849487305 1500
1.0561778545379639 1500
1.0572078227996826 1500
1.0581488609313965 1500
1.0601859092712402 1500
1.0610229969024658 1500
1.0631508827209473 1500
1.0641388893127441 1500
1.0653228759765625 1500
1.0669758319854736 1500
1.0683338642120361 1500
1.0694079399108887 1500
1.0703349113464355 1500
1.0723588466644287 1500
1.0733850002288818 1500
1.0750010013580322 1500
1.0765438079833984 1500
1.0780258178710938 1500
1.0793118476867676 1500
1.081028938293457 1500
1.0825238227844238 1500
1.0833280086517334 1500
1.0852208137512207 1500
1.0865058898925781 1500
1.08831787109375 1500
1.0900108814239502 1500
1.0912368297576904 1500
1.0924229621887207 1500
1.0941269397735596 1500
1.095078945159912 1500
1.0968818664550781 1500
1.0981760025024414 1500
1.0991528034210205 1500
1.1013219356536865 1500
1.1022210121154785 1500
1.1035099029541016 1500
1.1054439544677734 1500
1.1063458919525146 1500
