1049431
0.0 1500
0.0036818981170654297 1500
0.007533073425292969 1500
0.010214090347290039 1500
0.013412952423095703 1500
0.016151905059814453 1500
0.018414974212646484 1500
0.02033090591430664 1500
0.0255279541015625 1500
0.028789043426513672 1500
0.0315089225769043 1500
0.0340580940246582 1500
0.03554511070251465 1500
0.03848409652709961 1500
0.04109501838684082 1500
0.045336008071899414 1500
0.0483551025390625 1500
0.0518190860748291 1500
0.05470395088195801 1500
0.055600881576538086 1500
0.05887794494628906 1500
0.06250405311584473 1500
0.06527495384216309 1500
0.06809806823730469 1500
0.07110309600830078 1500
0.07352805137634277 1500
0.07577300071716309 1500
0.08032393455505371 1500
0.08402395248413086 1500
0.08655190467834473 1500
0.0891718864440918 1500
0.09013009071350098 1500
0.09334993362426758 1500
0.0965430736541748 1500
0.10056495666503906 1500
0.10342288017272949 1500
0.10661506652832031 1500
0.10960006713867188 1500
0.11029195785522461 1500
0.1131899356842041 1500
0.1172780990600586 1500
0.12052106857299805 1500
0.12349390983581543 1500
0.12627696990966797 1500
0.12839508056640625 1500
0.13005495071411133 1500
0.13501691818237305 1500
0.13824105262756348 1500
0.14144301414489746 1500
0.14360499382019043 1500
0.14569807052612305 1500
0.14868593215942383 1500
0.15149903297424316 1500
0.15531492233276367 1500
0.15840506553649902 1500
0.16139888763427734 1500
0.16258502006530762 1500
0.16667699813842773 1500
0.16831207275390625 1500
0.17370390892028809 1500
0.17549991607666016 1500
0.1782829761505127 1500
0.18178391456604004 1500
0.18319988250732422 1500
0.18535804748535156 1500
0.19040393829345703 1500
0.19309592247009277 1500
0.19618606567382812 1500
0.19826102256774902 1500
0.2004399299621582 1500
0.20365500450134277 1500
0.2071089744567871 1500
0.21040987968444824 1500
0.21444106101989746 1500
0.21607089042663574 1500
0.21711111068725586 1500
0.2200939655303955 1500
0.22383594512939453 1500
0.22897696495056152 1500
0.2301959991455078 1500
0.2336430549621582 1500
0.23606395721435547 1500
0.23757195472717285 1500
0.2404329776763916 1500
0.2452259063720703 1500
0.24805498123168945 1500
0.2504689693450928 1500
0.25334811210632324 1500
0.25537800788879395 1500
0.2587618827819824 1500
0.2623169422149658 1500
0.26556992530822754 1500
0.268657922744751 1500
0.2712979316711426 1500
0.2724320888519287 1500
0.2754359245300293 1500
0.27843689918518066 1500
0.28229808807373047 1500
0.2850959300994873 1500
0.2882349491119385 1500
0.2893080711364746 1500
0.2925899028778076 1500
0.29518795013427734 1500
0.30017709732055664 1500
0.30409908294677734 1500
0.3052239418029785 1500
0.30832505226135254 1500
0.3106210231781006 1500
0.3144850730895996 1500
0.3171119689941406 1500
0.3205709457397461 1500
0.32543206214904785 1500
0.32687902450561523 1500
0.327225923538208 1500
0.33031606674194336 1500
0.3344249725341797 1500
0.3374159336090088 1500
0.3403921127319336 1500
0.3431990146636963 1500
0.3445160388946533 1500
0.3474750518798828 1500
0.3516850471496582 1500
0.35520195960998535 1500
0.3571040630340576 1500
0.3606839179992676 1500
0.36334705352783203 1500
0.3655710220336914 1500
0.36885690689086914 1500
0.37238502502441406 1500
0.376025915145874 1500
0.378371000289917 1500
0.3814969062805176 1500
0.38251399993896484 1500
0.38522791862487793 1500
0.38939499855041504 1500
0.39226508140563965 1500
0.39522790908813477 1500
0.39849305152893066 1500
0.399075984954834 1500
0.4027409553527832 1500
0.4052751064300537 1500
0.4093201160430908 1500
0.4120199680328369 1500
0.41535305976867676 1500
0.4183990955352783 1500
0.42032289505004883 1500
0.4220249652862549 1500
0.42824602127075195 1500
0.4304530620574951 1500
0.43357300758361816 1500
0.43529701232910156 1500
0.43750810623168945 1500
0.44042491912841797 1500
0.4452331066131592 1500
0.44701409339904785 1500
0.45037198066711426 1500
0.4542069435119629 1500
0.4542069435119629 1500
0.45714592933654785 1500
0.4604060649871826 1500
0.46471500396728516 1500
0.46742701530456543 1500
0.4702470302581787 1500
0.4722330570220947 1500
0.47432589530944824 1500
0.47768211364746094 1500
0.48244595527648926 1500
0.4855508804321289 1500
0.4874579906463623 1500
0.49028897285461426 1500
0.49230408668518066 1500
0.4955179691314697 1500
0.4995419979095459 1500
0.5024359226226807 1500
0.5054440498352051 1500
0.5099270343780518 1500
0.5099270343780518 1500
0.5120439529418945 1500
0.5161409378051758 1500
0.5200490951538086 1500
0.5220470428466797 1500
0.5251169204711914 1500
0.526278018951416 1500
0.5295801162719727 1500
0.532196044921875 1500
0.538532018661499 1500
0.539309024810791 1500
0.5427849292755127 1500
0.5452380180358887 1500
0.5477879047393799 1500
0.5504059791564941 1500
0.554023027420044 1500
0.5570130348205566 1500
0.5600481033325195 1500
0.5634100437164307 1500
0.5644049644470215 1500
0.5674591064453125 1500
0.5712630748748779 1500
0.574012041091919 1500
0.5777449607849121 1500
0.5802299976348877 1500
0.5811190605163574 1500
0.584446907043457 1500
0.5876309871673584 1500
0.591404914855957 1500
0.5942139625549316 1500
0.5972580909729004 1500
0.5995039939880371 1500
0.6024370193481445 1500
0.6043319702148438 1500
0.610598087310791 1500
0.6129980087280273 1500
0.6156630516052246 1500
0.6175229549407959 1500
0.6208651065826416 1500
0.6221749782562256 1500
0.626702070236206 1500
0.6302061080932617 1500
0.6326348781585693 1500
0.6360878944396973 1500
0.6360878944396973 1500
0.6391348838806152 1500
0.6431219577789307 1500
0.6468679904937744 1500
0.6492218971252441 1500
0.6521639823913574 1500
0.6544520854949951 1500
0.6565930843353271 1500
0.6591699123382568 1500
0.6647830009460449 1500
0.6677849292755127 1500
0.6697430610656738 1500
0.6724960803985596 1500
0.6744570732116699 1500
0.6776430606842041 1500
0.6820769309997559 1500
0.6845901012420654 1500
0.6874909400939941 1500
0.6914958953857422 1500
0.6915841102600098 1500
0.696221113204956 1500
0.6986889839172363 1500
0.700998067855835 1500
0.7041370868682861 1500
0.7073559761047363 1500
0.7083439826965332 1500
0.7140219211578369 1500
0.714540958404541 1500
0.7194700241088867 1500
0.7213630676269531 1500
0.7241239547729492 1500
0.7277629375457764 1500
0.7294549942016602 1500
0.7325010299682617 1500
0.7362959384918213 1500
0.7393529415130615 1500
0.7422060966491699 1500
0.7461419105529785 1500
0.7462201118469238 1500
0.749190092086792 1500
0.7532210350036621 1500
0.7562301158905029 1500
0.7593739032745361 1500
0.7620859146118164 1500
0.763267993927002 1500
0.7664248943328857 1500
0.7690060138702393 1500
0.7730739116668701 1500
0.7779140472412109 1500
0.7796430587768555 1500
0.7815449237823486 1500
0.7846460342407227 1500
0.7861719131469727 1500
0.7909889221191406 1500
0.7943038940429688 1500
0.7975308895111084 1500
0.7994039058685303 1500
0.801501989364624 1500
0.804469108581543 1500
0.8079800605773926 1500
0.8109629154205322 1500
0.8143110275268555 1500
0.8176798820495605 1500
0.8181009292602539 1500
0.8209729194641113 1500
0.8255228996276855 1500
0.8280589580535889 1500
0.8309969902038574 1500
0.834475040435791 1500
0.8366649150848389 1500
0.8384740352630615 1500
0.8412880897521973 1500
0.8466150760650635 1500
0.8490970134735107 1500
0.8511219024658203 1500
0.8543899059295654 1500
0.8561298847198486 1500
0.859112024307251 1500
0.8632609844207764 1500
0.8660910129547119 1500
0.8690950870513916 1500
0.872391939163208 1500
0.8730170726776123 1500
0.8766438961029053 1500
0.8805820941925049 1500
0.8834309577941895 1500
0.8863499164581299 1500
0.889214038848877 1500
0.8900120258331299 1500
0.8935520648956299 1500
0.8975450992584229 1500
0.9010500907897949 1500
0.9035460948944092 1500
0.9060750007629395 1500
0.9083890914916992 1500
0.9111781120300293 1500
0.9141969680786133 1500
0.9181020259857178 1500
0.9213719367980957 1500
0.9243679046630859 1500
0.9275119304656982 1500
0.9285769462585449 1500
0.931412935256958 1500
0.9352738857269287 1500
0.9386980533599854 1500
0.9413731098175049 1500
0.9442050457000732 1500
0.9454209804534912 1500
0.9481570720672607 1500
0.9531741142272949 1500
0.9550719261169434 1500
0.9580109119415283 1500
0.9620931148529053 1500
0.9632909297943115 1500
0.9660780429840088 1500
0.9685680866241455 1500
0.9734890460968018 1500
0.9761590957641602 1500
0.9794631004333496 1500
0.9811699390411377 1500
0.9831769466400146 1500
0.9862980842590332 1500
0.9905838966369629 1500
0.9931740760803223 1500
0.9964840412139893 1500
0.9993889331817627 1500
1.0000250339508057 1500
1.0030810832977295 1500
1.0074598789215088 1500
1.010235071182251 1500
1.0130269527435303 1500
1.0162639617919922 1500
1.0185439586639404 1500
1.0202150344848633 1500
1.0231568813323975 1500
1.0283010005950928 1500
1.0312550067901611 1500
1.0332660675048828 1500
1.035383939743042 1500
1.038482904434204 1500
1.0409860610961914 1500
1.0453119277954102 1500
1.0485360622406006 1500
1.0514049530029297 1500
1.0541670322418213 1500
1.0551679134368896 1500
1.05845308303833 1500
1.0621569156646729 1500
1.0651540756225586 1500
1.0680630207061768 1500
1.0710680484771729 1500
1.0737929344177246 1500
1.0755219459533691 1500
1.080467939376831 1500
1.0831611156463623 1500
1.0861940383911133 1500
1.0883879661560059 1500
1.0902299880981445 1500
1.0941860675811768 1500
1.0970680713653564 1500
1.1002709865570068 1500
1.103342056274414 1500
1.1066930294036865 1500
1.109339952468872 1500
1.1100010871887207 1500
1.1133370399475098 1500
1.1172559261322021 1500
1.1209440231323242 1500
1.1233758926391602 1500
1.126465082168579 1500
1.1273980140686035 1500
1.131761074066162 1500
1.1353590488433838 1500
1.1387009620666504 1500
1.140104055404663 1500
1.1429789066314697 1500
1.1465229988098145 1500
1.1484119892120361 1500
1.1522479057312012 1500
1.1556880474090576 1500
1.1584510803222656 1500
1.162822961807251 1500
1.1641490459442139 1500
1.1652989387512207 1500
1.1685891151428223 1500
1.1729710102081299 1500
1.1758229732513428 1500
1.1788010597229004 1500
1.1815299987792969 1500
1.182466983795166 1500
1.1859550476074219 1500
1.190251111984253 1500
1.1921660900115967 1500
1.1954450607299805 1500
1.197995901107788 1500
1.2006030082702637 1500
1.2042040824890137 1500
1.2054390907287598 1500
1.2105979919433594 1500
1.213334083557129 1500
1.216383934020996 1500
1.2173449993133545 1500
1.2200090885162354 1500
1.2232770919799805 1500
1.2270700931549072 1500
1.2300701141357422 1500
1.233428955078125 1500
1.2396090030670166 1500
1.2396090030670166 1500
1.2401759624481201 1500
1.2464981079101562 1500
1.247277021408081 1500
1.250993013381958 1500
1.2530970573425293 1500
1.2549729347229004 1500
1.257314920425415 1500
1.2621150016784668 1500
1.2652530670166016 1500
1.2682321071624756 1500
1.2705609798431396 1500
1.272367000579834 1500
1.275122880935669 1500
1.2783160209655762 1500
1.2822248935699463 1500
1.2867889404296875 1500
1.2890729904174805 1500
1.2922909259796143 1500
1.2923829555511475 1500
1.2951009273529053 1500
1.2992680072784424 1500
1.3022959232330322 1500
1.3052608966827393 1500
1.312196969985962 1500
1.312196969985962 1500
1.3125500679016113 1500
1.3184421062469482 1500
1.3201799392700195 1500
1.3223669528961182 1500
1.325232982635498 1500
1.331407070159912 1500
1.331407070159912 1500
1.333287000656128 1500
1.3373138904571533 1500
1.340135097503662 1500
1.3431389331817627 1500
1.344222068786621 1500
1.3471860885620117 1500
1.3502039909362793 1500
1.3545560836791992 1500
1.3572509288787842 1500
1.3604869842529297 1500
1.3631370067596436 1500
1.3642709255218506 1500
1.3673241138458252 1500
1.3724980354309082 1500
1.374155044555664 1500
1.3778209686279297 1500
1.380162000656128 1500
1.3834080696105957 1500
1.3855879306793213 1500
1.390636920928955 1500
1.392482042312622 1500
1.395672082901001 1500
1.3985159397125244 1500
1.3991379737854004 1500
1.4027109146118164 1500
1.4054338932037354 1500
1.4096629619598389 1500
1.412165880203247 1500
1.415436029434204 1500
1.419503927230835 1500
1.4196300506591797 1500
1.4223079681396484 1500
1.4264280796051025 1500
1.4293348789215088 1500
1.4322431087493896 1500
1.43544602394104 1500
1.4374570846557617 1500
1.4394168853759766 1500
1.4445719718933105 1500
1.4472649097442627 1500
1.4501841068267822 1500
1.452336072921753 1500
1.4542720317840576 1500
1.4571220874786377 1500
1.460495948791504 1500
1.464263916015625 1500
1.4672040939331055 1500
1.4705569744110107 1500
1.4735019207000732 1500
1.4745230674743652 1500
1.4779260158538818 1500
1.4810619354248047 1500
1.4841740131378174 1500
1.4878590106964111 1500
1.4903409481048584 1500
1.4911620616912842 1500
1.4942851066589355 1500
1.49953293800354 1500
1.5027029514312744 1500
1.5042591094970703 1500
1.5070679187774658 1500
1.5094749927520752 1500
1.5125479698181152 1500
1.5151300430297852 1500
1.519200086593628 1500
1.5225510597229004 1500
1.5251390933990479 1500
1.5260100364685059 1500
1.529526948928833 1500
1.5320611000061035 1500
1.5364561080932617 1500
1.5395400524139404 1500
1.5421500205993652 1500
1.5455749034881592 1500
1.5463199615478516 1500
1.549307107925415 1500
1.5545949935913086 1500
1.5573890209197998 1500
1.5590009689331055 1500
1.5620090961456299 1500
1.564513921737671 1500
1.5674800872802734 1500
1.5712780952453613 1500
1.574105978012085 1500
1.577336072921753 1500
1.580353021621704 1500
1.5811080932617188 1500
1.5840799808502197 1500
1.5891809463500977 1500
1.5914390087127686 1500
1.594477891921997 1500
1.5975921154022217 1500
1.6000158786773682 1500
1.6015150547027588 1500
1.6040539741516113 1500
1.6082050800323486 1500
1.611583948135376 1500
1.614164113998413 1500
1.61757493019104 1500
1.619494915008545 1500
1.6213459968566895 1500
1.631885051727295 1500
1.631885051727295 1500
1.6324419975280762 1500
1.634032964706421 1500
1.6362559795379639 1500
1.6392009258270264 1500
1.6423680782318115 1500
1.6460819244384766 1500
1.6491479873657227 1500
1.6530349254608154 1500
1.6530349254608154 1500
1.6563398838043213 1500
1.6592791080474854 1500
1.663567066192627 1500
1.6661169528961182 1500
1.668989896774292 1500
1.671933889389038 1500
1.673172950744629 1500
1.6760399341583252 1500
1.6813809871673584 1500
1.6842870712280273 1500
1.6860520839691162 1500
1.689028024673462 1500
1.6916019916534424 1500
1.6942119598388672 1500
1.6981379985809326 1500
1.7016749382019043 1500
1.7043631076812744 1500
1.7072999477386475 1500
1.7081561088562012 1500
1.7111461162567139 1500
1.7142839431762695 1500
1.718108892440796 1500
1.7210450172424316 1500
1.7241520881652832 1500
1.7272639274597168 1500
1.728105068206787 1500
1.731407880783081 1500
1.7361030578613281 1500
1.7380130290985107 1500
1.7411251068115234 1500
1.744549036026001 1500
1.7462620735168457 1500
1.7496418952941895 1500
1.7532169818878174 1500
1.7564260959625244 1500
1.759160041809082 1500
1.762031078338623 1500
1.7630200386047363 1500
1.7661349773406982 1500
1.769366979598999 1500
1.7730140686035156 1500
1.776350975036621 1500
1.7790100574493408 1500
1.7823970317840576 1500
1.7835330963134766 1500
1.786221981048584 1500
1.7905659675598145 1500
1.7932960987091064 1500
1.79606294631958 1500
1.7992210388183594 1500
1.8021318912506104 1500
1.803222894668579 1500
1.8081779479980469 1500
1.8116130828857422 1500
1.8142380714416504 1500
1.8175199031829834 1500
1.818120002746582 1500
1.8212850093841553 1500
1.824610948562622 1500
1.8279719352722168 1500
1.8310918807983398 1500
1.8340120315551758 1500
1.8356149196624756 1500
1.8383350372314453 1500
1.8411340713500977 1500
1.845041036605835 1500
1.8480288982391357 1500
1.8509869575500488 1500
1.8545138835906982 1500
1.8562710285186768 1500
1.8583290576934814 1500
1.8633298873901367 1500
1.8663890361785889 1500
1.8692989349365234 1500
1.8714768886566162 1500
1.8732590675354004 1500
1.8764870166778564 1500
1.880220890045166 1500
1.8831288814544678 1500
1.8861830234527588 1500
1.889240026473999 1500
1.8901829719543457 1500
1.8933629989624023 1500
1.8964369297027588 1500
1.8999478816986084 1500
1.9029600620269775 1500
1.9061949253082275 1500
1.9090979099273682 1500
1.9104440212249756 1500
1.9129970073699951 1500
1.9184150695800781 1500
1.9214980602264404 891
1.939323902130127 40
1.9430959224700928 1500
1.9468820095062256 1500
1.9499950408935547 1500
1.9543631076812744 1500
1.956794023513794 1500
1.95927095413208 1500
1.9604499340057373 1500
1.9637598991394043 1500
1.968445062637329 1500
1.9712510108947754 1500
1.9732120037078857 1500
1.9761779308319092 1500
1.979154109954834 1500
1.981539011001587 1500
1.9853510856628418 1500
1.988408088684082 1500
1.991137981414795 1500
1.9945399761199951 1500
1.9975578784942627 1500
1.9983160495758057 1500
2.0009379386901855 1500
2.0053510665893555 1500
2.0082600116729736 1500
2.011460065841675 1500
2.0144150257110596 1500
2.014991044998169 1500
2.0181679725646973 1500
2.023164987564087 1500
2.025536060333252 1500
2.0284879207611084 1500
2.031816005706787 1500
2.0331249237060547 1500
2.0360519886016846 1500
2.040220022201538 1500
2.043297052383423 1500
