1049510
0.0 1460
0.0 1460
0.0 1460
0.0 1460
0.0003879070281982422 1043
0.0015840530395507812 1460
0.0015840530395507812 1460
0.0020749568939208984 1460
0.0020749568939208984 1460
0.0020749568939208984 1460
0.002315998077392578 1460
0.002315998077392578 1460
0.0026590824127197266 1460
0.0026590824127197266 1460
0.0026590824127197266 1460
0.0026590824127197266 1460
0.003064870834350586 1043
0.035707950592041016 76
0.07161307334899902 172
0.07161307334899902 1460
0.07212686538696289 1460
0.07231307029724121 1460
0.0727090835571289 1460
0.0727090835571289 1460
0.07306694984436035 1460
0.07522988319396973 1460
0.0756220817565918 1460
0.0756220817565918 1460
0.0756220817565918 1460
0.07599806785583496 1460
0.07599806785583496 1043
0.07676100730895996 1460
0.07713103294372559 1460
0.07713103294372559 1460
0.07713103294372559 1460
0.07790207862854004 1460
0.07790207862854004 1460
0.07790207862854004 1460
0.07790207862854004 1460
0.07834386825561523 1460
0.07834386825561523 1460
0.07874608039855957 1460
0.07874608039855957 1043
0.07909202575683594 1460
0.07909202575683594 1460
0.07909202575683594 1460
0.07943606376647949 1460
0.07943606376647949 1460
0.07979393005371094 1460
0.07979393005371094 1460
0.07979393005371094 1460
0.0801239013671875 1460
0.0801239013671875 1460
0.0801239013671875 1043
0.0801239013671875 1460
0.08046293258666992 1460
0.08046293258666992 1460
0.08046293258666992 1460
0.0808870792388916 1460
0.0808870792388916 1460
0.08123302459716797 1460
0.08160996437072754 1460
0.08160996437072754 1460
0.08192586898803711 1460
0.08192586898803711 1460
0.08228302001953125 1043
0.14572787284851074 124
0.14632487297058105 1460
0.14632487297058105 1460
0.14632487297058105 1460
0.1467759609222412 1460
0.1467759609222412 1460
0.147230863571167 1460
0.147230863571167 1460
0.147230863571167 1460
0.14769601821899414 1460
0.14769601821899414 1460
0.1481468677520752 1460
0.14854907989501953 1043
0.14854907989501953 1460
0.1489119529724121 1460
0.15088391304016113 1460
0.15125393867492676 1460
0.15125393867492676 1460
0.15125393867492676 1460
0.15158390998840332 1460
0.15158390998840332 1460
0.1519908905029297 1460
0.1519908905029297 1460
0.1519908905029297 1460
0.1519908905029297 1043
0.2991790771484375 52
0.3310110569000244 52
0.3318970203399658 1460
0.3318970203399658 1460
0.3324589729309082 1460
0.3324589729309082 1460
0.3384718894958496 1460
0.3389279842376709 1460
0.3389279842376709 1460
0.3389279842376709 1460
0.3389279842376709 1460
0.33922696113586426 1460
0.33922696113586426 1460
0.33922696113586426 1043
0.3396000862121582 1460
0.3396000862121582 1460
0.3399839401245117 1460
0.3399839401245117 1460
0.3399839401245117 1460
0.3399839401245117 1460
0.3403630256652832 1460
0.3403630256652832 1460
0.3418879508972168 1460
0.3418879508972168 1460
0.3418879508972168 1460
0.3418879508972168 1043
1.2056539058685303 1460
1.2542319297790527 292
1.2999250888824463 52
1.300307035446167 1460
1.3007030487060547 1460
1.3027360439300537 1460
1.3027360439300537 1460
1.3030810356140137 1460
1.3030810356140137 1460
1.3030810356140137 1460
1.3035249710083008 1460
1.3035249710083008 1460
1.3038549423217773 1460
1.305048942565918 1460
1.305048942565918 1043
1.305332899093628 1460
1.305332899093628 1460
1.305332899093628 1460
1.3056859970092773 1460
1.3056859970092773 1460
1.3056859970092773 1460
1.3061158657073975 1460
1.3061158657073975 1460
1.3061158657073975 1460
1.3061158657073975 1460
1.3068389892578125 1460
1.3068389892578125 1043
1.3068389892578125 1460
1.306976079940796 1460
1.3091740608215332 1460
1.3091740608215332 1460
1.3091740608215332 1460
1.3091740608215332 1460
1.3091740608215332 1460
1.3091740608215332 1460
1.3100628852844238 1460
1.3100628852844238 1460
1.3100628852844238 1460
1.3100628852844238 1043
1.3100628852844238 1460
1.3100628852844238 1460
1.3100628852844238 1460
1.3114290237426758 1460
1.3117940425872803 1460
1.3117940425872803 1460
1.3121960163116455 1460
1.3121960163116455 1460
1.3121960163116455 1460
1.3121960163116455 1460
1.3125460147857666 1460
1.3125460147857666 1043
1.3125460147857666 1460
1.3125460147857666 1460
1.312999963760376 1460
1.312999963760376 1460
1.3133418560028076 1460
1.3133418560028076 1460
1.3133418560028076 1460
1.3136200904846191 1460
1.3136200904846191 1460
1.3139739036560059 1460
1.3158249855041504 1460
1.3158249855041504 1043
1.3158249855041504 1460
1.3161799907684326 1460
1.3161799907684326 1460
1.3164949417114258 1460
1.3164949417114258 1460
1.3164949417114258 1460
1.3168768882751465 1460
1.3168768882751465 1460
1.3168768882751465 1460
1.3168768882751465 1460
1.3174428939819336 1460
1.3174428939819336 1043
1.3778939247131348 316
1.3782830238342285 1460
1.3782830238342285 1460
1.3786559104919434 1460
1.3786559104919434 1460
1.378990888595581 1460
1.378990888595581 1460
1.379349946975708 1460
1.379349946975708 1460
1.3798959255218506 1460
1.3802330493927002 1460
1.3805899620056152 1460
1.3805899620056152 1043
1.3805899620056152 1460
1.380924940109253 1460
1.381471872329712 1460
1.381471872329712 1460
1.3818988800048828 1460
1.3822369575500488 1460
1.3822369575500488 1460
1.3827149868011475 1460
1.3827149868011475 1460
1.3830509185791016 1460
1.3834259510040283 1460
1.3834259510040283 1043
1.3834259510040283 1460
1.3838410377502441 1460
1.384181022644043 1460
1.384181022644043 1460
1.3846569061279297 1460
1.3866069316864014 1460
1.3866069316864014 1460
1.3869800567626953 1460
1.3869800567626953 1460
1.3869800567626953 1460
1.3872919082641602 1460
1.3872919082641602 1043
1.3872919082641602 1460
1.3876378536224365 1460
1.3876378536224365 1460
1.387984037399292 1460
1.387984037399292 1460
1.3883740901947021 1460
1.3883740901947021 1460
1.3883740901947021 1460
1.388674020767212 1460
1.388674020767212 1460
1.389021873474121 1460
1.389021873474121 1043
1.389369010925293 1460
1.389369010925293 1460
1.3897218704223633 1460
1.3897218704223633 1460
1.3897218704223633 1460
1.3902029991149902 1460
1.3902029991149902 1460
1.3906660079956055 1460
1.3906660079956055 1460
1.390989065170288 1460
1.390989065170288 1460
1.3913249969482422 1043
1.3913249969482422 1460
1.3917889595031738 1460
1.3917889595031738 1460
1.3922970294952393 1460
1.3922970294952393 1460
1.3926420211791992 1460
1.3926420211791992 1460
1.392988920211792 1460
1.3933329582214355 1460
1.3933329582214355 1460
1.3956620693206787 1460
1.3956620693206787 1043
1.3977580070495605 124
1.4239609241485596 1460
1.4239609241485596 1460
1.4243800640106201 1460
1.4243800640106201 1460
1.4249019622802734 1460
1.4249019622802734 1460
1.425368070602417 1460
1.425368070602417 1460
1.425736904144287 1460
1.426123857498169 1460
1.426590919494629 1460
1.426590919494629 1043
1.426590919494629 1460
1.4285149574279785 1460
1.4289789199829102 1460
1.4289789199829102 1460
1.4289789199829102 1460
1.4293909072875977 1460
1.4293909072875977 1460
1.4293909072875977 1460
1.4293909072875977 1460
1.4297819137573242 1460
1.4297819137573242 1460
1.4301719665527344 1043
1.4353199005126953 100
1.4556689262390137 148
1.456002950668335 1460
1.4596538543701172 1460
1.4596538543701172 1460
1.4596538543701172 1460
1.4596538543701172 1460
1.4596538543701172 1460
1.4612338542938232 1460
1.4612338542938232 1460
1.4612338542938232 1460
1.4612338542938232 1460
1.462270975112915 1460
1.462270975112915 1043
1.462270975112915 1460
1.462270975112915 1460
1.462270975112915 1460
1.462270975112915 1460
1.462270975112915 1460
1.462270975112915 1460
1.4623968601226807 1460
1.4626588821411133 1460
1.4626588821411133 1460
1.4637529850006104 1460
1.4641408920288086 1460
1.4641408920288086 1043
1.4644758701324463 1460
1.4644758701324463 1460
1.4648618698120117 1460
1.4648618698120117 1460
1.4648618698120117 1460
1.4652509689331055 1460
1.4652509689331055 1460
1.4652509689331055 1460
1.4656338691711426 1460
1.4656338691711426 1460
1.4660229682922363 1460
1.4660229682922363 1043
1.4660229682922363 1460
1.4660229682922363 1460
1.4660229682922363 1460
1.4664039611816406 1460
1.4664039611816406 1460
1.466822862625122 1460
1.466822862625122 1460
1.466822862625122 1460
1.466822862625122 1460
1.4686059951782227 1460
1.4686059951782227 1460
1.4690039157867432 1043
1.4690039157867432 124
1.504960060119629 220
1.5053858757019043 1460
1.5059070587158203 1460
1.5059070587158203 1460
1.5059070587158203 1460
1.5063509941101074 1460
1.5063509941101074 1460
1.5067050457000732 1460
1.5067050457000732 1460
1.507399082183838 1460
1.507399082183838 1460
1.5079290866851807 1460
1.5079290866851807 1043
1.5079290866851807 1460
1.510267972946167 1460
1.5105960369110107 1460
1.5105960369110107 1460
1.5110418796539307 1460
1.5110418796539307 1460
1.5110418796539307 1460
1.5110418796539307 1460
1.5110418796539307 1460
1.5115420818328857 1460
1.5115420818328857 1460
1.5115420818328857 1043
1.5118329524993896 1460
1.5118329524993896 1460
1.5122649669647217 1460
1.5122649669647217 1460
1.5122649669647217 1460
1.5122649669647217 1460
1.5122649669647217 1460
1.5128538608551025 1460
1.5128538608551025 1460
1.5134508609771729 1460
1.5134508609771729 1460
1.5154070854187012 1043
1.5154070854187012 1460
1.5154070854187012 1460
1.5158178806304932 1460
1.5158178806304932 1460
1.5158178806304932 1460
1.5162079334259033 1460
1.5162079334259033 1460
1.5162079334259033 1460
1.5166568756103516 1460
1.5166568756103516 1460
1.5166568756103516 1460
1.5166568756103516 1043
1.5170788764953613 1460
1.5170788764953613 1460
1.5170788764953613 1460
1.5175938606262207 1460
1.5175938606262207 1460
1.5180530548095703 1460
1.518517017364502 1460
1.518517017364502 1460
1.518517017364502 1460
1.518975019454956 1460
1.518975019454956 1043
1.5366978645324707 52
1.5375330448150635 1460
1.5375330448150635 1460
1.5375330448150635 1460
1.5380308628082275 1460
1.5399980545043945 1460
1.5403108596801758 1460
1.5403108596801758 1460
1.540705919265747 1460
1.540705919265747 1460
1.540705919265747 1460
1.540705919265747 1460
1.5411639213562012 1043
1.5498969554901123 196
1.550234079360962 1460
1.5506360530853271 1460
1.5506360530853271 1460
1.5509819984436035 1460
1.551419973373413 1460
1.551419973373413 1460
1.5518748760223389 1460
1.5518748760223389 1460
1.552304983139038 1460
1.552304983139038 1460
1.5527398586273193 1460
1.5527398586273193 1043
1.5532419681549072 1460
1.5553269386291504 1460
1.5553269386291504 1460
1.5556819438934326 1460
1.5556819438934326 1460
1.5556819438934326 1460
1.556041955947876 1460
1.556041955947876 1460
1.5563740730285645 1460
1.5563740730285645 1460
1.5567409992218018 1460
1.5567409992218018 1043
1.5567409992218018 1460
1.5567409992218018 1460
1.5570828914642334 1460
1.5570828914642334 1460
1.558884859085083 1460
1.559230089187622 1460
1.559230089187622 1460
1.559230089187622 1460
1.5595760345458984 1460
1.5595760345458984 1460
1.5595760345458984 1460
1.5599238872528076 1043
1.5599238872528076 1460
1.5599238872528076 1460
1.5602869987487793 1460
1.5602869987487793 1460
1.5606639385223389 1460
1.5606639385223389 1460
1.5606639385223389 1460
1.5641639232635498 1460
1.5641639232635498 1460
1.5645060539245605 1460
1.5645060539245605 1460
1.5645060539245605 1043
2.643946886062622 1460
2.669748067855835 292
2.670032024383545 1460
2.6707088947296143 1460
2.6707088947296143 1460
2.6707088947296143 1460
2.6707088947296143 1460
2.6707088947296143 1460
2.6707088947296143 915
2.6707088947296143 1460
2.671398878097534 1460
2.671398878097534 1460
2.671398878097534 1460
2.671398878097534 1460
2.671863079071045 1460
2.672373056411743 1460
2.672373056411743 1460
2.6728410720825195 1460
2.6728410720825195 1460
2.6732380390167236 1460
2.6732380390167236 1043
2.703583002090454 1460
2.703583002090454 1460
2.7039289474487305 1460
2.7039289474487305 1460
2.7039289474487305 1460
2.7042760848999023 1460
2.7042760848999023 1460
2.7046260833740234 1460
2.7046260833740234 1460
2.706254005432129 1460
2.706254005432129 1460
2.706254005432129 1043
2.706254005432129 1460
2.706254005432129 1460
2.7071399688720703 1460
2.707530975341797 1460
2.707530975341797 1460
2.707530975341797 1460
2.707530975341797 1460
2.707911968231201 1460
2.707911968231201 1460
2.707911968231201 1460
2.7083890438079834 1460
2.7083890438079834 1043
2.7083890438079834 1460
2.7087318897247314 1460
2.7087318897247314 1460
2.709038019180298 1460
2.709038019180298 1460
2.7105538845062256 1460
2.7105538845062256 1460
2.710927963256836 1460
2.710927963256836 1460
2.711538076400757 1460
2.711538076400757 1460
2.711538076400757 1043
2.7141289710998535 124
2.7343928813934326 76
2.734844923019409 1460
2.734844923019409 1460
2.7352349758148193 1460
2.7352349758148193 1460
2.7352349758148193 1460
2.7355668544769287 1460
2.7355668544769287 1460
2.735952854156494 1460
2.735952854156494 1460
2.735952854156494 1460
2.735952854156494 1460
2.735952854156494 1043
2.7383768558502197 1460
2.7383768558502197 1460
2.738651990890503 1460
2.738651990890503 1460
2.739047050476074 1460
2.739047050476074 1460
2.739047050476074 1460
2.7394418716430664 1460
2.7394418716430664 1460
2.7394418716430664 1460
2.739877939224243 1460
2.739877939224243 1043
2.739877939224243 1460
2.739877939224243 1460
2.7415380477905273 1460
2.7415380477905273 1460
2.7419629096984863 1460
2.7419629096984863 1460
2.7419629096984863 1460
2.7419629096984863 1460
2.742297887802124 1460
2.742297887802124 1460
2.742702007293701 1460
2.743875026702881 1043
2.7655138969421387 124
2.7659380435943604 1460
2.7659380435943604 1460
2.7663378715515137 1460
2.7663378715515137 1460
2.7663378715515137 1460
2.7663378715515137 1460
2.766779899597168 1460
2.766779899597168 1460
2.766779899597168 1460
2.7671759128570557 1460
2.7671759128570557 1460
2.7671759128570557 1043
2.7680459022521973 1460
2.7702529430389404 1460
2.7702529430389404 1460
2.7702529430389404 1460
2.7702529430389404 1460
2.7710678577423096 1460
2.7710678577423096 1460
2.7710678577423096 1460
2.7710678577423096 1460
2.772307872772217 1460
2.772307872772217 1460
2.7727038860321045 1043
2.776042938232422 124
2.796146869659424 124
2.7969610691070557 1460
2.7969610691070557 1460
2.797597885131836 1460
2.797597885131836 1460
2.798064947128296 1460
2.799942970275879 1460
2.799942970275879 1460
2.800360918045044 1460
2.800360918045044 1460
2.80082106590271 1460
2.80082106590271 1460
2.80082106590271 1043
2.80082106590271 1460
2.801158905029297 1460
2.8017308712005615 1460
2.8017308712005615 1460
2.802384853363037 1460
2.804192066192627 1460
2.804192066192627 1460
2.804192066192627 1460
2.804192066192627 1460
2.804636001586914 1460
2.804636001586914 1460
2.804636001586914 1043
2.805140972137451 1460
2.805140972137451 1460
2.805140972137451 1460
2.805140972137451 1460
2.805535078048706 1460
2.805535078048706 1460
2.805535078048706 1460
2.808305025100708 1460
2.808305025100708 1460
2.808305025100708 1460
2.808305025100708 1460
2.808305025100708 1043
2.808305025100708 1460
2.808305025100708 1460
2.808305025100708 1460
2.8088459968566895 1460
2.8088459968566895 1460
2.8088459968566895 1460
2.8088459968566895 1460
2.8088459968566895 1460
2.8089818954467773 1460
2.809433937072754 1460
2.809433937072754 1460
2.811018943786621 1043
2.811018943786621 76
2.8309710025787354 124
2.831760883331299 1460
2.831760883331299 1460
2.8321080207824707 1460
2.8321080207824707 1460
2.8324830532073975 1460
2.8324830532073975 1460
2.832828998565674 1460
2.832828998565674 1460
2.8332278728485107 1460
2.8332278728485107 1460
2.833630084991455 1460
2.833630084991455 1043
2.833976984024048 1460
2.833976984024048 1460
2.833976984024048 1460
2.8346030712127686 1460
2.8346030712127686 1460
2.8349409103393555 1460
2.8349409103393555 1460
2.835331916809082 1460
2.8357269763946533 1460
2.8357269763946533 1460
2.836047887802124 1460
2.836047887802124 1043
2.83638596534729 1460
2.83638596534729 1460
2.836732864379883 1460
2.8371219635009766 1460
2.8371219635009766 1460
2.8376359939575195 1460
2.8376359939575195 1460
2.8376359939575195 1460
2.8379900455474854 1460
2.8399620056152344 1460
2.8404369354248047 1460
2.8404369354248047 1043
2.859189987182617 124
2.85994291305542 1460
2.8605029582977295 1460
2.8605029582977295 1460
2.860952854156494 1460
2.860952854156494 1460
2.8614089488983154 1460
2.8614089488983154 1460
2.8619840145111084 1460
2.8619840145111084 1460
2.8625879287719727 1460
2.8625879287719727 1460
2.8625879287719727 1043
2.863041877746582 1460
2.865083932876587 1460
2.865083932876587 1460
2.8655340671539307 1460
2.8655340671539307 1460
2.865985870361328 1460
2.865985870361328 1460
2.865985870361328 1460
2.865985870361328 1460
2.865985870361328 1460
2.86649489402771 1460
2.86649489402771 1043
2.869339942932129 124
2.893343925476074 172
2.8938238620758057 1460
2.8938238620758057 1460
2.8940999507904053 1460
2.8940999507904053 1460
2.8940999507904053 1460
2.8944458961486816 1460
2.8944458961486816 1460
2.8949248790740967 1460
2.8949248790740967 1460
2.8952529430389404 1460
2.8952529430389404 1460
2.8952529430389404 1043
2.895642042160034 1460
2.895642042160034 1460
2.8960349559783936 1460
2.8960349559783936 1460
2.896475076675415 1460
2.896475076675415 1460
2.896852970123291 1460
2.896852970123291 1460
2.896852970123291 1460
2.8972370624542236 1460
2.897620916366577 1460
2.897620916366577 1043
2.897968053817749 1460
2.8983540534973145 1460
2.8983540534973145 1460
2.8987319469451904 1460
2.8987319469451904 1460
2.8991310596466064 1460
2.8991310596466064 1460
2.8995189666748047 1460
2.8995189666748047 1460
2.899977922439575 1460
2.899977922439575 1460
2.899977922439575 1043
2.9002349376678467 1460
2.9002349376678467 1460
2.9009828567504883 1460
2.9009828567504883 1460
2.9009828567504883 1460
2.9009828567504883 1460
2.9016430377960205 1460
2.9016430377960205 1460
2.9040510654449463 1460
2.9040510654449463 1460
2.9040510654449463 1460
2.9040510654449463 1043
2.9040510654449463 1460
2.904465913772583 1460
2.904465913772583 1460
2.9048049449920654 1460
2.9048049449920654 1460
2.9048049449920654 1460
2.9048049449920654 1460
2.905277967453003 1460
2.905277967453003 1460
2.905277967453003 1460
2.9056270122528076 1460
2.9056270122528076 1043
2.951920986175537 268
2.9523000717163086 1460
2.9526870250701904 1460
