1048975
0.0 1478
0.0003800392150878906 1478
0.02426910400390625 52
0.026220083236694336 1478
0.026220083236694336 1478
0.026220083236694336 1410
0.026220083236694336 1478
0.026220083236694336 1478
0.026220083236694336 1478
0.026821136474609375 1478
0.026821136474609375 1478
0.026821136474609375 1410
0.040966033935546875 52
0.05026817321777344 52
0.053153038024902344 1478
0.07197904586791992 52
0.07279419898986816 1478
0.07279419898986816 1478
0.07279419898986816 1478
0.07430219650268555 1478
0.07430219650268555 1410
0.07430219650268555 1478
0.07470917701721191 1478
0.09300804138183594 52
0.09300804138183594 1478
0.09346508979797363 1478
0.09346508979797363 1478
0.10062503814697266 1410
0.10636019706726074 1478
0.10636019706726074 1478
0.11809802055358887 52
0.11809802055358887 1478
0.11844611167907715 1478
0.11844611167907715 1478
0.11888813972473145 1410
0.13854598999023438 52
0.13854598999023438 1478
0.13894009590148926 1478
0.1566770076751709 1478
0.15713906288146973 1478
0.16431117057800293 1478
0.1788480281829834 76
0.1788480281829834 1410
0.19779610633850098 52
0.2584409713745117 1478
0.2584409713745117 52
0.28069519996643066 1478
0.28099918365478516 1478
0.3028910160064697 52
0.30321812629699707 1478
0.30321812629699707 1478
0.3035740852355957 1410
0.3206520080566406 1478
0.3245720863342285 52
0.324862003326416 1478
0.324862003326416 1478
0.32624220848083496 1478
0.32624220848083496 1478
0.3266329765319824 1410
0.3415071964263916 52
0.34183812141418457 1478
0.34183812141418457 1478
0.3566441535949707 1478
0.3586540222167969 1478
0.3589820861816406 1478
0.3593931198120117 1478
0.3593931198120117 1478
0.3593931198120117 1478
0.3593931198120117 1478
0.35971617698669434 1478
0.35971617698669434 1478
0.35971617698669434 1342
0.3669440746307373 52
0.3776130676269531 1478
0.39337801933288574 1478
0.39337801933288574 52
0.3966381549835205 1478
0.4048190116882324 52
0.40524911880493164 1478
0.40524911880493164 1478
0.4056391716003418 1410
0.4165010452270508 1478
0.4184579849243164 1478
0.4184579849243164 1478
0.44226813316345215 1478
0.44226813316345215 1478
0.44263410568237305 1410
0.44263410568237305 52
0.4441499710083008 1478
0.4441499710083008 1478
0.4441499710083008 1478
0.4441499710083008 1478
0.44619297981262207 1478
0.44619297981262207 1410
0.44658398628234863 1478
0.44658398628234863 1478
0.4525461196899414 1478
0.4634671211242676 76
0.4638221263885498 1478
0.48049497604370117 1478
0.4824361801147461 52
0.4864630699157715 1478
0.5015721321105957 1478
0.5227351188659668 76
0.523388147354126 1478
0.5405230522155762 1478
0.5420150756835938 52
0.5426061153411865 1478
0.5614650249481201 1478
0.575066089630127 1478
0.575066089630127 52
0.575066089630127 315
0.5854849815368652 1478
0.5960919857025146 1478
0.6171700954437256 76
0.6175220012664795 1478
0.6175220012664795 213
0.6254570484161377 1478
0.639538049697876 175
0.6399781703948975 1478
0.6635291576385498 109
0.6639142036437988 1274
0.6844542026519775 175
0.7059299945831299 109
0.7406702041625977 151
0.7599940299987793 1478
0.7822730541229248 1478
0.7825989723205566 1478
0.7825989723205566 1478
0.8028051853179932 1478
0.8028051853179932 1478
0.8032081127166748 1478
0.8032081127166748 1478
0.8032081127166748 1478
0.8035621643066406 1478
0.8035621643066406 1478
0.8035621643066406 1342
0.8039460182189941 1478
0.8039460182189941 52
0.8039460182189941 1478
0.8240602016448975 52
0.8240602016448975 1478
0.8256430625915527 1478
0.8501701354980469 52
0.8501701354980469 1478
0.8501701354980469 1478
0.8501701354980469 1478
0.8717241287231445 52
0.8717241287231445 1478
0.8717241287231445 1478
0.8721041679382324 1478
0.8732790946960449 1478
0.8732790946960449 1478
0.8736681938171387 1478
0.8736681938171387 1478
0.8740460872650146 1478
0.8740460872650146 943
0.8857932090759277 1478
0.8871121406555176 1478
0.8875181674957275 1478
0.8887491226196289 1478
0.8887491226196289 1478
0.8887491226196289 52
0.8891921043395996 1478
0.8895761966705322 1478
0.8904809951782227 1478
0.9120240211486816 52
0.9120240211486816 1137
0.9154829978942871 1478
0.9374661445617676 52
0.9379410743713379 1478
0.9379410743713379 1478
0.9381511211395264 1478
0.9381511211395264 1478
0.9385471343994141 1478
0.9385471343994141 1478
0.9385471343994141 1478
0.9385471343994141 1478
0.9391751289367676 1478
0.9391751289367676 1478
0.9395430088043213 1478
0.9395430088043213 1478
0.9395430088043213 1478
0.939932107925415 1478
0.939932107925415 1478
0.9403960704803467 1478
0.9794750213623047 1478
0.9810690879821777 52
0.9810690879821777 213
0.9833810329437256 1478
1.006040096282959 52
1.0063719749450684 1478
1.0063719749450684 1478
1.0063719749450684 1478
1.0063719749450684 349
1.0264220237731934 1478
1.0522150993347168 1478
1.0522150993347168 1478
1.052793025970459 1478
1.052793025970459 1478
1.052793025970459 1410
1.0675990581512451 1478
1.067924976348877 1478
1.0732171535491943 1478
1.0732171535491943 1478
1.0751101970672607 1478
1.093986988067627 76
1.093986988067627 1410
1.0988900661468506 1478
1.0988900661468506 1478
1.1054840087890625 1478
1.130303144454956 76
1.1306250095367432 1478
1.1309900283813477 1478
1.1309900283813477 1478
1.1322190761566162 1045
1.1326000690460205 1478
1.1326000690460205 1478
1.1329970359802246 1478
1.1521639823913574 52
1.1521639823913574 1478
1.1521639823913574 1478
1.1526219844818115 1478
1.1526219844818115 1478
1.15301513671875 1478
1.15301513671875 1478
1.15301513671875 1478
1.1756751537322998 1478
1.1756751537322998 1478
1.176103115081787 1478
1.2036020755767822 1478
1.2039880752563477 1478
1.2039880752563477 281
1.211604118347168 52
1.2253780364990234 1478
1.233429193496704 1478
1.272416114807129 52
1.2735230922698975 281
1.3195149898529053 52
1.3195149898529053 1161
1.3530290126800537 52
1.3535521030426025 1478
1.354578971862793 1478
1.355215072631836 1478
1.355215072631836 1478
1.3556029796600342 1478
1.3556029796600342 1410
1.3559930324554443 1478
1.3559930324554443 1478
1.3980519771575928 1478
1.3984131813049316 1478
1.3984131813049316 1478
1.3984131813049316 1478
1.399440050125122 1045
1.3998100757598877 1478
1.3998100757598877 1478
1.400170087814331 1478
1.400170087814331 1478
1.4005119800567627 1478
1.4005119800567627 1478
1.4005119800567627 1478
1.401003122329712 1478
1.401003122329712 1478
1.4014050960540771 1478
1.408616065979004 1478
1.4179081916809082 1161
1.4179081916809082 1478
1.4179081916809082 1478
1.4179081916809082 1478
1.4179081916809082 52
1.4179081916809082 281
1.4395020008087158 1478
1.4395020008087158 1478
1.4438071250915527 1478
1.4438071250915527 1478
1.4442260265350342 1478
1.4624052047729492 76
1.4627389907836914 1478
1.4627389907836914 1478
1.4631061553955078 1478
1.4795551300048828 52
1.4795551300048828 1478
1.4798521995544434 1478
1.4798521995544434 1478
1.4815020561218262 1478
1.4815020561218262 1478
1.4815020561218262 1410
1.4815020561218262 1478
1.4815020561218262 1478
1.4815020561218262 1478
1.4817121028900146 1478
1.4819471836090088 1478
1.4819471836090088 1478
1.4823331832885742 1045
1.4823331832885742 1478
1.4823331832885742 1478
1.4826810359954834 1478
1.4826810359954834 1478
1.5050461292266846 52
1.5054271221160889 1478
1.5054271221160889 1478
1.530245065689087 52
1.5307650566101074 1478
1.5334901809692383 1478
1.5374681949615479 52
1.5374681949615479 145
1.5555641651153564 1478
1.5767850875854492 1478
1.5979089736938477 52
1.5983951091766357 1478
1.6113710403442383 1478
1.6231920719146729 52
1.6235780715942383 1478
1.6455700397491455 52
1.6455700397491455 1478
1.6455700397491455 1478
1.655055046081543 1478
1.6666450500488281 52
1.6677169799804688 1478
1.6766250133514404 1478
1.695479154586792 76
1.6958930492401123 1478
1.7165110111236572 52
1.7168810367584229 1478
1.7381629943847656 52
1.7383990287780762 1478
1.7529230117797852 1478
1.7591421604156494 52
1.773393154144287 1342
1.794525146484375 76
1.7949590682983398 1478
1.8154561519622803 52
1.819284200668335 1478
1.819284200668335 1478
1.8195481300354004 1478
1.8195481300354004 1478
1.8195481300354004 1478
1.8198661804199219 1478
1.8198661804199219 1478
1.8207759857177734 1478
1.8207759857177734 1478
1.8207759857177734 1478
1.8207759857177734 1342
1.8364930152893066 52
1.863847017288208 52
1.8649489879608154 1478
1.8649489879608154 1478
1.8649489879608154 1478
1.8660380840301514 1478
1.8660380840301514 1478
1.8660380840301514 1478
1.8660380840301514 1478
1.8660380840301514 1478
1.8660380840301514 1478
1.8660380840301514 1478
1.8667681217193604 1478
1.8671770095825195 1478
1.8671770095825195 1478
1.8676509857177734 1478
1.8676509857177734 1478
1.8676509857177734 1478
1.8943061828613281 1478
1.9078831672668457 1478
1.9078831672668457 1478
1.9083499908447266 1478
1.918262004852295 1478
1.9186830520629883 1478
1.9186830520629883 1478
1.9186830520629883 1161
1.9241001605987549 52
1.9244940280914307 281
1.9433519840240479 52
1.9451260566711426 1113
1.9692261219024658 52
1.96983003616333 1478
1.96983003616333 1478
1.96983003616333 1478
1.9701871871948242 1478
1.9701871871948242 1478
1.9705610275268555 1478
1.9705610275268555 1478
1.9710261821746826 1478
1.9710261821746826 1478
1.978032112121582 1478
1.996791124343872 52
1.9971461296081543 1478
2.0041041374206543 52
2.0041041374206543 1478
2.0190560817718506 1478
2.0190560817718506 1478
2.0190560817718506 1478
2.039734125137329 76
2.0402050018310547 1478
2.0614562034606934 52
2.061859130859375 1410
2.061859130859375 1478
2.061859130859375 1478
2.062359094619751 1478
2.082686185836792 52
2.0832581520080566 1478
2.0832581520080566 1478
2.0836281776428223 1410
2.0836281776428223 1478
2.104088068008423 52
2.104088068008423 1478
2.104471206665039 1478
2.104471206665039 1478
2.104471206665039 1478
2.10483717918396 1478
2.10483717918396 1478
2.1052260398864746 1478
2.1052260398864746 1478
2.1052260398864746 1478
2.1059861183166504 1478
2.12899112701416 52
2.1293981075286865 1342
2.154576063156128 52
2.154576063156128 1478
2.155013084411621 1478
2.155013084411621 1478
2.15545916557312 1478
2.15545916557312 1478
2.15545916557312 1410
2.15545916557312 1478
2.156419038772583 1478
2.1568641662597656 1478
2.1568641662597656 1478
2.1568641662597656 1478
2.1568641662597656 1410
2.1634089946746826 52
2.19336199760437 1478
2.1955580711364746 1478
2.19588303565979 1478
2.19588303565979 1478
2.1962811946868896 1478
2.2162020206451416 52
2.2171380519866943 1410
2.2171380519866943 1478
2.2412641048431396 52
2.2416770458221436 1478
2.245227098464966 1478
2.2578911781311035 1478
2.2629261016845703 52
2.2635610103607178 1478
2.2786171436309814 1410
2.299798011779785 76
2.300187110900879 1478
2.317277193069458 52
2.3179750442504883 1478
2.3299710750579834 1478
2.3385040760040283 52
2.3407251834869385 1478
2.3586220741271973 1478
2.381028175354004 76
2.3813750743865967 1478
2.3813750743865967 1478
2.3813750743865967 1478
2.38175106048584 1478
2.38175106048584 1478
2.38175106048584 1478
2.382169008255005 1342
2.382169008255005 281
2.401890993118286 52
2.412317991256714 1478
2.432274103164673 1478
2.432274103164673 1478
2.4325180053710938 1478
2.4325180053710938 1478
2.4325180053710938 1410
2.4328529834747314 1478
2.4328529834747314 1478
2.4332010746002197 1478
2.4332010746002197 1478
2.4332010746002197 1478
2.433549165725708 1410
2.438063144683838 1113
2.4447181224823 76
2.4453861713409424 1478
2.458343982696533 1478
2.458343982696533 1478
2.4585981369018555 1478
2.4585981369018555 1478
2.458956003189087 1478
2.458956003189087 1478
2.458956003189087 1478
2.459505081176758 1478
2.459887981414795 1478
2.459887981414795 1478
2.4713380336761475 1137
2.4931740760803223 1137
2.512026071548462 52
2.536487102508545 52
2.5371739864349365 1478
2.5371739864349365 1478
2.5371739864349365 1478
2.5371739864349365 1478
2.5381100177764893 1478
2.5391530990600586 1478
2.5391530990600586 1478
2.5391530990600586 1478
2.5391530990600586 1478
2.5391530990600586 1478
2.5413920879364014 1478
2.5413920879364014 1342
2.563791036605835 1478
2.563791036605835 1478
2.564113140106201 1478
2.564113140106201 1478
2.564535140991211 1478
2.564535140991211 1478
2.564535140991211 1478
2.564535140991211 1478
2.564840078353882 1478
2.564840078353882 1478
2.565225124359131 1478
2.565225124359131 1342
2.5819571018218994 1478
2.5819571018218994 1478
2.590481996536255 1478
2.602398157119751 76
2.602675199508667 1478
2.627588987350464 52
2.627588987350464 1478
2.6315810680389404 1410
2.6489131450653076 52
2.6489131450653076 1478
2.6661791801452637 52
2.666638135910034 1478
2.6682660579681396 1478
2.6682660579681396 1478
2.689105987548828 52
2.689105987548828 1478
2.6895880699157715 1410
2.6982040405273438 1478
2.7100510597229004 52
2.7100510597229004 1478
2.719663143157959 1478
2.742164134979248 76
2.7428112030029297 1478
2.7590441703796387 52
2.7590441703796387 1478
2.7818000316619873 1410
2.804833173751831 76
2.8052210807800293 1478
2.8052210807800293 281
2.8224411010742188 1478
2.8326950073242188 52
2.8432722091674805 52
2.843647003173828 1478
2.8540329933166504 1478
2.8755180835723877 76
2.875897169113159 1478
2.877077102661133 1478
2.877519130706787 1478
2.877519130706787 1478
2.8791701793670654 1478
2.8791701793670654 1478
2.879507064819336 1478
2.879507064819336 1342
2.8798530101776123 1478
2.8798530101776123 1478
2.8801991939544678 1478
2.8801991939544678 1478
2.880552053451538 1478
2.880552053451538 1410
2.880552053451538 1478
2.880552053451538 1478
2.8809092044830322 1478
2.8809092044830322 1478
2.8812711238861084 1478
2.8812711238861084 1478
2.8812711238861084 1478
2.8812711238861084 1478
2.897813081741333 52
2.8980929851531982 1478
2.9215590953826904 1478
2.921931028366089 1478
2.921931028366089 1342
2.9232451915740967 1478
2.9422709941864014 52
2.942646026611328 1478
2.9432690143585205 1478
2.9432690143585205 1478
2.9436562061309814 1478
2.9436562061309814 1478
2.966900110244751 1478
2.967010021209717 1478
2.967010021209717 1478
2.9808120727539062 1478
2.9808120727539062 1478
2.9808120727539062 1342
2.9811911582946777 1113
2.9811911582946777 1478
2.9811911582946777 1478
2.9835259914398193 1478
2.9835259914398193 1478
2.9839119911193848 1478
2.9839119911193848 1478
2.9975321292877197 76
2.9980640411376953 1478
2.9980640411376953 281
3.010554075241089 1478
3.02291202545166 52
3.0232651233673096 1478
3.0232651233673096 1478
3.0236001014709473 1478
3.0236001014709473 1137
3.040553092956543 1478
3.0446670055389404 1478
3.0446670055389404 52
3.0645151138305664 52
3.0649330615997314 1478
3.0649330615997314 1478
3.065237045288086 1478
3.083163022994995 349
3.1027991771698 1478
3.1027991771698 1478
3.103260040283203 1478
3.103260040283203 76
3.124545097351074 52
3.124545097351074 1478
3.124969005584717 1478
3.124969005584717 1478
3.124969005584717 1045
3.1253960132598877 1478
3.1253960132598877 1478
3.1253960132598877 1478
3.1253960132598877 1478
3.1257309913635254 1478
3.126204013824463 1478
3.126204013824463 1478
3.146008014678955 52
3.146311044692993 1478
3.166530132293701 52
3.16693115234375 1478
3.1689209938049316 1478
3.1689209938049316 1478
3.1689209938049316 1137
3.1693170070648193 1478
3.1693170070648193 1478
3.1693170070648193 1478
3.1693170070648193 1478
3.1696951389312744 1478
3.1696951389312744 349
3.1696951389312744 1478
3.170041084289551 1478
3.170041084289551 1478
3.187072992324829 52
3.1880111694335938 1478
3.2054121494293213 1478
3.2054121494293213 1410
3.2135751247406006 1478
3.213912010192871 1478
3.2230961322784424 52
3.2234699726104736 1478
3.2234699726104736 281
3.234596014022827 1478
3.257132053375244 1478
3.278470993041992 1410
3.278470993041992 1478
3.2943570613861084 1478
3.2943570613861084 52
3.2943570613861084 281
3.3054940700531006 1478
3.3162550926208496 76
3.3162550926208496 1478
3.338449001312256 52
3.338449001312256 1478
3.345264196395874 1410
3.3848061561584473 52
3.3851850032806396 1478
3.3855221271514893 1478
3.3855221271514893 1478
3.4283440113067627 1478
3.4283440113067627 1478
3.4283440113067627 1410
3.428719997406006 1478
3.4291141033172607 1478
3.4291141033172607 1478
3.4380791187286377 1478
3.4380791187286377 1478
3.4472501277923584 1410
3.4472501277923584 1113
3.4472501277923584 1478
3.447650194168091 1478
3.4759960174560547 76
3.4763400554656982 1478
3.4763400554656982 1478
3.4766921997070312 1478
3.4766921997070312 1478
3.4770421981811523 1478
3.4770421981811523 1478
3.4770421981811523 1478
3.4770421981811523 1478
3.4774081707000732 1478
3.4774081707000732 1161
3.47774600982666 1137
3.47774600982666 1478
3.47774600982666 1478
3.478180170059204 1478
3.478180170059204 1478
3.478572130203247 1478
3.478572130203247 1478
3.478572130203247 1478
3.478572130203247 281
3.5011160373687744 52
3.5011160373687744 1478
3.514376163482666 1478
3.5354089736938477 52
3.5358409881591797 1478
3.556396007537842 52
3.5567920207977295 1478
3.5567920207977295 1137
3.557119131088257 1478
3.557119131088257 1478
3.557119131088257 1478
3.5574541091918945 1478
3.5574541091918945 1478
3.5574541091918945 1478
3.5578041076660156 1478
3.5583460330963135 1478
3.5692780017852783 1478
3.5866429805755615 52
3.5872950553894043 1478
3.5872950553894043 1478
3.5872950553894043 1137
3.587642192840576 1478
3.587642192840576 1478
3.5880022048950195 1478
3.5888571739196777 1478
3.5888571739196777 1478
3.5888571739196777 349
3.58931303024292 1478
3.58931303024292 1478
3.58931303024292 1478
3.58931303024292 1478
3.589771032333374 1478
3.5961101055145264 52
3.5961101055145264 1410
3.607633113861084 1478
3.633273124694824 76
3.633273124694824 1478
3.633273124694824 1478
3.654360055923462 52
3.654759168624878 1478
3.6758902072906494 52
3.6762921810150146 1478
3.6762921810150146 1478
3.676612138748169 1478
3.6998441219329834 52
3.70032000541687 1478
3.7225420475006104 52
3.7225420475006104 1478
3.7229881286621094 1478
3.7229881286621094 1478
3.755014181137085 76
3.7555201053619385 1478
3.7558469772338867 1478
3.773609161376953 1478
3.7943410873413086 52
3.794779062271118 1478
3.8190550804138184 1478
3.8363120555877686 1478
3.8570711612701416 76
3.8570711612701416 1274
3.8777639865875244 52
3.878157138824463 1478
3.8979461193084717 1478
3.8994481563568115 1478
3.8994481563568115 1478
3.914393186569214 76
3.9147801399230957 1478
3.9367752075195312 52
3.937197208404541 1410
3.937197208404541 1137
3.9377641677856445 1478
3.9377641677856445 1478
3.95992112159729 52
3.95992112159729 1478
3.95992112159729 1478
3.95992112159729 1478
3.95992112159729 1478
3.95992112159729 1478
3.95992112159729 1478
3.960283041000366 1478
3.960283041000366 1011
3.984935998916626 52
4.0101330280303955 52
4.0505712032318115 1478
4.050921201705933 1478
4.050921201705933 1478
4.051251173019409 1478
4.051251173019409 1478
4.051627159118652 1410
4.09172797203064 1478
4.09172797203064 1478
4.093149185180664 1478
4.093610048294067 1478
4.093610048294067 1478
4.093610048294067 1478
4.093610048294067 1045
4.113447189331055 52
4.113803148269653 1478
4.113803148269653 1478
4.114174127578735 1478
4.114174127578735 1478
4.114516019821167 1478
4.114516019821167 1478
4.114516019821167 1478
4.114516019821167 1478
4.1148600578308105 1478
4.1148600578308105 1478
4.115218162536621 1478
4.115218162536621 281
4.136435031890869 52
4.1625261306762695 52
4.206181049346924 1478
4.2064971923828125 1478
4.2064971923828125 1478
4.2064971923828125 1478
4.206835031509399 1478
4.206835031509399 1478
4.206835031509399 1045
4.233980178833008 1478
4.234443187713623 1478
4.234443187713623 1478
4.234443187713623 1478
4.234790086746216 1478
4.234790086746216 1478
4.234790086746216 1478
4.235174179077148 1478
4.235174179077148 1478
4.235548973083496 1478
4.235548973083496 1478
4.235548973083496 281
4.294263124465942 76
4.294651985168457 1478
4.295027017593384 1478
4.295027017593384 1478
4.295418977737427 1478
4.295418977737427 1478
4.295418977737427 1410
4.338565111160278 1478
4.338565111160278 1478
4.340285062789917 1478
4.340285062789917 1478
4.340780019760132 1478
4.340780019760132 1478
4.340780019760132 1478
4.340780019760132 1478
4.34099006652832 1478
4.34099006652832 1478
4.341395139694214 1478
4.341395139694214 1478
4.341817140579224 1478
4.341817140579224 1478
4.341817140579224 1478
4.341817140579224 1478
4.341817140579224 1478
4.342223167419434 1478
4.342223167419434 909
4.358853101730347 52
4.359235048294067 1478
4.359620094299316 1478
4.359620094299316 1478
4.359620094299316 1478
4.359620094299316 1478
4.360006093978882 1478
