1049015
0.0 1478
0.00035500526428222656 1478
0.00035500526428222656 1009
0.028100967407226562 1478
0.028913021087646484 1478
0.028913021087646484 1478
0.029371023178100586 1478
0.029371023178100586 321
0.05985593795776367 52
0.06099295616149902 1478
0.06099295616149902 1378
0.061372995376586914 1478
0.06179308891296387 1478
0.06179308891296387 1478
0.06241893768310547 1478
0.06286001205444336 1478
0.06338906288146973 1478
0.06338906288146973 1478
0.0639960765838623 1478
0.0639960765838623 1478
0.0647130012512207 1478
0.06513309478759766 1478
0.06513309478759766 1478
0.06579399108886719 1478
0.06579399108886719 1178
0.08973002433776855 1378
0.12166595458984375 1478
0.12166595458984375 1478
0.1220099925994873 1478
0.12237405776977539 1478
0.12237405776977539 1478
0.12288212776184082 1378
0.1450819969177246 52
0.14526796340942383 1478
0.1461009979248047 1109
0.1519320011138916 76
0.15261602401733398 1478
0.1533041000366211 1478
0.1533041000366211 1478
0.15436792373657227 1378
0.18357300758361816 1478
0.18357300758361816 1478
0.1839890480041504 1478
0.18424510955810547 1478
0.18459296226501465 1478
0.18534302711486816 1478
0.18534302711486816 1478
0.18583393096923828 1478
0.18604493141174316 1478
0.1863999366760254 1478
0.18687891960144043 1478
0.18761396408081055 1478
0.18761396408081055 1478
0.18794798851013184 1478
0.18823504447937012 1478
0.18892812728881836 1478
0.18944001197814941 1478
0.18944001197814941 1478
0.18994712829589844 1478
0.18994712829589844 1478
0.1902940273284912 1478
0.19071102142333984 1478
0.19151592254638672 1478
0.19151592254638672 1478
0.19194912910461426 1478
0.19194912910461426 1478
0.1922900676727295 1478
0.1927950382232666 1347
0.20091605186462402 1109
0.2147691249847412 1478
0.21517109870910645 1478
0.21555709838867188 1478
0.21555709838867188 1478
0.21594905853271484 1478
0.2166910171508789 321
0.27794599533081055 1109
0.27857208251953125 1478
0.27898311614990234 1478
0.27934908866882324 1478
0.27989912033081055 1378
0.3117399215698242 52
0.31243300437927246 1478
0.31287193298339844 1478
0.31287193298339844 1478
0.3136789798736572 1478
0.3136789798736572 1478
0.31403613090515137 1478
0.31403613090515137 1478
0.3145711421966553 1478
0.3145711421966553 1478
0.3150479793548584 1478
0.31577301025390625 1478
0.31577301025390625 1478
0.3162229061126709 1478
0.3162229061126709 1478
0.3168070316314697 1478
0.317310094833374 1478
0.3177471160888672 1478
0.3177471160888672 1478
0.3186459541320801 1478
0.3186459541320801 1478
0.3190159797668457 1478
0.31939101219177246 1478
0.31979894638061523 1478
0.31979894638061523 1478
0.3202190399169922 1347
0.32062697410583496 1478
0.32062697410583496 1478
0.3214149475097656 1478
0.32185792922973633 1478
0.32221508026123047 1478
0.32294511795043945 1478
0.32294511795043945 1478
0.3233981132507324 1478
0.3233981132507324 1478
0.3237800598144531 1478
0.32416701316833496 1478
0.3247511386871338 1478
0.32513904571533203 1478
0.3255269527435303 1478
0.32598304748535156 1478
0.32598304748535156 1478
0.32673096656799316 1478
0.32673096656799316 1078
0.3876950740814209 52
0.38871312141418457 1478
0.3888869285583496 1478
0.3888869285583496 1478
0.3895249366760254 1478
0.3898320198059082 1478
0.3898320198059082 321
0.4185819625854492 1478
0.4189910888671875 1478
0.4194481372833252 1478
0.511976957321167 1478
0.5123569965362549 1478
0.5127909183502197 1478
0.5127909183502197 1478
0.5135290622711182 1478
0.5135290622711182 1478
0.5428040027618408 1133
0.5745799541473389 52
0.5752730369567871 1478
0.5758810043334961 1478
0.576591968536377 1478
0.5769379138946533 1478
0.577301025390625 1478
0.5776360034942627 1478
0.5776360034942627 1478
0.5779860019683838 1478
0.5785391330718994 1478
0.5788891315460205 1478
0.5788891315460205 1478
0.5792810916900635 1478
0.5792810916900635 1478
0.5798580646514893 1478
0.5804240703582764 1478
0.580955982208252 1478
0.5813019275665283 1478
0.581658124923706 1478
0.5819859504699707 1478
0.5819859504699707 1478
0.5825519561767578 1478
0.5829570293426514 1478
0.5834090709686279 1478
0.5838170051574707 1478
0.5845179557800293 1478
0.5845179557800293 1478
0.584942102432251 1247
0.6070120334625244 1478
0.6070120334625244 1478
0.607367992401123 1478
0.6078150272369385 1478
0.6364650726318359 1478
0.6364650726318359 1478
0.6372630596160889 1478
0.6531929969787598 1109
0.6674919128417969 1478
0.6674919128417969 1478
0.6679809093475342 1478
0.6683750152587891 1478
0.6683750152587891 321
0.7584381103515625 52
0.7588109970092773 1478
0.7591969966888428 1109
0.794713020324707 1478
0.7951390743255615 1478
0.795543909072876 1478
0.795543909072876 321
0.8866269588470459 1478
0.8866269588470459 1478
0.8872349262237549 1478
0.8872349262237549 1478
0.8872919082641602 1478
0.8880820274353027 1478
0.8880820274353027 1478
0.8886511325836182 1478
0.8886511325836182 1478
0.9174520969390869 1478
0.9179379940032959 1478
0.9187290668487549 1478
0.919090986251831 1478
0.919435977935791 1478
0.919435977935791 1478
0.981010913848877 1109
1.0119860172271729 1478
1.0127620697021484 1478
1.0131011009216309 1478
1.0720150470733643 100
1.073012113571167 1478
1.1140620708465576 1478
1.1144330501556396 1478
1.1148791313171387 1478
1.1152329444885254 1478
1.1158790588378906 1478
1.1158790588378906 1478
1.1166551113128662 1478
1.1166551113128662 1478
1.1170129776000977 1478
1.1170129776000977 1478
1.1174309253692627 1478
1.1174309253692627 1478
1.1179800033569336 1478
1.1179800033569336 1478
1.1186230182647705 1478
1.1189510822296143 1478
1.1189510822296143 1478
1.119347095489502 1478
1.1202731132507324 1478
1.1202731132507324 1478
1.1202731132507324 1478
1.1202731132507324 1478
1.121217966079712 1478
1.121217966079712 1478
1.121217966079712 1478
1.1218860149383545 1478
1.1222739219665527 1478
1.1222739219665527 1478
1.1227071285247803 1478
1.1227071285247803 1478
1.1234080791473389 1478
1.1237809658050537 1478
1.1237809658050537 878
1.1338200569152832 1133
1.1843221187591553 1478
1.1851460933685303 1478
1.1851460933685303 1478
1.1855671405792236 1478
1.1863269805908203 1478
1.186716079711914 1478
1.186716079711914 1478
1.1878819465637207 1478
1.1886041164398193 1478
1.1886041164398193 1478
1.189039945602417 1478
1.189039945602417 1478
1.1925609111785889 1478
1.1925609111785889 1478
1.1925609111785889 1447
1.2499239444732666 52
1.2515881061553955 1478
1.3075480461120605 52
1.3080720901489258 1478
1.3084180355072021 1478
1.3089101314544678 1478
1.3089101314544678 1478
1.3094520568847656 1478
1.3094520568847656 1478
1.3102359771728516 1478
1.3106939792633057 1478
1.3727080821990967 1478
1.527266025543213 1478
1.5876331329345703 1478
1.6553850173950195 76
1.6559710502624512 1478
1.656494140625 1478
1.6569609642028809 1478
1.6573750972747803 1478
1.6577060222625732 1478
1.6580569744110107 1478
1.6580569744110107 1478
1.6593599319458008 1478
1.6604981422424316 1478
1.6604981422424316 1478
1.6609621047973633 1478
1.6618540287017822 1478
1.6618540287017822 1478
1.6624219417572021 1478
1.6628520488739014 1478
1.6635420322418213 1478
1.6635420322418213 1478
1.6640160083770752 1478
1.6640160083770752 978
1.7775521278381348 1478
1.7775521278381348 1478
1.7775521278381348 1478
1.7775521278381348 1478
1.7775521278381348 1478
1.7782580852508545 1478
1.7782580852508545 1478
1.7782580852508545 1478
1.778852939605713 1478
1.778852939605713 1478
1.7794909477233887 1478
1.7794909477233887 1478
1.7802491188049316 1478
1.853058099746704 1109
1.8739070892333984 1478
1.8745019435882568 1478
1.8748810291290283 1478
1.8748810291290283 1478
1.8752779960632324 1478
1.8752779960632324 1478
1.8752779960632324 321
1.8995840549468994 1478
1.8995840549468994 1478
1.8999199867248535 1378
1.905829906463623 52
1.9066989421844482 1478
1.9072329998016357 1109
1.932845115661621 76
1.9332220554351807 1478
1.933682918548584 1478
1.9343209266662598 1478
1.9347939491271973 1478
1.9351611137390137 1478
1.9356410503387451 1478
1.9361939430236816 1478
1.936682939529419 1478
1.936682939529419 1478
1.9371049404144287 1478
1.9371049404144287 1478
1.9376850128173828 1478
1.9376850128173828 1478
1.937993049621582 1478
1.9387049674987793 1478
1.9387049674987793 1478
1.939065933227539 1478
1.939065933227539 1478
1.9394760131835938 1478
1.9394760131835938 1478
1.9401969909667969 1478
1.9407899379730225 1478
1.9407899379730225 1347
1.9679079055786133 1109
2.0009849071502686 1478
2.0014331340789795 1478
2.0014331340789795 1478
2.0019071102142334 1478
2.002372980117798 1478
2.002372980117798 1478
2.002372980117798 321
2.02675199508667 1478
2.056684970855713 52
2.0579631328582764 1478
2.058434009552002 1478
2.058434009552002 1478
2.0588791370391846 1478
2.0588791370391846 1478
2.0594849586486816 1478
2.0594849586486816 1478
2.059993028640747 1478
2.059993028640747 1478
2.060779094696045 1478
2.060779094696045 1478
2.061159133911133 1478
2.061609983444214 1478
2.061609983444214 1478
2.062830924987793 1478
2.063465118408203 1178
2.092540979385376 1478
2.092540979385376 1478
2.0930099487304688 1478
2.0938000679016113 1478
2.133439064025879 1133
2.1509830951690674 1478
2.151546001434326 1478
2.151546001434326 1478
2.1516430377960205 1478
2.1526100635528564 1478
2.1526100635528564 321
2.1804120540618896 1478
2.1811270713806152 1478
2.1811270713806152 1478
2.181580066680908 1478
2.194952964782715 76
2.195344924926758 1478
2.1964569091796875 1478
2.1964569091796875 1478
2.1969709396362305 1478
2.1973459720611572 1478
2.1979000568389893 1478
2.1984970569610596 1478
2.2125179767608643 52
2.2129011154174805 1478
2.213563919067383 1478
2.213563919067383 1478
2.214226007461548 1478
2.2147109508514404 1478
2.2147109508514404 1478
2.2150380611419678 1478
2.215512990951538 1478
2.215512990951538 1478
2.21600604057312 1478
2.216403007507324 1478
2.2178409099578857 1478
2.2178409099578857 1478
2.2178409099578857 1478
2.2178409099578857 1478
2.2178409099578857 1478
2.217970132827759 1478
2.2188360691070557 1478
2.2188360691070557 1478
2.219356060028076 1478
2.219356060028076 1478
2.2198550701141357 1478
2.2198550701141357 1478
2.2201969623565674 1478
2.2208659648895264 1478
2.2212250232696533 1478
2.2212250232696533 1478
2.2219579219818115 1478
2.2219579219818115 1247
2.2276880741119385 1133
2.276315927505493 1478
2.276315927505493 1478
2.276669979095459 1478
2.2770440578460693 1478
2.2776849269866943 1478
2.2776849269866943 321
2.3083009719848633 1478
2.3085079193115234 1478
2.309037923812866 1478
2.310166120529175 1478
2.3104970455169678 1378
2.3199970722198486 52
2.3209569454193115 1478
2.33659291267395 1478
2.337697982788086 1478
2.337697982788086 1478
2.337697982788086 1478
2.3380539417266846 1478
2.3380539417266846 1478
2.3389170169830322 1478
2.338947057723999 1478
2.339327096939087 1478
2.3396880626678467 1478
2.3396880626678467 321
2.3679890632629395 1033
2.3683221340179443 1478
2.368691921234131 1478
2.369041919708252 1478
2.36972713470459 1478
2.370676040649414 1478
2.370676040649414 1478
2.370957136154175 1478
2.371691942214966 1478
2.371691942214966 1478
2.3720290660858154 1478
2.3724029064178467 1478
2.3724029064178467 1278
2.4018421173095703 1478
2.4300570487976074 52
2.4300570487976074 1478
2.4300570487976074 1478
2.430453062057495 1478
2.4309301376342773 1478
2.4309301376342773 1478
2.4315149784088135 1478
2.4315149784088135 1478
2.431881904602051 1478
2.431881904602051 1478
2.432497978210449 1478
2.4329419136047363 1478
2.4329419136047363 1478
2.4337549209594727 1478
2.4337549209594727 1278
2.4635961055755615 1478
2.4635961055755615 1478
2.463942050933838 1478
2.4642820358276367 1478
2.4951279163360596 1109
2.4957869052886963 1478
2.4957869052886963 1478
2.4961321353912354 1478
2.507112979888916 76
2.508080005645752 1478
2.508080005645752 1478
2.509536027908325 1478
2.509536027908325 1009
2.5237159729003906 1478
2.5237159729003906 1478
2.524470090866089 1478
2.5250630378723145 1478
2.525296926498413 1478
2.525692939758301 1478
2.525692939758301 1478
2.526055097579956 1478
2.5264711380004883 1478
2.5264711380004883 1478
2.526984930038452 1478
2.5276689529418945 1478
2.5276689529418945 1478
2.528053045272827 1478
2.5285210609436035 1478
2.5285210609436035 1478
2.528986930847168 1478
2.529438018798828 1478
2.529819965362549 1447
2.561901092529297 52
2.5625739097595215 1478
2.5625739097595215 1478
2.563025951385498 1478
2.563025951385498 1478
2.5635459423065186 1478
2.563974142074585 1478
2.563974142074585 1478
2.5643510818481445 1478
2.5647759437561035 1478
2.5651190280914307 1478
2.5651190280914307 1478
2.5655460357666016 1478
2.5655460357666016 1478
2.566138982772827 1478
2.5668299198150635 1478
2.5668299198150635 1478
2.567189931869507 1478
2.5676140785217285 1478
2.5680220127105713 1478
2.5680220127105713 1478
2.568432092666626 1478
2.568787097930908 1078
2.62191104888916 1478
2.6226179599761963 1478
2.6226179599761963 1478
2.6517529487609863 1478
2.65333890914917 1478
2.65333890914917 1478
2.65333890914917 1478
2.65333890914917 1478
2.65333890914917 1478
2.6536149978637695 1478
2.654505968093872 1378
2.681518077850342 1478
2.711388111114502 1478
2.731593132019043 1109
2.7576091289520264 124
2.7584919929504395 1478
2.7584919929504395 1478
2.759546995162964 1478
2.759982109069824 1478
2.760496139526367 1478
2.760496139526367 1478
2.7610719203948975 1478
2.7615230083465576 1478
2.7615230083465576 1478
2.7615230083465576 1478
2.761976957321167 1478
2.7624459266662598 1478
2.7624459266662598 1478
2.7630720138549805 1478
2.7630720138549805 1478
2.763533115386963 1478
2.764007091522217 1478
2.7644050121307373 1478
2.764817953109741 1478
2.765275001525879 1478
2.765584945678711 1478
2.765584945678711 1478
2.7659380435943604 1478
2.766334056854248 1478
2.766334056854248 1478
2.766883134841919 1478
2.7671940326690674 1478
2.76754093170166 1478
2.767897129058838 1478
2.768440008163452 1478
2.7687740325927734 1478
2.7687740325927734 1478
2.769124984741211 1478
2.7698209285736084 1478
2.7698209285736084 778
2.7729361057281494 52
2.7733819484710693 1478
2.773958921432495 1478
2.774696111679077 1478
2.7750461101531982 1478
2.775933027267456 1478
2.775933027267456 1478
2.775933027267456 1478
2.7769060134887695 1478
2.7769060134887695 1478
2.7769899368286133 1478
2.7773220539093018 1478
2.7773220539093018 1478
2.7780940532684326 1478
2.778473138809204 1478
2.778473138809204 1478
2.7788569927215576 1478
2.7788569927215576 1478
2.7792460918426514 1478
2.7792460918426514 1478
2.779974937438965 1478
2.779974937438965 1478
2.780470132827759 1478
2.780470132827759 1478
2.7809879779815674 1478
2.781404972076416 1478
2.781404972076416 1478
2.7817869186401367 1478
2.7822279930114746 1478
2.7822279930114746 1478
2.7835609912872314 1478
2.7835609912872314 1478
2.7835609912872314 878
2.808366060256958 52
2.8090109825134277 1478
2.8096470832824707 1478
2.8096470832824707 1478
2.810389995574951 1478
2.810389995574951 1478
2.8110339641571045 1478
2.811422109603882 1478
2.811422109603882 1478
2.811880111694336 1478
2.8123080730438232 1478
2.8125600814819336 1478
2.8125600814819336 221
2.839066982269287 1478
2.839066982269287 1478
2.8394651412963867 1478
2.8394651412963867 1478
2.8660309314727783 52
2.866631031036377 1478
2.867000102996826 1478
2.868438959121704 1478
2.868438959121704 1478
2.868438959121704 1478
2.882373094558716 1133
2.9098479747772217 1478
2.9101579189300537 1478
2.9104490280151367 1478
2.911018133163452 1478
2.911018133163452 1478
2.9111931324005127 1478
2.911566972732544 1478
2.911987066268921 1478
2.912745952606201 1478
2.912745952606201 1478
2.9130890369415283 1478
2.9130890369415283 1478
2.9130890369415283 221
2.915631055831909 52
2.9174211025238037 1478
2.9174211025238037 1109
2.944854974746704 1478
2.944854974746704 1478
2.9454400539398193 1478
2.9457409381866455 1478
2.946110963821411 1478
2.946485996246338 1478
2.946485996246338 1478
2.946945905685425 1478
2.946945905685425 1478
2.948024034500122 1478
2.9484689235687256 1478
2.9484689235687256 1478
2.9488649368286133 1478
2.94925594329834 1478
2.94925594329834 1478
2.9496500492095947 1478
2.9499950408935547 1478
2.950387954711914 1478
2.950387954711914 1478
2.950387954711914 121
2.9600470066070557 76
2.9609060287475586 1478
2.9614241123199463 1478
2.9614241123199463 1478
2.96199107170105 1478
2.96199107170105 1478
2.962369918823242 1478
2.962369918823242 1009
2.978706121444702 1478
2.978706121444702 1478
2.9790990352630615 1478
2.9795069694519043 1478
2.979984998703003 1478
2.979984998703003 1478
2.980545997619629 1478
2.9810070991516113 1478
2.9821040630340576 1478
2.9821040630340576 1478
2.9825360774993896 1478
2.9825360774993896 1478
2.9828269481658936 1478
2.9828269481658936 1478
2.983397960662842 1478
2.9840340614318848 1478
2.9844019412994385 1478
2.9844019412994385 1447
3.0080931186676025 1478
3.0740859508514404 1478
3.0740859508514404 1478
3.0748231410980225 1478
3.075493097305298 1478
3.075493097305298 1378
3.1018340587615967 1478
3.102231025695801 1478
3.102231025695801 1478
3.102735996246338 1478
3.134413957595825 1478
3.134413957595825 1478
3.156754970550537 1133
3.1629841327667236 76
3.1642420291900635 1478
3.1642420291900635 1478
3.164813995361328 1478
3.164813995361328 1478
3.16581392288208 1478
3.16581392288208 1478
3.1661689281463623 1478
3.166642904281616 1478
3.166642904281616 1478
3.166642904281616 1478
3.167099952697754 1478
3.167815923690796 1478
3.1682770252227783 1478
3.1682770252227783 1178
3.1950480937957764 1478
3.1950480937957764 1478
3.195481061935425 1478
3.195481061935425 1478
3.1959381103515625 1478
3.1963460445404053 1478
3.1963460445404053 1478
3.1971750259399414 1478
3.1971750259399414 1478
3.197767972946167 1478
3.197767972946167 1478
3.1984660625457764 1478
3.1984660625457764 1478
3.1989409923553467 1478
3.1994431018829346 1478
3.1994431018829346 1478
3.1998989582061768 1478
3.1998989582061768 1478
3.2003939151763916 1478
3.200956106185913 1478
3.2014260292053223 1478
3.2014260292053223 1478
3.201827049255371 1478
3.2024099826812744 1478
3.2024099826812744 1478
3.2030019760131836 1478
3.203373908996582 1478
