1049831
0.0 1460
0.0 1460
0.0 1043
0.0 1460
0.0 1460
0.0 1460
0.0 1460
0.0 1460
0.0 1460
0.0 1460
0.0006759166717529297 1460
0.0006759166717529297 1460
0.0027840137481689453 1460
0.0027840137481689453 1460
0.0027840137481689453 1043
0.003126859664916992 1460
0.003126859664916992 1460
0.003126859664916992 1460
0.0036079883575439453 1460
0.0036079883575439453 1460
0.0036079883575439453 1460
0.0036079883575439453 1460
0.004014015197753906 1460
0.004014015197753906 1460
0.004014015197753906 1460
0.004014015197753906 1460
0.006061077117919922 1043
0.006500959396362305 1460
0.006500959396362305 1460
0.006500959396362305 1460
0.006902933120727539 1460
0.006902933120727539 1460
0.006902933120727539 1460
0.008445024490356445 1460
0.008445024490356445 1460
0.008785009384155273 1460
0.008785009384155273 1460
0.008785009384155273 1460
0.009135961532592773 1043
0.017186880111694336 76
0.04309892654418945 196
0.043469905853271484 1460
0.04382205009460449 1460
0.04382205009460449 1460
0.04429888725280762 1460
0.04429888725280762 1460
0.045806884765625 1460
0.045806884765625 1460
0.04616594314575195 1460
0.04616594314575195 1460
0.046620845794677734 1460
0.046620845794677734 1460
0.046620845794677734 1043
0.046620845794677734 1460
0.046620845794677734 1460
0.0470118522644043 1460
0.0470118522644043 1460
0.0470118522644043 1460
0.0470118522644043 1460
0.0475468635559082 1460
0.0475468635559082 1460
0.04802894592285156 1460
0.04802894592285156 1460
0.048536062240600586 1460
0.048536062240600586 1043
0.048536062240600586 1460
0.04881596565246582 1460
0.049301862716674805 1460
0.05097007751464844 1460
0.05141901969909668 1460
0.05141901969909668 1460
0.05141901969909668 1460
0.05141901969909668 1460
0.051856040954589844 1460
0.051856040954589844 1460
0.051856040954589844 1460
0.051856040954589844 1043
0.05225491523742676 1460
0.05225491523742676 1460
0.05269789695739746 1460
0.05269789695739746 1460
0.05269789695739746 1460
0.05269789695739746 1460
0.05439400672912598 1460
0.05439400672912598 1460
0.05480504035949707 1460
0.05480504035949707 1460
0.05516386032104492 1460
0.05516386032104492 1043
0.07206487655639648 76
0.07281684875488281 1460
0.07320499420166016 1460
0.07320499420166016 1460
0.07358789443969727 1460
0.07358789443969727 1460
0.07393503189086914 1460
0.07440400123596191 1460
0.07440400123596191 1460
0.07478785514831543 1460
0.07517194747924805 1460
0.07517194747924805 1460
0.07557201385498047 1043
0.08385586738586426 220
0.08385586738586426 1460
0.08385586738586426 1460
0.08385586738586426 1460
0.08385586738586426 1460
0.0842289924621582 1460
0.0842289924621582 1460
0.0842289924621582 1460
0.0842289924621582 1460
0.08450508117675781 1460
0.0849008560180664 1460
0.08527588844299316 1460
0.08527588844299316 1043
0.08583188056945801 1460
0.08583188056945801 1460
0.0878150463104248 1460
0.08857488632202148 1460
0.08857488632202148 1460
0.08857488632202148 1460
0.08857488632202148 1460
0.08857488632202148 1460
0.08857488632202148 1460
0.08857488632202148 1460
0.08887887001037598 1460
0.08887887001037598 1043
0.08980703353881836 1460
0.08980703353881836 1460
0.08980703353881836 1460
0.08980703353881836 1460
0.08980703353881836 1460
0.08980703353881836 1460
0.09177994728088379 1460
0.09177994728088379 1460
0.09177994728088379 1460
0.09177994728088379 1460
0.0920109748840332 1460
0.0920109748840332 1043
0.09217691421508789 1460
0.09217691421508789 1460
0.09263300895690918 1460
0.09263300895690918 1460
0.09263300895690918 1460
0.09263300895690918 1460
0.09304189682006836 1460
0.09304189682006836 1460
0.0934140682220459 1460
0.0934140682220459 1460
0.09500885009765625 1460
0.09500885009765625 1043
0.12269806861877441 244
0.12322592735290527 1460
0.12322592735290527 1460
0.1273939609527588 1460
0.1273939609527588 1460
0.12786006927490234 1460
0.12786006927490234 1460
0.12786006927490234 1460
0.12820887565612793 1460
0.12820887565612793 1460
0.12862491607666016 1460
0.12862491607666016 1460
0.12862491607666016 1043
0.13063693046569824 1460
0.13063693046569824 1460
0.13106393814086914 1460
0.13106393814086914 1460
0.13106393814086914 1460
0.13106393814086914 1460
0.13144993782043457 1460
0.13144993782043457 1460
0.13180184364318848 1460
0.13180184364318848 1460
0.13180184364318848 1460
0.1321549415588379 1043
0.16904902458190918 52
0.16904902458190918 1460
0.16942787170410156 1460
0.16942787170410156 1460
0.16942787170410156 1460
0.16942787170410156 1460
0.1698448657989502 1460
0.1698448657989502 1460
0.1698448657989502 1460
0.17029595375061035 1460
0.17029595375061035 1460
0.17029595375061035 1460
0.17029595375061035 1043
0.17069792747497559 1460
0.17069792747497559 1460
0.17304491996765137 1460
0.17304491996765137 1460
0.1734628677368164 1460
0.1734628677368164 1460
0.1734628677368164 1460
0.1734628677368164 1460
0.1738600730895996 1460
0.1738600730895996 1460
0.1738600730895996 1460
0.1738600730895996 1043
0.17418503761291504 1460
0.17418503761291504 1460
0.17473506927490234 1460
0.17473506927490234 1460
0.17473506927490234 1460
0.17473506927490234 1460
0.17502689361572266 1460
0.1754770278930664 1460
0.1754770278930664 1460
0.1754770278930664 1460
0.17592597007751465 1460
0.17592597007751465 1043
0.1986100673675537 124
0.1986100673675537 1460
0.1986100673675537 1460
0.1986100673675537 1460
0.1986100673675537 1460
0.199537992477417 1460
0.199537992477417 1460
0.199537992477417 1460
0.199537992477417 1460
0.199537992477417 1460
0.199537992477417 1460
0.199537992477417 1460
0.199537992477417 1043
0.199537992477417 1460
0.2017378807067871 1460
0.2017378807067871 1460
0.20206689834594727 1460
0.20206689834594727 1460
0.20235800743103027 1460
0.20235800743103027 1460
0.20235800743103027 1460
0.20278286933898926 1460
0.20278286933898926 1460
0.20278286933898926 1460
0.20278286933898926 1043
0.2100679874420166 124
0.22832894325256348 172
0.22883105278015137 1460
0.22883105278015137 1460
0.22924399375915527 1460
0.22924399375915527 1460
0.22924399375915527 1460
0.22957491874694824 1460
0.22957491874694824 1460
0.2300400733947754 1460
0.2317368984222412 1460
0.2317368984222412 1460
0.2321150302886963 1460
0.2321150302886963 1043
0.2321150302886963 1460
0.23250198364257812 1460
0.23250198364257812 1460
0.23250198364257812 1460
0.23250198364257812 1460
0.2329728603363037 1460
0.2329728603363037 1460
0.23464393615722656 1460
0.23464393615722656 1460
0.23508691787719727 1460
0.23508691787719727 1460
0.23508691787719727 1043
0.23548293113708496 1460
0.23548293113708496 1460
0.23548293113708496 1460
0.23548293113708496 1460
0.23591089248657227 1460
0.23591089248657227 1460
0.23591089248657227 1460
0.2377150058746338 1460
0.2377150058746338 1460
0.23804187774658203 1460
0.23804187774658203 1460
0.23804187774658203 1043
0.23861289024353027 1460
0.23861289024353027 1460
0.23861289024353027 1460
0.23861289024353027 1460
0.23884105682373047 1460
0.23884105682373047 1460
0.23884105682373047 1460
0.2391359806060791 1460
0.2391359806060791 1460
0.2395610809326172 1460
0.2395610809326172 1460
0.2395610809326172 1043
0.23986005783081055 1460
0.24032092094421387 1460
0.24066901206970215 1460
0.24066901206970215 1460
0.24109387397766113 1460
0.24143004417419434 1460
0.24143004417419434 1460
0.24183392524719238 1460
0.24183392524719238 1460
0.24258995056152344 1460
0.24353694915771484 1460
0.24353694915771484 1043
0.28968286514282227 268
0.29007601737976074 1460
0.29007601737976074 1460
0.29007601737976074 1460
0.2905309200286865 1460
0.2905309200286865 1460
0.2905309200286865 1460
0.2909078598022461 1460
0.2909078598022461 1460
0.2912778854370117 1460
0.2912778854370117 1460
0.29175901412963867 1460
0.29175901412963867 1043
0.2921140193939209 1460
0.2921140193939209 1460
0.2925739288330078 1460
0.29298901557922363 1460
0.29298901557922363 1460
0.29343104362487793 1460
0.29343104362487793 1460
0.293842077255249 1460
0.293842077255249 1460
0.2943120002746582 1460
0.2943120002746582 1460
0.2943120002746582 1043
0.2943120002746582 1460
0.2965528964996338 1460
0.2969388961791992 1460
0.2969388961791992 1460
0.29733991622924805 1460
0.29733991622924805 1460
0.29733991622924805 1460
0.29733991622924805 1460
0.2977888584136963 1460
0.2977888584136963 1460
0.2977888584136963 1460
0.2977888584136963 1043
0.2981290817260742 1460
0.2981290817260742 1460
0.2984650135040283 1460
0.2984650135040283 1460
0.2984650135040283 1460
0.2988128662109375 1460
0.2988128662109375 1460
0.29919004440307617 1460
0.29919004440307617 1460
0.29961204528808594 1460
0.3013758659362793 1460
0.30177998542785645 1043
0.30177998542785645 1460
0.30177998542785645 1460
0.3026728630065918 1460
0.3026728630065918 1460
0.3026728630065918 1460
0.3026728630065918 1460
0.3026728630065918 1460
0.3026728630065918 1460
0.3026728630065918 1460
0.30369997024536133 1460
0.30369997024536133 1460
0.30410003662109375 1043
0.3351290225982666 292
0.3356330394744873 1460
0.3356330394744873 1460
0.33600401878356934 1460
0.33600401878356934 1460
0.336406946182251 1460
0.336406946182251 1460
0.337007999420166 1460
0.337007999420166 1460
0.33759593963623047 1460
0.3378000259399414 1460
0.33818602561950684 1460
0.33818602561950684 1043
0.33867406845092773 1460
0.3390810489654541 1460
0.3390810489654541 1460
0.3394739627838135 1460
0.3398549556732178 1460
0.3398549556732178 1460
0.34023284912109375 1460
0.34023284912109375 1460
0.34066104888916016 1460
0.34108805656433105 1460
0.34145092964172363 1460
0.34345507621765137 1043
0.3438279628753662 1460
0.3438279628753662 1460
0.3438279628753662 1460
0.3438279628753662 1460
0.3442089557647705 1460
0.3442089557647705 1460
0.3442089557647705 1460
0.34458494186401367 1460
0.3450050354003906 1460
0.3450050354003906 1460
0.34533095359802246 1460
0.34533095359802246 1043
0.35678601264953613 1460
0.35678601264953613 1460
0.357097864151001 1460
0.357097864151001 1460
0.35758090019226074 1460
0.35758090019226074 1460
0.35758090019226074 1460
0.35758090019226074 1460
0.3580598831176758 1460
0.3580598831176758 1460
0.3580598831176758 1460
0.3580598831176758 1043
0.3580598831176758 1460
0.35827088356018066 1460
0.3605630397796631 1460
0.3605630397796631 1460
0.3609158992767334 1460
0.3609158992767334 1460
0.3609158992767334 1460
0.36133384704589844 1460
0.36133384704589844 1460
0.36133384704589844 1460
0.36179590225219727 1460
0.36179590225219727 1043
0.36179590225219727 1460
0.36179590225219727 1460
0.36179590225219727 1460
0.36217308044433594 1460
0.36217308044433594 1460
0.3625309467315674 1460
0.3625309467315674 1460
0.3629899024963379 1460
0.3629899024963379 1460
0.3633909225463867 1460
0.3633909225463867 1460
0.3633909225463867 1043
0.3759419918060303 124
0.40192294120788574 220
0.40192294120788574 1460
0.4024538993835449 1460
0.4024538993835449 1460
0.40288591384887695 1460
0.40288591384887695 1460
0.40331387519836426 1460
0.40369105339050293 1460
0.40369105339050293 1460
0.4042048454284668 1460
0.4042048454284668 1460
0.40479588508605957 1460
0.40479588508605957 1043
0.40512990951538086 1460
0.40563488006591797 1460
0.40563488006591797 1460
0.4060640335083008 1460
0.4060640335083008 1460
0.40651988983154297 1460
0.40651988983154297 1460
0.40651988983154297 1460
0.40694594383239746 1460
0.4074079990386963 1460
0.4074079990386963 1460
0.4078030586242676 1043
0.4078030586242676 1460
0.4082019329071045 1460
0.4101369380950928 1460
0.4101369380950928 1460
0.41060900688171387 1460
0.41060900688171387 1460
0.41060900688171387 1460
0.41060900688171387 1460
0.411052942276001 1460
0.411052942276001 1460
0.411052942276001 1460
0.41150689125061035 1043
0.41150689125061035 1460
0.41150689125061035 1460
0.41150689125061035 1460
0.41196107864379883 1460
0.41196107864379883 1460
0.41196107864379883 1460
0.4136829376220703 1460
0.4136829376220703 1460
0.41403794288635254 1460
0.41403794288635254 1460
0.4143669605255127 1460
0.4143669605255127 1043
0.4143669605255127 1460
0.41526007652282715 1460
0.41526007652282715 1460
0.41526007652282715 1460
0.41526007652282715 1460
0.41526007652282715 1460
0.41526007652282715 1460
0.41526007652282715 1460
0.41526007652282715 1460
0.415449857711792 1460
0.4172780513763428 1460
0.4172780513763428 1043
0.41767287254333496 1460
0.41767287254333496 1460
0.41767287254333496 1460
0.4180638790130615 1460
0.4180638790130615 1460
0.4180638790130615 1460
0.4180638790130615 1460
0.41837191581726074 1460
0.41837191581726074 1460
0.4187788963317871 1460
0.4187788963317871 1460
0.4187788963317871 1043
0.42234301567077637 124
0.4470839500427246 1460
0.4470839500427246 1460
0.4474830627441406 1460
0.4474830627441406 1460
0.4474830627441406 1460
0.44795894622802734 1460
0.44795894622802734 1460
0.44795894622802734 1460
0.44795894622802734 1460
0.44820189476013184 1460
0.44861507415771484 1460
0.44861507415771484 1043
0.44861507415771484 1460
0.45087099075317383 1460
0.45087099075317383 1460
0.45127391815185547 1460
0.45127391815185547 1460
0.4516160488128662 1460
0.4516160488128662 1460
0.4516160488128662 1460
0.4516160488128662 1460
0.45197200775146484 1460
0.45197200775146484 1460
0.45197200775146484 1043
0.4575769901275635 76
0.4807589054107666 220
0.4807589054107666 1460
0.4807589054107666 1460
0.4807589054107666 1460
0.4807589054107666 1460
0.4820699691772461 1460
0.4820699691772461 1460
0.4820699691772461 1460
0.4820699691772461 1460
0.4820699691772461 1460
0.4820699691772461 1460
0.4820699691772461 1460
0.4829719066619873 1043
0.4829719066619873 1460
0.4829719066619873 1460
0.4856729507446289 1460
0.4856729507446289 1460
0.4856729507446289 1460
0.4856729507446289 1460
0.4856729507446289 1460
0.4856729507446289 1460
0.48676300048828125 1460
0.48676300048828125 1460
0.48676300048828125 1460
0.48676300048828125 1043
0.48676300048828125 1460
0.48676300048828125 1460
0.48676300048828125 1460
0.48676300048828125 1460
0.48676300048828125 1460
0.4887850284576416 1460
0.4887850284576416 1460
0.4891650676727295 1460
0.4891650676727295 1460
0.48952794075012207 1460
0.48952794075012207 1460
0.48952794075012207 1043
0.48952794075012207 1460
0.48952794075012207 1460
0.4899420738220215 1460
0.4899420738220215 1460
0.49028897285461426 1460
0.49028897285461426 1460
0.49028897285461426 1460
0.49129295349121094 1460
0.4918508529663086 1460
0.49223804473876953 1460
0.49223804473876953 1460
0.49223804473876953 1043
0.4926779270172119 1460
0.4926779270172119 1460
0.4926779270172119 1460
0.4926779270172119 1460
0.4930379390716553 1460
0.4930379390716553 1460
0.4930379390716553 1460
0.4935109615325928 1460
0.4935109615325928 1460
0.4935109615325928 1460
0.4935109615325928 1460
0.49391794204711914 1043
0.495866060256958 76
0.5250339508056641 124
0.5254700183868408 1460
0.5254700183868408 1460
0.5258469581604004 1460
0.5258469581604004 1460
0.5262269973754883 1460
0.5262269973754883 1460
0.5262269973754883 1460
0.5266108512878418 1460
0.5266108512878418 1460
0.5266108512878418 1460
0.5266108512878418 1460
0.5281260013580322 1043
0.5284759998321533 1460
0.5284759998321533 1460
0.5288548469543457 1460
0.5288548469543457 1460
0.5288548469543457 1460
0.5292849540710449 1460
0.5292849540710449 1460
0.5292849540710449 1460
0.5296430587768555 1460
0.5296430587768555 1460
0.5296430587768555 1460
0.5296430587768555 1043
0.5300939083099365 1460
0.5318329334259033 1460
0.5318329334259033 1460
0.5322129726409912 1460
0.5322129726409912 1460
0.5325629711151123 1460
0.5325629711151123 1460
0.5330460071563721 1460
0.5330460071563721 1460
0.5338540077209473 1460
0.5342600345611572 1460
0.5342600345611572 1043
0.5390598773956299 172
0.5602819919586182 76
0.569843053817749 124
0.7455520629882812 1460
0.7455520629882812 1460
0.746006965637207 1460
0.746006965637207 1460
0.746006965637207 1460
0.746006965637207 1460
0.7464630603790283 1460
0.7464630603790283 1460
0.7464630603790283 1460
0.7469279766082764 1460
0.7469279766082764 1460
0.7473459243774414 1043
0.747917890548706 1460
0.747917890548706 1460
0.747917890548706 1460
0.7480599880218506 1460
0.7483909130096436 1460
0.7483909130096436 1460
0.7518889904022217 1460
0.7794599533081055 1460
0.7794599533081055 1460
0.7794599533081055 1460
0.7799139022827148 1460
0.7810969352722168 1043
0.7891690731048584 76
0.7894210815429688 1460
0.7894210815429688 1460
0.7897639274597168 1460
0.7897639274597168 1460
0.7901020050048828 1460
0.7901020050048828 1460
0.7901020050048828 1460
0.7901020050048828 1460
0.7904489040374756 1460
0.7904489040374756 1460
0.7907979488372803 1460
0.7925539016723633 1043
0.8090660572052002 1460
0.8391809463500977 124
0.8391809463500977 1460
0.8395040035247803 1460
0.8395040035247803 1460
0.8395040035247803 1460
0.8398489952087402 1460
0.8398489952087402 1460
0.8398489952087402 1460
0.8421440124511719 1460
0.8421440124511719 1460
0.8421440124511719 1460
0.8457260131835938 1043
0.852470874786377 1460
0.852470874786377 1460
0.8744089603424072 1460
0.8747389316558838 1460
0.8747389316558838 1460
0.8747389316558838 1460
0.8751990795135498 1460
0.8751990795135498 1460
0.8751990795135498 1460
0.8751990795135498 1460
0.8756458759307861 1460
0.8756458759307861 1043
0.8756458759307861 1460
0.8756458759307861 1460
0.8759758472442627 1460
0.8759758472442627 1460
0.8759758472442627 1460
0.8764078617095947 1460
0.8764078617095947 1460
0.8764078617095947 1460
0.8764078617095947 1460
0.8767750263214111 1460
0.8767750263214111 1460
0.8767750263214111 1043
0.877331018447876 1460
0.877331018447876 1460
0.877331018447876 1460
0.877331018447876 1460
0.8774809837341309 1460
0.8774809837341309 1460
0.8778078556060791 1460
0.8778078556060791 1460
0.8778078556060791 1460
0.8782050609588623 1460
0.8782050609588623 1460
0.8782050609588623 1043
0.8817369937896729 1460
0.9010848999023438 76
0.9014279842376709 1460
0.9114489555358887 172
0.9317739009857178 1460
0.9321908950805664 1460
0.9321908950805664 1460
0.9324638843536377 1460
0.9328720569610596 1460
0.9328720569610596 1460
0.9332990646362305 1460
0.9332990646362305 1460
0.9356708526611328 1460
0.9356708526611328 1043
0.9356708526611328 1460
0.93619704246521 1460
0.93619704246521 1460
0.93619704246521 1460
0.93619704246521 1460
0.9364199638366699 1460
0.9364199638366699 1460
0.9367659091949463 1460
0.9367659091949463 1460
0.9371559619903564 1460
0.9371559619903564 1460
0.9371559619903564 1043
0.9637479782104492 1460
0.9637479782104492 1460
0.9642260074615479 1460
0.9642260074615479 1460
0.9642260074615479 1460
0.9642260074615479 1460
0.9644260406494141 1460
0.9647970199584961 1460
0.9647970199584961 1460
0.9651339054107666 1460
0.9651339054107666 1460
