808590
0.0 1478
0.00040221214294433594 1478
0.0008552074432373047 1478
0.0008552074432373047 1478
0.001293182373046875 1478
0.002056121826171875 1478
0.002493143081665039 1478
0.002493143081665039 1478
0.002929210662841797 1478
0.0033380985260009766 1478
0.0036439895629882812 1478
0.00407719612121582 1478
0.004637002944946289 1478
0.005206108093261719 1478
0.005206108093261719 1478
0.005708217620849609 1478
0.006127119064331055 1478
0.006470203399658203 1478
0.0068721771240234375 1478
0.0068721771240234375 1478
0.00728607177734375 1478
0.007719993591308594 1478
0.007999181747436523 1478
0.008376121520996094 1478
0.008376121520996094 1478
0.008745193481445312 1478
0.009211063385009766 1478
0.009631156921386719 1478
0.009996175765991211 1247
0.028037071228027344 76
0.029033184051513672 1478
0.029033184051513672 1478
0.030041217803955078 1478
0.030041217803955078 1478
0.030400991439819336 1478
0.0307919979095459 1478
0.0307919979095459 1478
0.0311892032623291 1478
0.0311892032623291 1478
0.03158116340637207 1478
0.03197121620178223 1478
0.03197121620178223 1478
0.03275418281555176 1478
0.03384804725646973 1478
0.034304141998291016 1478
0.034304141998291016 1478
0.035024166107177734 1478
0.035024166107177734 1478
0.03542804718017578 1478
0.03542804718017578 1478
0.03599119186401367 1478
0.03634309768676758 1478
0.037052154541015625 1478
0.037052154541015625 1478
0.037052154541015625 1478
0.03815913200378418 1478
0.03815913200378418 1478
0.03815913200378418 1478
0.03815913200378418 878
0.04964900016784668 1109
0.07627105712890625 1109
0.07673001289367676 1478
0.07723307609558105 1478
0.0776221752166748 1478
0.07816004753112793 1478
0.07843303680419922 1478
0.07899999618530273 1478
0.07899999618530273 1478
0.07922601699829102 1478
0.07958507537841797 1478
0.07995319366455078 1478
0.07995319366455078 1478
0.08035111427307129 1478
0.08080101013183594 1478
0.08119511604309082 1478
0.08119511604309082 221
0.1020820140838623 52
0.10297799110412598 1478
0.10376906394958496 1478
0.10376906394958496 1478
0.10376906394958496 1478
0.13938617706298828 1478
0.13938617706298828 1478
0.14002609252929688 1478
0.14015817642211914 1478
0.14015817642211914 1478
0.14104104042053223 1478
0.14104104042053223 1478
0.14153409004211426 1478
0.14153409004211426 1478
0.14222311973571777 1478
0.14222311973571777 1478
0.14258599281311035 1478
0.14293813705444336 1478
0.14331412315368652 1478
0.14331412315368652 1478
0.1436901092529297 1478
0.1436901092529297 221
0.16932320594787598 1478
0.16971707344055176 1478
0.17023301124572754 1478
0.18448519706726074 1109
0.1999812126159668 52
0.20075511932373047 1478
0.20122599601745605 1478
0.20122599601745605 1478
0.20161199569702148 1478
0.20204710960388184 1478
0.20204710960388184 321
0.23148703575134277 1478
0.23185515403747559 1478
0.2323160171508789 1478
0.2323160171508789 1009
0.23269915580749512 1478
0.23269915580749512 1478
0.23314809799194336 1478
0.23359918594360352 1478
0.23359918594360352 1478
0.23359918594360352 1478
0.23421621322631836 1378
0.2626681327819824 1478
0.29122304916381836 1133
0.3060190677642822 100
0.30647921562194824 1478
0.3067941665649414 1478
0.3071761131286621 1478
0.3071761131286621 1478
0.30770301818847656 1478
0.30770301818847656 1378
0.32553911209106445 52
0.32640600204467773 1478
0.32640600204467773 1478
0.32705020904541016 1478
0.3274350166320801 1478
0.32788515090942383 1478
0.3283421993255615 1478
0.3283421993255615 1478
0.32878708839416504 1478
0.32878708839416504 1478
0.32923102378845215 1478
0.32923102378845215 1478
0.32974815368652344 1478
0.33022117614746094 1478
0.33022117614746094 1478
0.330524206161499 1478
0.3309500217437744 1478
0.3309500217437744 1478
0.33129119873046875 1478
0.33173108100891113 1478
0.3320779800415039 1478
0.3320779800415039 1478
0.3324460983276367 1478
0.33277416229248047 1478
0.33313918113708496 1478
0.33313918113708496 1478
0.3336300849914551 1478
0.3341391086578369 1478
0.3341391086578369 1478
0.33449816703796387 1478
0.33449816703796387 1478
0.33483219146728516 1478
0.3355100154876709 1478
0.3355100154876709 1478
0.33617210388183594 1478
0.33617210388183594 1478
0.33660101890563965 1478
0.33660101890563965 1478
0.337954044342041 1478
0.33860301971435547 1478
0.33860301971435547 1478
0.33913516998291016 1478
0.33948206901550293 1478
0.339832067489624 1478
0.339832067489624 1478
0.340177059173584 1478
0.34060001373291016 1478
0.34060001373291016 1478
0.34113407135009766 1478
0.34200215339660645 1478
0.34259915351867676 1478
0.34259915351867676 1478
0.3430302143096924 1478
0.3430302143096924 1478
0.34337306022644043 1478
0.3440840244293213 1478
0.3444371223449707 1478
0.34489917755126953 1478
0.34489917755126953 1478
0.34618115425109863 1478
0.3464040756225586 1478
0.3466370105743408 1478
0.3466370105743408 1478
0.34710216522216797 547
0.35482311248779297 1133
0.380709171295166 1478
0.3811759948730469 1478
0.3816840648651123 1478
0.3816840648651123 1478
0.3820772171020508 1478
0.3820772171020508 1478
0.3827800750732422 1478
0.3827800750732422 1478
0.3832240104675293 1478
0.38391613960266113 1478
0.38391613960266113 221
0.4389650821685791 1478
0.43942713737487793 1478
0.43987298011779785 1478
0.4403200149536133 1478
0.4403200149536133 1478
0.4403200149536133 1478
0.44073915481567383 1478
0.4411900043487549 1478
0.44153618812561035 1478
0.44153618812561035 1478
0.4419820308685303 1478
0.4424271583557129 1478
0.4424271583557129 1478
0.44288015365600586 1478
0.4433300495147705 1478
0.4438440799713135 1478
0.44428014755249023 1378
0.49755001068115234 1478
0.4980502128601074 1478
0.5592501163482666 76
0.5599861145019531 1478
0.5599861145019531 1478
0.5604631900787354 1478
0.5610830783843994 1478
0.561514139175415 1478
0.5618200302124023 1478
0.5622000694274902 1478
0.5625979900360107 1478
0.5629880428314209 1478
0.5637140274047852 1478
0.5637140274047852 1478
0.5641911029815674 1478
0.5641911029815674 1478
0.5646471977233887 1478
0.5646471977233887 1178
0.6007750034332275 1133
0.6243131160736084 1478
0.6250460147857666 1478
0.6250460147857666 1478
0.6254410743713379 1478
0.6254410743713379 1478
0.6258630752563477 1478
0.6268291473388672 1478
0.6268291473388672 1478
0.6277379989624023 1478
0.628108024597168 1478
0.628108024597168 1478
0.6288712024688721 1478
0.6288712024688721 1478
0.6291921138763428 1478
0.6296610832214355 1478
0.6296610832214355 1478
0.6300580501556396 1478
0.6308929920196533 1478
0.6312952041625977 1478
0.6317470073699951 1478
0.6320919990539551 1478
0.6320919990539551 1478
0.6328630447387695 1478
0.6328630447387695 1478
0.6334960460662842 1478
0.6334960460662842 1478
0.63413405418396 1478
0.63413405418396 1478
0.6346530914306641 1478
0.6361210346221924 1478
0.6361210346221924 1478
0.6361210346221924 1147
0.6361210346221924 1109
0.6848599910736084 1478
0.6853082180023193 1478
0.6853082180023193 1478
0.6858100891113281 1478
0.6858100891113281 1478
0.6862311363220215 1478
0.6867191791534424 1478
0.6867191791534424 1478
0.6867191791534424 321
0.7162392139434814 1478
0.7162392139434814 1478
0.7165560722351074 1478
0.71700119972229 1478
0.726639986038208 52
0.7272481918334961 1478
0.7272481918334961 1109
0.7476670742034912 1478
0.7476670742034912 1478
0.7479732036590576 1478
0.7479732036590576 1478
0.7483670711517334 1478
0.7489790916442871 1478
0.7495222091674805 1478
0.750068187713623 1478
0.750068187713623 1478
0.7514071464538574 1478
0.7518081665039062 1478
0.7518081665039062 1478
0.7522602081298828 1478
0.7526960372924805 1478
0.7526960372924805 1478
0.7531311511993408 1478
0.7537209987640381 1478
0.7541680335998535 1478
0.7541680335998535 1478
0.7549340724945068 1478
0.7549340724945068 1478
0.7553751468658447 1478
0.7553751468658447 1478
0.7557871341705322 1478
0.7561681270599365 1478
0.7561681270599365 1478
0.7565791606903076 1478
0.7571871280670166 1478
0.7571871280670166 1478
0.7577390670776367 1478
0.7577390670776367 1478
0.7581369876861572 1478
0.7584881782531738 1478
0.7638020515441895 52
0.7652251720428467 1478
0.7658531665802002 1478
0.7663021087646484 1478
0.7667331695556641 1478
0.7667331695556641 1109
0.7918450832366943 1478
0.79221510887146 1478
0.7927801609039307 1478
0.7927801609039307 1478
0.7931439876556396 1478
0.7939791679382324 1478
0.794417142868042 1478
0.7950010299682617 1478
0.7950010299682617 1478
0.7958290576934814 1478
0.7958290576934814 1478
0.7961421012878418 1178
0.8076801300048828 52
0.8087940216064453 1478
0.8087940216064453 1478
0.809211015701294 1478
0.8096261024475098 1478
0.8096261024475098 1478
0.8102171421051025 1478
0.8102171421051025 1478
0.8108060359954834 1478
0.8112270832061768 1478
0.8112270832061768 1478
0.8117120265960693 1278
0.8250460624694824 1478
0.8250460624694824 1478
0.8254790306091309 1478
0.8257830142974854 1478
0.8257830142974854 1478
0.8262791633605957 1478
0.8262791633605957 1478
0.8268351554870605 1478
0.8272511959075928 1478
0.8272511959075928 1478
0.8276040554046631 1478
0.8290410041809082 1478
0.8294551372528076 1478
0.8294551372528076 221
0.8491811752319336 52
0.8499290943145752 1478
0.8502700328826904 1247
0.8506321907043457 1478
0.8511691093444824 1478
0.8511691093444824 1478
0.8517642021179199 1478
0.8521780967712402 1478
0.8525941371917725 1478
0.8529791831970215 1478
0.8533082008361816 1478
0.853734016418457 1478
0.853734016418457 1478
0.8541960716247559 1009
0.8635501861572266 52
0.8645071983337402 1478
0.865361213684082 1478
0.865361213684082 1478
0.865361213684082 1478
0.865361213684082 1478
0.8665661811828613 1378
0.9011859893798828 52
0.9021241664886475 1478
0.9021241664886475 1478
0.9028210639953613 1478
0.9033000469207764 1478
0.9033000469207764 1478
0.9037032127380371 1478
0.9040939807891846 1478
0.9044451713562012 1478
0.9048271179199219 1478
0.9052250385284424 1478
0.9052250385284424 1478
0.9056010246276855 1478
0.906041145324707 1478
0.906041145324707 1478
0.9062881469726562 1478
0.9072141647338867 1478
0.9072141647338867 1478
0.9072141647338867 1478
0.9077091217041016 1478
0.908311128616333 1478
0.9088070392608643 1478
0.9096910953521729 1478
0.9096910953521729 1478
0.9100701808929443 978
0.9346661567687988 1478
0.9346661567687988 1478
0.9350161552429199 1478
0.9353752136230469 1478
0.9646580219268799 1478
0.9650411605834961 1478
0.9654262065887451 1478
0.9658150672912598 1478
0.9658150672912598 1478
0.9662160873413086 1478
0.9662160873413086 1478
0.9666299819946289 1378
1.0271801948547363 76
1.0278480052947998 1478
1.0290861129760742 1478
1.0290861129760742 1478
1.0295979976654053 1478
1.0299930572509766 1478
1.0303571224212646 1478
1.0303571224212646 1478
1.030822992324829 1478
1.030822992324829 1478
1.0312490463256836 1478
1.0317192077636719 1478
1.0320889949798584 1478
1.0325632095336914 1478
1.0325632095336914 1478
1.0331079959869385 1478
1.0331079959869385 1478
1.0336220264434814 1478
1.0340690612792969 1478
1.0340690612792969 1478
1.0349760055541992 1478
1.0349760055541992 1478
1.0354290008544922 1478
1.0358920097351074 1478
1.0358920097351074 1478
1.036316156387329 1478
1.036316156387329 709
1.0892510414123535 52
1.0901761054992676 1478
1.0901761054992676 1478
1.0907421112060547 1478
1.0907421112060547 1478
1.0912950038909912 1478
1.0912950038909912 1478
1.0916471481323242 1478
1.092087984085083 1478
1.0924780368804932 1478
1.092954158782959 1478
1.093986988067627 1478
1.093986988067627 1478
1.093986988067627 1478
1.0947821140289307 1478
1.0951690673828125 1478
1.0951690673828125 1478
1.0955431461334229 1178
1.15378999710083 76
1.1542332172393799 1478
1.1548850536346436 1478
1.1548850536346436 1478
1.1558911800384521 1478
1.1558911800384521 1478
1.1558911800384521 1478
1.1558911800384521 1478
1.1567811965942383 1478
1.1567811965942383 1378
1.1678690910339355 1478
1.1682331562042236 1478
1.1682331562042236 1478
1.1690831184387207 1478
1.1690831184387207 1478
1.1698811054229736 1478
1.1698811054229736 1478
1.1703300476074219 1478
1.1703300476074219 1478
1.1703300476074219 909
1.184063196182251 1478
1.1844391822814941 1478
1.1844391822814941 1478
1.184899091720581 631
1.2168400287628174 52
1.2181050777435303 1478
1.2181050777435303 1478
1.2181050777435303 1478
1.2487201690673828 1478
1.249150037765503 1478
1.249150037765503 1478
1.2498290538787842 1478
1.279832124710083 52
1.2806801795959473 1478
1.2810771465301514 1478
1.2818360328674316 1478
1.2818360328674316 1478
1.2822630405426025 1478
1.2829580307006836 1478
1.2829580307006836 1478
1.2833750247955322 1478
1.2833750247955322 1278
1.3090360164642334 52
1.3095982074737549 1478
1.3101251125335693 1478
1.3101251125335693 1478
1.3104891777038574 1478
1.3108410835266113 1478
1.3108410835266113 1478
1.3112990856170654 1478
1.3117601871490479 1478
1.3120830059051514 1478
1.3124961853027344 1478
1.3124961853027344 1478
1.3128740787506104 1478
1.3128740787506104 1478
1.313326120376587 1278
1.3405790328979492 52
1.3562262058258057 52
1.357253074645996 1478
1.3576250076293945 1478
1.358051061630249 1478
1.358051061630249 1478
1.3583831787109375 1478
1.358863115310669 1478
1.3592300415039062 1478
1.3599750995635986 1478
1.3599750995635986 1478
1.3604230880737305 1478
1.3608860969543457 1478
1.3608860969543457 1478
1.3615469932556152 1478
1.3619980812072754 1478
1.3619980812072754 1478
1.3619980812072754 71
1.37654709815979 1478
1.37723708152771 1478
1.37723708152771 1478
1.3778350353240967 1478
1.3778350353240967 1478
1.3782951831817627 1478
1.3782951831817627 1478
1.378756046295166 321
1.403757095336914 1478
1.403757095336914 1478
1.4045190811157227 1478
1.4045190811157227 1478
1.4049880504608154 1478
1.4098670482635498 52
1.4102342128753662 1478
1.4105360507965088 1109
1.4339141845703125 1478
1.4339141845703125 1478
1.4339141845703125 1478
1.4339141845703125 1478
1.4355120658874512 321
1.468804121017456 1478
1.4694759845733643 1478
1.4694759845733643 1478
1.4978652000427246 1478
1.4983811378479004 1478
1.4983811378479004 1478
1.5310661792755127 1478
1.5313889980316162 1478
1.5313889980316162 1378
1.5572991371154785 76
1.5578060150146484 1478
1.5908172130584717 52
1.6201450824737549 52
1.7157130241394043 52
1.716306209564209 740
1.8426361083984375 1478
1.9206700325012207 52
2.2287991046905518 52
2.2636330127716064 1109
2.322395086288452 52
2.8212361335754395 52
2.821737051010132 1478
2.822226047515869 1478
2.822226047515869 1478
2.8522870540618896 52
2.9483001232147217 1059
3.0118160247802734 52
4.540313005447388 101
4.607218027114868 52
6.159605026245117 125
8.157447099685669 125
10.129662036895752 125
