1049539
0.0 1460
1.9073486328125e-05 1460
0.00023794174194335938 1460
0.00024890899658203125 1460
0.0004780292510986328 1460
0.000492095947265625 1460
0.0007159709930419922 1460
0.0007300376892089844 1460
0.0009529590606689453 1460
0.0009701251983642578 1460
0.0011930465698242188 1460
0.0012099742889404297 1460
0.0014829635620117188 1460
0.0014989376068115234 1460
0.0015599727630615234 1460
0.0018019676208496094 1460
0.0019409656524658203 1460
0.0019490718841552734 1460
0.002165079116821289 1460
0.0021800994873046875 1460
0.0022759437561035156 1460
0.0025119781494140625 1460
0.0025339126586914062 1460
0.0027570724487304688 1460
0.0027680397033691406 1460
0.002885103225708008 1460
0.003116130828857422 1460
0.0031290054321289062 1460
0.0033550262451171875 1460
0.003371000289916992 1460
0.0036449432373046875 1460
0.0036580562591552734 1460
0.0037240982055664062 1460
0.003951072692871094 1460
0.003968000411987305 1460
0.004190921783447266 1460
0.004203081130981445 1460
0.004431962966918945 1460
0.0044460296630859375 1460
0.0046710968017578125 1460
0.004683971405029297 1460
0.004909038543701172 1460
0.00492405891418457 1460
0.005151987075805664 1460
0.00516510009765625 1460
0.005388975143432617 1460
0.005401134490966797 1460
0.005628108978271484 1460
0.005795001983642578 1460
0.005808115005493164 1460
0.005877971649169922 1460
0.0061130523681640625 1460
0.00623011589050293 1460
0.006249904632568359 1460
0.006468057632446289 1460
0.006484031677246094 1460
0.0067141056060791016 1460
0.0067179203033447266 1460
0.006947994232177734 1460
0.006963014602661133 1460
0.007200002670288086 1460
0.0072209835052490234 1460
0.0074329376220703125 1460
0.007448911666870117 1460
0.007683992385864258 1460
0.007683992385864258 1460
0.007904052734375 1460
0.008029937744140625 1460
0.00804591178894043 1460
0.008152961730957031 1460
0.008388042449951172 1460
0.008404016494750977 1460
0.008629083633422852 1460
0.008645057678222656 1460
0.008865118026733398 1460
0.008888959884643555 1460
0.009109973907470703 1460
0.009135007858276367 1460
0.009351015090942383 1460
0.00941610336303711 1460
0.009597063064575195 1460
0.009755134582519531 1460
0.009759902954101562 1460
0.009948968887329102 1460
0.009969949722290039 1460
0.010188102722167969 1460
0.010204076766967773 1460
0.010435104370117188 1460
0.010447978973388672 1460
0.010677099227905273 1460
0.010692119598388672 1460
0.010807991027832031 1460
0.011027097702026367 1460
0.011044025421142578 1460
0.011271953582763672 1460
0.01129603385925293 1460
0.011508941650390625 1460
0.01152491569519043 1460
0.011752128601074219 1460
0.011773109436035156 1460
0.011986970901489258 1460
0.012001991271972656 1460
0.012228012084960938 1460
0.012253999710083008 1460
0.012464046478271484 1460
0.012478113174438477 1460
0.012701034545898438 1460
0.012717008590698242 1460
0.012948989868164062 1460
0.012969970703125 1460
0.01317906379699707 1460
0.013194084167480469 1460
0.013427972793579102 1460
0.013451099395751953 1460
0.013673067092895508 1460
0.013782024383544922 1460
0.013799905776977539 1460
0.013901948928833008 1460
0.014137983322143555 1460
0.014153003692626953 1460
0.014390945434570312 1460
0.014390945434570312 1460
0.014617919921875 1460
0.014748096466064453 1460
0.014868974685668945 1460
0.014868974685668945 1460
0.015105009078979492 1460
0.01512908935546875 1460
0.015347957611083984 1460
0.01534891128540039 1460
0.01557612419128418 1460
0.01559305191040039 1460
0.015816926956176758 1460
0.015836000442504883 1460
0.01606607437133789 1460
0.016087055206298828 1460
0.016302108764648438 1460
0.01632094383239746 1460
0.016542911529541016 1460
0.016564130783081055 1460
0.016787052154541016 1460
0.016807079315185547 1460
0.017019987106323242 1460
0.017035961151123047 1460
0.0172579288482666 1460
0.017275094985961914 1460
0.017492055892944336 1460
0.017512083053588867 1460
0.0177459716796875 1460
0.017763137817382812 1460
0.01798701286315918 1460
0.018002986907958984 1460
0.018217086791992188 1460
0.01823592185974121 1460
0.018455028533935547 1460
0.0185239315032959 1460
0.01870107650756836 1460
0.01872110366821289 1460
0.0189359188079834 1460
0.01895308494567871 1460
0.01907205581665039 1460
0.019323110580444336 1460
0.01935100555419922 1460
0.019541025161743164 1460
0.019566059112548828 1460
0.019663095474243164 1460
0.01989293098449707 1460
0.019913911819458008 1460
0.020133018493652344 1460
0.020154953002929688 1460
0.020376920700073242 1460
0.02039790153503418 1460
0.020607948303222656 1460
0.020726919174194336 1460
0.02084493637084961 1460
0.020965099334716797 1460
0.021084070205688477 1460
0.021210908889770508 1460
0.021212100982666016 349
0.2534329891204834 40
16.453267097473145 1460
16.45326805114746 113
16.453344106674194 1460
16.453344106674194 1460
16.453561067581177 1460
16.453570127487183 1460
16.453877925872803 1460
16.4538791179657 1460
16.454047918319702 1460
16.454049110412598 1460
16.454258918762207 1460
16.4543719291687 1460
16.45449709892273 1460
16.454575061798096 833
16.454576015472412 1460
16.45483899116516 1460
16.454910039901733 1460
16.455090045928955 1460
16.45509099960327 1460
16.455255031585693 1460
16.45528292655945 1460
16.455538988113403 1460
16.45553994178772 1460
16.45573091506958 1460
16.455732107162476 1460
16.455967903137207 833
16.455994129180908 1460
16.456178903579712 1460
16.456180095672607 1460
16.4564950466156 1460
16.456496000289917 1460
16.456727981567383 1460
16.4567289352417 1460
16.456897020339966 1460
16.456897974014282 1460
16.457061052322388 1460
16.457226037979126 1460
16.457226037979126 1460
16.457394123077393 1460
16.45754313468933 1460
16.457544088363647 1460
16.45778512954712 1460
16.45778512954712 1460
16.458054065704346 1460
16.458077907562256 1460
16.45823311805725 1460
16.45826292037964 1460
16.458468914031982 1460
16.458478927612305 1460
16.458538055419922 206
16.458707094192505 1460
16.45878005027771 1460
16.45902109146118 1460
16.459022045135498 1460
16.459243059158325 1460
16.45924401283264 1460
16.45946502685547 1460
16.45948100090027 1460
16.459700107574463 1460
16.459700107574463 1460
16.459939002990723 1460
16.45993995666504 1460
16.460164070129395 1460
16.46016502380371 1460
16.46044111251831 1460
16.460477113723755 1460
16.460654973983765 1460
16.460663080215454 1460
16.46088695526123 1460
16.460959911346436 1460
16.461143970489502 1460
16.461206912994385 1460
16.46131205558777 1460
16.46152091026306 1460
16.461534023284912 1460
16.46173906326294 1460
16.4617919921875 1460
16.461874961853027 1460
16.462104082107544 1460
16.46210503578186 1460
16.462340116500854 1460
16.462405920028687 1460
16.462582111358643 1460
16.462582111358643 1460
16.46284294128418 1460
16.46284294128418 1460
16.463078022003174 1460
16.463097095489502 1460
16.463282108306885 1460
16.46331000328064 1460
16.463388919830322 1460
16.46363091468811 1460
16.463653087615967 1460
16.463767051696777 1460
16.46399211883545 1460
16.464030027389526 1460
16.464112997055054 1460
16.46434998512268 1460
16.464375972747803 1460
16.464608907699585 1460
16.464627027511597 1460
16.464823007583618 1460
16.464863061904907 1460
16.464967966079712 1460
16.4652099609375 1460
16.465276956558228 1460
16.465429067611694 1460
16.465455055236816 1460
16.465672969818115 1460
16.465672969818115 1460
16.465893030166626 1460
16.465944051742554 1460
16.466145038604736 1460
16.46616005897522 1460
16.46645712852478 1460
16.46645712852478 1460
16.466686964035034 1460
16.46668791770935 1460
16.46690607070923 1460
16.46691393852234 1460
16.46708607673645 1460
16.467128038406372 1460
16.46733808517456 1460
16.467365980148315 1460
16.467582941055298 1460
16.467582941055298 1460
16.46781301498413 1460
16.467847108840942 1460
16.46793007850647 1460
16.46816396713257 1460
16.468199014663696 1460
16.468425035476685 1460
16.468425035476685 1460
16.46870708465576 1460
16.468708038330078 1460
16.468908071517944 1460
16.4689679145813 1460
16.469018936157227 1460
16.4692440032959 1460
16.46926712989807 1460
16.46937394142151 1460
16.469614028930664 1460
16.46965003013611 1460
16.469722032546997 1460
16.46995210647583 1460
16.469990968704224 1460
16.47021508216858 1460
16.470221996307373 1460
16.470396995544434 405
16.693438053131104 40
28.988232135772705 1460
28.98823308944702 115
28.988234043121338 1460
28.988428115844727 1460
28.98857307434082 1460
28.988773107528687 1460
28.98894500732422 1460
28.988945960998535 1460
28.989053964614868 1460
28.98915696144104 1460
28.989346027374268 1460
28.989388942718506 1460
28.989388942718506 1460
28.9895339012146 833
28.98955202102661 1460
28.989727020263672 1460
28.98972797393799 1460
28.989927053451538 1460
28.990052938461304 1460
28.99015498161316 1460
28.990299940109253 1460
28.99037504196167 1460
28.990602016448975 1460
28.99060297012329 1460
28.990946054458618 1460
28.990947008132935 833
28.99094796180725 1460
28.99117612838745 1460
28.991177082061768 1460
28.991332054138184 1460
28.9913330078125 1460
28.991612911224365 1460
28.99161410331726 1460
28.9918110370636 1460
28.991831064224243 1460
28.992021083831787 1460
28.99202299118042 1460
28.992212057113647 833
28.992213010787964 1460
28.992396116256714 1460
28.99239706993103 1460
28.99266505241394 1460
28.992666006088257 1460
28.992916107177734 1460
28.99291706085205 1460
28.993067979812622 1460
28.99311590194702 1460
28.993200063705444 1460
28.993425130844116 1460
28.993503093719482 1460
28.993627071380615 1460
28.993905067443848 1460
28.993958950042725 1460
28.994067907333374 1460
28.99406909942627 1460
28.994291067123413 1460
28.99429202079773 1460
28.994525909423828 1460
28.99459409713745 1460
28.994643926620483 1460
28.994933128356934 1460
28.99493408203125 206
28.995044946670532 1460
28.9950749874115 1460
28.99527406692505 1460
28.995275020599365 1460
28.995502948760986 1460
28.995503902435303 1460
28.995728969573975 1460
28.995800971984863 1460
28.99588704109192 1460
28.996105909347534 1460
28.9961199760437 1460
28.99633002281189 1460
28.99638605117798 1460
28.996493101119995 1460
28.996706008911133 1460
28.996721029281616 1460
28.996932983398438 1460
28.99694800376892 1460
28.99718713760376 1460
28.99722409248352 1460
28.997416973114014 1460
28.99743103981018 1460
28.99765396118164 1460
28.99766707420349 1460
28.997894048690796 1460
28.997895002365112 1460
28.998138904571533 1460
28.99814009666443 1460
28.998368978500366 1460
28.9984290599823 1460
28.998522996902466 1460
28.998764038085938 1460
28.9987850189209 1460
28.998964071273804 1460
28.998971939086914 1460
28.99918508529663 1460
28.99919295310974 1460
28.999424934387207 1460
28.999459981918335 1460
28.99954605102539 1460
28.999799966812134 1460
28.99982500076294 1460
29.000025987625122 1460
29.000035047531128 1460
29.00029492378235 1460
29.00029492378235 1460
29.000524044036865 1460
29.00052499771118 1460
29.000746965408325 1460
29.00075602531433 1460
29.000993967056274 1460
29.00099492073059 1460
29.001226902008057 1460
29.001280069351196 1460
29.001477003097534 1460
29.001511096954346 1460
29.001704931259155 1460
29.00170612335205 1460
29.001927137374878 1460
29.00195598602295 1460
29.00220799446106 1460
29.00223398208618 1460
29.00244402885437 1460
29.002465963363647 1460
29.00269603729248 1460
29.002716064453125 1460
29.002949953079224 1460
29.00295090675354 1460
29.003150939941406 1460
29.00317907333374 1460
29.003268003463745 1460
29.003546953201294 1460
29.003546953201294 1460
29.00374412536621 1460
29.003745079040527 1460
29.004000902175903 1460
29.00404191017151 1460
29.00422191619873 1460
29.004260063171387 1460
29.004462003707886 1460
29.00447106361389 1460
29.00469398498535 1460
29.004727125167847 1460
29.00481390953064 1460
29.005043983459473 1460
29.005069971084595 1460
29.00516700744629 1460
29.005412101745605 1460
29.005412101745605 1460
29.005659103393555 1460
29.005669116973877 1460
29.005883932113647 1460
29.00591492652893 1460
29.006009101867676 1460
29.00624394416809 1460
29.006269931793213 1460
29.006381034851074 1460
29.006629943847656 1460
29.006652116775513 1460
29.006752967834473 1460
29.00698494911194 1460
29.007019996643066 1460
29.00724196434021 1460
29.007242918014526 1460
29.007466077804565 1460
29.007496118545532 1460
29.00774097442627 1460
29.007741928100586 1460
29.007946968078613 1460
29.007971048355103 1460
29.008198976516724 1460
29.008208990097046 1460
29.008422136306763 1460
29.008448123931885 1460
29.00866413116455 1460
29.00868797302246 1460
29.008918046951294 1460
29.0089590549469 1460
29.009047985076904 1460
29.00926899909973 1460
29.0092990398407 1460
29.00953698158264 1460
29.009562015533447 1460
29.009773015975952 1460
29.009804010391235 1460
29.01001811027527 1460
29.010019063949585 1460
29.010284900665283 1460
29.01030397415161 1460
29.010474920272827 1460
29.010534048080444 1460
29.0107159614563 1460
29.01072406768799 1460
29.010956048965454 1460
29.01095700263977 1460
29.011197090148926 1460
29.011220932006836 1460
29.011420965194702 1460
29.011430025100708 1460
29.011652946472168 1460
29.01167607307434 1460
29.011773109436035 1460
29.01201105117798 1460
29.01204013824463 1460
29.012134075164795 1460
29.01237201690674 1460
29.0123929977417 1460
29.012490034103394 1460
29.012749910354614 1460
29.012749910354614 1460
29.012968063354492 1460
29.012994050979614 1460
29.01321291923523 1460
29.013235092163086 1460
29.013334035873413 1460
29.013564109802246 1460
29.013592958450317 1460
29.013687133789062 1460
29.01391911506653 1460
29.014050006866455 1460
29.014075994491577 1460
29.014172077178955 1460
29.014405012130737 1460
29.014432907104492 1460
29.014524936676025 1460
29.014799118041992 1460
29.014820098876953 1460
29.01489806175232 1460
29.01512312889099 1460
29.015149116516113 1460
29.01536798477173 1460
29.01538896560669 1460
29.015504121780396 1460
29.015744924545288 1460
29.015746116638184 1460
29.01596713066101 1460
29.016005992889404 1460
29.016091108322144 1460
29.016324043273926 1460
29.016350030899048 1460
29.016447067260742 1460
29.016683101654053 1460
29.016709089279175 1460
29.016927003860474 1460
29.016947984695435 1460
29.01705813407898 1460
29.017282009124756 1460
29.017316102981567 1460
29.01740312576294 1460
29.01765012741089 1460
29.01767110824585 1460
29.017765998840332 1460
29.017997980117798 1460
29.018029928207397 1460
29.018136978149414 1460
29.01836609840393 1460
29.01838994026184 1460
29.0186550617218 1460
29.0186550617218 1460
29.01892590522766 1460
29.01894998550415 1460
29.018996000289917 1460
29.019220113754272 1460
29.019243955612183 1460
29.019328117370605 1460
29.019568920135498 1460
29.01959490776062 1460
29.01976704597473 1460
29.019937992095947 1460
29.019971132278442 1460
29.02006196975708 1460
29.02016806602478 1460
29.020400047302246 1460
29.020430088043213 1460
29.02052402496338 1460
29.020756006240845 1460
29.020781993865967 1460
29.021026134490967 1460
29.021045923233032 1460
29.021246910095215 1460
29.021246910095215 1460
29.021477937698364 1460
29.021512031555176 1460
29.021610975265503 1460
29.02184295654297 1460
29.021867990493774 1460
29.02195906639099 1460
29.0221951007843 1460
29.022217988967896 1460
29.02243399620056 1460
29.022454977035522 1460
29.022557973861694 1460
29.022794008255005 1460
29.022828102111816 1460
29.023044109344482 1460
29.023051977157593 1460
29.023401021957397 1460
29.023401975631714 1460
29.02354907989502 1460
29.023778915405273 1460
29.023793935775757 1460
29.023880004882812 1460
29.023942947387695 1460
29.024168014526367 1460
29.02417492866516 1460
29.024374961853027 1460
29.024399042129517 1460
29.024622917175293 1460
29.02462410926819 1460
29.024837017059326 1460
29.02485704421997 1460
29.025080919265747 1460
29.025080919265747 1460
29.025301933288574 1460
29.02532410621643 1460
29.025537967681885 1460
29.025559902191162 1460
29.02579092979431 1460
29.025792121887207 1460
29.026015996932983 1460
29.026036024093628 1460
29.026262998580933 1460
29.026262998580933 1460
29.026525020599365 1460
29.026544094085693 1460
29.02678108215332 1460
29.02680492401123 1460
29.02688503265381 1460
29.027102947235107 1460
29.027127027511597 1460
29.02721905708313 1460
29.027454137802124 1460
29.027477979660034 1460
29.027590036392212 1460
29.027817010879517 1460
29.027836084365845 1460
29.028074026107788 1460
29.028079986572266 1460
29.0282940864563 1460
29.028319120407104 1460
29.028536081314087 1460
29.028557062149048 1460
29.028774976730347 1460
29.028791904449463 1460
29.029025077819824 1460
29.029043912887573 1460
29.02926993370056 1460
29.02926993370056 1460
29.029491901397705 1460
29.029520988464355 1460
29.029741048812866 1460
29.029748916625977 1460
29.02997612953186 1460
29.030009031295776 1460
29.030230045318604 1460
29.03023600578308 1460
29.03045392036438 1460
29.030472993850708 1460
29.030575037002563 1460
29.03081512451172 1460
29.03082013130188 1460
29.031155109405518 1460
29.031155109405518 1460
29.03119707107544 1460
29.031420946121216 1460
29.031443119049072 1460
29.031646966934204 1460
29.031671047210693 1460
29.031888008117676 1460
29.031912088394165 1460
29.032140970230103 1460
29.032140970230103 1460
29.03237295150757 1460
29.03239607810974 1460
29.032608032226562 1460
29.03262996673584 1460
29.032848119735718 1460
29.03286600112915 1460
29.033087968826294 1460
29.03310513496399 1460
29.03332805633545 1460
29.033348083496094 1460
29.033567905426025 1460
29.033584117889404 1460
29.033807039260864 1460
29.033824920654297 1460
29.034045934677124 1460
29.03406310081482 1460
29.034286975860596 1460
29.034306049346924 1460
29.03453803062439 1460
29.03453803062439 1460
29.03476095199585 1460
29.03478693962097 1460
29.035012006759644 1460
29.03501296043396 1460
