1050000
0.0 1500
0.0011310577392578125 1500
0.0019490718841552734 1500
0.004358053207397461 1500
0.005024909973144531 1500
0.0071849822998046875 1500
0.00791311264038086 1500
0.010289907455444336 1500
0.01110696792602539 1500
0.01334691047668457 1500
0.014146089553833008 1500
0.014941930770874023 1500
0.016976118087768555 1500
0.01868295669555664 1500
0.019987106323242188 1500
0.021368980407714844 1500
0.023427963256835938 1500
0.024080991744995117 1500
0.026401996612548828 1500
0.02717304229736328 1500
0.02820301055908203 1500
0.030762910842895508 1500
0.030978918075561523 1500
0.033692121505737305 1500
0.03523707389831543 1500
0.03611612319946289 1500
0.03861498832702637 1500
0.03896212577819824 1500
0.040116071701049805 1500
0.04206109046936035 1500
0.04334902763366699 1500
0.045007944107055664 1500
0.046729087829589844 1500
0.04800009727478027 1500
0.04891610145568848 1500
0.051017045974731445 1500
0.05197596549987793 1500
0.052926063537597656 1500
0.05559110641479492 1500
0.05629897117614746 1500
0.05871105194091797 1500
0.058979034423828125 1500
0.06108593940734863 1500
0.06197690963745117 1500
0.06401205062866211 1500
0.06493806838989258 1500
0.06595897674560547 1500
0.06867694854736328 1500
0.06911110877990723 1500
0.07121801376342773 1500
0.07194209098815918 1500
0.07421302795410156 1500
0.0751349925994873 1500
0.07727789878845215 1500
0.0780189037322998 1500
0.0797569751739502 1500
0.08117794990539551 1500
0.08198213577270508 1500
0.08409404754638672 1500
0.08529996871948242 1500
0.08746194839477539 1500
0.08792996406555176 1500
0.09006810188293457 1500
0.09095597267150879 1500
0.09229207038879395 1500
0.0940399169921875 1500
0.09494805335998535 1500
0.10003399848937988 1500
0.10003399848937988 1500
0.10014605522155762 1500
0.10149097442626953 1500
0.10478401184082031 1500
0.10478401184082031 1500
0.10519909858703613 1500
0.10712194442749023 1500
0.10799193382263184 1500
0.10999608039855957 1500
0.11124300956726074 1500
0.11344194412231445 1500
0.11418795585632324 1500
0.11597990989685059 1500
0.11715412139892578 1500
0.1179800033569336 1500
0.12036609649658203 1500
0.12119507789611816 1500
0.1230010986328125 1500
0.12395906448364258 1500
0.12599897384643555 1500
0.12691998481750488 1500
0.12929892539978027 1500
0.12992310523986816 1500
0.13131403923034668 1500
0.13369512557983398 1500
0.13396692276000977 1500
0.13605999946594238 1500
0.13720202445983887 1500
0.13897299766540527 1500
0.13993191719055176 1500
0.14238405227661133 1500
0.14295601844787598 1500
0.14430594444274902 1500
0.14606809616088867 1500
0.1472790241241455 1500
0.14894700050354004 1500
0.15003299713134766 1500
0.15218210220336914 1500
0.15321898460388184 1500
0.15498805046081543 1500
0.1564040184020996 1500
0.15873312950134277 1500
0.1589500904083252 1500
0.15993309020996094 1500
0.16197705268859863 1500
0.16305208206176758 1500
0.16558599472045898 1500
0.16592907905578613 1500
0.16800403594970703 1500
0.16893291473388672 1500
0.17126011848449707 1500
0.17219996452331543 1500
0.17305397987365723 1500
0.1750469207763672 1500
0.17628002166748047 1500
0.17865300178527832 1500
0.17904090881347656 1500
0.18097996711730957 1500
0.18296003341674805 1500
0.18407607078552246 1500
0.1851189136505127 1500
0.1859879493713379 1500
0.1880481243133545 1500
0.18932795524597168 1500
0.19093894958496094 1500
0.191925048828125 1500
0.19512104988098145 1500
0.19512104988098145 1500
0.19735407829284668 1500
0.1979539394378662 1500
0.19929289817810059 1500
0.20097994804382324 1500
0.20200109481811523 1500
0.20395493507385254 1500
0.20499205589294434 1500
0.20696210861206055 1500
0.2080070972442627 1500
0.2100229263305664 1500
0.21103191375732422 1500
0.211961030960083 1500
0.21404290199279785 1500
0.21496796607971191 1500
0.21734189987182617 1500
0.217940092086792 1500
0.220444917678833 1500
0.221343994140625 1500
0.22319507598876953 1500
0.22450900077819824 1500
0.2252509593963623 1500
0.22739911079406738 1500
0.22795701026916504 1500
0.23001313209533691 1500
0.23168706893920898 1500
0.23305201530456543 1500
0.23391008377075195 1500
0.2361459732055664 1500
0.23692607879638672 1500
0.23865103721618652 1500
0.24001693725585938 1500
0.2411799430847168 1500
0.24306797981262207 1500
0.2441270351409912 1500
0.24599409103393555 1500
0.24692201614379883 1500
0.24905896186828613 1500
0.24992108345031738 1500
0.2520630359649658 1500
0.2529289722442627 1500
0.25401997566223145 1500
0.2559499740600586 1500
0.2572629451751709 1500
0.2589840888977051 1500
0.2600240707397461 1500
0.26214003562927246 1500
0.26303791999816895 1500
0.2639279365539551 1500
0.2660679817199707 1500
0.2669649124145508 1500
0.26910996437072754 1500
0.2703440189361572 1500
0.2720329761505127 1500
0.27306294441223145 1500
0.27501893043518066 1500
0.27619194984436035 1500
0.2771439552307129 1500
0.2790369987487793 1500
0.2799201011657715 1500
0.2824831008911133 1500
0.28301095962524414 1500
0.2861979007720947 1500
0.2861979007720947 1500
0.28869199752807617 1500
0.2890620231628418 1500
0.29027891159057617 1500
0.29238390922546387 1500
0.292971134185791 1500
0.29527902603149414 1500
0.29598212242126465 1500
0.2995619773864746 1500
0.2995619773864746 1500
0.30127501487731934 1500
0.30204296112060547 1500
0.3035619258880615 1500
0.305941104888916 1500
0.3063349723815918 1500
0.3079509735107422 1500
0.30894994735717773 1500
0.31154394149780273 1500
0.31195998191833496 1500
0.31438493728637695 1500
0.31494712829589844 1500
0.31624412536621094 1500
0.3180699348449707 1500
0.3194091320037842 1500
0.32096409797668457 1500
0.32197093963623047 1500
0.3240089416503906 1500
0.3249061107635498 1500
0.32713890075683594 1500
0.32791590690612793 1500
0.33101511001586914 1500
0.33101511001586914 1500
0.3324470520019531 1500
0.33507609367370605 1500
0.33591604232788086 1500
0.33711791038513184 1500
0.3389699459075928 1500
0.3399209976196289 1500
0.3410379886627197 1500
0.34331798553466797 1500
0.3440229892730713 1500
0.3470320701599121 1500
0.3470320701599121 1500
0.34902501106262207 1500
0.3500080108642578 1500
0.3519599437713623 1500
0.35292911529541016 1500
0.35391807556152344 1500
0.35617589950561523 1500
0.3572120666503906 1500
0.3589930534362793 1500
0.36040210723876953 1500
0.36228489875793457 1500
0.36292409896850586 1500
0.3649759292602539 1500
0.3659389019012451 1500
0.367002010345459 1500
0.37009596824645996 1500
0.37009596824645996 1500
0.3723931312561035 1500
0.3729989528656006 1500
0.37514710426330566 1500
0.37729811668395996 1500
0.3780829906463623 1500
0.37906694412231445 1500
0.3799431324005127 1500
0.3820171356201172 1500
0.38293004035949707 1500
0.38506412506103516 1500
0.3859241008758545 1500
0.3880300521850586 1500
0.38896608352661133 1500
0.3911929130554199 1500
0.3919060230255127 1500
0.3931729793548584 1500
0.3950660228729248 1500
0.39645910263061523 1500
0.3979671001434326 1500
0.39977598190307617 1500
0.40143299102783203 1500
0.4020259380340576 1500
0.40401196479797363 1500
0.40497708320617676 1500
0.40741395950317383 1500
0.40806102752685547 1500
0.4101839065551758 1500
0.4111049175262451 1500
0.41234612464904785 1500
0.41399192810058594 1500
0.41510605812072754 1500
0.41864705085754395 1500
0.41864705085754395 1500
0.4199659824371338 1500
0.4209299087524414 1500
0.42343997955322266 1500
0.4239640235900879 1500
0.4252939224243164 1500
0.42723894119262695 1500
0.42815589904785156 1500
0.4299750328063965 1500
0.431088924407959 1500
0.4334280490875244 1500
0.4342379570007324 1500
0.4359900951385498 1500
0.4371199607849121 1500
0.43799400329589844 1500
0.4415130615234375 1500
0.44161391258239746 1500
0.44305896759033203 1500
0.44417309761047363 1500
0.44608592987060547 1500
0.44718313217163086 1500
0.44910311698913574 1500
0.449937105178833 1500
0.45157694816589355 1500
0.4534189701080322 1500
0.4544870853424072 1500
0.4564239978790283 1500
0.45702195167541504 1500
0.45916008949279785 1500
0.459975004196167 1500
0.4623560905456543 1500
0.46294713020324707 1500
0.4640049934387207 1500
0.4663090705871582 1500
0.46712493896484375 1500
0.46895909309387207 1500
0.4701111316680908 1500
0.472214937210083 1500
0.473236083984375 1500
0.4750840663909912 1500
0.4765889644622803 1500
0.4771149158477783 1500
0.47913599014282227 1500
0.48020505905151367 1500
0.4819920063018799 1500
0.48320508003234863 1500
0.485245943069458 1500
0.48603296279907227 1500
0.48826003074645996 1500
0.48898792266845703 1500
0.4899771213531494 1500
0.4920389652252197 1500
0.4929211139678955 1500
0.495434045791626 1500
0.4959719181060791 1500
0.49800610542297363 1500
0.4989359378814697 1500
0.5012519359588623 1500
0.5027270317077637 1500
0.5032260417938232 1500
0.5049440860748291 1500
0.5069561004638672 1500
0.5080950260162354 1500
0.5089499950408936 1500
0.5113329887390137 1500
0.5120270252227783 1500
0.5139980316162109 1500
0.5151650905609131 1500
0.5159680843353271 1500
0.5180859565734863 1500
0.5194220542907715 1500
0.5212109088897705 1500
0.521920919418335 1500
0.5243971347808838 1500
0.5249729156494141 1500
0.5269370079040527 1500
0.5279250144958496 1500
0.5307590961456299 1500
0.5316591262817383 1500
0.532059907913208 1500
0.5342299938201904 1500
0.5351259708404541 1500
0.5370230674743652 1500
0.53802490234375 1500
0.539971113204956 1500
0.5413711071014404 1500
0.5434260368347168 1500
0.5442891120910645 1500
0.5450000762939453 1500
0.5471110343933105 1500
0.5481650829315186 1500
0.5502851009368896 1500
0.5516610145568848 1500
0.5529580116271973 1500
0.5544900894165039 1500
0.5560750961303711 1500
0.5569260120391846 1500
0.5582571029663086 1500
0.5599319934844971 1500
0.561298131942749 1500
0.5640048980712891 1500
0.5640048980712891 1500
0.5660350322723389 1500
0.5669651031494141 1500
0.5693359375 1500
0.5701689720153809 1500
0.5711500644683838 1500
0.5730090141296387 1500
0.5739710330963135 1500
0.57647705078125 1500
0.5770480632781982 1500
0.5790979862213135 1500
0.5799009799957275 1500
0.5819189548492432 1500
0.5830550193786621 1500
0.5840339660644531 1500
0.5863370895385742 1500
0.5872609615325928 1500
0.5892701148986816 1500
0.5902199745178223 1500
0.5923089981079102 1500
0.5930109024047852 1500
0.5952959060668945 1500
0.5964031219482422 1500
0.597383975982666 1500
0.600701093673706 1500
0.600701093673706 1500
0.6022660732269287 1500
0.6029329299926758 1500
0.6053340435028076 1500
0.6063230037689209 1500
0.608025074005127 1500
0.6089639663696289 1500
0.6111791133880615 1500
0.6121070384979248 1500
0.612962007522583 1500
0.617089033126831 1500
0.617089033126831 1500
0.6180040836334229 1500
0.6192710399627686 1500
0.6215851306915283 1500
0.6219921112060547 1500
0.6242029666900635 1500
0.6249239444732666 1500
0.6262431144714355 1500
0.6280009746551514 1500
0.6291029453277588 1500
0.6313679218292236 1500
0.6319549083709717 1500
0.6342189311981201 1500
0.6349921226501465 1500
0.6370360851287842 1500
0.6379570960998535 1500
0.639462947845459 1500
0.6415159702301025 1500
0.642064094543457 1500
0.6440451145172119 1500
0.6458160877227783 1500
0.6474330425262451 1500
0.6479980945587158 1500
0.649975061416626 1500
0.6509370803833008 1500
0.652000904083252 1500
0.6543691158294678 1500
0.6551780700683594 1500
0.6572659015655518 1500
0.6580760478973389 1500
0.6603410243988037 1500
0.6612911224365234 1500
0.6633710861206055 1500
0.6639580726623535 1500
0.6652851104736328 1500
0.6680691242218018 1500
0.6680691242218018 1500
0.6703181266784668 1500
0.6713690757751465 1500
0.6732211112976074 1500
0.6739509105682373 1500
0.6761729717254639 1500
0.6773779392242432 1500
0.6791419982910156 1500
0.6799731254577637 1500
0.6811609268188477 1500
0.6835870742797852 1500
0.6842789649963379 1500
0.6863889694213867 1500
0.6875 1500
0.6892259120941162 1500
0.6900680065155029 1500
0.691119909286499 1500
0.6935229301452637 1500
0.6944630146026611 1500
0.6961650848388672 1500
0.6969869136810303 1500
0.6994321346282959 1500
0.700005054473877 1500
0.7034280300140381 1500
0.703455924987793 1500
0.7042100429534912 1500
0.7059791088104248 1500
0.7080330848693848 1500
0.709312915802002 1500
0.7099499702453613 1500
0.7120809555053711 1500
0.7132790088653564 1500
0.7151970863342285 1500
0.7162380218505859 1500
0.7180919647216797 1500
0.7189249992370605 1500
0.721451997756958 1500
0.7219209671020508 1500
0.7231159210205078 1500
0.7250049114227295 1500
0.7260570526123047 1500
0.7281830310821533 1500
0.7290129661560059 1500
0.7309589385986328 1500
0.7320990562438965 1500
0.7339859008789062 1500
0.7348930835723877 1500
0.7359840869903564 1500
0.7382609844207764 1500
0.7392020225524902 1500
0.7412071228027344 1500
0.7419450283050537 1500
0.7441980838775635 1500
0.7449281215667725 1500
0.7480480670928955 1500
0.7480480670928955 1500
0.7495579719543457 1500
0.7513511180877686 1500
0.7519569396972656 1500
0.7544040679931641 1500
0.7551460266113281 1500
0.757148027420044 1500
0.7580080032348633 1500
0.7602050304412842 1500
0.7611210346221924 1500
0.7624790668487549 1500
0.7642109394073486 1500
0.7651429176330566 1500
0.7675020694732666 1500
0.7679319381713867 1500
0.7701990604400635 1500
0.771981954574585 1500
0.7731471061706543 1500
0.7750489711761475 1500
0.7759270668029785 1500
0.7780499458312988 1500
0.7791590690612793 1500
0.7804410457611084 1500
0.7821099758148193 1500
0.7831730842590332 1500
0.785269021987915 1500
0.787147045135498 1500
0.7888391017913818 1500
0.7919521331787109 1500
0.7919521331787109 1500
0.7919521331787109 1500
0.7939980030059814 1500
0.7948939800262451 1500
0.7973349094390869 1500
0.7979869842529297 1500
0.8012259006500244 1500
0.8013100624084473 1500
0.8030529022216797 1500
0.804084062576294 1500
0.8050329685211182 1500
0.8069350719451904 1500
0.8079869747161865 1500
0.8099451065063477 1500
0.8110339641571045 1500
0.8131139278411865 1500
0.8138890266418457 1500
0.8166170120239258 1500
0.8172609806060791 1500
0.8179340362548828 1500
0.8203070163726807 1500
0.8212699890136719 1500
0.8233749866485596 1500
0.8238840103149414 1500
0.826448917388916 1500
0.8269979953765869 1500
0.8299770355224609 1500
0.8299770355224609 1500
0.8312060832977295 1500
0.8332610130310059 1500
0.8339989185333252 1500
0.8361420631408691 1500
0.8370089530944824 1500
0.8392069339752197 1500
0.839946985244751 1500
0.84222412109375 1500
0.844620943069458 1500
0.844620943069458 1500
0.8464081287384033 1500
0.8469069004058838 1500
0.8490478992462158 1500
0.8498919010162354 1500
0.8524749279022217 1500
0.8529391288757324 1500
0.8551130294799805 1500
0.8560199737548828 1500
0.857180118560791 1500
0.8590450286865234 1500
0.8599770069122314 1500
0.8621370792388916 1500
0.863029956817627 1500
0.8688399791717529 1500
0.8688399791717529 1500
0.8688399791717529 1500
0.868988037109375 1500
0.8700129985809326 1500
0.8720479011535645 1500
0.8745300769805908 1500
0.8753800392150879 1500
0.8763570785522461 1500
0.878140926361084 1500
0.87894606590271 1500
0.8816239833831787 1500
0.8819589614868164 1500
0.8834149837493896 1500
0.8849999904632568 1500
0.8860371112823486 1500
0.8880140781402588 1500
0.8890190124511719 1500
0.8910601139068604 1500
0.892003059387207 1500
0.8940210342407227 1500
0.8949499130249023 1500
0.8964121341705322 1500
0.8980259895324707 1500
0.9003081321716309 1500
0.9013659954071045 1500
0.9020099639892578 1500
0.9042949676513672 1500
0.9050929546356201 1500
0.9069969654083252 1500
0.9082450866699219 1500
0.9103000164031982 1500
0.9113099575042725 1500
0.9119889736175537 1500
0.9140050411224365 1500
0.915834903717041 1500
0.9171099662780762 1500
0.9188230037689209 1500
0.9215750694274902 1500
0.9215750694274902 1500
0.9232349395751953 1500
0.9239840507507324 1500
0.9249589443206787 1500
0.9270849227905273 1500
0.9279749393463135 1500
0.9313158988952637 1500
0.9313158988952637 1500
0.9334979057312012 1500
0.934380054473877 1500
0.9361639022827148 1500
0.9371030330657959 1500
0.9386420249938965 1500
0.9399840831756592 1500
0.9415559768676758 1500
0.9433350563049316 1500
0.9440450668334961 1500
0.9463081359863281 1500
0.9471650123596191 1500
0.9492359161376953 1500
0.9499220848083496 1500
0.9513370990753174 1500
0.9533960819244385 1500
0.9540970325469971 1500
0.9560151100158691 1500
0.9571900367736816 1500
0.959010124206543 1500
0.9602510929107666 1500
0.9623899459838867 1500
0.9631879329681396 1500
0.965595006942749 1500
0.9659819602966309 1500
0.9685029983520508 1500
0.9691770076751709 1500
0.9727349281311035 1500
0.9727349281311035 1500
0.9739789962768555 1500
0.9749200344085693 1500
0.9764480590820312 1500
0.9787359237670898 1500
0.9792330265045166 1500
0.9811480045318604 1500
0.9832239151000977 1500
0.9839811325073242 1500
0.9849340915679932 1500
0.986962080001831 1500
0.9886898994445801 1500
0.9890100955963135 1500
0.9915049076080322 1500
0.9923760890960693 1500
0.9941151142120361 1500
0.9950389862060547 1500
0.997473955154419 1500
0.9978859424591064 1500
1.0000550746917725 1500
1.0010690689086914 1500
1.0020349025726318 1500
1.0049951076507568 1500
1.0049951076507568 1500
1.0069499015808105 1500
1.0080080032348633 1500
1.0099539756774902 1500
1.011030912399292 1500
1.01338791847229 1500
