1050040
0.0 1500
0.0020580291748046875 1500
0.0029489994049072266 1500
0.005795001983642578 1500
0.0059092044830322266 1500
0.0068721771240234375 1500
0.00905299186706543 1500
0.01007699966430664 1500
0.012125015258789062 1500
0.012907028198242188 1500
0.015159130096435547 1500
0.016015052795410156 1500
0.018342971801757812 1500
0.019002199172973633 1500
0.021296977996826172 1500
0.02295708656311035 1500
0.023881196975708008 1500
0.02602100372314453 1500
0.027526140213012695 1500
0.027959108352661133 1500
0.0300600528717041 1500
0.03095102310180664 1500
0.0328521728515625 1500
0.033788204193115234 1500
0.036167144775390625 1500
0.03685402870178223 1500
0.03896307945251465 1500
0.03973507881164551 1500
0.040841102600097656 1500
0.04276013374328613 1500
0.043862104415893555 1500
0.04644203186035156 1500
0.047010183334350586 1500
0.049340009689331055 1500
0.05003714561462402 1500
0.0522160530090332 1500
0.0528721809387207 1500
0.05397820472717285 1500
0.05595898628234863 1500
0.05699610710144043 1500
0.06034708023071289 1500
0.06034708023071289 1500
0.06178712844848633 1500
0.06302809715270996 1500
0.06484198570251465 1500
0.06580615043640137 1500
0.06681513786315918 1500
0.06874799728393555 1500
0.06997418403625488 1500
0.07178807258605957 1500
0.07284212112426758 1500
0.07509803771972656 1500
0.07600903511047363 1500
0.07789301872253418 1500
0.07886219024658203 1500
0.08015608787536621 1500
0.08199214935302734 1500
0.08309817314147949 1500
0.08607816696166992 1500
0.08607816696166992 1500
0.08812212944030762 1500
0.08875107765197754 1500
0.09120798110961914 1500
0.09172916412353516 1500
0.092926025390625 1500
0.0952291488647461 1500
0.09590411186218262 1500
0.09774017333984375 1500
0.09978318214416504 1500
0.1009831428527832 1500
0.10190796852111816 1500
0.10416102409362793 1500
0.10485410690307617 1500
0.10596704483032227 1500
0.10813307762145996 1500
0.10908102989196777 1500
0.11112403869628906 1500
0.1120460033416748 1500
0.11400008201599121 1500
0.11506199836730957 1500
0.11708211898803711 1500
0.11806011199951172 1500
0.11921906471252441 1500
0.12111401557922363 1500
0.12308812141418457 1500
0.12404704093933105 1500
0.12511205673217773 1500
0.12693500518798828 1500
0.12778210639953613 1500
0.1301569938659668 1500
0.13093805313110352 1500
0.13197612762451172 1500
0.1340160369873047 1500
0.1347970962524414 1500
0.13741707801818848 1500
0.13785910606384277 1500
0.14005017280578613 1500
0.14106011390686035 1500
0.14315104484558105 1500
0.14383411407470703 1500
0.1448061466217041 1500
0.14690113067626953 1500
0.14782214164733887 1500
0.14980816841125488 1500
0.1511070728302002 1500
0.15403103828430176 1500
0.15403103828430176 1500
0.15599799156188965 1500
0.15690016746520996 1500
0.159088134765625 1500
0.15974807739257812 1500
0.1612110137939453 1500
0.16321301460266113 1500
0.16484403610229492 1500
0.16612005233764648 1500
0.16692304611206055 1500
0.1693730354309082 1500
0.16986918449401855 1500
0.17189598083496094 1500
0.17296099662780762 1500
0.17392706871032715 1500
0.17577314376831055 1500
0.1771080493927002 1500
0.17899107933044434 1500
0.18023014068603516 1500
0.18203210830688477 1500
0.18345117568969727 1500
0.18509411811828613 1500
0.18607807159423828 1500
0.1868901252746582 1500
0.18888497352600098 1500
0.18996500968933105 1500
0.19209718704223633 1500
0.19272899627685547 1500
0.1947770118713379 1500
0.19694304466247559 1500
0.19781112670898438 1500
0.20012211799621582 1500
0.20121097564697266 1500
0.20323419570922852 1500
0.2038860321044922 1500
0.20487499237060547 1500
0.20709609985351562 1500
0.20805001258850098 1500
0.20994806289672852 1500
0.21095609664916992 1500
0.2134711742401123 1500
0.2141430377960205 1500
0.21622419357299805 1500
0.21759700775146484 1500
0.21844100952148438 1500
0.22025012969970703 1500
0.22112417221069336 1500
0.22288012504577637 1500
0.2239370346069336 1500
0.22599411010742188 1500
0.22681307792663574 1500
0.2290971279144287 1500
0.23068714141845703 1500
0.231032133102417 1500
0.23311209678649902 1500
0.23421216011047363 1500
0.2362840175628662 1500
0.23725318908691406 1500
0.23907709121704102 1500
0.24027013778686523 1500
0.24245810508728027 1500
0.24300312995910645 1500
0.2443981170654297 1500
0.2462911605834961 1500
0.24718809127807617 1500
0.249129056930542 1500
0.2498791217803955 1500
0.25217700004577637 1500
0.2531571388244629 1500
0.2550990581512451 1500
0.2559490203857422 1500
0.2568039894104004 1500
0.25906801223754883 1500
0.2601611614227295 1500
0.26220107078552246 1500
0.26294708251953125 1500
0.26615309715270996 1500
0.26615309715270996 1500
0.268218994140625 1500
0.26915597915649414 1500
0.2699460983276367 1500
0.272003173828125 1500
0.27311110496520996 1500
0.2749001979827881 1500
0.2760601043701172 1500
0.2789909839630127 1500
0.2789909839630127 1500
0.2810990810394287 1500
0.28180408477783203 1500
0.28315305709838867 1500
0.285142183303833 1500
0.28615403175354004 1500
0.28807806968688965 1500
0.28905606269836426 1500
0.29202914237976074 1500
0.29202914237976074 1500
0.2941269874572754 1500
0.29505109786987305 1500
0.29607415199279785 1500
0.29834508895874023 1500
0.2990601062774658 1500
0.301069974899292 1500
0.30220818519592285 1500
0.30413317680358887 1500
0.30736708641052246 1500
0.30736708641052246 1500
0.3091599941253662 1500
0.3117821216583252 1500
0.31197500228881836 1500
0.31289100646972656 1500
0.31499719619750977 1500
0.3159949779510498 1500
0.31705498695373535 1500
0.3191699981689453 1500
0.3201630115509033 1500
0.322221040725708 1500
0.32305097579956055 1500
0.32490015029907227 1500
0.326153039932251 1500
0.32831311225891113 1500
0.3289940357208252 1500
0.3301210403442383 1500
0.33203697204589844 1500
0.3332371711730957 1500
0.3350660800933838 1500
0.3357391357421875 1500
0.33884501457214355 1500
0.3388941287994385 1500
0.34098219871520996 1500
0.34174108505249023 1500
0.34293603897094727 1500
0.34485316276550293 1500
0.3457961082458496 1500
0.34786415100097656 1500
0.3495321273803711 1500
0.3508150577545166 1500
0.3519461154937744 1500
0.3544301986694336 1500
0.35533905029296875 1500
0.35651612281799316 1500
0.35810399055480957 1500
0.3589491844177246 1500
0.36087918281555176 1500
0.36214113235473633 1500
0.3642129898071289 1500
0.36523914337158203 1500
0.36704516410827637 1500
0.3678090572357178 1500
0.36980509757995605 1500
0.37101316452026367 1500
0.3723881244659424 1500
0.37404513359069824 1500
0.3750879764556885 1500
0.3771240711212158 1500
0.3780210018157959 1500
0.3798520565032959 1500
0.38083815574645996 1500
0.3819611072540283 1500
0.38399314880371094 1500
0.38509416580200195 1500
0.38750505447387695 1500
0.3880650997161865 1500
0.39014601707458496 1500
0.3907639980316162 1500
0.3930699825286865 1500
0.3939971923828125 1500
0.39516210556030273 1500
0.3970210552215576 1500
0.39801716804504395 1500
0.3998281955718994 1500
0.4007430076599121 1500
0.4030141830444336 1500
0.40410709381103516 1500
0.4061930179595947 1500
0.4070711135864258 1500
0.40816402435302734 1500
0.4113030433654785 1500
0.4113810062408447 1500
0.41295814514160156 1500
0.4139740467071533 1500
0.41596102714538574 1500
0.4169280529022217 1500
0.41958117485046387 1500
0.419996976852417 1500
0.4211440086364746 1500
0.4238901138305664 1500
0.42392611503601074 1500
0.42670202255249023 1500
0.42690300941467285 1356
0.4280581474304199 1500
0.4298250675201416 1500
0.43125414848327637 1500
0.43312716484069824 1500
0.43384408950805664 1500
0.43627405166625977 1500
0.4369640350341797 1500
0.43892908096313477 1500
0.4397461414337158 1500
0.44077515602111816 1500
0.4429020881652832 184
0.44297099113464355 1500
0.44522905349731445 1500
0.44576311111450195 1500
0.4473240375518799 1500
0.4492790699005127 1500
0.4498560428619385 1500
0.4521970748901367 1500
0.45307016372680664 1500
0.45555996894836426 1500
0.4559051990509033 1500
0.4578561782836914 1500
0.4591221809387207 1500
0.46016907691955566 1500
0.4628720283508301 1500
0.4632401466369629 1500
0.46483397483825684 1500
0.4659299850463867 1500
0.4682471752166748 1500
0.469102144241333 1500
0.47104310989379883 1500
0.4719710350036621 1500
0.4729621410369873 1500
0.4751601219177246 1500
0.4757812023162842 1500
0.4780001640319824 1500
0.47887301445007324 1500
0.48104310035705566 1500
0.481748104095459 1500
0.48400020599365234 1500
0.48524999618530273 1500
0.48627710342407227 1500
0.4878690242767334 1500
0.48924899101257324 1500
0.49100708961486816 1500
0.4919240474700928 1500
0.494326114654541 1500
0.49476003646850586 1500
0.49689412117004395 1500
0.4977700710296631 1500
0.4989650249481201 1500
0.5008540153503418 1500
0.502399206161499 1500
0.5042181015014648 1500
0.5049350261688232 1500
0.5072300434112549 1500
0.5079631805419922 1500
0.5104820728302002 1500
0.5107731819152832 1500
0.5121040344238281 1500
0.5140981674194336 1500
0.5158381462097168 1500
0.5169281959533691 1500
0.5181291103363037 1500
0.5200040340423584 1500
0.5211191177368164 1500
0.5233449935913086 1500
0.5237510204315186 1500
0.5251450538635254 1500
0.5272030830383301 1500
0.5279080867767334 1500
0.5299232006072998 1500
0.5311541557312012 1500
0.5331599712371826 1500
0.5338389873504639 1500
0.5358619689941406 1500
0.5369579792022705 1500
0.5378270149230957 1500
0.5401151180267334 1500
0.5410311222076416 1500
0.5432159900665283 1500
0.5440189838409424 1500
0.5463571548461914 1500
0.5471670627593994 1500
0.5487630367279053 1500
0.5508971214294434 1500
0.5511441230773926 1500
0.5533201694488525 1500
0.5537850856781006 1500
0.5562241077423096 1500
0.5570590496063232 1500
0.5592310428619385 1500
0.5599651336669922 1500
0.5618031024932861 1500
0.5631392002105713 1500
0.5640671253204346 1500
0.5659279823303223 1500
0.5671861171722412 1500
0.5693440437316895 1500
0.5697641372680664 1500
0.5719881057739258 1500
0.5731861591339111 1500
0.575200080871582 1500
0.5760271549224854 1500
0.5770490169525146 1500
0.5791110992431641 1500
0.57985520362854 1500
0.5819671154022217 1500
0.5831191539764404 1500
0.5851562023162842 1500
0.5857610702514648 1500
0.5882940292358398 1500
0.5892081260681152 1500
0.5903379917144775 1500
0.5919151306152344 1500
0.593994140625 1500
0.595102071762085 1500
0.5962522029876709 1500
0.5982141494750977 1500
0.598762035369873 1500
0.6012229919433594 1500
0.6022100448608398 1500
0.6034581661224365 1500
0.6052851676940918 1500
0.6074230670928955 1500
0.6079380512237549 1500
0.609076976776123 1500
0.6109941005706787 1500
0.6120100021362305 1500
0.6140341758728027 1500
0.6147429943084717 1500
0.6162011623382568 1500
0.6194450855255127 1500
0.6194450855255127 1500
0.6210761070251465 1500
0.6221060752868652 1500
0.6240861415863037 1500
0.6247310638427734 1500
0.6268541812896729 1500
0.6284589767456055 1500
0.6290161609649658 1500
0.6311659812927246 1500
0.632803201675415 1500
0.6341099739074707 1500
0.6351959705352783 1500
0.6373770236968994 1500
0.6377441883087158 1500
0.6399199962615967 1500
0.6410582065582275 1500
0.6419360637664795 1500
0.6439380645751953 1500
0.6458451747894287 1500
0.6470761299133301 1500
0.6482009887695312 1500
0.6500420570373535 1500
0.651130199432373 1500
0.6529090404510498 1500
0.6537861824035645 1500
0.6548562049865723 1500
0.6574339866638184 1500
0.65779709815979 1500
0.6602170467376709 1500
0.6607840061187744 1500
0.6630580425262451 1500
0.6638929843902588 1500
0.6660990715026855 1500
0.6670031547546387 1500
0.668004035949707 1500
0.6703701019287109 1500
0.67075514793396 1500
0.6742990016937256 1500
0.6742990016937256 1500
0.6760110855102539 1500
0.6768991947174072 1500
0.6790440082550049 1500
0.6797640323638916 1500
0.6820330619812012 1500
0.6832630634307861 1500
0.683892011642456 1500
0.6858711242675781 1500
0.6870250701904297 1500
0.6890621185302734 1500
0.6897530555725098 1500
0.6919841766357422 1500
0.6931440830230713 1500
0.6950981616973877 1500
0.6963350772857666 1500
0.6979470252990723 1500
0.6990480422973633 1500
0.7000470161437988 1500
0.7019691467285156 1500
0.7028870582580566 1500
0.7049570083618164 1500
0.7059051990509033 1500
0.7081451416015625 1500
0.708961009979248 1500
0.7113170623779297 1500
0.7120070457458496 1500
0.7131969928741455 1500
0.714806079864502 1500
0.7160279750823975 1500
0.7182760238647461 1500
0.7191550731658936 1500
0.7215390205383301 1500
0.7218551635742188 1500
0.7242171764373779 1500
0.7250452041625977 1500
0.7262110710144043 1500
0.7280611991882324 1500
0.7291970252990723 1500
0.7311360836029053 1500
0.7318661212921143 1500
0.7341291904449463 1500
0.7362689971923828 1500
0.7363531589508057 1500
0.7382559776306152 1500
0.7392191886901855 1500
0.7413151264190674 1500
0.7418231964111328 1500
0.7440471649169922 1500
0.7451341152191162 1500
0.7469542026519775 1500
0.7480461597442627 1500
0.7493491172790527 1500
0.7509410381317139 1500
0.7521171569824219 1500
0.7540340423583984 1500
0.7553071975708008 1500
0.7572040557861328 1500
0.7595829963684082 1500
0.760174036026001 1500
0.7608890533447266 1500
0.7619321346282959 1500
0.7641730308532715 1500
0.7649350166320801 1500
0.7668421268463135 1500
0.7677910327911377 1500
0.7715051174163818 1500
0.7715051174163818 1500
0.7729361057281494 1500
0.774101972579956 1500
0.7750160694122314 1500
0.7768352031707764 1500
0.7781131267547607 1500
0.7802271842956543 1500
0.7808032035827637 1500
0.7831861972808838 1500
0.783933162689209 1500
0.7858660221099854 1500
0.7870001792907715 1500
0.7879471778869629 1500
0.7897930145263672 1500
0.7910041809082031 1500
0.7941169738769531 1500
0.7941169738769531 1500
0.7957971096038818 1500
0.796766996383667 1500
0.7989780902862549 1500
0.7999680042266846 1500
0.8011200428009033 1500
0.8030099868774414 1500
0.803922176361084 1500
0.8058550357818604 1500
0.8072731494903564 1500
0.8091661930084229 1500
0.8098042011260986 1500
0.8122141361236572 1500
0.8132150173187256 1500
0.8139510154724121 1500
0.8162460327148438 1500
0.8169729709625244 1500
0.8189411163330078 1500
0.8198721408843994 1500
0.821925163269043 1500
0.8230230808258057 1500
0.8250141143798828 1500
0.8259830474853516 1500
0.8271040916442871 1500
0.8289611339569092 1500
0.8299679756164551 1500
0.8319242000579834 1500
0.8328201770782471 1500
0.8351030349731445 1500
0.8361961841583252 1500
0.8379561901092529 1500
0.8388891220092773 1500
0.840036153793335 1500
0.8422520160675049 1500
0.8430070877075195 1500
0.8452551364898682 1500
0.8457369804382324 1500
0.8483390808105469 1500
0.8492951393127441 1500
0.8524820804595947 1500
0.8524820804595947 1500
0.852755069732666 1500
0.855180025100708 1500
0.8559341430664062 1500
0.8581960201263428 1500
0.8587970733642578 1500
0.8610851764678955 1500
0.8622891902923584 1500
0.8641481399536133 1500
0.8647451400756836 1500
0.866034984588623 1500
0.8682610988616943 1500
0.8688411712646484 1500
0.8712141513824463 1500
0.8723289966583252 1500
0.8740770816802979 1500
0.8748700618743896 1500
0.8773400783538818 1500
0.8779070377349854 1500
0.8795301914215088 1500
0.88089919090271 1500
0.8821849822998047 1500
0.8840410709381104 1500
0.8849711418151855 1500
0.8871011734008789 1500
0.8878121376037598 1500
0.8898541927337646 1500
0.8907461166381836 1500
0.8921921253204346 1500
0.8940169811248779 1500
0.8947181701660156 1500
0.8973941802978516 1500
0.8978860378265381 1500
0.9000380039215088 1500
0.9008209705352783 1500
0.9034631252288818 1500
0.9047510623931885 1500
0.9053881168365479 1500
0.9071011543273926 1500
0.9078571796417236 1500
0.9098711013793945 1500
0.9108331203460693 1500
0.9127399921417236 1500
0.9141640663146973 1500
0.9158670902252197 1500
0.9168910980224609 1500
0.9176931381225586 1500
0.9198770523071289 1500
0.9209260940551758 1500
0.923151969909668 1500
0.9238390922546387 1500
0.9275550842285156 1500
0.9275550842285156 1500
0.9291319847106934 1500
0.9298679828643799 1500
0.9312660694122314 1500
0.9330360889434814 1500
0.9341471195220947 1500
0.9359531402587891 1500
0.9371390342712402 1500
0.9387471675872803 1500
0.940028190612793 1500
0.9418370723724365 1500
0.9436101913452148 1500
0.944025993347168 1500
0.9459090232849121 1500
0.9467391967773438 1500
0.948944091796875 1500
0.9500880241394043 1500
0.9519591331481934 1500
0.9531300067901611 1500
0.9548921585083008 1500
0.955787181854248 1500
0.9570040702819824 1500
0.9591100215911865 1500
0.9601171016693115 1500
0.9620540142059326 1500
0.9631772041320801 1500
0.9648361206054688 1500
0.9661991596221924 1500
0.968001127243042 1500
0.9690392017364502 1500
0.9704651832580566 1500
0.9721601009368896 1500
0.9727761745452881 1500
0.9751181602478027 1500
0.9759800434112549 1500
0.9777860641479492 1500
0.9790060520172119 1500
0.98095703125 1500
0.9820151329040527 1500
0.9829440116882324 1500
0.9847800731658936 1500
0.9858601093292236 1500
0.9881072044372559 1500
0.9893631935119629 1500
0.9908909797668457 1500
0.9917850494384766 1500
0.9941291809082031 1500
0.9951651096343994 1500
0.9958961009979248 1500
0.9982521533966064 1500
0.9988691806793213 1500
1.0021381378173828 1500
1.0021381378173828 1500
1.0040371417999268 1500
1.0048401355743408 1500
1.0071840286254883 1500
1.0077459812164307 1500
1.008795976638794 1500
1.0109679698944092 1500
1.012054204940796 1500
