1049280
0.0 1093
0.0 1093
0.0 1093
0.0 1093
0.00039696693420410156 1093
0.00039696693420410156 1093
0.00039696693420410156 1093
0.00039696693420410156 1093
0.0007691383361816406 1093
0.0011360645294189453 1093
0.0011360645294189453 1093
0.0011360645294189453 1093
0.0011360645294189453 1093
0.0014891624450683594 1093
0.0014891624450683594 1093
0.0014891624450683594 1093
0.0014891624450683594 1093
0.001886129379272461 1093
0.001886129379272461 1093
0.001886129379272461 1093
0.002268075942993164 1093
0.002268075942993164 1093
0.002657175064086914 1093
0.002657175064086914 1093
0.002657175064086914 1093
0.002657175064086914 1093
0.002657175064086914 1093
0.003025054931640625 1093
0.003025054931640625 1093
0.003025054931640625 1093
0.003025054931640625 1093
0.003412961959838867 1093
0.003412961959838867 1093
0.003412961959838867 1093
0.003412961959838867 1093
0.003798961639404297 1093
0.003798961639404297 1093
0.003798961639404297 1093
0.003798961639404297 1093
0.004209995269775391 1093
0.004209995269775391 1093
0.004209995269775391 1093
0.004209995269775391 1093
0.004209995269775391 1093
0.0045969486236572266 1093
0.004970073699951172 1093
0.004970073699951172 1093
0.004970073699951172 1093
0.005368947982788086 1093
0.01116800308227539 1093
0.01116800308227539 1093
0.01116800308227539 1093
0.01116800308227539 1093
0.01116800308227539 1093
0.01116800308227539 1093
0.01116800308227539 1093
0.01116800308227539 1093
0.01116800308227539 1093
0.01116800308227539 1093
0.012566089630126953 1093
0.012566089630126953 1093
0.012566089630126953 1093
0.017306089401245117 1093
0.017306089401245117 1093
0.01853799819946289 1093
0.020595073699951172 1093
0.03436613082885742 1093
0.03436613082885742 1093
0.03501009941101074 1093
0.03501009941101074 1093
0.03501009941101074 1093
0.03672218322753906 1093
0.03672218322753906 1093
0.03672218322753906 1093
0.03672218322753906 1093
0.03705906867980957 1093
0.03705906867980957 1093
0.03705906867980957 1093
0.03836512565612793 1093
0.03836512565612793 1093
0.03836512565612793 1093
0.04059100151062012 1093
0.04098010063171387 1093
0.04098010063171387 1093
0.04144096374511719 1093
0.04184699058532715 1093
0.04184699058532715 1093
0.04279017448425293 1093
0.043177127838134766 1093
0.04478716850280762 1093
0.07863712310791016 1093
0.07863712310791016 1093
0.07863712310791016 1093
0.07896995544433594 1093
0.07896995544433594 1093
0.07896995544433594 1093
0.0793161392211914 1093
0.0793161392211914 1093
0.0793161392211914 1093
0.0793161392211914 1093
0.07966303825378418 1093
0.07966303825378418 1093
0.07966303825378418 1093
0.07966303825378418 1093
0.08000516891479492 1093
0.08000516891479492 1093
0.08000516891479492 1093
0.08000516891479492 1093
0.08036398887634277 1093
0.08036398887634277 1093
0.08036398887634277 1093
0.08068609237670898 1093
0.08068609237670898 1093
0.08068609237670898 1093
0.08068609237670898 1093
0.08103203773498535 1093
0.08103203773498535 1093
0.08103203773498535 1093
0.08103203773498535 1093
0.08137917518615723 1093
0.08137917518615723 1093
0.08137917518615723 1093
0.0817251205444336 1093
0.0817251205444336 1093
0.0817251205444336 1093
0.0817251205444336 1093
0.08207106590270996 1093
0.08207106590270996 1093
0.08242106437683105 1093
0.08242106437683105 1093
0.08242106437683105 1093
0.08242106437683105 1093
0.08276510238647461 1093
0.08276510238647461 1093
0.08276510238647461 1093
0.08276510238647461 1093
0.08311796188354492 1093
0.08311796188354492 1093
0.08311796188354492 1093
0.08311796188354492 1093
0.08408403396606445 1093
0.08408403396606445 1093
0.08408403396606445 1093
0.08408403396606445 1093
0.08408403396606445 1093
0.08408403396606445 1093
0.08408403396606445 1093
0.08408403396606445 1093
0.08408403396606445 1093
0.08408403396606445 1093
0.0851750373840332 1093
0.0851750373840332 1093
0.0851750373840332 1093
0.0851750373840332 1093
0.0851750373840332 1093
0.0851750373840332 1093
0.0851750373840332 1093
0.0851750373840332 1093
0.0851750373840332 1093
0.0851750373840332 1093
0.0859060287475586 1093
0.0859060287475586 1093
0.0859060287475586 1093
0.0859060287475586 1093
0.0859060287475586 1093
0.0859060287475586 1093
0.0859060287475586 1093
0.0859060287475586 1093
0.0859060287475586 1093
0.08619403839111328 1093
0.08619403839111328 1093
0.08619403839111328 1093
0.08619403839111328 1093
0.08619403839111328 1093
0.08652901649475098 1093
0.08652901649475098 1093
0.08652901649475098 1093
0.08652901649475098 1093
0.08687496185302734 1093
0.08687496185302734 1093
0.08687496185302734 1093
0.08722400665283203 1093
0.08722400665283203 1093
0.08757495880126953 1093
0.08829116821289062 1093
0.0886240005493164 1093
0.09018111228942871 1093
0.09056901931762695 1093
0.09056901931762695 1093
0.09056901931762695 1093
0.10899806022644043 1093
0.10939311981201172 1093
0.10939311981201172 1093
0.10939311981201172 1093
0.12070417404174805 1093
0.12070417404174805 1093
0.12108516693115234 1093
0.12147212028503418 1093
0.1218421459197998 1093
0.12221598625183105 1093
0.12221598625183105 1093
0.12221598625183105 1093
0.12259912490844727 1093
0.12259912490844727 1093
0.12298417091369629 1093
0.12298417091369629 1093
0.12337207794189453 1093
0.12375903129577637 1093
0.12513017654418945 1093
0.12513017654418945 1093
0.1257610321044922 1093
0.12608003616333008 1093
0.12643003463745117 1093
0.12677717208862305 1093
0.12677717208862305 1093
0.12712717056274414 1093
0.12712717056274414 1093
0.1274731159210205 1093
0.1417231559753418 1093
0.1417231559753418 1093
0.14209604263305664 1093
0.14209604263305664 1093
0.14209604263305664 1093
0.14209604263305664 1093
0.1427290439605713 1093
0.1427290439605713 1093
0.1427290439605713 1093
0.1427290439605713 1093
0.1427290439605713 1093
0.1427290439605713 1093
0.14306902885437012 1093
0.14306902885437012 1093
0.14306902885437012 1093
0.14306902885437012 1093
0.14339518547058105 1093
0.14339518547058105 1093
0.14339518547058105 1093
0.14339518547058105 1093
0.1437370777130127 1093
0.1437370777130127 1093
0.1437370777130127 1093
0.1437370777130127 1093
0.1441190242767334 1093
0.1441190242767334 1093
0.1441190242767334 1093
0.14488506317138672 1093
0.14488506317138672 1093
0.14488506317138672 1093
0.14526009559631348 1093
0.14526009559631348 1093
0.14526009559631348 1093
0.1459031105041504 1093
0.1459031105041504 1093
0.1472020149230957 1093
0.1472020149230957 1093
0.1472020149230957 1093
0.1472020149230957 1093
0.1472020149230957 1093
0.1472020149230957 1093
0.1472020149230957 1093
0.1472020149230957 1093
0.1472020149230957 1093
0.1478900909423828 1093
0.1478900909423828 1093
0.1478900909423828 1093
0.1478900909423828 1093
0.14864397048950195 1093
0.15122199058532715 1093
0.15122199058532715 1093
0.15160608291625977 1093
0.15160608291625977 1093
0.15160608291625977 1093
0.1519911289215088 1093
0.1519911289215088 1093
0.1519911289215088 1093
0.15238118171691895 1093
0.16320514678955078 1093
0.16355013847351074 1093
0.16355013847351074 1093
0.1638929843902588 1093
0.16423296928405762 1093
0.16423296928405762 1093
0.16460013389587402 1093
0.16460013389587402 1093
0.16460013389587402 1093
0.16460013389587402 1093
0.1649620532989502 1093
0.1649620532989502 1093
0.16529512405395508 1093
0.1656360626220703 1093
0.1656360626220703 1093
0.1656360626220703 1093
0.1659860610961914 1093
0.1659860610961914 1093
0.1659860610961914 1093
0.1663210391998291 1093
0.1663210391998291 1093
0.1663210391998291 1093
0.1699051856994629 1093
0.17026305198669434 1093
0.17026305198669434 1093
0.17061400413513184 1093
0.17061400413513184 1093
0.17093706130981445 1093
0.17128610610961914 1093
0.1716749668121338 1093
0.17251014709472656 1093
0.1736891269683838 1093
0.1857011318206787 1093
0.18607497215270996 1093
0.1864790916442871 1093
0.1864790916442871 1093
0.18683314323425293 1093
0.18721795082092285 1093
0.18721795082092285 1093
0.18753409385681152 1093
0.1901540756225586 1093
0.1901540756225586 1093
0.19048714637756348 1093
0.19048714637756348 1093
0.19048714637756348 1093
0.1908261775970459 1093
0.1908261775970459 1093
0.1908261775970459 1093
0.1908261775970459 1093
0.1911630630493164 1093
0.1911630630493164 1093
0.1911630630493164 1093
0.1911630630493164 1093
0.1915130615234375 1093
0.1915130615234375 1093
0.1915130615234375 1093
0.19222807884216309 1093
0.19222807884216309 1093
0.19222807884216309 1093
0.1925511360168457 1093
0.1925511360168457 1093
0.1925511360168457 1093
0.19365596771240234 1093
0.19437217712402344 1093
0.19469714164733887 1093
0.19469714164733887 1093
0.19503307342529297 1093
0.19503307342529297 1093
0.19537997245788574 1093
0.19537997245788574 1093
0.19572710990905762 1093
0.1960740089416504 1093
0.1960740089416504 1093
0.1960740089416504 1093
0.1964249610900879 1093
0.19677305221557617 1093
0.19712114334106445 1093
0.19712114334106445 1093
0.19712114334106445 1093
0.19745707511901855 1093
0.19779706001281738 1093
0.19816207885742188 1093
0.19849610328674316 1093
0.1991901397705078 1093
0.1995701789855957 1093
0.1995701789855957 1093
0.1995701789855957 1093
0.1998891830444336 1093
0.1998891830444336 1093
0.20023703575134277 1093
0.20529508590698242 1093
0.20978713035583496 1093
0.20978713035583496 1093
0.20978713035583496 1093
0.20978713035583496 1093
0.20978713035583496 1093
0.20978713035583496 1093
0.21110296249389648 1093
0.21110296249389648 1093
0.21110296249389648 1093
0.21117806434631348 1093
0.21152210235595703 1093
0.21191096305847168 1093
0.2122969627380371 1093
0.2122969627380371 1093
0.21268105506896973 1093
0.21344709396362305 1093
0.21344709396362305 1093
0.2138211727142334 1093
0.2138211727142334 1093
0.2138211727142334 1093
0.21431803703308105 1093
0.21513104438781738 1093
0.21513104438781738 1093
0.2155900001525879 1093
0.21604394912719727 1093
0.2164909839630127 1093
0.2164909839630127 1093
0.2164909839630127 1093
0.2164909839630127 1093
0.2164909839630127 1093
0.21694207191467285 1093
0.21694207191467285 1093
0.21694207191467285 1093
0.21694207191467285 1093
0.217393159866333 1093
0.217393159866333 1093
0.217393159866333 1093
0.217393159866333 1093
0.217393159866333 1093
0.2178490161895752 1093
0.2178490161895752 1093
0.2178490161895752 1093
0.2178490161895752 1093
0.2178490161895752 1093
0.2183060646057129 1093
0.2276310920715332 1093
0.22864103317260742 1093
0.22864103317260742 1093
0.22864103317260742 1093
0.22908711433410645 1093
0.22908711433410645 1093
0.2295370101928711 1093
0.2295370101928711 1093
0.23232698440551758 1093
0.23232698440551758 1093
0.23232698440551758 1093
0.2326970100402832 1093
0.2331681251525879 1093
0.2339000701904297 1093
0.251270055770874 1093
0.251270055770874 1093
0.251270055770874 1093
0.25157999992370605 1093
0.25157999992370605 1093
0.25157999992370605 1093
0.25199317932128906 1093
0.25199317932128906 1093
0.25199317932128906 1093
0.25199317932128906 1093
0.25199317932128906 1093
0.25233006477355957 1093
0.25233006477355957 1093
0.25233006477355957 1093
0.25233006477355957 1093
0.2526841163635254 1093
0.2526841163635254 1093
0.2526841163635254 1093
0.2526841163635254 1093
0.25344204902648926 1093
0.25344204902648926 1093
0.25344204902648926 1093
0.25344204902648926 1093
0.25344204902648926 1093
0.25344204902648926 1093
0.25344204902648926 1093
0.2536931037902832 1093
0.2536931037902832 1093
0.2536931037902832 1093
0.2536931037902832 1093
0.25403904914855957 1093
0.25403904914855957 1093
0.25403904914855957 1093
0.25403904914855957 1093
0.25438714027404785 1093
0.25438714027404785 1093
0.25438714027404785 1093
0.2547330856323242 1093
0.2547330856323242 1093
0.2547330856323242 1093
0.2547330856323242 1093
0.2550790309906006 1093
0.2550790309906006 1093
0.2550790309906006 1093
0.2550790309906006 1093
0.25542497634887695 1093
0.25542497634887695 1093
0.25580596923828125 1093
0.25580596923828125 1093
0.2561831474304199 1093
0.25655603408813477 1093
0.2569401264190674 1093
0.2569401264190674 1093
0.2573230266571045 1093
0.25770998001098633 1093
0.25770998001098633 1093
0.25809597969055176 1093
0.2584831714630127 1093
0.2588491439819336 1093
0.2592601776123047 1093
0.2600870132446289 1093
0.26053309440612793 1093
0.26053309440612793 1093
0.2608940601348877 1093
0.2612631320953369 1093
0.2616550922393799 1093
0.2616550922393799 1093
0.2616550922393799 1093
0.2620351314544678 1093
0.26242518424987793 1093
0.26242518424987793 1093
0.26322507858276367 1093
0.2636401653289795 1093
0.26522207260131836 1093
0.26522207260131836 1093
0.26522207260131836 1093
0.26655006408691406 1093
0.26655006408691406 1093
0.26655006408691406 1093
0.27008914947509766 1093
0.27008914947509766 1093
0.27008914947509766 1093
0.2704479694366455 1093
0.2704479694366455 1093
0.2704479694366455 1093
0.27083802223205566 1093
0.2712211608886719 1093
0.27158498764038086 1093
0.27158498764038086 1093
0.27158498764038086 1093
0.27158498764038086 1093
0.2723569869995117 1093
0.2748081684112549 1093
0.2748081684112549 1093
0.27530503273010254 1093
0.27530503273010254 1093
0.2875030040740967 1093
0.2875030040740967 1093
0.2875030040740967 1093
0.2875030040740967 1093
0.28792405128479004 1093
0.28792405128479004 1093
0.28792405128479004 1093
0.28792405128479004 1093
0.293687105178833 1093
0.293687105178833 1093
0.29406213760375977 1093
0.29406213760375977 1093
0.29406213760375977 1093
0.29444098472595215 1093
0.2949051856994629 1093
0.2949051856994629 1093
0.29531002044677734 1093
0.29531002044677734 1093
0.2956991195678711 1093
0.2956991195678711 1093
0.29602599143981934 1093
0.29602599143981934 1093
0.29637598991394043 1093
0.29709815979003906 1093
0.2974400520324707 1093
0.2977941036224365 1093
0.2981870174407959 1093
0.2989201545715332 1093
0.2995431423187256 1093
0.2995431423187256 1093
0.3006100654602051 1093
0.3006100654602051 1093
0.3010251522064209 1093
0.30114006996154785 1093
0.30149006843566895 1093
0.3023049831390381 1093
0.3023049831390381 1093
0.3023049831390381 1093
0.303253173828125 1093
0.3036539554595947 1093
0.30509305000305176 1093
0.30509305000305176 1093
0.3059079647064209 1093
0.3059079647064209 1093
0.30627918243408203 1093
0.306671142578125 1093
0.3070540428161621 1093
0.30743908882141113 1093
0.30743908882141113 1093
0.30837416648864746 1093
0.30837416648864746 1093
0.30837416648864746 1093
0.3093991279602051 1093
0.3093991279602051 1093
0.31017613410949707 1093
0.31060099601745605 1093
0.3116340637207031 1093
0.31200599670410156 1093
0.31200599670410156 1093
0.31200599670410156 1093
0.3124251365661621 1093
0.3135111331939697 1093
0.3142850399017334 1093
0.3142850399017334 1093
0.3143620491027832 1093
0.3143620491027832 1093
0.314953088760376 1093
0.314953088760376 1093
0.314953088760376 1093
0.31513309478759766 1093
0.31565117835998535 1093
0.31565117835998535 1093
0.31589317321777344 1093
0.31589317321777344 1093
0.3162810802459717 1093
0.3166630268096924 1093
0.31704115867614746 1093
0.31704115867614746 1093
0.3174149990081787 1093
0.3174149990081787 1093
0.3174149990081787 1093
0.31778717041015625 1093
0.31778717041015625 1093
0.31778717041015625 1093
0.31817007064819336 1093
0.31817007064819336 1093
0.31855106353759766 1093
0.31855106353759766 1093
0.3189051151275635 1093
0.3194141387939453 1093
0.3196120262145996 1093
0.3196120262145996 1093
0.3200559616088867 1093
0.3200559616088867 1093
0.3204519748687744 1093
0.32088303565979004 1093
0.32133007049560547 1093
0.32133007049560547 1093
0.32133007049560547 1093
0.3217339515686035 1093
0.32218408584594727 1093
0.32218408584594727 1093
0.32218408584594727 1093
0.3225829601287842 1093
0.33046507835388184 1093
0.33046507835388184 1093
0.33089709281921387 1093
0.3313021659851074 1093
0.33160901069641113 1093
0.33198118209838867 1093
0.33198118209838867 1093
0.3323671817779541 1093
0.3363471031188965 1093
0.3363471031188965 1093
0.3367619514465332 1093
0.33719301223754883 1093
0.33719301223754883 1093
0.33765506744384766 1093
0.33765506744384766 1093
0.33765506744384766 1093
0.3383941650390625 1093
0.3383941650390625 1093
0.3383941650390625 1093
0.3389601707458496 1093
0.3389601707458496 1093
0.33966612815856934 1093
0.3405930995941162 1093
0.3405930995941162 1093
0.3405930995941162 1093
0.3405930995941162 1093
0.34122395515441895 1093
0.34122395515441895 1093
0.34198617935180664 1093
0.3423731327056885 1093
0.3436729907989502 1093
0.3436729907989502 1093
0.3436729907989502 1093
0.3445589542388916 1093
0.3445589542388916 1093
0.3445589542388916 1093
0.34494996070861816 1093
0.3457450866699219 1093
0.3457450866699219 1093
0.34609007835388184 1093
0.3473551273345947 1093
0.3473551273345947 1093
0.34806299209594727 1093
0.34841012954711914 1093
0.34841012954711914 1093
0.34841012954711914 1093
0.3491091728210449 1093
0.35010313987731934 1093
0.35137414932250977 1093
0.35175013542175293 1093
0.35213804244995117 1093
0.35213804244995117 1093
0.35252904891967773 1093
0.35252904891967773 1093
0.35291504859924316 1093
0.35343098640441895 1093
0.3537759780883789 1093
0.35422515869140625 1093
0.35422515869140625 1093
0.3549771308898926 1093
0.3549771308898926 1093
0.35542917251586914 1093
0.35829997062683105 1093
0.35829997062683105 1093
0.3596341609954834 1093
0.3606550693511963 1093
0.361112117767334 1093
0.3620181083679199 1093
0.3620181083679199 1093
0.3620181083679199 1093
0.36242103576660156 1093
0.36242103576660156 1093
0.3628690242767334 1093
0.3632321357727051 1093
0.3632321357727051 1093
0.36432909965515137 1093
0.36432909965515137 1093
0.364670991897583 1093
0.364670991897583 1093
0.36506199836730957 1093
0.3654670715332031 1093
0.3659231662750244 1093
0.3659231662750244 1093
0.3663761615753174 1093
0.3663761615753174 1093
0.36678504943847656 1093
0.36678504943847656 1093
0.36722517013549805 1093
0.36722517013549805 1093
0.3676450252532959 1093
0.3676450252532959 1093
0.3683321475982666 1093
0.3683321475982666 1093
0.3692030906677246 1093
0.3692030906677246 1093
0.3692030906677246 1093
0.36953210830688477 1093
0.36987900733947754 1093
0.3702261447906494 1093
0.3702261447906494 1093
0.3702261447906494 1093
0.3705730438232422 1093
0.3705730438232422 1093
0.3709239959716797 1093
0.37220215797424316 1093
0.3725399971008301 1093
0.37288999557495117 1093
0.37467217445373535 1093
0.3750121593475342 1093
0.3750121593475342 1093
0.37535905838012695 1093
0.37535905838012695 1093
0.3783600330352783 1093
0.37963414192199707 1093
0.37963414192199707 1093
0.38174009323120117 1093
0.3837001323699951 1093
0.38416600227355957 1093
0.3846290111541748 1093
0.38501906394958496 1093
0.38636302947998047 1093
0.38677096366882324 1093
0.38721513748168945 1093
0.387559175491333 1093
0.38802599906921387 1093
0.38802599906921387 1093
0.38802599906921387 1093
0.3884921073913574 1093
0.3894221782684326 1093
0.38983607292175293 1093
0.38983607292175293 1093
0.39029717445373535 1093
0.39029717445373535 1093
0.39069294929504395 1093
0.39069294929504395 1093
0.39103007316589355 1093
0.4342329502105713 1093
0.43459510803222656 1093
0.43459510803222656 1093
0.43459510803222656 1093
0.4349629878997803 1093
0.4349629878997803 1093
0.4349629878997803 1093
0.4349629878997803 1093
0.4354269504547119 1093
0.4354269504547119 1093
0.4354269504547119 1093
0.4354269504547119 1093
0.4354269504547119 1093
0.43578600883483887 1093
0.43578600883483887 1093
0.43578600883483887 1093
0.43611717224121094 1093
0.43611717224121094 1093
0.43611717224121094 1093
0.4365041255950928 1093
0.4365041255950928 1093
0.4365041255950928 1093
0.4365041255950928 1093
0.43683695793151855 1093
0.43683695793151855 1093
0.43683695793151855 1093
0.43683695793151855 1093
0.437175989151001 1093
0.437175989151001 1093
0.437175989151001 1093
0.437175989151001 1093
0.43758702278137207 1093
0.43758702278137207 1093
0.43758702278137207 1093
0.43758702278137207 1093
0.437852144241333 1093
0.437852144241333 1093
0.437852144241333 1093
0.43819212913513184 1093
0.43819212913513184 1093
0.43819212913513184 1093
0.4385361671447754 1093
0.4385361671447754 1093
0.4385361671447754 1093
0.4385361671447754 1093
0.43888115882873535 1093
0.43888115882873535 1093
0.43888115882873535 1093
0.4392261505126953 1093
0.4392261505126953 1093
0.4392261505126953 1093
0.4395730495452881 1093
0.4395730495452881 1093
0.4395730495452881 1093
0.4395730495452881 1093
0.43991899490356445 1093
0.43991899490356445 1093
0.44026613235473633 1093
0.44026613235473633 1093
0.44060397148132324 1093
0.44060397148132324 1093
0.44060397148132324 1093
0.44060397148132324 1093
0.44095301628112793 1093
0.44095301628112793 1093
0.44095301628112793 1093
0.4412961006164551 1093
0.4412961006164551 1093
0.4412961006164551 1093
0.4412961006164551 1093
0.44164204597473145 1093
0.44164204597473145 1093
0.44164204597473145 1093
0.4419891834259033 1093
0.4419891834259033 1093
0.4419891834259033 1093
0.4419891834259033 1093
0.4423360824584961 1093
0.4423360824584961 1093
0.4423360824584961 1093
0.4426910877227783 1093
0.4426910877227783 1093
0.4426910877227783 1093
0.4426910877227783 1093
0.4430370330810547 1093
0.4430370330810547 1093
0.4430370330810547 1093
0.4430370330810547 1093
0.4433779716491699 1093
0.4433779716491699 1093
0.4433779716491699 1093
0.4433779716491699 1093
0.44371914863586426 1093
0.44371914863586426 1093
0.44371914863586426 1093
0.44371914863586426 1093
0.4440650939941406 1093
0.4440650939941406 1093
0.4440650939941406 1093
0.4444160461425781 1093
0.4444160461425781 1093
0.461467981338501 1093
0.461467981338501 1093
0.461467981338501 1093
0.4767451286315918 1093
0.47705912590026855 1093
0.477445125579834 1093
0.4777710437774658 1093
0.4777710437774658 1093
0.4781491756439209 1093
0.47852516174316406 1093
0.47852516174316406 1093
0.4789090156555176 1093
0.4792931079864502 1093
0.4796719551086426 1093
0.48005104064941406 1093
0.4804229736328125 1093
0.48075318336486816 1093
0.48075318336486816 1093
0.48166418075561523 1093
0.48253798484802246 1093
0.48288917541503906 1093
0.48323607444763184 1093
0.48323607444763184 1093
0.4835841655731201 1093
0.4839761257171631 1093
0.48461103439331055 1093
0.4847111701965332 1093
0.4853980541229248 1093
0.4853980541229248 1093
0.4853980541229248 1093
0.4857320785522461 1093
0.4866659641265869 1093
0.4866659641265869 1093
0.4866659641265869 1093
0.4866659641265869 1093
0.48751401901245117 1093
0.48786306381225586 1093
0.48786306381225586 1093
0.4882090091705322 1093
0.4882090091705322 1093
0.4885561466217041 1093
0.4885561466217041 1093
0.4889090061187744 1093
0.4892561435699463 1093
0.4896061420440674 1093
0.4896061420440674 1093
0.48995208740234375 1093
0.49032115936279297 1093
0.49032115936279297 1093
0.4906599521636963 1093
0.4910140037536621 1093
0.49139904975891113 1093
0.49172306060791016 1093
0.49172306060791016 1093
0.49172306060791016 1093
0.4920670986175537 1093
0.4924180507659912 1093
0.4928131103515625 1093
0.49314403533935547 1093
0.49314403533935547 1093
0.49413299560546875 1093
0.49413299560546875 1093
0.49413299560546875 1093
0.49492812156677246 1093
0.49492812156677246 1093
0.49529314041137695 1093
0.49571800231933594 1093
0.49605798721313477 1093
0.49605798721313477 1093
0.49642205238342285 1093
0.4967970848083496 1093
0.4967970848083496 1093
0.49716615676879883 1093
0.49751901626586914 1093
0.49751901626586914 1093
0.49790406227111816 1093
0.49790406227111816 1093
0.49863195419311523 1093
0.499053955078125 1093
0.499053955078125 1093
0.499053955078125 1093
0.499053955078125 1093
0.499392032623291 1093
0.4998359680175781 1093
0.5002140998840332 1093
0.5002140998840332 1093
0.5005660057067871 1093
0.500913143157959 1093
0.5013110637664795 1093
0.501723051071167 1093
0.501723051071167 1093
0.5021190643310547 1093
0.5025219917297363 1093
0.5032660961151123 1093
0.5032660961151123 1093
0.5045440196990967 1093
0.5045440196990967 1093
