1050001
0.0 1500
0.0006349086761474609 1500
0.0017628669738769531 1500
0.0036458969116210938 1500
0.004502058029174805 1500
0.006546974182128906 1500
0.007607936859130859 1500
0.008914947509765625 1500
0.011845827102661133 1500
0.011909008026123047 1500
0.013962030410766602 1500
0.0149078369140625 1500
0.01669597625732422 1500
0.017705917358398438 1500
0.01984691619873047 1500
0.0207059383392334 1500
0.022547006607055664 1500
0.023839950561523438 1500
0.024597883224487305 1500
0.02695298194885254 1500
0.02757406234741211 1500
0.02989792823791504 1500
0.030562877655029297 1500
0.03277301788330078 1500
0.0350799560546875 1500
0.03548598289489746 1500
0.036824941635131836 1500
0.0380558967590332 1500
0.03954792022705078 1500
0.04067802429199219 1500
0.04285287857055664 1500
0.0437929630279541 1500
0.045745849609375 1500
0.04686784744262695 1500
0.048825979232788086 1500
0.04973888397216797 1500
0.05087995529174805 1500
0.05312490463256836 1500
0.05401897430419922 1500
0.05548405647277832 1500
0.05687403678894043 1500
0.05889582633972168 1500
0.0595550537109375 1500
0.06192493438720703 1500
0.06277704238891602 1500
0.06386494636535645 1500
0.06812596321105957 1500
0.06812596321105957 1500
0.06899690628051758 1500
0.06967401504516602 1500
0.07161593437194824 1500
0.07253599166870117 1500
0.0748898983001709 1500
0.07548093795776367 1500
0.0778968334197998 1500
0.0784308910369873 1500
0.07954287528991699 1500
0.08174896240234375 1500
0.08284783363342285 1500
0.0850839614868164 1500
0.0856480598449707 1500
0.08757185935974121 1500
0.08893489837646484 1500
0.0899200439453125 1500
0.09190988540649414 1500
0.09240984916687012 1500
0.09519600868225098 1500
0.0956258773803711 1500
0.09746384620666504 1500
0.09857988357543945 1500
0.10105395317077637 1461
0.15296196937561035 40
0.15582895278930664 1500
0.15695691108703613 1500
0.15695691108703613 1500
0.15706086158752441 1500
0.15706086158752441 1500
0.15706086158752441 1500
0.15706086158752441 1500
0.16001105308532715 1500
0.16019487380981445 1500
0.16019487380981445 1500
0.16048884391784668 1500
0.16158294677734375 1500
0.16401290893554688 1500
0.16803503036499023 1500
0.16803503036499023 1500
0.16803503036499023 1500
0.16964387893676758 1500
0.1709740161895752 1500
0.17151284217834473 1500
0.17385601997375488 1500
0.17754101753234863 1500
0.17754101753234863 1500
0.17760205268859863 1500
0.17987394332885742 1500
0.18054699897766113 1500
0.182844877243042 1500
0.1837470531463623 1500
0.18585896492004395 1500
0.18648195266723633 1500
0.18786883354187012 1500
0.1897430419921875 1500
0.19061899185180664 1500
0.19287991523742676 1500
0.193742036819458 1500
0.19563794136047363 1500
0.196943998336792 1500
0.19901299476623535 1500
0.19945883750915527 1500
0.2005138397216797 1500
0.20298504829406738 1500
0.20395398139953613 1500
0.20562100410461426 1500
0.20692896842956543 1500
0.20888185501098633 1500
0.2098679542541504 1500
0.21175503730773926 1500
0.21303296089172363 1500
0.21366596221923828 1500
0.21552801132202148 1500
0.21676087379455566 1500
0.21886992454528809 1500
0.21959805488586426 1500
0.2228999137878418 1500
0.2228999137878418 1500
0.22513294219970703 1500
0.22541093826293945 1500
0.2267589569091797 1500
0.2285609245300293 1500
0.22970294952392578 1500
0.23330998420715332 1500
0.23330998420715332 1500
0.2344968318939209 1500
0.23559093475341797 1500
0.23807692527770996 1500
0.238692045211792 1500
0.23967695236206055 1500
0.2418508529663086 1500
0.24537992477416992 1500
0.24570298194885254 1500
0.24613595008850098 1500
0.24794888496398926 1500
0.2487330436706543 1500
0.2509748935699463 1500
0.2517118453979492 1500
0.252979040145874 1500
0.25464892387390137 1500
0.25575995445251465 1500
0.25804805755615234 1500
0.2588038444519043 1500
0.261016845703125 1500
0.26154589653015137 1500
0.26395583152770996 1500
0.26476192474365234 1500
0.26543498039245605 1500
0.26789188385009766 1500
0.26886701583862305 1500
0.2707059383392334 1500
0.2714269161224365 1500
0.27351903915405273 1500
0.2757878303527832 1500
0.27680492401123047 1500
0.27767300605773926 1500
0.2786600589752197 1500
0.2808690071105957 1500
0.2817380428314209 1500
0.28377389907836914 1500
0.2850198745727539 1500
0.28677797317504883 1500
0.2875959873199463 1500
0.2899169921875 1500
0.29043102264404297 1500
0.291640043258667 1500
0.2953510284423828 1500
0.29546689987182617 1500
0.29680299758911133 1500
0.29761385917663574 1500
0.2995939254760742 1500
0.30048704147338867 1500
0.3028528690338135 1500
0.3046908378601074 1500
0.3046908378601074 1500
0.30673789978027344 1500
0.3074910640716553 1500
0.30988001823425293 1500
0.31053996086120605 1500
0.3126850128173828 1500
0.3145139217376709 1500
0.3159298896789551 1500
0.31652283668518066 1500
0.3176579475402832 1500
0.3199348449707031 1500
0.32065701484680176 1500
0.3226778507232666 1500
0.32389187812805176 1500
0.32578206062316895 1500
0.32642292976379395 1500
0.3289680480957031 1500
0.3295278549194336 1500
0.3307969570159912 1500
0.3325459957122803 1500
0.33353185653686523 1500
0.33548784255981445 1500
0.33695006370544434 1500
0.33882999420166016 1500
0.33945202827453613 1500
0.3419198989868164 1500
0.3427238464355469 1500
0.3436009883880615 1500
0.3456230163574219 1500
0.3466188907623291 1500
0.34885501861572266 1500
0.349822998046875 1500
0.35186195373535156 1500
0.3525819778442383 1500
0.35466694831848145 1500
0.355726957321167 1500
0.35665392875671387 1500
0.35873985290527344 1500
0.3597409725189209 1500
0.36221790313720703 1500
0.3627598285675049 1500
0.3662910461425781 1500
0.3662910461425781 1500
0.36799001693725586 1500
0.3685288429260254 1500
0.3699328899383545 1500
0.3717210292816162 1500
0.37256789207458496 1500
0.3765840530395508 1500
0.3765840530395508 1500
0.3780388832092285 1500
0.37869787216186523 1500
0.38050293922424316 1500
0.3819849491119385 1500
0.38262104988098145 1500
0.38601088523864746 1500
0.38601088523864746 1500
0.3878300189971924 1500
0.38859987258911133 1500
0.3906068801879883 1500
0.3917858600616455 1500
0.39398694038391113 1500
0.39472198486328125 1500
0.3968620300292969 1500
0.397676944732666 1500
0.3989119529724121 1500
0.40067601203918457 1500
0.40147900581359863 1500
0.4034738540649414 1500
0.4048159122467041 1500
0.4080338478088379 1500
0.40805888175964355 1500
0.4085228443145752 1500
0.41089892387390137 1500
0.4115560054779053 1500
0.4140908718109131 1500
0.4146120548248291 1500
0.41681885719299316 1500
0.4178328514099121 1500
0.41959500312805176 1500
0.4205138683319092 1500
0.4216270446777344 1500
0.4234299659729004 1500
0.4246559143066406 1500
0.4264719486236572 1500
0.4275648593902588 1500
0.4295499324798584 1500
0.43071794509887695 1500
0.4329249858856201 1500
0.43364405632019043 1500
0.4345829486846924 1500
0.43708205223083496 1500
0.43765687942504883 1500
0.4399869441986084 1500
0.4404408931732178 1500
0.44269490242004395 1500
0.4434330463409424 1500
0.4466128349304199 1500
0.4466128349304199 1500
0.44759297370910645 1500
0.44992899894714355 1500
0.450624942779541 1500
0.4528670310974121 1500
0.4535338878631592 1500
0.45729899406433105 1500
0.45729899406433105 1500
0.4585080146789551 1500
0.4598369598388672 1500
0.4606969356536865 1500
0.46273303031921387 1500
0.4636988639831543 1500
0.46653294563293457 1500
0.46653294563293457 1500
0.4689359664916992 1500
0.46981096267700195 1500
0.47160792350769043 1500
0.47246694564819336 1500
0.4735720157623291 1500
0.4758260250091553 1500
0.4765489101409912 1500
0.47861599922180176 1500
0.47968196868896484 1500
0.4818739891052246 1500
0.4828150272369385 1500
0.4849379062652588 1500
0.4855649471282959 1500
0.4864799976348877 1500
0.48851490020751953 1500
0.4895029067993164 1500
0.49164700508117676 1500
0.4925570487976074 1500
0.4946939945220947 1500
0.49577903747558594 1500
0.4994020462036133 1500
0.4994020462036133 1500
0.4995748996734619 1500
0.5019240379333496 1500
0.5024929046630859 1500
0.5048480033874512 1500
0.5057449340820312 1500
0.5087380409240723 1500
0.5088160037994385 1500
0.5110218524932861 1500
0.5118100643157959 1500
0.5126769542694092 1500
0.5148038864135742 1500
0.5154688358306885 1500
0.5178370475769043 1500
0.5188188552856445 1500
0.5208840370178223 1500
0.5215480327606201 1500
0.5239689350128174 1500
0.5245628356933594 1500
0.5255739688873291 1500
0.5278170108795166 1500
0.5285120010375977 1500
0.5307450294494629 1500
0.5317888259887695 1500
0.5338318347930908 1500
0.5346570014953613 1500
0.5365829467773438 1500
0.537423849105835 1500
0.5387539863586426 1500
0.542158842086792 1500
0.542158842086792 1500
0.5437569618225098 1500
0.5445258617401123 1500
0.5468180179595947 1500
0.5477049350738525 1500
0.549778938293457 1500
0.551149845123291 1500
0.5515010356903076 1500
0.5539560317993164 1500
0.5544328689575195 1500
0.5570709705352783 1500
0.5574648380279541 1500
0.5598819255828857 1500
0.56060791015625 1500
0.5639140605926514 1500
0.5640199184417725 1500
0.56455397605896 1500
0.5668148994445801 1500
0.5674350261688232 1500
0.5698368549346924 1500
0.5707240104675293 1500
0.5737800598144531 1500
0.5737800598144531 1500
0.575631856918335 1500
0.5765299797058105 1500
0.5778670310974121 1500
0.5797300338745117 1500
0.5807309150695801 1500
0.5827498435974121 1500
0.5836589336395264 1500
0.5857658386230469 1500
0.5865969657897949 1500
0.5888729095458984 1500
0.5895030498504639 1500
0.5904788970947266 1500
0.5926480293273926 1500
0.5935728549957275 1500
0.5954968929290771 1500
0.5967309474945068 1500
0.5988600254058838 1500
0.5997068881988525 1500
0.6019339561462402 1500
0.6025199890136719 1500
0.603754997253418 1500
0.6058859825134277 1500
0.6075999736785889 1500
0.6086480617523193 1500
0.6096389293670654 1500
0.6117730140686035 1500
0.6126010417938232 1500
0.6145579814910889 1500
0.6155309677124023 1500
0.6168019771575928 1500
0.6192479133605957 1500
0.6194648742675781 1500
0.621819019317627 1500
0.6226849555969238 1500
0.6245510578155518 1500
0.6256589889526367 1500
0.6327600479125977 1500
0.6327600479125977 1500
0.6327600479125977 1500
0.6327600479125977 1500
0.6327600479125977 1500
0.6348788738250732 1500
0.6356480121612549 1500
0.6378469467163086 1500
0.6386489868164062 1500
0.6408109664916992 1500
0.6417360305786133 1500
0.6429228782653809 1500
0.6446669101715088 1500
0.6456658840179443 1500
0.6476948261260986 1500
0.648576021194458 1500
0.6508069038391113 1500
0.6515798568725586 1500
0.6539030075073242 1500
0.6547338962554932 1500
0.6556880474090576 1500
0.6576769351959229 1500
0.6586868762969971 1500
0.6606760025024414 1500
0.6617169380187988 1500
0.6639728546142578 1500
0.6648509502410889 1500
0.6664600372314453 1500
0.667395830154419 1500
0.668503999710083 1500
0.6704268455505371 1500
0.6718988418579102 1500
0.6735539436340332 1500
0.6746640205383301 1500
0.6765429973602295 1500
0.6775698661804199 1500
0.6798379421234131 1500
0.6804618835449219 1500
0.6819829940795898 1500
0.6836240291595459 1500
0.6846280097961426 1500
0.6869058609008789 1500
0.6875519752502441 1500
0.689626932144165 1500
0.6904819011688232 1500
0.6924560070037842 1500
0.6937968730926514 1500
0.694584846496582 1500
0.6967928409576416 1500
0.6977980136871338 1500
0.6995539665222168 1500
0.7006609439849854 1500
0.7031099796295166 1500
0.7035698890686035 1500
0.7055139541625977 1500
0.7064599990844727 1500
0.7074549198150635 1500
0.7098548412322998 1500
0.7109508514404297 1500
0.7127139568328857 1500
0.7138309478759766 1500
0.7158889770507812 1500
0.716606855392456 1500
0.7188389301300049 1500
0.7194809913635254 1500
0.720836877822876 1500
0.7228670120239258 1500
0.7235429286956787 1500
0.7256510257720947 1500
0.7273218631744385 1500
0.7286570072174072 1500
0.7297298908233643 1500
0.7319240570068359 1500
0.732666015625 1500
0.7336950302124023 1500
0.7355029582977295 1500
0.7366368770599365 1500
0.7385408878326416 1500
0.7400259971618652 1500
0.7417998313903809 1500
0.7424788475036621 1500
0.7495460510253906 1500
0.7495460510253906 1500
0.7495460510253906 1500
0.7495460510253906 1500
0.7495460510253906 1500
0.7520110607147217 1500
0.7524330615997314 1500
0.7548398971557617 1500
0.7554299831390381 1500
0.7578940391540527 1500
0.7585299015045166 1500
0.7594900131225586 1500
0.7617919445037842 1500
0.7628998756408691 1500
0.7648279666900635 1500
0.7655589580535889 1500
0.7674460411071777 1500
0.7686009407043457 1500
0.7707810401916504 1500
0.7717318534851074 1500
0.7726240158081055 1500
0.7747139930725098 1500
0.7755398750305176 1500
0.7781119346618652 1500
0.7786719799041748 1500
0.7805318832397461 1500
0.7816359996795654 1500
0.7839398384094238 1500
0.7847139835357666 1500
0.7857749462127686 1500
0.7875778675079346 1500
0.7886090278625488 1500
0.790895938873291 1500
0.7916209697723389 1500
0.7935948371887207 1500
0.794389009475708 1500
0.7967560291290283 1500
0.7976529598236084 1500
0.7989709377288818 1500
0.8011050224304199 1500
0.8018100261688232 1500
0.8038899898529053 1500
0.8045179843902588 1500
0.8065848350524902 1500
0.8074629306793213 1500
0.8095529079437256 1500
0.8163809776306152 1500
0.8163809776306152 1500
0.8163809776306152 1500
0.8163809776306152 1500
0.8166379928588867 1500
0.8176679611206055 1500
0.8196589946746826 1500
0.8205559253692627 1500
0.8226149082183838 1500
0.8241238594055176 1500
0.8245880603790283 1500
0.8270020484924316 1500
0.8277959823608398 1500
0.8298928737640381 1500
0.8305439949035645 1500
0.8329088687896729 1500
0.8337569236755371 1500
0.8358099460601807 1500
0.8365888595581055 1500
0.8380370140075684 1500
0.8395140171051025 1500
0.8409130573272705 1500
0.843134880065918 1500
0.8437190055847168 1500
0.8457469940185547 1500
0.8466060161590576 1500
0.8485989570617676 1500
0.8495428562164307 1500
0.8506200313568115 1500
0.8525068759918213 1500
0.8534450531005859 1500
0.8554139137268066 1500
0.8564920425415039 1500
0.8590190410614014 1500
0.8600380420684814 1500
0.862860918045044 1500
0.862860918045044 1500
0.8662400245666504 1500
0.8662400245666504 1500
0.8666319847106934 1500
0.8691070079803467 1500
0.8696649074554443 1500
0.8717188835144043 1500
0.8728740215301514 1500
0.8746750354766846 1500
0.8762979507446289 1500
0.8766648769378662 1500
0.8787050247192383 1500
0.8797059059143066 1500
0.8818519115447998 1500
0.8827579021453857 1500
0.8849780559539795 1500
0.8854990005493164 1500
0.8874740600585938 1500
0.8885459899902344 1500
0.8894400596618652 1500
0.8916218280792236 1500
0.8924839496612549 1500
0.8946208953857422 1500
0.8954670429229736 1500
0.8986048698425293 1500
0.8986048698425293 1500
0.9004759788513184 1500
0.9016189575195312 1500
0.9024350643157959 1500
0.9050369262695312 1500
0.9055390357971191 1500
0.9078249931335449 1500
0.9085948467254639 1500
0.9105818271636963 1500
0.9118218421936035 1500
0.9140288829803467 1500
0.9146909713745117 1500
0.9156720638275146 1500
0.917686939239502 1500
0.9186639785766602 1500
0.9220528602600098 1500
0.9220528602600098 1500
0.9239790439605713 1500
0.9248418807983398 1500
0.9267539978027344 1500
0.9276490211486816 1500
0.9288170337677002 1500
0.9309430122375488 1500
0.9317598342895508 1500
0.9334838390350342 1500
0.9347109794616699 1500
0.9370620250701904 1500
0.9374208450317383 1500
0.9398698806762695 1500
0.9404058456420898 1500
0.9429090023040771 1500
0.9436929225921631 1500
0.9448490142822266 1500
0.9465839862823486 1500
0.9475100040435791 1500
0.9498889446258545 1500
0.9507558345794678 1500
0.9528748989105225 1500
0.9534938335418701 1500
0.955564022064209 1500
0.9566709995269775 1500
0.9588489532470703 1500
0.9595630168914795 1500
0.9606268405914307 1500
0.9629099369049072 1500
0.9636650085449219 1500
0.9657669067382812 1500
0.966606855392456 1500
0.9686529636383057 1500
0.970695972442627 1500
0.9708149433135986 1500
0.9726579189300537 1500
0.973520040512085 1500
0.975855827331543 1500
0.9765138626098633 1500
0.978827953338623 1500
0.9795629978179932 1500
0.9829020500183105 1500
0.9829518795013428 1500
0.9837009906768799 1500
0.987494945526123 1500
0.987494945526123 1500
0.988961935043335 1500
0.9896688461303711 1500
0.9916670322418213 1500
0.9926619529724121 1500
0.9948079586029053 1500
0.995607852935791 1500
0.9967310428619385 1500
0.9987969398498535 1500
0.9998159408569336 1500
1.0017108917236328 1500
1.0028300285339355 1500
1.0049610137939453 1500
1.0056500434875488 1500
1.0079150199890137 1500
1.0085430145263672 1500
1.009793996810913 1500
1.012462854385376 1500
1.0128309726715088 1500
1.0145668983459473 1500
1.0157170295715332 1500
1.0178639888763428 1500
1.0189950466156006 1500
1.0205109119415283 1500
1.021453857421875 1500
1.0224919319152832 1500
1.0247249603271484 1500
1.0256259441375732 1500
1.0279009342193604 1500
1.0284919738769531 1500
1.0309319496154785 1500
1.031519889831543 1500
1.034742832183838 1500
1.034816026687622 1500
1.0357990264892578 1500
1.0377609729766846 1500
1.0388379096984863 1500
1.0408549308776855 1500
1.041640043258667 1500
1.0440049171447754 1500
1.0445640087127686 1500
1.0494158267974854 1500
1.0494158267974854 1500
1.0494158267974854 1500
1.0507588386535645 1500
1.0515060424804688 1500
1.053783893585205 1500
