1049092
0.0 1500
0.0018360614776611328 1500
0.0027599334716796875 1500
0.004812002182006836 1500
0.00575709342956543 1500
0.0068929195404052734 1500
0.008707046508789062 1500
0.009866952896118164 1500
0.011964082717895508 1500
0.01293802261352539 1500
0.015006065368652344 1500
0.01592111587524414 1500
0.017841100692749023 1500
0.018847942352294922 1500
0.01999497413635254 1500
0.02202296257019043 1500
0.022876977920532227 1500
0.024940013885498047 1500
0.025689125061035156 1500
0.027987003326416016 1500
0.028898954391479492 1500
0.03206992149353027 1500
0.03206992149353027 1500
0.032922983169555664 1500
0.03493690490722656 1500
0.0357661247253418 1500
0.03785204887390137 1500
0.03888297080993652 1500
0.04075908660888672 1500
0.041960954666137695 1500
0.043771982192993164 1500
0.04483509063720703 1500
0.04691004753112793 1500
0.047933101654052734 1500
0.04888296127319336 1500
0.05110311508178711 1500
0.05185103416442871 1500
0.053910017013549805 1500
0.05583691596984863 1500
0.05770301818847656 1500
0.05901598930358887 1500
0.05985307693481445 1500
0.06182408332824707 1500
0.0629739761352539 1500
0.06489396095275879 1500
0.06580090522766113 1500
0.0669870376586914 1500
0.06904411315917969 1500
0.06991004943847656 1500
0.07188892364501953 1500
0.07292389869689941 1500
0.07483696937561035 1500
0.07561302185058594 1500
0.07792210578918457 1500
0.07882404327392578 1500
0.07981109619140625 1500
0.08181405067443848 1500
0.08303689956665039 1500
0.08486294746398926 1500
0.08587193489074707 1500
0.0888819694519043 1500
0.08893895149230957 1500
0.0908670425415039 1500
0.09184908866882324 1500
0.09264111518859863 1500
0.09496307373046875 1500
0.09557509422302246 1500
0.09771299362182617 1500
0.09913396835327148 1500
0.10064411163330078 1500
0.10182309150695801 1500
0.10393595695495605 1500
0.10478901863098145 1500
0.10584712028503418 1500
0.10791802406311035 1500
0.1089630126953125 1500
0.11100006103515625 1500
0.11188411712646484 1500
0.11388397216796875 1500
0.11477899551391602 1500
0.11818408966064453 1500
0.11818408966064453 1500
0.11894607543945312 1500
0.1209111213684082 1500
0.12197709083557129 1500
0.12376594543457031 1500
0.12473392486572266 1500
0.12677502632141113 1500
0.1278679370880127 1500
0.12995004653930664 1500
0.13068199157714844 1500
0.13286900520324707 1500
0.13367295265197754 1500
0.13486289978027344 1500
0.1366560459136963 1500
0.13786697387695312 1500
0.139678955078125 1500
0.14087891578674316 1500
0.14288091659545898 1500
0.14376401901245117 1500
0.14490699768066406 1500
0.14691805839538574 1500
0.14786696434020996 1500
0.14981508255004883 1500
0.1510329246520996 1500
0.15296101570129395 1500
0.15383696556091309 1500
0.1559770107269287 1500
0.15689992904663086 1500
0.15776300430297852 1500
0.1598501205444336 1500
0.16086196899414062 1500
0.16394495964050293 1500
0.16394495964050293 1500
0.16576004028320312 1500
0.16684603691101074 1500
0.1685640811920166 1500
0.16980791091918945 1500
0.1705770492553711 1500
0.17269206047058105 1500
0.17380499839782715 1500
0.17577910423278809 1500
0.17782998085021973 1500
0.17904210090637207 1500
0.18081903457641602 1500
0.18189406394958496 1500
0.18392300605773926 1500
0.18489694595336914 1500
0.18679094314575195 1500
0.1878979206085205 1500
0.18980193138122559 1500
0.19098806381225586 1500
0.19188809394836426 1500
0.19477391242980957 1500
0.19477391242980957 1500
0.19657301902770996 1500
0.197767972946167 1500
0.19988393783569336 1500
0.20105910301208496 1500
0.20284008979797363 1500
0.20391297340393066 1500
0.20486092567443848 1500
0.20685100555419922 1500
0.20802712440490723 1500
0.20978808403015137 1500
0.21078801155090332 1500
0.21284008026123047 1500
0.2139420509338379 1500
0.2157280445098877 1500
0.21677207946777344 1500
0.2177588939666748 1500
0.22004389762878418 1500
0.22101998329162598 1500
0.2229928970336914 1500
0.22393012046813965 1500
0.22594690322875977 1500
0.22710609436035156 1500
0.2286679744720459 1500
0.23016095161437988 1500
0.23108196258544922 1500
0.2328939437866211 1500
0.23395109176635742 1500
0.2358560562133789 1500
0.23706698417663574 1500
0.23902511596679688 1500
0.2397000789642334 1500
0.24189400672912598 1500
0.2429659366607666 1500
0.24387907981872559 1500
0.24603509902954102 1500
0.24685192108154297 1500
0.2490239143371582 1500
0.24985098838806152 1500
0.2518019676208496 1500
0.2529270648956299 1500
0.25484704971313477 1500
0.25678205490112305 1500
0.25800204277038574 1500
0.2596399784088135 1500
0.2609069347381592 1500
0.26189303398132324 1500
0.2642340660095215 1500
0.2657289505004883 1500
0.26677894592285156 1500
0.26769399642944336 1500
0.26987695693969727 1500
0.27057909965515137 1500
0.2728080749511719 1500
0.27373504638671875 1500
0.2747941017150879 1500
0.2772669792175293 1500
0.27760910987854004 1500
0.28069090843200684 1500
0.28069090843200684 1500
0.28307604789733887 1500
0.2853519916534424 1500
0.2858560085296631 1500
0.2869288921356201 1500
0.2878711223602295 1500
0.29013800621032715 1500
0.29076695442199707 1500
0.2928900718688965 1500
0.2936279773712158 1500
0.29576611518859863 1500
0.2968459129333496 1500
0.29907894134521484 1500
0.29972290992736816 1500
0.300915002822876 1500
0.3027479648590088 1500
0.3039588928222656 1500
0.3056800365447998 1500
0.3068981170654297 1500
0.30858707427978516 1500
0.3108549118041992 1500
0.31174612045288086 1500
0.31307506561279297 1500
0.3138389587402344 1500
0.3157050609588623 1500
0.31668901443481445 1500
0.318774938583374 1500
0.31963300704956055 1500
0.321850061416626 1500
0.3227090835571289 1500
0.3258678913116455 1500
0.3258678913116455 1500
0.32711100578308105 1500
0.32883501052856445 1500
0.32979393005371094 1500
0.33173298835754395 1500
0.3328530788421631 1500
0.33471012115478516 1500
0.33554601669311523 1500
0.3378269672393799 1500
0.33876609802246094 1500
0.3397190570831299 1500
0.34183502197265625 1500
0.34277892112731934 1500
0.3451669216156006 1500
0.3458099365234375 1500
0.3479158878326416 1500
0.34882497787475586 1500
0.3510580062866211 1500
0.3516879081726074 1500
0.35271692276000977 1500
0.35466504096984863 1500
0.3566911220550537 1500
0.35784292221069336 1500
0.35874295234680176 1500
0.36076998710632324 1500
0.36725711822509766 1500
0.36725711822509766 1500
0.36725711822509766 1500
0.36725711822509766 1500
0.3709750175476074 1500
0.3709750175476074 1500
0.3709750175476074 1500
0.3729879856109619 1500
0.37363290786743164 1500
0.37461304664611816 1500
0.37685608863830566 1500
0.37850189208984375 1500
0.378770112991333 1500
0.3808269500732422 1500
0.38604307174682617 1500
0.38604307174682617 1500
0.38604307174682617 1500
0.3871428966522217 1500
0.38806605339050293 1500
0.3958148956298828 1500
0.3958148956298828 1500
0.3958148956298828 1500
0.3958148956298828 1500
0.3958148956298828 1500
0.4011080265045166 1500
0.4011080265045166 1500
0.4011080265045166 1500
0.4011080265045166 1500
0.4028971195220947 1500
0.40376710891723633 1500
0.4059319496154785 1500
0.40694189071655273 1500
0.4077889919281006 1500
0.40993189811706543 1500
0.4110410213470459 1500
0.41290998458862305 1500
0.4137859344482422 1500
0.4160130023956299 1500
0.4178900718688965 1500
0.41873693466186523 1500
0.4196341037750244 1500
0.4208500385284424 1500
0.42291998863220215 1500
0.4239630699157715 1500
0.42563390731811523 1500
0.42695093154907227 1500
0.4286010265350342 1500
0.42985010147094727 1500
0.43247294425964355 1500
0.4327659606933594 1500
0.43390798568725586 1500
0.4358389377593994 1500
0.43683505058288574 1500
0.43880391120910645 1500
0.44016504287719727 1500
0.4418060779571533 1500
0.442828893661499 1500
0.44463300704956055 1500
0.44569993019104004 1500
0.44673895835876465 1500
0.44850707054138184 1500
0.44956111907958984 1500
0.4517049789428711 1500
0.4525749683380127 1500
0.454664945602417 1500
0.4554719924926758 1500
0.45797109603881836 1500
0.45847296714782715 1500
0.4596409797668457 1500
0.46181702613830566 1500
0.46288204193115234 1500
0.46463704109191895 1500
0.4657299518585205 1500
0.46771693229675293 1500
0.46865010261535645 1500
0.47072505950927734 1500
0.4716670513153076 1500
0.4727210998535156 1500
0.47588396072387695 1500
0.47588396072387695 1500
0.47786593437194824 1500
0.4785480499267578 1500
0.48072099685668945 1500
0.4816761016845703 1500
0.4839310646057129 1500
0.48474907875061035 1500
0.4857931137084961 1500
0.48775792121887207 1500
0.48892807960510254 1500
0.4918510913848877 1500
0.4918510913848877 1500
0.49373888969421387 1500
0.4948699474334717 1500
0.4969949722290039 1500
0.49802708625793457 1500
0.4988279342651367 1500
0.5007309913635254 1500
0.5018620491027832 1500
0.5037989616394043 1500
0.5045840740203857 1500
0.5069780349731445 1500
0.5080609321594238 1500
0.5098779201507568 1500
0.5106470584869385 1500
0.5117969512939453 1500
0.5135519504547119 1500
0.5147509574890137 1500
0.5167078971862793 1500
0.5179181098937988 1500
0.5195460319519043 1500
0.5207080841064453 1500
0.5227808952331543 1500
0.5234959125518799 1500
0.5248289108276367 1500
0.5267019271850586 1500
0.5277960300445557 1500
0.5295779705047607 1500
0.5305891036987305 1500
0.5328171253204346 1500
0.5337090492248535 1500
0.5361371040344238 1500
0.5366690158843994 1500
0.5378260612487793 1500
0.5396261215209961 1500
0.5406839847564697 1500
0.5427501201629639 1500
0.5437629222869873 1500
0.5458800792694092 1500
0.5468049049377441 1500
0.5488760471343994 1500
0.5507299900054932 1500
0.5507299900054932 1500
0.5528008937835693 1500
0.5537049770355225 1500
0.5555529594421387 1500
0.5569949150085449 1500
0.5590319633483887 1500
0.5596709251403809 1500
0.561737060546875 1500
0.5626120567321777 1500
0.5638220310211182 1500
0.5657269954681396 1500
0.5676488876342773 1500
0.5685250759124756 1500
0.5696151256561279 1500
0.5717520713806152 1500
0.5732729434967041 1500
0.5749359130859375 1500
0.5756030082702637 1500
0.5768060684204102 1500
0.5788309574127197 1500
0.5799100399017334 1500
0.5830059051513672 1500
0.5830059051513672 1500
0.5847899913787842 1500
0.585521936416626 1500
0.5878260135650635 1500
0.5888729095458984 1500
0.5897550582885742 1500
0.5917110443115234 1500
0.592987060546875 1500
0.5948560237884521 1500
0.5955579280853271 1500
0.5976428985595703 1500
0.5985939502716064 1500
0.6007769107818604 1500
0.6021630764007568 1500
0.6028530597686768 1500
0.6049189567565918 1500
0.605708122253418 1500
0.6077849864959717 1500
0.6089370250701904 1500
0.6110129356384277 1500
0.6120359897613525 1500
0.6139369010925293 1500
0.6146829128265381 1500
0.6157400608062744 1500
0.6175260543823242 1500
0.6188669204711914 1500
0.6206109523773193 1500
0.62180495262146 1500
0.6235489845275879 1500
0.6246011257171631 1500
0.6267690658569336 1500
0.6278009414672852 1500
0.6285459995269775 1500
0.6308770179748535 1500
0.6315429210662842 1500
0.6338438987731934 1500
0.634613037109375 1500
0.636991024017334 1500
0.6375939846038818 1500
0.6399219036102295 1500
0.6407029628753662 1500
0.641556978225708 1500
0.6435739994049072 1500
0.6447598934173584 1500
0.6465771198272705 1500
0.6477570533752441 1500
0.6496989727020264 1500
0.6508419513702393 1500
0.6527090072631836 1500
0.653688907623291 1500
0.654792070388794 1500
0.657006025314331 1500
0.6577138900756836 1500
0.6597590446472168 1500
0.6606559753417969 1500
0.6628599166870117 1500
0.6637859344482422 1500
0.6657040119171143 1500
0.6666529178619385 1500
0.6677579879760742 1500
0.6696689128875732 1500
0.6706740856170654 1500
0.6729960441589355 1500
0.6736640930175781 1500
0.6757609844207764 1500
0.676738977432251 1500
0.6790480613708496 1500
0.679893970489502 1500
0.6807971000671387 1500
0.6828711032867432 1500
0.6839210987091064 1500
0.6857850551605225 1500
0.6868441104888916 1500
0.688992977142334 1500
0.689518928527832 1500
0.6917779445648193 1500
0.6928920745849609 1500
0.6939010620117188 1500
0.6958630084991455 1500
0.6966750621795654 1500
0.69917893409729 1500
0.6995329856872559 1500
0.7017519474029541 1500
0.7027060985565186 1500
0.7052700519561768 1500
0.7069709300994873 1500
0.7069709300994873 1500
0.7085890769958496 1500
0.7099080085754395 1500
0.7118151187896729 1500
0.7127571105957031 1500
0.7151579856872559 1500
0.7157609462738037 1500
0.7177119255065918 1500
0.7187900543212891 1500
0.7196829319000244 1500
0.7232499122619629 1500
0.7232499122619629 1500
0.7247669696807861 1500
0.7262270450592041 1500
0.7275888919830322 1500
0.7286899089813232 1500
0.7307620048522949 1500
0.7319250106811523 1500
0.7327759265899658 1500
0.734565019607544 1500
0.7369410991668701 1500
0.7379100322723389 1500
0.7387399673461914 1500
0.7408459186553955 1500
0.7419130802154541 1500
0.7438039779663086 1500
0.7448329925537109 1500
0.7459421157836914 1500
0.7477900981903076 1500
0.748863935470581 1500
0.752047061920166 1500
0.752047061920166 1500
0.7537870407104492 1500
0.7547910213470459 1500
0.7566399574279785 1500
0.757843017578125 1500
0.75860595703125 1500
0.7609689235687256 1500
0.7620940208435059 1500
0.7640180587768555 1500
0.7648069858551025 1500
0.7683579921722412 1500
0.7683579921722412 1500
0.7697820663452148 1500
0.7706780433654785 1500
0.7715239524841309 1500
0.7742209434509277 1500
0.7750809192657471 1500
0.7766499519348145 1500
0.7778499126434326 1500
0.7796370983123779 1500
0.7804911136627197 1500
0.7828629016876221 1500
0.7836570739746094 1500
0.784714937210083 1500
0.7866380214691162 1500
0.7877199649810791 1500
0.7896509170532227 1500
0.7907130718231201 1500
0.7928380966186523 1500
0.7937729358673096 1500
0.7968111038208008 1500
0.7968111038208008 1500
0.7978470325469971 1500
0.7995860576629639 1500
0.8006191253662109 1500
0.802872896194458 1500
0.8042891025543213 1500
0.8059549331665039 1500
0.8067309856414795 1500
0.8086020946502686 1500
0.8098700046539307 1500
0.8119230270385742 1500
0.8128139972686768 1500
0.8141360282897949 1500
0.8159759044647217 1500
0.8167140483856201 1500
0.8186209201812744 1500
0.8196909427642822 1500
0.8217470645904541 1500
0.8227849006652832 1500
0.8238229751586914 1500
0.8268980979919434 1500
0.8268980979919434 1500
0.828577995300293 1500
0.8295400142669678 1500
0.8316299915313721 1500
0.832726001739502 1500
0.8347020149230957 552
1.0239059925079346 40
1.7184998989105225 1500
1.7184998989105225 1500
1.7184998989105225 1500
1.7186779975891113 1500
1.7186779975891113 1500
1.7186779975891113 1500
1.7186779975891113 1500
1.720026969909668 1500
1.7208061218261719 1500
1.721729040145874 1500
1.7239799499511719 1500
1.7249090671539307 1500
1.726855993270874 1500
1.7279629707336426 1500
1.7299389839172363 1500
1.7306621074676514 1500
1.7336559295654297 1500
1.7336559295654297 1500
1.7348549365997314 1500
1.73683500289917 1500
1.7375249862670898 1500
1.739975929260254 1500
1.741729974746704 1500
1.7442619800567627 1500
1.7465109825134277 1500
1.7465109825134277 1500
1.7479701042175293 1500
1.7520921230316162 1500
1.7520921230316162 1500
1.7520921230316162 1500
1.7529890537261963 1500
1.7547070980072021 1500
1.755836009979248 1500
1.7577590942382812 1500
1.7585439682006836 1500
1.759592056274414 1500
1.7615869045257568 1500
1.7626969814300537 1500
1.7647249698638916 1500
1.7656009197235107 1500
1.7675731182098389 1500
1.7692949771881104 1500
1.7707090377807617 1500
1.7720680236816406 1500
1.7726199626922607 1500
1.7745320796966553 1500
1.775541067123413 1500
1.7787189483642578 1500
1.7787189483642578 1500
1.7806251049041748 1500
1.7817299365997314 1500
1.783782958984375 1500
1.7846109867095947 1500
1.7856180667877197 1500
1.7878050804138184 1500
1.7886459827423096 1500
1.7907090187072754 1500
1.7916491031646729 1500
1.7937159538269043 1500
1.7948551177978516 1500
1.7966160774230957 1500
1.7976219654083252 1500
1.8002479076385498 1500
1.8007099628448486 1500
1.8027191162109375 1500
1.8039140701293945 1500
1.8056941032409668 1500
1.8066599369049072 1500
1.807887077331543 1500
1.8095929622650146 1500
1.8108549118041992 1500
1.812748908996582 1500
1.8136990070343018 1500
1.8159029483795166 1500
1.8167140483856201 1500
1.8185861110687256 1500
1.819761037826538 1500
1.820725917816162 1500
1.822756052017212 1500
1.823625087738037 1500
1.8266189098358154 1500
1.8266499042510986 1500
1.8286430835723877 1500
1.829521894454956 1500
1.8316659927368164 1500
1.832746982574463 1500
1.8349180221557617 1500
1.835521936416626 1500
1.8376100063323975 1500
1.8387370109558105 1500
1.8420000076293945 1500
1.8420000076293945 1500
1.8437120914459229 1500
1.8446509838104248 1500
1.8456571102142334 1500
1.847801923751831 1500
1.8486509323120117 1500
1.850862979888916 1500
1.8515229225158691 1500
1.853564977645874 1500
1.854806900024414 1500
1.8583929538726807 1500
1.8583929538726807 1500
1.8585200309753418 1500
1.860748052597046 1500
1.8618299961090088 1500
1.8637800216674805 1500
1.864725112915039 1500
1.8667089939117432 1500
1.8676609992980957 1500
1.8698129653930664 1500
1.870790958404541 1500
1.8716919422149658 1500
1.8737359046936035 1500
1.8747179508209229 1500
1.8767530918121338 1500
1.8777260780334473 1500
1.8798940181732178 1500
1.8806979656219482 1500
1.882796049118042 1500
1.8835279941558838 1500
1.8846371173858643 1500
1.8865699768066406 1500
