1050040
0.0 1500
0.0007829666137695312 1500
0.0017101764678955078 1500
0.003961086273193359 1500
0.0046939849853515625 1500
0.006930112838745117 1500
0.007436990737915039 1500
0.009580135345458984 1500
0.010848045349121094 1500
0.01413416862487793 1500
0.01413416862487793 1500
0.014569997787475586 1500
0.016759157180786133 1500
0.017506122589111328 1500
0.019731998443603516 1500
0.02069401741027832 1500
0.022895097732543945 1500
0.023651123046875 1500
0.02552318572998047 1500
0.026561975479125977 1500
0.028756141662597656 1500
0.029448986053466797 1500
0.030567169189453125 1500
0.03278613090515137 1500
0.03370404243469238 1500
0.03609919548034668 1500
0.03670907020568848 1500
0.04280900955200195 1500
0.04280900955200195 1500
0.04280900955200195 1500
0.04280900955200195 1500
0.043771982192993164 1500
0.04585719108581543 1500
0.04679512977600098 1500
0.05000710487365723 1500
0.05000710487365723 1500
0.051795005798339844 1500
0.05267906188964844 1500
0.05462002754211426 1500
0.05559706687927246 1500
0.05667996406555176 1500
0.058830976486206055 1500
0.05960512161254883 1500
0.06288814544677734 1500
0.06288814544677734 1500
0.06468009948730469 1500
0.06566500663757324 1500
0.06798696517944336 1500
0.06858515739440918 1500
0.06974315643310547 1500
0.07163619995117188 1500
0.07272601127624512 1500
0.07573413848876953 1500
0.07573413848876953 1500
0.07796716690063477 1500
0.0787811279296875 1500
0.08076620101928711 1500
0.08157706260681152 1500
0.08258414268493652 1500
0.08478307723999023 1500
0.08573508262634277 1500
0.08905506134033203 1500
0.08905506134033203 1500
0.09059810638427734 1500
0.0915219783782959 1500
0.09378910064697266 1500
0.0946199893951416 1500
0.0956881046295166 1500
0.09796810150146484 1500
0.09857416152954102 1500
0.10186100006103516 1500
0.10186100006103516 1500
0.10364699363708496 1500
0.10445809364318848 1500
0.10660910606384277 1500
0.10791397094726562 1500
0.10864520072937012 1500
0.1106719970703125 1500
0.11155915260314941 1500
0.11476707458496094 1500
0.11476707458496094 1500
0.11669015884399414 1500
0.11797904968261719 1500
0.11970806121826172 1500
0.12075304985046387 1500
0.12172698974609375 1500
0.12367510795593262 1500
0.12475919723510742 1500
0.12645816802978516 1500
0.12746906280517578 1500
0.12969613075256348 1500
0.13065719604492188 1500
0.13263607025146484 1500
0.13374614715576172 1500
0.1346111297607422 1500
0.13698506355285645 1500
0.14259910583496094 1500
0.14259910583496094 1500
0.14259910583496094 1500
0.14259910583496094 1500
0.1440131664276123 1500
0.14584016799926758 1500
0.14670610427856445 1500
0.14803004264831543 1500
0.14988112449645996 1500
0.15094614028930664 1500
0.15280818939208984 1500
0.15381217002868652 1500
0.15583109855651855 1500
0.15653705596923828 1500
0.15867400169372559 1500
0.15962815284729004 1500
0.1606600284576416 1500
0.1627521514892578 1500
0.1646590232849121 1500
0.16565704345703125 1500
0.16667413711547852 1500
0.16872310638427734 1500
0.16948819160461426 1500
0.171766996383667 1500
0.17265105247497559 1500
0.17376208305358887 1500
0.1768500804901123 1500
0.1768500804901123 1500
0.1788640022277832 1500
0.1794450283050537 1500
0.1814720630645752 1500
0.18242907524108887 1500
0.18475818634033203 1500
0.1855471134185791 1500
0.1864609718322754 1500
0.1883080005645752 1500
0.18971800804138184 1500
0.19175505638122559 1500
0.1927189826965332 1500
0.19535017013549805 1500
0.1956939697265625 1500
0.19803810119628906 1500
0.19857001304626465 1500
0.20088505744934082 1500
0.20166015625 1500
0.20265603065490723 1500
0.20475411415100098 1500
0.20543909072875977 1500
0.20795202255249023 1500
0.20847105979919434 1500
0.21092605590820312 1500
0.2115800380706787 1500
0.21382904052734375 1500
0.21472907066345215 1500
0.21670913696289062 1500
0.2180190086364746 1500
0.2194051742553711 1500
0.22044706344604492 1500
0.22169709205627441 1500
0.22374320030212402 1500
0.22569012641906738 1500
0.22681212425231934 1500
0.22776317596435547 1500
0.22980999946594238 1500
0.23068618774414062 1500
0.2327890396118164 1500
0.23354697227478027 1500
0.23468399047851562 1500
0.23660516738891602 1500
0.23798704147338867 1500
0.2396399974822998 1500
0.2403709888458252 1500
0.2427210807800293 1500
0.24370908737182617 1500
0.24585700035095215 1500
0.2467210292816162 1500
0.24872708320617676 1500
0.2496931552886963 1500
0.2506129741668701 1500
0.25283002853393555 1500
0.25371313095092773 1500
0.26075100898742676 1500
0.26075100898742676 1500
0.26075100898742676 1500
0.2610151767730713 1500
0.2610151767730713 1500
0.26305508613586426 1500
0.2637031078338623 1500
0.2659330368041992 1500
0.2668271064758301 1500
0.26891207695007324 1500
0.2694370746612549 1500
0.2718641757965088 1500
0.27273011207580566 1500
0.27361011505126953 1500
0.275907039642334 1500
0.27689504623413086 1500
0.2788369655609131 1500
0.2807631492614746 1500
0.28276610374450684 1500
0.28360605239868164 1500
0.28479599952697754 1500
0.2867410182952881 1500
0.28740715980529785 1500
0.2897341251373291 1500
0.2905571460723877 1500
0.29174208641052246 1500
0.2934579849243164 1500
0.29473114013671875 1500
0.29727911949157715 1500
0.30105018615722656 1500
0.30105018615722656 1500
0.30105018615722656 1500
0.30260515213012695 1500
0.3038051128387451 1500
0.30589818954467773 1500
0.3067200183868408 1500
0.3079540729522705 1500
0.3097801208496094 1500
0.31051206588745117 1500
0.3126800060272217 1500
0.31371498107910156 1500
0.31701111793518066 1500
0.31701111793518066 1500
0.3180060386657715 1500
0.31972408294677734 1500
0.3205859661102295 1500
0.3228461742401123 1500
0.32373619079589844 1500
0.3258931636810303 1500
0.3278939723968506 1500
0.32870006561279297 1500
0.3312561511993408 1500
0.3312561511993408 1500
0.33295512199401855 1500
0.33344507217407227 1500
0.335906982421875 1500
0.33698010444641113 1500
0.3388841152191162 1500
0.33971500396728516 1500
0.3418281078338623 1500
0.3426179885864258 1500
0.34343600273132324 1500
0.34577107429504395 1500
0.3467280864715576 1500
0.3501250743865967 1500
0.3501250743865967 1500
0.35159802436828613 1500
0.35277414321899414 1500
0.35683202743530273 1500
0.35683202743530273 1500
0.35683202743530273 1500
0.36019206047058105 1500
0.36019206047058105 1500
0.36167311668395996 1500
0.3626391887664795 1500
0.3646271228790283 1500
0.3654921054840088 1500
0.3679630756378174 1500
0.369251012802124 1500
0.36969614028930664 1500
0.37302303314208984 1500
0.37302303314208984 1500
0.3747720718383789 1500
0.3756890296936035 1500
0.37779998779296875 1500
0.3790709972381592 1500
0.3808012008666992 1500
0.3816821575164795 1500
0.3824801445007324 1500
0.38469505310058594 1500
0.38568806648254395 1500
0.38771915435791016 1500
0.38839101791381836 1500
0.3917391300201416 1500
0.39312005043029785 1500
0.3936190605163574 1500
0.3948040008544922 1500
0.3966381549835205 1500
0.3974790573120117 1500
0.39949798583984375 1500
0.4006330966949463 1500
0.4026219844818115 1500
0.4037041664123535 1500
0.4097871780395508 1500
0.4097871780395508 1500
0.4097871780395508 1500
0.4097871780395508 1500
0.410703182220459 1500
0.41278815269470215 1500
0.4136049747467041 1500
0.4157869815826416 1500
0.41815614700317383 1500
0.41884899139404297 1500
0.41992712020874023 1500
0.42066407203674316 1500
0.42273902893066406 1500
0.42360806465148926 1500
0.42554616928100586 1500
0.4267921447753906 1500
0.42869019508361816 1500
0.43123698234558105 1500
0.4317140579223633 1500
0.43256306648254395 1500
0.4336240291595459 1500
0.4356110095977783 1500
0.4363400936126709 1500
0.439068078994751 1500
0.4393601417541504 1500
0.441478967666626 1500
0.4426920413970947 1500
0.44477200508117676 1500
0.44537901878356934 1500
0.44797301292419434 1500
0.4486351013183594 1500
0.4494941234588623 1500
0.45290303230285645 1500
0.45290303230285645 1500
0.4545891284942627 1500
0.45558714866638184 1500
0.45791101455688477 1500
0.4586811065673828 1500
0.4606740474700928 1500
0.4614250659942627 1500
0.4640190601348877 1500
0.4646751880645752 1500
0.46572399139404297 1500
0.46802210807800293 1500
0.46855807304382324 1500
0.4707942008972168 1500
0.4716181755065918 1500
0.4777851104736328 1500
0.4777851104736328 1500
0.4777851104736328 1500
0.4777851104736328 1500
0.4788210391998291 1500
0.48044705390930176 1500
0.48164796829223633 1500
0.48354601860046387 1500
0.48458003997802734 1500
0.4867839813232422 1500
0.4888031482696533 1500
0.49054813385009766 1500
0.49054813385009766 1500
0.4914870262145996 1500
0.49375200271606445 1500
0.4946131706237793 1500
0.49643516540527344 1500
0.4979221820831299 1500
0.5034890174865723 1500
0.5034890174865723 1500
0.5034890174865723 1500
0.5038661956787109 1500
0.5045971870422363 1500
0.5066139698028564 1500
0.5073630809783936 1500
0.5098381042480469 1500
0.5105180740356445 1500
0.5130701065063477 1500
0.5138311386108398 1500
0.5158050060272217 1500
0.5167081356048584 1500
0.5173940658569336 1500
0.5197551250457764 1500
0.5207281112670898 1500
0.5229020118713379 1500
0.5237510204315186 1500
0.5257360935211182 1500
0.5266380310058594 1500
0.5289011001586914 1500
0.5295531749725342 1500
0.5306360721588135 1500
0.5339720249176025 1500
0.5339720249176025 1500
0.5358450412750244 1500
0.5367550849914551 1500
0.5388691425323486 1500
0.5395619869232178 1500
0.5415811538696289 1500
0.5425260066986084 1500
0.5450160503387451 1500
0.5457351207733154 1500
0.5466129779815674 1500
0.5487790107727051 1500
0.5495450496673584 1500
0.5519020557403564 1500
0.5526800155639648 1500
0.5558631420135498 1500
0.5558631420135498 1500
0.5567350387573242 1500
0.5586860179901123 1500
0.5596590042114258 1500
0.5617251396179199 1500
0.5624439716339111 1500
0.564877986907959 1500
0.5670981407165527 1500
0.5675411224365234 1500
0.5685131549835205 1500
0.5696220397949219 1500
0.5717551708221436 1500
0.572667121887207 1500
0.5747871398925781 1500
0.5756020545959473 1500
0.5826940536499023 1500
0.5826940536499023 1500
0.5826940536499023 1500
0.5826940536499023 1500
0.5838069915771484 1500
0.5844039916992188 1500
0.5880050659179688 1500
0.5880050659179688 1500
0.5889911651611328 1500
0.5909030437469482 1500
0.5915100574493408 1500
0.5940651893615723 1500
0.5946741104125977 1500
0.5980491638183594 1500
0.5980491638183594 1500
0.5997719764709473 1500
0.6007270812988281 1500
0.6017401218414307 1500
0.6036760807037354 1500
0.6047680377960205 1500
0.6066391468048096 1500
0.6089920997619629 1500
0.6097171306610107 1500
0.6106860637664795 1500
0.6128649711608887 1500
0.6134440898895264 1500
0.6146841049194336 1500
0.616793155670166 1500
0.6174910068511963 1500
0.6197609901428223 1500
0.6208570003509521 1500
0.6227560043334961 1500
0.62359619140625 1500
0.6257510185241699 1500
0.6265971660614014 1500
0.6274800300598145 1500
0.6300780773162842 1500
0.6307570934295654 1500
0.6328210830688477 1500
0.633385181427002 1500
0.6387181282043457 1500
0.6387181282043457 1500
0.6424341201782227 1500
0.6424341201782227 1500
0.6424341201782227 1500
0.6428601741790771 1500
0.6434299945831299 1500
0.6470441818237305 1500
0.6470441818237305 1500
0.6495881080627441 1500
0.6495881080627441 1500
0.6521131992340088 1500
0.6524941921234131 1500
0.6536991596221924 1500
0.6557180881500244 1500
0.6565661430358887 1500
0.6590759754180908 1500
0.6593410968780518 1500
0.6617200374603271 1500
0.6626310348510742 1500
0.6647191047668457 1356
0.6655499935150146 1500
0.6666991710662842 1500
0.6688539981842041 1500
0.6699740886688232 1500
0.6721041202545166 1500
0.6726870536804199 1500
0.674685001373291 1500
0.6755030155181885 1500
0.6767761707305908 1500
0.6787459850311279 1500
0.679434061050415 1500
0.6818561553955078 1500
0.6824860572814941 1500
0.6846201419830322 1500
0.6855320930480957 1500
0.6885080337524414 1500
0.6889960765838623 1500
0.6908149719238281 1500
0.6917150020599365 1500
0.692946195602417 1500
0.6946351528167725 1500
0.6957499980926514 1500
0.6979680061340332 1500
0.6986231803894043 1500
0.7022311687469482 1500
0.7022311687469482 1500
0.7029550075531006 1500
0.7047910690307617 1500
0.7053840160369873 1500
0.7075691223144531 1500
0.7085041999816895 1500
0.7107560634613037 1500
0.7113780975341797 1500
0.7138509750366211 1500
0.7144591808319092 1500
0.7157790660858154 1500
0.7179181575775146 1500
0.7185111045837402 1500
0.7205841541290283 184
0.7208011150360107 1500
0.7214419841766357 1500
0.7236621379852295 1500
0.7247111797332764 1500
0.7268071174621582 1500
0.7274870872497559 1500
0.729741096496582 1500
0.7303781509399414 1500
0.733788013458252 1500
0.7338590621948242 1500
0.7343850135803223 1500
0.7368190288543701 1500
0.737558126449585 1500
0.7398350238800049 1500
0.7402801513671875 1500
0.742995023727417 1500
0.7434229850769043 1500
0.7458009719848633 1500
0.7465550899505615 1500
0.7479920387268066 1500
0.7497680187225342 1500
0.750615119934082 1500
0.752838134765625 1500
0.7534830570220947 1500
0.7556941509246826 1500
0.7565200328826904 1500
0.7589230537414551 1500
0.7595369815826416 1500
0.7608771324157715 1500
0.762782096862793 1500
0.7648711204528809 1500
0.7655911445617676 1500
0.7665090560913086 1500
0.7699260711669922 1500
0.7699260711669922 1500
0.771632194519043 1500
0.7726600170135498 1500
0.7748119831085205 1500
0.7757179737091064 1500
0.7788071632385254 1500
0.7788071632385254 1500
0.7795860767364502 1500
0.7818551063537598 1500
0.7824711799621582 1500
0.7848119735717773 1500
0.7855629920959473 1500
0.7880899906158447 1500
0.7883791923522949 1500
0.7906501293182373 1500
0.7914910316467285 1500
0.7928600311279297 1500
0.79475998878479 1500
0.7955000400543213 1500
0.7980880737304688 1500
0.7984490394592285 1500
0.8007750511169434 1500
0.8013041019439697 1500
0.8038029670715332 1500
0.8044440746307373 1500
0.8070840835571289 1500
0.8075461387634277 1500
0.8086700439453125 1500
0.8106281757354736 1500
0.8117029666900635 1500
0.8135311603546143 1500
0.8146481513977051 1500
0.8164231777191162 1500
0.81803297996521 1500
0.8187670707702637 1500
0.8207039833068848 1500
0.8214750289916992 1500
0.8234031200408936 1500
0.8247010707855225 1500
0.828092098236084 1500
0.828092098236084 1500
0.8296201229095459 1500
0.830726146697998 1500
0.831942081451416 1500
0.8336870670318604 1500
0.8343961238861084 1500
0.8366451263427734 1500
0.8379950523376465 1500
0.8396620750427246 1500
0.8403291702270508 1500
0.8425760269165039 1500
0.8435111045837402 1500
0.8449380397796631 1500
0.8467090129852295 1500
0.8473300933837891 1500
0.8495001792907715 1500
0.8503971099853516 1500
0.8537940979003906 1500
0.8537940979003906 1500
0.8556501865386963 1500
0.8562800884246826 1500
0.8579390048980713 1500
0.8595809936523438 1500
0.8607120513916016 1500
0.8639869689941406 1500
0.8640689849853516 1500
0.8656890392303467 1500
0.8665180206298828 1500
0.8687121868133545 1500
0.8693661689758301 1500
0.8727211952209473 1500
0.8735291957855225 1500
0.8748221397399902 1500
0.8757851123809814 1500
0.8767130374908447 1500
0.8788399696350098 1500
0.8794140815734863 1500
0.8818540573120117 1500
0.8825180530548096 1500
0.8846220970153809 1500
0.8858880996704102 1500
0.8867189884185791 1500
0.888916015625 1500
0.8896851539611816 1500
0.8918371200561523 1500
0.8925461769104004 1500
0.8950090408325195 1500
0.8957281112670898 1500
0.8967161178588867 1500
0.898820161819458 1500
0.899360179901123 1500
0.9017841815948486 1500
0.9026291370391846 1500
0.9060790538787842 1500
0.9060790538787842 1500
0.907433032989502 1500
0.9088151454925537 1500
0.9097599983215332 1500
0.911452054977417 1500
0.9127511978149414 1500
0.916172981262207 1500
0.916172981262207 1500
0.9180271625518799 1500
0.9184951782226562 1500
0.9207730293273926 1500
0.9215421676635742 1500
0.9226870536804199 1500
0.924645185470581 1500
0.9259209632873535 1500
0.9276900291442871 1500
0.9283401966094971 1500
0.9307081699371338 1500
0.9316051006317139 1500
0.9336459636688232 1500
0.9345071315765381 1500
0.9356930255889893 1500
0.9377579689025879 1500
0.9385621547698975 1500
0.9407260417938232 1500
0.9415411949157715 1500
0.9441189765930176 1500
0.9446320533752441 1500
0.9467370510101318 1500
0.9479410648345947 1500
0.9483940601348877 1500
0.9509491920471191 1500
0.951483964920044 1500
0.953801155090332 1500
0.9545400142669678 1500
0.9567360877990723 1500
0.957409143447876 1500
0.9597320556640625 1500
0.960345983505249 1500
0.9628510475158691 1500
0.9634091854095459 1500
0.9646651744842529 1500
0.9667510986328125 1500
0.9673070907592773 1500
0.969506025314331 1500
0.9708681106567383 1500
0.9729039669036865 1500
0.9733309745788574 1500
0.9754071235656738 1500
0.9763021469116211 1500
0.9793851375579834 1500
0.9793851375579834 1500
0.9803750514984131 1500
0.9826881885528564 1500
0.9835619926452637 1500
0.9857261180877686 1500
0.9866211414337158 1500
0.9887239933013916 1500
0.9896640777587891 1500
0.991832971572876 1500
0.9927151203155518 1500
0.9935750961303711 1500
0.9957220554351807 1500
0.9962801933288574 1500
0.9986860752105713 1500
0.9994959831237793 1500
1.0030951499938965 1500
1.0030951499938965 1500
1.0046720504760742 1500
1.0053529739379883 1500
1.0066640377044678 1500
1.0085101127624512 1500
1.009674072265625 1500
1.0126490592956543 1500
