1050040
0.0 1500
0.0017399787902832031 1500
0.003092050552368164 1500
0.004878997802734375 1500
0.005861997604370117 1500
0.007941007614135742 1500
0.008723974227905273 1500
0.010886907577514648 1500
0.011853933334350586 1500
0.01273488998413086 1500
0.01622796058654785 1500
0.01622796058654785 1500
0.018238067626953125 1500
0.01913309097290039 1500
0.020969867706298828 1500
0.021863937377929688 1500
0.024101972579956055 1500
0.024682998657226562 1500
0.026000022888183594 1500
0.02796006202697754 1500
0.029114961624145508 1500
0.0311129093170166 1500
0.03187990188598633 1500
0.03381991386413574 1500
0.03477287292480469 1500
0.0368189811706543 1500
0.03781700134277344 1500
0.038949012756347656 1500
0.04088187217712402 1500
0.04181194305419922 1500
0.04416990280151367 1500
0.045903921127319336 1500
0.04697990417480469 1500
0.048783063888549805 1500
0.04981708526611328 1500
0.05192995071411133 1500
0.05291008949279785 1500
0.05395793914794922 1500
0.056086063385009766 1500
0.05683088302612305 1500
0.0588679313659668 1500
0.05979299545288086 1500
0.06180906295776367 1500
0.0627138614654541 1500
0.06395792961120605 1500
0.06599903106689453 1500
0.0669710636138916 1500
0.06885695457458496 1500
0.06996798515319824 1500
0.07178997993469238 1500
0.07312893867492676 1500
0.07514405250549316 1500
0.0756840705871582 1500
0.0770270824432373 1500
0.07924699783325195 1500
0.0800020694732666 1500
0.08229303359985352 1500
0.08275890350341797 1500
0.08507204055786133 1500
0.08584308624267578 1500
0.08961606025695801 1500
0.08961606025695801 1500
0.08973908424377441 1500
0.09215807914733887 1500
0.09280204772949219 1500
0.0948629379272461 1500
0.09604191780090332 1500
0.09817790985107422 1500
0.09881091117858887 1500
0.1011199951171875 1500
0.10169601440429688 1500
0.10313606262207031 1500
0.10480690002441406 1500
0.10572004318237305 1500
0.10823202133178711 1500
0.10872697830200195 1500
0.11133289337158203 1500
0.11168289184570312 1500
0.11398005485534668 1500
0.1148688793182373 1500
0.11592793464660645 1500
0.11783194541931152 1500
0.11913108825683594 1500
0.12122392654418945 1500
0.1218099594116211 1500
0.12567400932312012 1500
0.12567400932312012 1500
0.1267719268798828 1500
0.1278369426727295 1500
0.1288740634918213 1500
0.13098502159118652 1500
0.1328110694885254 1500
0.13376092910766602 1500
0.13682794570922852 1500
0.13682794570922852 1500
0.13771891593933105 1500
0.14024686813354492 1500
0.14114594459533691 1500
0.143233060836792 1500
0.1437540054321289 1500
0.14590191841125488 1500
0.1467280387878418 1500
0.14893698692321777 1500
0.1499769687652588 1500
0.1509110927581787 1500
0.15285897254943848 1500
0.15419888496398926 1500
0.15591692924499512 1500
0.15674209594726562 1500
0.1590440273284912 1500
0.15979790687561035 1500
0.16187691688537598 1500
0.16388893127441406 1500
0.16388893127441406 1500
0.1661698818206787 1500
0.16674089431762695 1500
0.1690349578857422 1500
0.16992807388305664 1500
0.17450499534606934 1500
0.17450499534606934 1500
0.17543292045593262 1500
0.17573308944702148 1500
0.17799901962280273 1500
0.17885398864746094 1500
0.18008804321289062 1500
0.18204188346862793 1500
0.18290185928344727 1500
0.18500709533691406 1500
0.18582606315612793 1500
0.18794989585876465 1500
0.1888139247894287 1500
0.1897420883178711 1500
0.191910982131958 1500
0.19294190406799316 1500
0.19503092765808105 1500
0.19588899612426758 1500
0.1980118751525879 1500
0.19872403144836426 1500
0.20105791091918945 1500
0.20185399055480957 1500
0.20313405990600586 1500
0.2049400806427002 1500
0.20629191398620605 1500
0.2078108787536621 1500
0.20900893211364746 1500
0.21110200881958008 1500
0.21195387840270996 1500
0.21405887603759766 1500
0.2148590087890625 1500
0.21589088439941406 1500
0.2192840576171875 1500
0.2192840576171875 1500
0.22118806838989258 1500
0.22188496589660645 1500
0.22414493560791016 1500
0.2248990535736084 1500
0.22709298133850098 1500
0.22790002822875977 1500
0.22905898094177246 1500
0.23180389404296875 1500
0.23180389404296875 1500
0.2340240478515625 1500
0.23479104042053223 1500
0.23685288429260254 1500
0.23785686492919922 1500
0.24028801918029785 1500
0.2408759593963623 1500
0.24185991287231445 1500
0.24502801895141602 1500
0.24502801895141602 1500
0.24722695350646973 1500
0.24797606468200684 1500
0.2501370906829834 1500
0.25132107734680176 1500
0.2532520294189453 1500
0.2538619041442871 1500
0.25520992279052734 1500
0.2584559917449951 1500
0.2584559917449951 1500
0.25986599922180176 1500
0.260998010635376 1500
0.2631819248199463 1500
0.2642219066619873 1500
0.2660079002380371 1500
0.2669680118560791 1500
0.26817989349365234 1500
0.26991796493530273 1500
0.2746920585632324 1500
0.2746920585632324 1500
0.2746920585632324 1500
0.2762579917907715 1500
0.2770678997039795 1500
0.2794349193572998 1500
0.2801039218902588 1500
0.2808690071105957 1500
0.28433990478515625 1500
0.28433990478515625 1500
0.2861359119415283 1500
0.2868480682373047 1500
0.2887890338897705 1500
0.2898409366607666 1500
0.2919180393218994 1500
0.2929508686065674 1500
0.293773889541626 1500
0.2972719669342041 1500
0.2972719669342041 1500
0.2991049289703369 1500
0.3000500202178955 1500
0.30216503143310547 1500
0.30277204513549805 1500
0.3053269386291504 1500
0.30590295791625977 1500
0.3069760799407959 1500
0.310945987701416 1500
0.310945987701416 1500
0.31286096572875977 1500
0.3140120506286621 1500
0.3151109218597412 1500
0.31715989112854004 1500
0.31818699836730957 1500
0.32016706466674805 1500
0.3210139274597168 1500
0.3231649398803711 1500
0.32381606101989746 1500
0.32627296447753906 1500
0.3270750045776367 1500
0.3282339572906494 1500
0.3299109935760498 1500
0.33099794387817383 1500
0.33324193954467773 1500
0.3352999687194824 1500
0.33606386184692383 1500
0.337399959564209 1500
0.3388669490814209 1500
0.3398280143737793 1500
0.3410639762878418 1500
0.3427999019622803 1500
0.3439340591430664 1500
0.34622788429260254 1500
0.347074031829834 1500
0.34891295433044434 1500
0.3497788906097412 1500
0.3519580364227295 1500
0.35315489768981934 1500
0.35411787033081055 1500
0.35604190826416016 1500
0.356795072555542 1500
0.35902905464172363 1500
0.3616459369659424 1500
0.3619990348815918 1500
0.362778902053833 1500
0.3648519515991211 1500
0.3657870292663574 1500
0.3669309616088867 1500
0.36885905265808105 1500
0.36977696418762207 1500
0.37189602851867676 1500
0.37427496910095215 1500
0.37480902671813965 1500
0.37607693672180176 1500
0.37790894508361816 1500
0.37898707389831543 1500
0.3797740936279297 1500
0.3820779323577881 1500
0.38278794288635254 1500
0.38486790657043457 1500
0.38578295707702637 1500
0.38797688484191895 1500
0.3887360095977783 1500
0.39101195335388184 1500
0.3919510841369629 1500
0.39297986030578613 1500
0.39499592781066895 1500
0.395859956741333 1500
0.39786696434020996 1500
0.3987700939178467 1500
0.40128207206726074 1500
0.4018709659576416 1500
0.40385890007019043 1500
0.40478086471557617 1500
0.4059610366821289 1500
0.4081230163574219 1500
0.40889906883239746 1500
0.41095399856567383 1500
0.4118170738220215 1500
0.4150409698486328 1500
0.4150850772857666 1500
0.41703295707702637 1500
0.4180259704589844 1500
0.4198780059814453 1500
0.42116689682006836 1500
0.42288994789123535 1500
0.423907995223999 1500
0.42487096786499023 1500
0.4278860092163086 1500
0.4278860092163086 1500
0.4298410415649414 1500
0.430804967880249 1500
0.43314290046691895 1500
0.43378496170043945 1500
0.43585205078125 1500
0.4370288848876953 1500
0.43796396255493164 1500
0.4402039051055908 1500
0.44208502769470215 1500
0.4428238868713379 1500
0.4438948631286621 1500
0.44579505920410156 1500
0.44679903984069824 1500
0.45136308670043945 1500
0.45418787002563477 1500
0.45771193504333496 1500
0.45914196968078613 1500
0.46138906478881836 1500
0.46283507347106934 1500
0.46642088890075684 1500
0.4682910442352295 1500
0.46912193298339844 1500
0.47081899642944336 1500
0.4718508720397949 1500
0.4728538990020752 1500
0.4751570224761963 1500
0.4762430191040039 1500
0.4782099723815918 1500
0.4798450469970703 1500
0.48084497451782227 1500
0.4821009635925293 1500
0.4840068817138672 1500
0.48511195182800293 1500
0.48703789710998535 1500
0.4882669448852539 1500
0.4900829792022705 1500
0.4909830093383789 1500
0.49391603469848633 1500
0.49391603469848633 1356
0.49506402015686035 1500
0.4969520568847656 1500
0.4978179931640625 1500
0.49991297721862793 1500
0.5008680820465088 1500
0.5031130313873291 1500
0.5041449069976807 1500
0.506072998046875 1500
0.5068368911743164 1500
0.5095160007476807 1500
0.5102219581604004 1500
0.5121550559997559 1500
0.5129408836364746 1500
0.514103889465332 1500
0.515815019607544 1500
0.5171370506286621 1500
0.5189008712768555 1500
0.5201690196990967 1500
0.5220460891723633 1500
0.5231730937957764 1500
0.5249340534210205 1500
0.5259819030761719 1500
0.526831865310669 1500
0.5290699005126953 1500
0.5299789905548096 1500
0.5320360660552979 1500
0.5333130359649658 1500
0.5365200042724609 1500
0.5365200042724609 1500
0.5415859222412109 1500
0.5415859222412109 1500
0.5415859222412109 1500
0.5420770645141602 184
0.5422189235687256 1500
0.5439529418945312 1500
0.545233964920044 1500
0.5459558963775635 1500
0.547996997833252 1500
0.5490679740905762 1500
0.5509469509124756 1500
0.5518538951873779 1500
0.5540900230407715 1500
0.5550260543823242 1500
0.5569570064544678 1500
0.5577890872955322 1500
0.5589408874511719 1500
0.5608799457550049 1500
0.5619940757751465 1500
0.5639970302581787 1500
0.5649399757385254 1500
0.5670490264892578 1500
0.5678620338439941 1500
0.5698049068450928 1500
0.5707190036773682 1500
0.572131872177124 1500
0.574152946472168 1500
0.5751090049743652 1500
0.5781400203704834 1500
0.5781400203704834 1500
0.5801420211791992 1500
0.5810329914093018 1500
0.5832340717315674 1500
0.5838789939880371 1500
0.585150957107544 1500
0.5869250297546387 1500
0.5878760814666748 1500
0.5897979736328125 1500
0.5949790477752686 1500
0.5958380699157715 1500
0.596898078918457 1500
0.5989868640899658 1500
0.6001319885253906 1500
0.6021358966827393 1500
0.6040589809417725 1500
0.6049830913543701 1500
0.6068508625030518 1500
0.6080899238586426 1500
0.6105048656463623 1500
0.6113159656524658 1500
0.6128840446472168 1500
0.6147940158843994 1500
0.6162199974060059 1500
0.6170339584350586 1500
0.6179280281066895 1500
0.6200900077819824 1500
0.6209008693695068 1500
0.6231920719146729 1500
0.6238958835601807 1500
0.6258509159088135 1500
0.6279120445251465 1500
0.6288049221038818 1500
0.630255937576294 1500
0.6308069229125977 1500
0.6328918933868408 1500
0.6341450214385986 1500
0.6358909606933594 1500
0.6368939876556396 1500
0.6404609680175781 1500
0.6404609680175781 1500
0.6421189308166504 1500
0.6430308818817139 1500
0.6444110870361328 1500
0.6460599899291992 1500
0.6467649936676025 1500
0.6488239765167236 1500
0.649925947189331 1500
0.6518008708953857 1500
0.6531929969787598 1500
0.6549499034881592 1500
0.656019926071167 1500
0.6567599773406982 1500
0.6589469909667969 1500
0.6601130962371826 1500
0.6618759632110596 1500
0.6629719734191895 1500
0.6652939319610596 1500
0.6657660007476807 1500
0.6682958602905273 1500
0.6688060760498047 1500
0.6699740886688232 1500
0.6721789836883545 1500
0.6730809211730957 1500
0.6763250827789307 1500
0.6763250827789307 1500
0.6781718730926514 1500
0.6790459156036377 1500
0.6809120178222656 1500
0.6820199489593506 1500
0.6838629245758057 1500
0.6849570274353027 1500
0.687000036239624 1500
0.6880359649658203 1500
0.6904768943786621 1500
0.6910228729248047 1500
0.69281005859375 1500
0.6939918994903564 1500
0.6948449611663818 1500
0.6968879699707031 1500
0.6979658603668213 1500
0.7003440856933594 1500
0.7009520530700684 1500
0.7029609680175781 1500
0.7040948867797852 1500
0.7060089111328125 1500
0.70676589012146 1500
0.70802903175354 1500
0.7101008892059326 1500
0.7121999263763428 1500
0.7127389907836914 1500
0.7138540744781494 1500
0.716149091720581 1500
0.71685791015625 1500
0.7188010215759277 1500
0.7204549312591553 1500
0.7207410335540771 1500
0.7229340076446533 1500
0.7238788604736328 1500
0.7272040843963623 1500
0.7272040843963623 1500
0.7291789054870605 1500
0.7297439575195312 1500
0.732213020324707 1500
0.7327640056610107 1500
0.7339658737182617 1500
0.7360460758209229 1500
0.7368559837341309 1500
0.739055871963501 1500
0.7402219772338867 1500
0.741786003112793 1500
0.7428529262542725 1500
0.7449910640716553 1500
0.7458579540252686 1500
0.7468008995056152 1500
0.749302864074707 1500
0.7499029636383057 1500
0.7518210411071777 1500
0.7532110214233398 1500
0.7548210620880127 1500
0.7558128833770752 1500
0.758030891418457 1500
0.758781909942627 1500
0.7602279186248779 1500
0.7617700099945068 1500
0.7628359794616699 1500
0.7647719383239746 1500
0.7662248611450195 1500
0.7681069374084473 1500
0.7690920829772949 1500
0.7709040641784668 1500
0.7719628810882568 1500
0.7730600833892822 1500
0.7758970260620117 1500
0.7758970260620117 1500
0.7777979373931885 1500
0.7787020206451416 1500
0.7809410095214844 1500
0.7817769050598145 1500
0.7842450141906738 1500
0.7846810817718506 1500
0.7858409881591797 1500
0.787945032119751 1500
0.7903130054473877 1500
0.7917928695678711 1500
0.7931759357452393 1500
0.7939069271087646 1500
0.7957730293273926 1500
0.797044038772583 1500
0.7990829944610596 1500
0.7999870777130127 1500
0.8019769191741943 1500
0.8027279376983643 1500
0.8051130771636963 1500
0.8056640625 1500
0.8071670532226562 1500
0.8111960887908936 1500
0.8111960887908936 1500
0.8118760585784912 1500
0.8128418922424316 1500
0.8148338794708252 1500
0.8157789707183838 1500
0.8179318904876709 1500
0.818850040435791 1500
0.8201558589935303 1500
0.8219590187072754 1500
0.822943925857544 1500
0.8254408836364746 1500
0.825706958770752 1500
0.8282408714294434 1500
0.8289749622344971 1500
0.8322529792785645 1500
0.8323400020599365 1500
0.8328828811645508 1500
0.8348720073699951 1500
0.8358609676361084 1500
0.8381459712982178 1500
0.8390769958496094 1500
0.840972900390625 1500
0.8435459136962891 1500
0.8437650203704834 1500
0.8459930419921875 1500
0.8466799259185791 1500
0.8491790294647217 1500
0.8498749732971191 1500
0.8522660732269287 1500
0.8527469635009766 1500
0.8555819988250732 1500
0.8558149337768555 1500
0.8578939437866211 1500
0.8590559959411621 1500
0.8601160049438477 1500
0.8620469570159912 1500
0.8630349636077881 1500
0.8651080131530762 1500
0.8663620948791504 1500
0.8680939674377441 1500
0.8691890239715576 1500
0.875370979309082 1500
0.875370979309082 1500
0.875370979309082 1500
0.875370979309082 1500
0.8757860660552979 1500
0.8782448768615723 1500
0.8787350654602051 1500
0.880944013595581 1500
0.8816719055175781 1500
0.884213924407959 1500
0.8847708702087402 1500
0.8880300521850586 1500
0.8880300521850586 1500
0.8887660503387451 1500
0.8909649848937988 1500
0.8916878700256348 1500
0.8938288688659668 1500
0.8947620391845703 1500
0.8969790935516357 1500
0.8976800441741943 1500
0.8999879360198975 1500
0.9007759094238281 1500
0.9017860889434814 1500
0.9038739204406738 1500
0.9047129154205322 1500
0.9068489074707031 1500
0.9077279567718506 1500
0.9110009670257568 1500
0.9110009670257568 1500
0.91302490234375 1500
0.9136970043182373 1500
0.9148249626159668 1500
0.9167110919952393 1500
0.9178509712219238 1500
0.9200549125671387 1500
0.9208800792694092 1500
0.9226629734039307 1500
0.9242560863494873 1500
0.9257779121398926 1500
0.9268538951873779 1500
0.9277279376983643 1500
0.9300949573516846 1500
0.9306719303131104 1500
0.9342799186706543 1500
0.9342799186706543 1500
0.9357950687408447 1500
0.9367609024047852 1500
0.9389140605926514 1500
0.9401669502258301 1500
0.9408679008483887 1500
0.9429938793182373 1500
0.9452540874481201 1500
0.9459660053253174 1500
0.9468309879302979 1500
0.9488160610198975 1500
0.9500260353088379 1500
0.9517779350280762 1500
0.9528019428253174 1500
0.9588639736175537 1500
0.9588639736175537 1500
0.9588639736175537 1500
0.9588639736175537 1500
0.9602248668670654 1500
0.9621760845184326 1500
0.9628419876098633 1500
0.964824914932251 1500
0.9658370018005371 1500
0.9668779373168945 1500
0.9701519012451172 1500
0.9701519012451172 1500
0.9720160961151123 1500
0.9729099273681641 1500
0.9750509262084961 1500
0.9758079051971436 1500
0.9781050682067871 1500
0.9788398742675781 1500
0.9798619747161865 1500
0.9818229675292969 1500
0.982867956161499 1500
0.9849369525909424 1500
0.9857079982757568 1500
0.9881319999694824 1500
0.9887678623199463 1500
0.9910759925842285 1500
0.9916720390319824 1500
0.9928319454193115 1500
0.9958140850067139 1500
0.9958140850067139 1500
0.9978229999542236 1500
0.9989728927612305 1500
1.0008749961853027 1500
1.0017778873443604 1500
1.0039019584655762 1500
1.0047919750213623 1500
1.0057299137115479 1500
1.0089709758758545 1500
1.0089709758758545 1500
1.0111100673675537 1500
1.011681079864502 1500
1.0142619609832764 1500
1.0147559642791748 1500
1.017176866531372 1500
1.0176689624786377 1500
1.0188379287719727 1500
1.0212578773498535 1500
1.021791934967041 1500
1.0240910053253174 1500
1.0246970653533936 1500
1.0269579887390137 1500
1.0277740955352783 1500
