1048580
0.0 1500
0.0018901824951171875 1500
0.0034880638122558594 1500
0.004942178726196289 1500
0.00697016716003418 1500
0.00770115852355957 1356
0.009958028793334961 1500
0.011018991470336914 1500
0.015527963638305664 184
0.015527963638305664 1500
0.01575303077697754 1500
0.025788068771362305 1500
0.02785515785217285 1500
0.09260416030883789 1500
0.09270215034484863 1500
0.09357500076293945 1500
0.09505009651184082 1500
0.09691715240478516 1500
0.09767413139343262 1500
0.10091400146484375 1500
0.1016850471496582 1500
0.10387110710144043 1500
0.10470795631408691 1500
0.10592103004455566 1500
0.10780906677246094 1500
0.10986018180847168 1500
0.11071014404296875 1500
0.11266303062438965 1500
0.11383414268493652 1500
0.11589407920837402 1500
0.1176149845123291 1500
0.1188650131225586 1500
0.12009906768798828 1500
0.12162208557128906 1500
0.12366008758544922 1500
0.12586116790771484 1500
0.12681317329406738 1500
0.12868809700012207 1500
0.12889695167541504 1500
0.13074398040771484 1500
0.1319119930267334 1500
0.13425898551940918 1500
0.13549494743347168 1500
0.13785004615783691 1500
0.138808012008667 1500
0.140822172164917 1500
0.14166903495788574 1500
0.14388608932495117 1500
0.14499402046203613 1500
0.14687299728393555 1500
0.1477510929107666 1500
0.14965200424194336 1500
0.15082716941833496 1500
0.15271306037902832 1500
0.15382814407348633 1500
0.15578007698059082 1500
0.15807414054870605 1500
0.15873503684997559 1500
0.1596391201019287 1500
0.16192317008972168 1500
0.16291594505310059 1500
0.1648721694946289 1500
0.16580700874328613 1500
0.16774415969848633 1500
0.1686539649963379 1500
0.16980504989624023 1500
0.1715259552001953 1500
0.17281794548034668 1500
0.17451810836791992 1500
0.17592906951904297 1500
0.1778709888458252 1500
0.17885208129882812 1500
0.18117594718933105 1500
0.18192601203918457 1500
0.1826190948486328 1500
0.18482303619384766 1500
0.18555903434753418 1500
0.18795514106750488 1500
0.18943214416503906 1500
0.19087600708007812 1500
0.1921091079711914 1500
0.19385910034179688 1500
0.19464516639709473 1500
0.19660305976867676 1500
0.1976940631866455 1500
0.19989514350891113 1500
0.20095300674438477 1500
0.20201802253723145 1500
0.20465302467346191 1500
0.20592212677001953 1500
0.20679116249084473 1500
0.20876407623291016 1500
0.2106471061706543 1500
0.2116539478302002 1500
0.21382617950439453 1500
0.21476411819458008 1500
0.2166740894317627 1500
0.21800994873046875 1500
0.21953797340393066 1500
0.22088003158569336 1500
0.22176814079284668 1500
0.2248239517211914 1500
0.22657203674316406 1500
0.22800517082214355 1500
0.22965598106384277 1500
0.23079395294189453 1500
0.23260807991027832 1500
0.23380208015441895 1500
0.23564600944519043 1500
0.23676300048828125 1500
0.23799610137939453 1500
0.2399289608001709 1500
0.24154996871948242 1500
0.24377107620239258 1500
0.24567508697509766 1500
0.24750304222106934 1500
0.24892306327819824 1500
0.2505919933319092 1500
0.25282907485961914 1500
0.2557511329650879 1500
0.25792407989501953 1500
0.2594881057739258 1500
0.2608790397644043 1500
0.2625870704650879 1500
0.2638990879058838 1500
0.26604413986206055 1500
0.2672591209411621 1500
0.2685561180114746 1500
0.2697920799255371 1500
0.27175402641296387 1500
0.27309513092041016 1500
0.27477598190307617 1500
0.2769761085510254 1500
0.27856898307800293 1500
0.2796640396118164 1500
0.28157806396484375 1500
0.28380703926086426 1500
0.2857050895690918 1500
0.2875220775604248 1500
0.2887589931488037 1500
0.290910005569458 1500
0.2918839454650879 1500
0.2937750816345215 1500
0.2949409484863281 1500
0.29683399200439453 1500
0.2985501289367676 1500
0.29971909523010254 1500
0.30173516273498535 1500
0.30298805236816406 1500
0.3046231269836426 1500
0.30593299865722656 1500
0.30753016471862793 1500
0.30874013900756836 1500
0.3098909854888916 1500
0.3115849494934082 1500
0.31258606910705566 1500
0.3136169910430908 1500
0.31574511528015137 1500
0.31650805473327637 1500
0.31783413887023926 1500
0.3199441432952881 1500
0.3210000991821289 1500
0.3226439952850342 1500
0.32396602630615234 1500
0.3257181644439697 1500
0.32682108879089355 1500
0.3279759883880615 1500
0.32970595359802246 1500
0.33075594902038574 1500
0.33316898345947266 1500
0.3339731693267822 1500
0.3357560634613037 1500
0.33697009086608887 1500
0.33870911598205566 1500
0.3398110866546631 1500
0.3417220115661621 1500
0.3428671360015869 1500
0.349437952041626 1500
0.349437952041626 1500
0.349437952041626 1500
0.349437952041626 1500
0.349682092666626 1500
0.35185909271240234 1500
0.35274505615234375 1500
0.3540489673614502 1500
0.35518717765808105 1500
0.35695815086364746 1500
0.358112096786499 1500
0.3595290184020996 1500
0.3608400821685791 1500
0.3626060485839844 1500
0.39321303367614746 1500
0.3947300910949707 1500
0.3958921432495117 1500
0.3967020511627197 1500
0.39878106117248535 1500
0.39968299865722656 1500
0.4280099868774414 1500
0.4338850975036621 1500
0.4551351070404053 1500
0.45887303352355957 1500
0.48688197135925293 1500
0.4886960983276367 1500
0.49383115768432617 1500
0.494858980178833 1500
0.49672412872314453 1500
0.4986710548400879 1500
0.49985218048095703 1500
0.5019919872283936 1500
0.5035400390625 1500
0.5060629844665527 1500
0.5068931579589844 1500
0.5091259479522705 1500
0.5097930431365967 1500
0.5107359886169434 1500
0.512686014175415 1500
0.513970136642456 1500
0.5157210826873779 1500
0.5168139934539795 1500
0.5187549591064453 1500
0.5200021266937256 1500
0.521712064743042 1500
0.5235440731048584 1500
0.5255229473114014 1500
0.5321791172027588 1500
0.5321791172027588 1500
0.5321791172027588 1500
0.5321791172027588 1500
0.5328969955444336 1500
0.5344901084899902 1500
0.535789966583252 1500
0.5379860401153564 1500
0.538830041885376 1500
0.5405449867248535 1500
0.5419421195983887 1500
0.5437281131744385 1500
0.5450940132141113 1500
0.546550989151001 1500
0.5479979515075684 1500
0.5495591163635254 1500
0.5507421493530273 1500
0.5527000427246094 1500
0.5539300441741943 1500
0.5549609661102295 1500
0.5568640232086182 1500
0.5575671195983887 1500
0.5600409507751465 1500
0.5607659816741943 1500
0.5618700981140137 1500
0.5634729862213135 1500
0.5648701190948486 1500
0.5666561126708984 1500
0.5676851272583008 1500
0.5689289569854736 1500
0.5697519779205322 1500
0.5715539455413818 1500
0.5730149745941162 1500
0.5740041732788086 1500
0.5759310722351074 1500
0.5775649547576904 1500
0.578559160232544 1500
0.5807340145111084 1500
0.5820879936218262 1500
0.5838420391082764 1500
0.5859370231628418 1500
0.5876410007476807 1500
0.588590145111084 1500
0.590662956237793 1500
0.5928289890289307 1500
0.5937271118164062 1500
0.595954179763794 1500
0.5975899696350098 1500
0.5989511013031006 1500
0.6009261608123779 1500
0.6016061305999756 1500
0.604727029800415 1500
0.605659008026123 1500
0.6066319942474365 1500
0.6086220741271973 1500
0.6095290184020996 1500
0.6108701229095459 1500
0.6126611232757568 1500
0.614253044128418 1500
0.615015983581543 1500
0.6157891750335693 1500
0.617678165435791 1500
0.6188280582427979 1500
0.620711088180542 1500
0.6216080188751221 1500
0.6229000091552734 1500
0.623974084854126 1500
0.6256129741668701 1500
0.6267919540405273 1500
0.627701997756958 1500
0.6298141479492188 1500
0.6358680725097656 1500
0.6358680725097656 1500
0.6358680725097656 1500
0.6358680725097656 1500
0.6358680725097656 1500
0.6370301246643066 1500
0.6391780376434326 1500
0.6401059627532959 1500
0.6421051025390625 1500
0.6429769992828369 1500
0.6449980735778809 1500
0.6461880207061768 1500
0.6469311714172363 1500
0.64786696434021 1500
0.649724006652832 1500
0.6509599685668945 1500
0.654587984085083 1500
0.654587984085083 1500
0.6556651592254639 1500
0.656883955001831 1500
0.6579561233520508 1500
0.6596150398254395 1500
0.6606590747833252 1500
0.6626510620117188 1500
0.6642360687255859 1500
0.6656630039215088 1500
0.6666700839996338 1500
0.6678280830383301 1500
0.6694080829620361 1500
0.670950174331665 1500
0.6720371246337891 1500
0.6737520694732666 1500
0.6745460033416748 1500
0.6768920421600342 1500
0.6776461601257324 1500
0.6796200275421143 1500
0.6805419921875 1500
0.6816871166229248 1500
0.6885931491851807 1500
0.6885931491851807 1500
0.6885931491851807 1500
0.6887211799621582 1500
0.6906599998474121 1500
0.6918940544128418 1500
0.6929609775543213 1500
0.6945610046386719 1500
0.6956710815429688 1500
0.6966030597686768 1500
0.6980381011962891 1500
0.6998050212860107 1500
0.7006239891052246 1500
0.7018539905548096 1500
0.7038230895996094 1500
0.7049450874328613 1500
0.7057151794433594 1500
0.7066731452941895 1500
0.707604169845581 1500
0.7090990543365479 1500
0.7104830741882324 1500
0.7116410732269287 1500
0.7136211395263672 1500
0.7149131298065186 1500
0.7156250476837158 1500
0.7169680595397949 1500
0.718440055847168 1500
0.7196831703186035 1500
0.7209241390228271 1500
0.7228989601135254 1500
0.7237281799316406 1500
0.7246241569519043 1500
0.7258100509643555 1500
0.726621150970459 1500
0.7281169891357422 1500
0.7296299934387207 1500
0.7305271625518799 1500
0.7330200672149658 1500
0.733659029006958 1500
0.7357661724090576 1500
0.7367119789123535 1500
0.738612174987793 1500
0.739422082901001 1500
0.740833044052124 1500
0.7428631782531738 1500
0.7448489665985107 1500
0.7459280490875244 1500
0.7475311756134033 1500
0.7485501766204834 1500
0.7497811317443848 1500
0.7517111301422119 1500
0.7526571750640869 1500
0.7546191215515137 1500
0.7556190490722656 1500
0.7577240467071533 1500
0.7586390972137451 1500
0.7607970237731934 1500
0.761707067489624 1500
0.7627391815185547 1500
0.7646269798278809 1500
0.7668869495391846 1500
0.7678320407867432 1500
0.769585132598877 1500
0.7705271244049072 1500
0.7727041244506836 1500
0.7739181518554688 1500
0.7759439945220947 1500
0.7775380611419678 1500
0.7787590026855469 1500
0.779710054397583 1500
0.7816550731658936 1500
0.782628059387207 1500
0.7845821380615234 1500
0.7858631610870361 1500
0.7869729995727539 1500
0.7884869575500488 1500
0.7899050712585449 1500
0.7916450500488281 1500
0.7968330383300781 1500
0.7986280918121338 1500
0.8098931312561035 1500
0.8117899894714355 1356
0.818061113357544 1500
0.820094108581543 1500
0.8327841758728027 1500
0.8359251022338867 1500
0.8499159812927246 1500
0.8516840934753418 1500
0.8647751808166504 1500
0.8659720420837402 1500
0.8736600875854492 1500
0.875007152557373 1500
0.8769640922546387 1500
0.8784739971160889 1500
0.8807210922241211 1500
0.8815221786499023 1500
0.8835330009460449 1500
0.8849620819091797 1500
0.8864800930023193 1500
0.887706995010376 1500
0.8898179531097412 1500
0.8917479515075684 1500
0.893557071685791 1500
0.8948700428009033 1500
0.8965981006622314 1500
0.897956132888794 1500
0.8994810581207275 1500
0.9008259773254395 1500
0.9015860557556152 1500
0.9035670757293701 1500
0.9055459499359131 1500
0.9066240787506104 1500
0.9079010486602783 1500
0.9098379611968994 1500
0.9112951755523682 1500
0.9116311073303223 1500
0.9124431610107422 184
0.9136049747467041 1500
0.9147911071777344 1500
0.9161500930786133 1500
0.91658616065979 1500
0.918442964553833 1500
0.9196431636810303 1500
0.9207689762115479 1500
0.9226009845733643 1500
0.9237861633300781 1500
0.924558162689209 1500
0.9268641471862793 1500
0.9278631210327148 1500
0.933804988861084 1500
0.933804988861084 1500
0.933804988861084 1500
0.934514045715332 1500
0.9354841709136963 1500
0.9364449977874756 1500
0.9380030632019043 1500
0.9389841556549072 1500
0.9406521320343018 1500
0.9419550895690918 1500
0.9429521560668945 1500
0.9445321559906006 1500
0.9459190368652344 1500
0.9468231201171875 1500
0.9487309455871582 1500
0.9498331546783447 1500
0.9515600204467773 1500
0.9527239799499512 1500
0.9536941051483154 1500
0.9546501636505127 1500
0.9566030502319336 1500
0.957813024520874 1500
0.958899974822998 1500
0.960935115814209 1500
0.9618830680847168 1500
0.963623046875 1500
0.9657261371612549 1500
0.9667611122131348 1500
0.9679460525512695 1500
0.9696640968322754 1500
0.9709560871124268 1500
0.971973180770874 1500
0.973891019821167 1500
0.9745380878448486 1500
0.9817850589752197 1500
0.9817850589752197 1500
0.9817850589752197 1500
0.9817850589752197 1500
0.9817850589752197 1500
0.9830729961395264 1500
0.9848949909210205 1500
0.9857521057128906 1500
0.9868431091308594 1500
0.9887950420379639 1500
0.9895839691162109 1500
0.9909250736236572 1500
0.9924430847167969 1500
0.9938750267028809 1500
0.9949381351470947 1500
0.9955670833587646 1500
0.9976530075073242 1500
0.9985980987548828 1500
0.9999489784240723 1500
1.001594066619873 1500
1.002777099609375 1500
1.0038120746612549 1500
1.0057549476623535 1500
1.0067601203918457 1500
1.008613109588623 1500
1.0096960067749023 1500
1.0130431652069092 1500
1.0130431652069092 1500
1.0155739784240723 1500
1.0156610012054443 1500
1.0169379711151123 1500
1.0186059474945068 1500
1.0196340084075928 1500
1.0209109783172607 1500
1.0220229625701904 1500
1.0238351821899414 1500
1.0246381759643555 1500
1.0266239643096924 1500
1.027590036392212 1500
1.028536081314087 1500
1.0299651622772217 1500
1.0316510200500488 1500
1.0325651168823242 1500
1.0345180034637451 1500
1.035642147064209 1500
1.0366160869598389 1500
1.038870096206665 1500
1.0397889614105225 1500
1.0420069694519043 1500
1.042668104171753 1500
1.0447850227355957 1500
1.0455691814422607 1500
1.04780912399292 1500
1.0486769676208496 1500
1.0499870777130127 1500
1.0518980026245117 1500
1.0526890754699707 1500
1.0549490451812744 1500
1.0565381050109863 1500
1.0577399730682373 1500
1.0588011741638184 1500
1.060642957687378 1500
1.0618290901184082 1500
1.0628950595855713 1500
1.0648200511932373 1500
1.065582036972046 1500
1.0679850578308105 1500
1.0696821212768555 1500
1.070608139038086 1500
1.0716521739959717 1500
1.0738351345062256 1500
1.0743870735168457 1500
1.0758280754089355 1500
1.07778000831604 1500
1.0790860652923584 1500
1.0809340476989746 1500
1.0815701484680176 1500
1.083759069442749 1500
1.0857231616973877 1500
1.0875730514526367 1500
1.0886609554290771 1500
1.089566946029663 1500
1.0919971466064453 1500
1.0928499698638916 1500
1.0939691066741943 1500
1.0955910682678223 1500
1.0968880653381348 1500
1.097762107849121 1500
1.0997610092163086 1500
1.1005301475524902 1500
1.1017179489135742 1500
1.1036500930786133 1500
1.1047790050506592 1500
1.1068861484527588 1500
1.1077561378479004 1500
1.10978102684021 1500
1.1118659973144531 1500
1.1138651371002197 1500
1.1400671005249023 1500
1.1416020393371582 1500
1.150895118713379 1500
1.152630090713501 1500
1.153933048248291 1500
1.1559009552001953 1500
1.157768964767456 1500
1.1587121486663818 1500
1.1595420837402344 1500
1.1618120670318604 1500
1.164463996887207 1500
1.165822982788086 1500
1.1677989959716797 1500
1.1698851585388184 1500
1.171079158782959 1500
1.1726269721984863 1500
1.175065040588379 1500
1.1765050888061523 1500
1.1810009479522705 1500
1.1810009479522705 1500
1.1810009479522705 1500
1.1871509552001953 1500
1.1871509552001953 1500
1.1871509552001953 1500
1.1871509552001953 1500
1.1891670227050781 1500
1.1900451183319092 1500
1.191702127456665 1500
1.1928579807281494 1500
1.1949200630187988 1500
1.196580171585083 1500
1.1979401111602783 1500
1.1989331245422363 1500
1.200571060180664 1500
1.201923131942749 1500
1.202707052230835 1500
1.2045550346374512 1500
1.2058370113372803 1500
1.2067999839782715 1500
1.208909034729004 1500
1.209630012512207 1500
1.2124521732330322 1500
1.2142550945281982 1500
1.214583158493042 1500
1.2170240879058838 1500
1.2180051803588867 1500
1.2205979824066162 1500
1.2216410636901855 1500
1.2237529754638672 1500
1.224919080734253 1500
1.2267279624938965 1500
1.2279911041259766 1500
1.2299489974975586 1500
1.2308921813964844 1500
1.2350611686706543 1500
1.2367889881134033 1500
1.2437889575958252 1500
1.2457549571990967 1500
1.2510130405426025 1500
1.2528080940246582 1500
1.2538230419158936 1500
1.2557120323181152 1500
1.2568960189819336 1500
1.2589490413665771 1500
1.2618579864501953 1500
1.2669501304626465 1500
1.2710621356964111 1500
1.2718360424041748 1500
1.2768981456756592 1500
1.278918981552124 1500
1.2799351215362549 1500
1.281857967376709 1500
1.2835931777954102 1500
1.285465955734253 1500
1.2874760627746582 1500
1.2887871265411377 1500
1.290938138961792 1500
1.2925009727478027 1500
1.2947759628295898 1500
1.2964789867401123 1500
1.2980360984802246 1500
1.2999050617218018 1500
1.301509141921997 1500
1.303164005279541 1500
1.3046951293945312 1500
1.306753158569336 1500
1.3085830211639404 1500
1.311833143234253 1500
1.3147461414337158 1500
1.319525957107544 1500
1.3229091167449951 1500
1.3265161514282227 1500
1.328484058380127 1500
1.3309030532836914 1500
1.333815097808838 1500
1.336625099182129 1500
1.3387930393218994 1500
1.339461088180542 1500
1.341567039489746 1500
1.3428959846496582 1500
1.3445589542388916 1500
1.3465321063995361 1500
1.3488600254058838 1500
1.349593162536621 1500
1.351966142654419 1500
1.3535120487213135 1500
1.3556280136108398 1500
