1049280
0.0 1093
0.0019040107727050781 1093
0.00232696533203125 1093
0.00232696533203125 1093
0.00232696533203125 1093
0.0026750564575195312 1093
0.0031578540802001953 1093
0.003840923309326172 1093
0.004220008850097656 1093
0.004220008850097656 1093
0.006075859069824219 1093
0.006075859069824219 1093
0.006075859069824219 1093
0.0061740875244140625 1093
0.008655071258544922 1093
0.008991003036499023 1093
0.008991003036499023 1093
0.008991003036499023 1093
0.008991003036499023 1093
0.00937199592590332 1093
0.00937199592590332 1093
0.014095067977905273 1093
0.014095067977905273 1093
0.014095067977905273 1093
0.014596939086914062 1093
0.014596939086914062 1093
0.014596939086914062 1093
0.014757871627807617 1093
0.014757871627807617 1093
0.015194892883300781 1093
0.015194892883300781 1093
0.015194892883300781 1093
0.015194892883300781 1093
0.01548004150390625 1093
0.018476009368896484 1093
0.018476009368896484 1093
0.018476009368896484 1093
0.018476009368896484 1093
0.018476009368896484 1093
0.018924951553344727 1093
0.019370079040527344 1093
0.020222902297973633 1093
0.020222902297973633 1093
0.020222902297973633 1093
0.02445387840270996 1093
0.02445387840270996 1093
0.02445387840270996 1093
0.02445387840270996 1093
0.02493000030517578 1093
0.02493000030517578 1093
0.02493000030517578 1093
0.0253450870513916 1093
0.0253450870513916 1093
0.025796890258789062 1093
0.025796890258789062 1093
0.02712702751159668 1093
0.02712702751159668 1093
0.02712702751159668 1093
0.02712702751159668 1093
0.027601003646850586 1093
0.02795886993408203 1093
0.029208898544311523 1093
0.02956104278564453 1093
0.02956104278564453 1093
0.03000187873840332 1093
0.03132987022399902 1093
0.035108089447021484 1093
0.035108089447021484 1093
0.035108089447021484 1093
0.03546905517578125 1093
0.03546905517578125 1093
0.03546905517578125 1093
0.035826921463012695 1093
0.037251949310302734 1093
0.03904294967651367 1093
0.03904294967651367 1093
0.03904294967651367 1093
0.04154801368713379 1093
0.04154801368713379 1093
0.04154801368713379 1093
0.042550086975097656 1093
0.042550086975097656 1093
0.04413604736328125 1093
0.04413604736328125 1093
0.046113014221191406 1093
0.046521902084350586 1093
0.0480809211730957 1093
0.0480809211730957 1093
0.048425912857055664 1093
0.04919290542602539 1093
0.05404496192932129 1093
0.05404496192932129 1093
0.05404496192932129 1093
0.05437898635864258 1093
0.05437898635864258 1093
0.05437898635864258 1093
0.054741859436035156 1093
0.055422067642211914 1093
0.058875083923339844 1093
0.058875083923339844 1093
0.058875083923339844 1093
0.05924487113952637 1093
0.05924487113952637 1093
0.05924487113952637 1093
0.0596308708190918 1093
0.06002187728881836 1093
0.06121087074279785 1093
0.06152486801147461 1093
0.0633080005645752 1093
0.0633080005645752 1093
0.06369996070861816 1093
0.06511306762695312 1093
0.06511306762695312 1093
0.06631708145141602 1093
0.06631708145141602 1093
0.06859588623046875 1093
0.0690610408782959 1093
0.06940293312072754 1093
0.0697638988494873 1093
0.07088708877563477 1093
0.07088708877563477 1093
0.07463192939758301 1093
0.07463192939758301 1093
0.07463192939758301 1093
0.07517385482788086 1093
0.07517385482788086 1093
0.07517385482788086 1093
0.07517385482788086 1093
0.07517385482788086 1093
0.07517385482788086 1093
0.07582998275756836 1093
0.07582998275756836 1093
0.07646489143371582 1093
0.07686591148376465 1093
0.07869696617126465 1093
0.07914996147155762 1093
0.07914996147155762 1093
0.07914996147155762 1093
0.08188796043395996 1093
0.08188796043395996 1093
0.08188796043395996 1093
0.08188796043395996 1093
0.08188796043395996 1093
0.08188796043395996 1093
0.08188796043395996 1093
0.08409285545349121 1093
0.08444690704345703 1093
0.0847780704498291 1093
0.0847780704498291 1093
0.08552694320678711 1093
0.08593106269836426 1093
0.08593106269836426 1093
0.08593106269836426 1093
0.08730506896972656 1093
0.08730506896972656 1093
0.08749699592590332 1093
0.09187507629394531 1093
0.09187507629394531 1093
0.09187507629394531 1093
0.09210085868835449 1093
0.09210085868835449 1093
0.09210085868835449 1093
0.09249401092529297 1093
0.09249401092529297 1093
0.09249401092529297 1093
0.09249401092529297 1093
0.09283208847045898 1093
0.09374594688415527 1093
0.09420108795166016 1093
0.09420108795166016 1093
0.0946500301361084 1093
0.0946500301361084 1093
0.09874296188354492 1093
0.09874296188354492 1093
0.09874296188354492 1093
0.09910988807678223 1093
0.09987998008728027 1093
0.09987998008728027 1093
0.09987998008728027 1093
0.09987998008728027 1093
0.10027098655700684 1093
0.10027098655700684 1093
0.10061907768249512 1093
0.1009829044342041 1093
0.1026310920715332 1093
0.1026310920715332 1093
0.10302090644836426 1093
0.10346198081970215 1093
0.10346198081970215 1093
0.10386204719543457 1093
0.1054079532623291 1093
0.1054079532623291 1093
0.10666799545288086 1093
0.10666799545288086 1093
0.10666799545288086 1093
0.10758590698242188 1093
0.10758590698242188 1093
0.10824203491210938 1093
0.10824203491210938 1093
0.10898208618164062 1093
0.10933995246887207 1093
0.10971999168395996 1093
0.11020302772521973 1093
0.11110496520996094 1093
0.11110496520996094 1093
0.11429286003112793 1093
0.11429286003112793 1093
0.11429286003112793 1093
0.11429286003112793 1093
0.1146390438079834 1093
0.11502790451049805 1093
0.11547589302062988 1093
0.11547589302062988 1093
0.11547589302062988 1093
0.11611795425415039 1093
0.11664986610412598 1093
0.11838889122009277 1093
0.11880898475646973 1093
0.11880898475646973 1093
0.11880898475646973 1093
0.11880898475646973 1093
0.11919593811035156 1093
0.12199187278747559 1093
0.12199187278747559 1093
0.1223750114440918 1093
0.1223750114440918 1093
0.1223750114440918 1093
0.1223750114440918 1093
0.12281394004821777 1093
0.12342000007629395 1093
0.12506389617919922 1093
0.12506389617919922 1093
0.12506389617919922 1093
0.12506389617919922 1093
0.12544989585876465 1093
0.12584400177001953 1093
0.12961196899414062 1093
0.12961196899414062 1093
0.13001108169555664 1093
0.13001108169555664 1093
0.13001108169555664 1093
0.13001108169555664 1093
0.13042593002319336 1093
0.13042593002319336 1093
0.13042593002319336 1093
0.13042593002319336 1093
0.13161087036132812 1093
0.13161087036132812 1093
0.13200092315673828 1093
0.13244199752807617 1093
0.13338398933410645 1093
0.13338398933410645 1093
0.13385987281799316 1093
0.1386559009552002 1093
0.1386559009552002 1093
0.1386559009552002 1093
0.13908696174621582 1093
0.13908696174621582 1093
0.13908696174621582 1093
0.13908696174621582 1093
0.13908696174621582 1093
0.13947796821594238 1093
0.13947796821594238 1093
0.13947796821594238 1093
0.13994193077087402 1093
0.14039897918701172 1093
0.14086604118347168 1093
0.14230608940124512 1093
0.14230608940124512 1093
0.14230608940124512 1093
0.1428380012512207 1093
0.1460719108581543 1093
0.1460719108581543 1093
0.1460719108581543 1093
0.1460719108581543 1093
0.1460719108581543 1093
0.1470940113067627 1093
0.1470940113067627 1093
0.1470940113067627 1093
0.1470940113067627 1093
0.14804601669311523 1093
0.14804601669311523 1093
0.14904308319091797 1093
0.15004301071166992 1093
0.15004301071166992 1093
0.15104889869689941 1093
0.15104889869689941 1093
0.15104889869689941 1093
0.1550300121307373 1093
0.15602588653564453 1093
0.15602588653564453 1093
0.15602588653564453 1093
0.15602588653564453 1093
0.15602588653564453 1093
0.15702390670776367 1093
0.15702390670776367 1093
0.15702390670776367 1093
0.1580190658569336 1093
0.1580190658569336 1093
0.1580190658569336 1093
0.1580190658569336 1093
0.15901803970336914 1093
0.15901803970336914 1093
0.15901803970336914 1093
0.1620779037475586 1093
0.1620779037475586 1093
0.1620779037475586 1093
0.1620779037475586 1093
0.1620779037475586 1093
0.1620779037475586 1093
0.16304588317871094 1093
0.16304588317871094 1093
0.16500592231750488 1093
0.16500592231750488 1093
0.16500592231750488 1093
0.16500592231750488 1093
0.16700100898742676 1093
0.20241808891296387 1093
0.20438289642333984 1093
0.20438289642333984 1093
0.20495200157165527 1093
0.20495200157165527 1093
0.20609188079833984 1093
0.24270105361938477 1093
0.2430438995361328 1093
0.2430438995361328 1093
0.2430438995361328 1093
0.24336004257202148 1093
0.24336004257202148 1093
0.24336004257202148 1093
0.24380707740783691 1093
0.24380707740783691 1093
0.24380707740783691 1093
0.24380707740783691 1093
0.24380707740783691 1093
0.24380707740783691 1093
0.24422907829284668 1093
0.24422907829284668 1093
0.24422907829284668 1093
0.24422907829284668 1093
0.24422907829284668 1093
0.24463295936584473 1093
0.24463295936584473 1093
0.24463295936584473 1093
0.24463295936584473 1093
0.2451338768005371 1093
0.2451338768005371 1093
0.2451338768005371 1093
0.2451338768005371 1093
0.2451338768005371 1093
0.2451338768005371 1093
0.24554800987243652 1093
0.24554800987243652 1093
0.24554800987243652 1093
0.24554800987243652 1093
0.24554800987243652 1093
0.24583101272583008 1093
0.24583101272583008 1093
0.24610400199890137 1093
0.24610400199890137 1093
0.2473280429840088 1093
0.2473280429840088 1093
0.2473280429840088 1093
0.24768495559692383 1093
0.24768495559692383 1093
0.24768495559692383 1093
0.24804997444152832 1093
0.24804997444152832 1093
0.24804997444152832 1093
0.24840497970581055 1093
0.2531399726867676 1093
0.2531399726867676 1093
0.25328898429870605 1093
0.25328898429870605 1093
0.25328898429870605 1093
0.2536449432373047 1093
0.2536449432373047 1093
0.2536449432373047 1093
0.25398802757263184 1093
0.25398802757263184 1093
0.25432801246643066 1093
0.25467491149902344 1093
0.25467491149902344 1093
0.25467491149902344 1093
0.25467491149902344 1093
0.2550220489501953 1093
0.2550220489501953 1093
0.2550220489501953 1093
0.2557179927825928 1093
0.2557179927825928 1093
0.2560579776763916 1093
0.2564070224761963 1093
0.2564070224761963 1093
0.2564070224761963 1093
0.2564070224761963 1093
0.25786900520324707 1093
0.25820493698120117 1093
0.25820493698120117 1093
0.25856900215148926 1093
0.25856900215148926 1093
0.25856900215148926 1093
0.25856900215148926 1093
0.2590060234069824 1093
0.2592430114746094 1093
0.2592430114746094 1093
0.2592430114746094 1093
0.2592430114746094 1093
0.25963592529296875 1093
0.27173590660095215 1093
0.27173590660095215 1093
0.27173590660095215 1093
0.2727169990539551 1093
0.2727169990539551 1093
0.2727169990539551 1093
0.2727169990539551 1093
0.2727169990539551 1093
0.2727169990539551 1093
0.2727169990539551 1093
0.2727169990539551 1093
0.2727169990539551 1093
0.2737269401550293 1093
0.2737269401550293 1093
0.2737269401550293 1093
0.2737269401550293 1093
0.2737269401550293 1093
0.2737269401550293 1093
0.2737269401550293 1093
0.28377294540405273 1093
0.28377294540405273 1093
0.28377294540405273 1093
0.2848808765411377 1093
0.2848808765411377 1093
0.28942108154296875 1093
0.28942108154296875 1093
0.28942108154296875 1093
0.2896299362182617 1093
0.29033493995666504 1093
0.2906959056854248 1093
0.2906959056854248 1093
0.2906959056854248 1093
0.29700493812561035 1093
0.2973358631134033 1093
0.2973358631134033 1093
0.2973358631134033 1093
0.29778003692626953 1093
0.2981600761413574 1093
0.2981600761413574 1093
0.2981600761413574 1093
0.2981600761413574 1093
0.2987358570098877 1093
0.2987358570098877 1093
0.2987358570098877 1093
0.2987358570098877 1093
0.29896998405456543 1093
0.29896998405456543 1093
0.2990610599517822 1093
0.2994048595428467 1093
0.2998380661010742 1093
0.2998380661010742 1093
0.2998380661010742 1093
0.2998380661010742 1093
0.3001389503479004 1093
0.3001389503479004 1093
0.3001389503479004 1093
0.3004639148712158 1093
0.3004639148712158 1093
0.3004639148712158 1093
0.3004639148712158 1093
0.3007960319519043 1093
0.3007960319519043 1093
0.3007960319519043 1093
0.3011350631713867 1093
0.30150508880615234 1093
0.30150508880615234 1093
0.30150508880615234 1093
0.30150508880615234 1093
0.30185890197753906 1093
0.30185890197753906 1093
0.30185890197753906 1093
0.30185890197753906 1093
0.30219101905822754 1093
0.30219101905822754 1093
0.30219101905822754 1093
0.30219101905822754 1093
0.30254101753234863 1093
0.30389404296875 1093
0.30389404296875 1093
0.30389404296875 1093
0.3042469024658203 1093
0.3042469024658203 1093
0.3042469024658203 1093
0.3042469024658203 1093
0.30463194847106934 1093
0.30463194847106934 1093
0.30463194847106934 1093
0.30463194847106934 1093
0.30565905570983887 1093
0.30565905570983887 1093
0.30565905570983887 1093
0.30565905570983887 1093
0.30565905570983887 1093
0.30565905570983887 1093
0.3107728958129883 1093
0.3107728958129883 1093
0.31112194061279297 1093
0.31112194061279297 1093
0.31112194061279297 1093
0.31112194061279297 1093
0.31146788597106934 1093
0.31146788597106934 1093
0.31146788597106934 1093
0.3118460178375244 1093
0.3118460178375244 1093
0.3118460178375244 1093
0.3118460178375244 1093
0.3125300407409668 1093
0.3128809928894043 1093
0.3132319450378418 1093
0.3135800361633301 1093
0.3139379024505615 1093
0.3139379024505615 1093
0.3142828941345215 1093
0.31464099884033203 1093
0.31464099884033203 1093
0.31498289108276367 1093
0.31532907485961914 1093
0.31532907485961914 1093
0.31568288803100586 1093
0.31603288650512695 1093
0.31638503074645996 1093
0.31713008880615234 1093
0.3236238956451416 1093
0.32396602630615234 1093
0.32396602630615234 1093
0.3243088722229004 1093
0.3243088722229004 1093
0.3306548595428467 1093
0.3306548595428467 1093
0.3306548595428467 1093
0.3306548595428467 1093
0.3306548595428467 1093
0.3306548595428467 1093
0.33153295516967773 1093
0.33153295516967773 1093
0.33652400970458984 1093
0.33684301376342773 1093
0.33684301376342773 1093
0.3371880054473877 1093
0.3371880054473877 1093
0.3375358581542969 1093
0.3375358581542969 1093
0.33788299560546875 1093
0.33788299560546875 1093
0.33823108673095703 1093
0.33823108673095703 1093
0.3385770320892334 1093
0.3385770320892334 1093
0.33892297744750977 1093
0.33892297744750977 1093
0.3392760753631592 1093
0.33962392807006836 1093
0.33998894691467285 1093
0.33998894691467285 1093
0.3403279781341553 1093
0.34067392349243164 1093
0.34101200103759766 1093
0.34101200103759766 1093
0.34140801429748535 1093
0.34140801429748535 1093
0.3417370319366455 1093
0.34207701683044434 1093
0.34207701683044434 1093
0.34207701683044434 1093
0.3424210548400879 1093
0.3424210548400879 1093
0.3424210548400879 1093
0.34322404861450195 1093
0.34322404861450195 1093
0.3435630798339844 1093
0.3435630798339844 1093
0.34390902519226074 1093
0.34390902519226074 1093
0.34390902519226074 1093
0.34390902519226074 1093
0.3442559242248535 1093
0.3442559242248535 1093
0.3442559242248535 1093
0.3446049690246582 1093
0.34497499465942383 1093
0.34497499465942383 1093
0.34531497955322266 1093
0.34531497955322266 1093
0.3460369110107422 1093
0.34636902809143066 1093
0.34777307510375977 1093
0.3481259346008301 1093
0.34996986389160156 1093
0.34996986389160156 1093
0.3503119945526123 1093
0.3503119945526123 1093
0.3503119945526123 1093
0.3503119945526123 1093
0.35161900520324707 1093
0.35572195053100586 1093
0.35572195053100586 1093
0.35605788230895996 1093
0.35675692558288574 1093
0.3571000099182129 1093
0.3571000099182129 1093
0.3571000099182129 1093
0.3571000099182129 1093
0.3574368953704834 1093
0.3574368953704834 1093
0.3574368953704834 1093
0.3574368953704834 1093
0.359144926071167 1093
0.359144926071167 1093
0.359144926071167 1093
0.3635900020599365 1093
0.3635900020599365 1093
0.363893985748291 1093
0.363893985748291 1093
0.364238977432251 1093
0.364238977432251 1093
0.364238977432251 1093
0.3645648956298828 1093
0.3645648956298828 1093
0.3645648956298828 1093
0.3645648956298828 1093
0.3645648956298828 1093
0.3649098873138428 1093
0.3662099838256836 1093
0.3662099838256836 1093
0.36811089515686035 1093
0.36811089515686035 1093
0.36811089515686035 1093
0.3700599670410156 1093
0.3704099655151367 1093
0.3704099655151367 1093
0.3704099655151367 1093
0.37074708938598633 1093
0.37074708938598633 1093
0.3710939884185791 1093
0.3710939884185791 1093
0.3714480400085449 1093
0.3714480400085449 1093
0.371798038482666 1093
0.37712907791137695 1093
0.37712907791137695 1093
0.37712907791137695 1093
0.37712907791137695 1093
0.37712907791137695 1093
0.37712907791137695 1093
0.37712907791137695 1093
0.3777120113372803 1093
0.3777120113372803 1093
0.378648042678833 1093
0.378648042678833 1093
0.378648042678833 1093
0.378648042678833 1093
0.378648042678833 1093
0.378648042678833 1093
0.37987303733825684 1093
0.37987303733825684 1093
0.3804788589477539 1093
0.38121700286865234 1093
0.38121700286865234 1093
0.38156986236572266 1093
0.3822760581970215 1093
0.382983922958374 1093
0.382983922958374 1093
0.38368892669677734 1093
0.38368892669677734 1093
0.3851809501647949 1093
0.3851809501647949 1093
0.3851809501647949 1093
0.3869760036468506 1093
0.3869760036468506 1093
0.38733506202697754 1093
0.3890058994293213 1093
0.3897099494934082 1093
0.3897099494934082 1093
0.3897099494934082 1093
0.3900589942932129 1093
0.3900589942932129 1093
0.3939979076385498 1093
0.3939979076385498 1093
0.3943479061126709 1093
0.3943479061126709 1093
0.3943479061126709 1093
0.3943479061126709 1093
0.39469289779663086 1093
0.39504098892211914 1093
0.39504098892211914 1093
0.39504098892211914 1093
0.39504098892211914 1093
0.3957390785217285 1093
0.39644908905029297 1093
0.39644908905029297 1093
0.39714598655700684 1093
0.39750003814697266 1093
0.39907288551330566 1093
0.39907288551330566 1093
0.3994178771972656 1093
0.3994178771972656 1093
0.40364503860473633 1093
0.40364503860473633 1093
0.40404605865478516 1093
0.40404605865478516 1093
0.40404605865478516 1093
0.40404605865478516 1093
0.4043898582458496 1093
0.4043898582458496 1093
0.4043898582458496 1093
0.4043898582458496 1093
0.40465807914733887 1093
0.40500593185424805 1093
0.4057130813598633 1093
0.40606689453125 1093
0.4075288772583008 1093
0.4075288772583008 1093
0.4079298973083496 1093
0.4079298973083496 1093
0.4093029499053955 1093
0.40970396995544434 1093
0.40970396995544434 1093
0.4103660583496094 1093
0.4103660583496094 1093
0.41080307960510254 1093
0.4176349639892578 1093
0.4176349639892578 1093
0.4179699420928955 1093
0.4179699420928955 1093
0.4179699420928955 1093
0.4179699420928955 1093
0.41830992698669434 1093
0.41830992698669434 1093
0.41830992698669434 1093
0.41865992546081543 1093
0.41865992546081543 1093
0.41865992546081543 1093
0.41865992546081543 1093
0.422076940536499 1093
0.422076940536499 1093
0.42286205291748047 1093
0.42286205291748047 1093
0.4231240749359131 1093
0.4231240749359131 1093
0.4231240749359131 1093
0.4231240749359131 1093
0.42346692085266113 1093
0.42346692085266113 1093
0.42346692085266113 1093
0.4238090515136719 1093
0.42415595054626465 1093
0.42415595054626465 1093
0.42450690269470215 1093
0.42485594749450684 1093
0.42485594749450684 1093
0.4251999855041504 1093
0.4266059398651123 1093
0.4266059398651123 1093
0.4269580841064453 1093
0.42862796783447266 1093
0.4289698600769043 1093
0.4289698600769043 1093
0.4293220043182373 1093
0.42967700958251953 1093
0.43051791191101074 1093
0.43051791191101074 1093
0.4308779239654541 1093
0.4338080883026123 1093
0.4338080883026123 1093
0.4338080883026123 1093
0.43444299697875977 1093
0.43444299697875977 1093
0.43444299697875977 1093
0.43444299697875977 1093
0.4348318576812744 1093
0.43517208099365234 1093
0.43552589416503906 1093
0.43624091148376465 1093
0.43624091148376465 1093
0.4383399486541748 1093
0.4386880397796631 1093
0.4386880397796631 1093
0.4393599033355713 1093
0.4393599033355713 1093
0.4423680305480957 1093
0.44290685653686523 1093
0.44290685653686523 1093
0.44290685653686523 1093
0.44290685653686523 1093
0.44290685653686523 1093
0.44321298599243164 1093
0.44321298599243164 1093
0.44321298599243164 1093
0.44376206398010254 1093
0.4441080093383789 1093
0.4449789524078369 1093
0.4449789524078369 1093
0.4469950199127197 1093
0.4469950199127197 1093
0.4469950199127197 1093
0.4479548931121826 1093
0.4484078884124756 1093
0.4487888813018799 1093
0.4487888813018799 1093
0.44939589500427246 1093
0.44939589500427246 1093
0.4498460292816162 1093
0.4572319984436035 1093
0.4575839042663574 1093
0.4575839042663574 1093
0.4575839042663574 1093
0.45798802375793457 1093
0.45798802375793457 1093
0.45798802375793457 1093
0.45829105377197266 1093
0.45829105377197266 1093
0.4586060047149658 1093
0.4586060047149658 1093
0.4586060047149658 1093
0.4586060047149658 1093
0.4586060047149658 1093
0.4590120315551758 1093
0.4590120315551758 1093
0.4590120315551758 1093
0.4590120315551758 1093
0.4594240188598633 1093
0.4616689682006836 1093
0.4616689682006836 1093
0.4620208740234375 1093
0.4620208740234375 1093
0.4620208740234375 1093
0.46239399909973145 1093
0.46239399909973145 1093
0.46239399909973145 1093
0.46370887756347656 1093
0.4640679359436035 1093
0.4640679359436035 1093
0.46442699432373047 1093
0.4648599624633789 1093
0.46531200408935547 1093
0.4657008647918701 1093
0.46843385696411133 1093
0.46843385696411133 1093
0.4691009521484375 1093
0.46944689750671387 1093
0.46944689750671387 1093
0.46979188919067383 1093
0.4701850414276123 1093
0.47085094451904297 1093
0.47085094451904297 1093
0.4733619689941406 1093
0.47365498542785645 1093
0.47365498542785645 1093
0.47365498542785645 1093
0.4740009307861328 1093
0.4740009307861328 1093
0.4740009307861328 1093
0.4740009307861328 1093
0.4743509292602539 1093
0.47865796089172363 1093
0.47865796089172363 1093
0.4789700508117676 1093
0.4789700508117676 1093
0.4789700508117676 1093
0.47931599617004395 1093
0.47931599617004395 1093
0.47931599617004395 1093
0.47931599617004395 1093
0.47966599464416504 1093
0.47966599464416504 1093
0.48120689392089844 1093
0.48120689392089844 1093
0.48157286643981934 1093
0.48192405700683594 1093
0.482280969619751 1093
0.48264002799987793 1093
0.48299694061279297 1093
0.48342299461364746 1093
0.4841430187225342 1093
0.48452186584472656 1093
0.48452186584472656 1093
0.4865570068359375 1093
0.4865570068359375 1093
0.4865570068359375 1093
0.48686695098876953 1093
0.48686695098876953 1093
0.48686695098876953 1093
0.4872159957885742 1093
0.48840808868408203 1093
0.48840808868408203 1093
0.48840808868408203 1093
0.48876285552978516 1093
0.48910093307495117 1093
0.49813103675842285 1093
0.49813103675842285 1093
0.49813103675842285 1093
0.49813103675842285 1093
0.49840807914733887 1093
0.49840807914733887 1093
0.49840807914733887 1093
0.49840807914733887 1093
0.4988839626312256 1093
0.4988839626312256 1093
0.4988839626312256 1093
0.4988839626312256 1093
0.4988839626312256 1093
0.499237060546875 1093
0.499237060546875 1093
0.499237060546875 1093
0.4996960163116455 1093
0.4996960163116455 1093
0.4996960163116455 1093
0.4996960163116455 1093
0.5001010894775391 1093
0.5001010894775391 1093
0.5001010894775391 1093
0.5001010894775391 1093
0.5004510879516602 1093
0.500931978225708 1093
0.5013160705566406 1093
0.5017619132995605 1093
0.5017619132995605 1093
0.5022568702697754 1093
0.5022568702697754 1093
0.5027248859405518 1093
0.5032060146331787 1093
0.5036029815673828 1093
0.5040628910064697 1093
0.5040628910064697 1093
0.5040628910064697 1093
0.5043940544128418 1093
0.5053129196166992 1093
0.5053129196166992 1093
0.5053129196166992 1093
0.5057618618011475 1093
0.5057618618011475 1093
0.5062298774719238 1093
0.5062298774719238 1093
0.5067040920257568 1093
0.5071969032287598 1093
0.5071969032287598 1093
0.5076799392700195 1093
0.5081179141998291 1093
0.5085959434509277 1093
0.5089879035949707 1093
0.5101089477539062 1093
0.5101089477539062 1093
0.5104680061340332 1093
0.512700080871582 1093
0.512700080871582 1093
0.5131468772888184 1093
0.5135500431060791 1093
0.5135500431060791 1093
0.5135500431060791 1093
0.5135500431060791 1093
0.5135500431060791 1093
