1049690
0.0 1500
0.0 1500
0.0022649765014648438 1500
0.0026018619537353516 1500
0.005193948745727539 1500
0.0059278011322021484 1500
0.00706791877746582 1500
0.008931875228881836 1500
0.009765863418579102 1500
0.011989831924438477 1500
0.01267099380493164 1500
0.015028953552246094 1500
0.01571798324584961 1500
0.019706010818481445 1500
0.019706010818481445 1500
0.019990921020507812 1500
0.021866798400878906 1500
0.02286386489868164 1500
0.024844884872436523 1500
0.026007890701293945 1500
0.028074026107788086 1500
0.02870798110961914 1500
0.03121781349182129 1500
0.03188586235046387 1500
0.03278183937072754 1500
0.03496694564819336 1500
0.03612995147705078 1500
0.037680864334106445 1500
0.03886580467224121 1500
0.0411379337310791 1500
0.04161190986633301 1500
0.043730974197387695 1500
0.04505586624145508 1500
0.04749798774719238 1500
0.047943830490112305 1500
0.04890084266662598 1500
0.05094289779663086 1500
0.05191183090209961 1500
0.05387401580810547 1500
0.054872989654541016 1500
0.05710887908935547 1500
0.05838298797607422 1500
0.05875897407531738 1500
0.060701847076416016 1500
0.06172800064086914 1500
0.06407594680786133 1500
0.06512784957885742 1500
0.06700801849365234 1500
0.06789588928222656 1356
0.06886792182922363 1500
0.07121491432189941 1500
0.0718088150024414 1500
0.07387280464172363 1500
0.07519197463989258 1500
0.077056884765625 1500
0.07778382301330566 1500
0.07994198799133301 1500
0.08108997344970703 1500
0.08187985420227051 1500
0.08463001251220703 1500
0.08466196060180664 1500
0.08711385726928711 1500
0.08768796920776367 1500
0.08983492851257324 1500
0.09090781211853027 1500
0.09280800819396973 184
0.09328889846801758 1500
0.09382390975952148 1500
0.09622693061828613 1500
0.09675788879394531 1356
0.09928393363952637 1500
0.10014986991882324 1500
0.10099983215332031 1500
0.10284686088562012 1500
0.10421299934387207 1500
0.10623288154602051 1500
0.1070089340209961 1500
0.10866498947143555 1500
0.10989189147949219 1500
0.11125397682189941 1500
0.11319780349731445 1500
0.11374592781066895 1500
0.11594200134277344 1500
0.11687684059143066 1500
0.11896991729736328 1500
0.11992788314819336 1500
0.12201881408691406 1500
0.12262487411499023 1500
0.12502288818359375 1500
0.1259138584136963 1500
0.12827396392822266 1500
0.12877893447875977 1500
0.12995600700378418 1500
0.13215184211730957 1500
0.1327219009399414 1500
0.13478779792785645 1500
0.13616681098937988 1500
0.1393129825592041 1500
0.13966584205627441 1500
0.14101290702819824 1500
0.14185285568237305 1500
0.14318299293518066 1500
0.14493298530578613 1500
0.14598989486694336 1500
0.14781689643859863 1500
0.14872288703918457 1500
0.1509108543395996 1500
0.15184998512268066 1500
0.15402483940124512 1500
0.1546638011932373 1500
0.15605998039245605 184
0.15667486190795898 1500
0.15783381462097168 1500
0.15977787971496582 1500
0.16072702407836914 1500
0.16236090660095215 1500
0.1643199920654297 1500
0.16515493392944336 1500
0.16725993156433105 1500
0.16785883903503418 1500
0.1697700023651123 1500
0.17069792747497559 1500
0.17329978942871094 1500
0.1736907958984375 1500
0.17469000816345215 1500
0.17722082138061523 1500
0.17786884307861328 1500
0.1799168586730957 1500
0.18181085586547852 1500
0.1829969882965088 1500
0.1846609115600586 1500
0.18590784072875977 1500
0.1866929531097412 1500
0.18915700912475586 1500
0.19102001190185547 1500
0.19208288192749023 1500
0.19321799278259277 1500
0.19496488571166992 1500
0.19593501091003418 1500
0.19706201553344727 1500
0.19888591766357422 1500
0.20012998580932617 1500
0.2021348476409912 1500
0.2026829719543457 1500
0.20485591888427734 1500
0.20627999305725098 1500
0.2080519199371338 1500
0.20899081230163574 1500
0.209791898727417 1500
0.21186280250549316 1500
0.2131669521331787 1500
0.21547889709472656 1500
0.21586084365844727 1500
0.21836185455322266 1500
0.2191169261932373 1500
0.22090983390808105 1500
0.22185087203979492 1500
0.22272896766662598 1500
0.22517085075378418 1500
0.22594881057739258 1500
0.22799301147460938 1500
0.22955799102783203 1500
0.23097991943359375 1500
0.23205780982971191 1500
0.23474979400634766 1070
17.201774835586548 40
17.201825857162476 1500
17.201825857162476 1500
17.201825857162476 1500
17.201874017715454 1500
17.201874017715454 1500
17.201900959014893 1500
17.201997995376587 1500
17.20244002342224 1500
17.203325986862183 1500
17.20715594291687 1500
17.222777843475342 1500
17.222777843475342 1500
17.222869873046875 1500
17.222869873046875 1500
17.222869873046875 1500
17.22295379638672 1500
17.22295379638672 1500
17.22345781326294 1500
17.224655866622925 1500
17.225477933883667 1500
17.22722601890564 1500
17.229753971099854 1500
17.230341911315918 1500
17.231300830841064 1500
17.233500957489014 1500
17.23434591293335 1500
17.24031686782837 1500
17.24031686782837 1500
17.24031686782837 1500
17.240724802017212 1500
17.243300914764404 1500
17.243300914764404 1500
17.244162797927856 1500
17.2467098236084 1500
17.24729585647583 1500
17.249682903289795 1500
17.250370025634766 1500
17.252429008483887 1500
17.253405809402466 1500
17.254586935043335 1500
17.25624179840088 1500
17.257340908050537 1500
17.259318828582764 1500
17.260545015335083 1500
17.26234197616577 1500
17.263381958007812 1500
17.26556897163391 1500
17.266464948654175 1500
17.267589807510376 1500
17.26972198486328 1500
17.27091383934021 1500
17.272614002227783 1500
17.273377895355225 1500
17.275852918624878 1500
17.276343822479248 1500
17.278563976287842 1500
17.279204845428467 1500
17.280776023864746 1500
17.282399892807007 1500
17.283267974853516 1500
17.28551197052002 1500
17.28620481491089 1500
17.28873896598816 1500
17.289312839508057 1500
17.291685819625854 1500
17.29230785369873 1500
17.293267011642456 1500
17.2955539226532 1500
17.296388864517212 1500
17.298601865768433 1500
17.29947590827942 1500
17.30621600151062 1500
17.30621600151062 1500
17.30621600151062 1500
17.30621600151062 1500
17.306732892990112 1500
17.308305978775024 1500
17.309237003326416 1500
17.311267852783203 1500
17.31257700920105 1500
17.314814805984497 1500
17.31527090072632 1500
17.31746792793274 1500
17.318386793136597 1500
17.31957483291626 1500
17.32161593437195 1500
17.322242975234985 1500
17.32432794570923 1500
17.325583934783936 1500
17.327518939971924 1500
17.328389883041382 1500
17.331066846847534 1500
17.331307888031006 1500
17.333632946014404 1500
17.334335803985596 1500
17.3368239402771 1500
17.337148904800415 1500
17.338281869888306 1500
17.340746879577637 1500
17.341526985168457 1500
17.343389987945557 1500
17.34462285041809 1500
17.34658980369568 1500
17.347293853759766 1500
17.349655866622925 1500
17.350385904312134 1500
17.351642847061157 1500
17.353603839874268 1500
17.354355812072754 1500
17.357792854309082 1500
17.357792854309082 1500
17.359508991241455 1500
17.360529899597168 1500
17.362416982650757 1500
17.36337184906006 1500
17.364640951156616 1500
17.366509914398193 1500
17.36863088607788 1500
17.369304895401 1500
17.37061095237732 1500
17.372484922409058 1500
17.37346601486206 1500
17.37564182281494 1500
17.376582860946655 1500
17.37738585472107 1500
17.37966799736023 1500
17.380647897720337 1500
17.382471799850464 1500
17.383376836776733 1500
17.386044025421143 1500
17.386273860931396 1500
17.388608932495117 1500
17.389233827590942 1500
17.390887022018433 1500
17.39231300354004 1500
17.393473863601685 1500
17.39554190635681 1500
17.39629292488098 1500
17.39853286743164 1500
17.399545907974243 1500
17.401381015777588 1500
17.402309894561768 1500
17.403430938720703 1500
17.405447006225586 1500
17.406446933746338 1500
17.408554792404175 1500
17.409173011779785 1500
17.41142988204956 1500
17.41292381286621 1500
17.41438579559326 1500
17.415443897247314 1500
17.416616916656494 1500
17.41826295852661 1500
17.41939902305603 1500
17.421522855758667 1500
17.422245025634766 1500
17.42434597015381 1500
17.42557382583618 1500
17.427440881729126 1500
17.428430795669556 1500
17.42973494529724 1500
17.431850910186768 1500
17.432461977005005 1500
17.435763835906982 1500
17.43587589263916 1500
17.437670946121216 1500
17.43838882446289 1500
17.44091296195984 1500
17.441442012786865 1500
17.44232988357544 1500
17.444479942321777 1500
17.445576906204224 1500
17.44737696647644 1500
17.448315858840942 1500
17.450737953186035 1500
17.451368808746338 1500
17.453788995742798 1500
17.45445680618286 1500
17.455556869506836 1500
17.457547903060913 1500
17.45835280418396 1500
17.46019697189331 1500
17.461570024490356 1500
17.463464975357056 1500
17.46420383453369 1500
17.46676993370056 1500
17.467566967010498 1500
17.468305826187134 1500
17.470606803894043 1500
17.471434831619263 1500
17.473370790481567 1500
17.474308013916016 1500
17.476665019989014 1500
17.477231979370117 1500
17.479607820510864 1500
17.48039197921753 1500
17.481624841690063 1500
17.484761953353882 1500
17.484761953353882 1500
17.486251831054688 1500
17.487260818481445 1500
17.489526987075806 1500
17.490192890167236 1500
17.492358922958374 1500
17.494126796722412 1500
17.49462890625 1500
17.496366024017334 1500
17.497291803359985 1500
17.49963688850403 1500
17.500366926193237 1500
17.502566814422607 1500
17.503394842147827 1500
17.505530834197998 1500
17.506510019302368 1500
17.508763790130615 1500
17.509522914886475 1500
17.510209798812866 1500
17.512706995010376 1500
17.513200998306274 1500
17.515798807144165 1500
17.51636791229248 1500
17.518451929092407 1500
17.520181894302368 1500
17.520181894302368 1500
17.522321939468384 1500
17.527732849121094 1500
17.527732849121094 1500
17.527732849121094 1500
17.52863097190857 1500
17.52932381629944 1500
17.534613847732544 1500
17.534613847732544 1500
17.534613847732544 1500
17.535523891448975 1500
17.536662817001343 1500
17.538397789001465 1500
17.53943181037903 1500
17.5415518283844 1500
17.542454957962036 1500
17.544750928878784 1500
17.545185804367065 1500
17.546451807022095 1500
17.550740003585815 1500
17.550740003585815 1500
17.55155086517334 1500
17.552339792251587 1500
17.55468201637268 1500
17.555562019348145 1500
17.55732488632202 1500
17.55818200111389 1500
17.55954384803772 1500
17.561433792114258 1500
17.562328815460205 1500
17.564560890197754 1500
17.5654399394989 1500
17.567616939544678 1500
17.56835389137268 1500
17.570549964904785 1500
17.57116198539734 1500
17.57251000404358 1500
17.574381828308105 1500
17.576597929000854 1500
17.577483892440796 1500
17.578263998031616 1500
17.580598831176758 1500
17.58135485649109 1500
17.583825826644897 1500
17.58459186553955 1500
17.58712601661682 1500
17.587401866912842 1500
17.590728998184204 1500
17.590763807296753 1500
17.591195821762085 1500
17.593596935272217 1500
17.59438681602478 1500
17.596604824066162 1500
17.597405910491943 1500
17.599727869033813 1500
17.600199937820435 1500
17.602317810058594 1500
17.603240966796875 1500
17.60428500175476 1500
17.606238842010498 1500
17.607549905776978 1500
17.60925793647766 1500
17.610291004180908 1500
17.612370014190674 1500
17.613346815109253 1500
17.615694999694824 1500
17.61642289161682 1500
17.617892026901245 1500
17.61961793899536 1500
17.620200872421265 1500
17.622368812561035 1500
17.6234769821167 1500
17.626259803771973 1500
17.626259803771973 1500
17.628382921218872 1500
17.629361867904663 1500
17.63035297393799 1500
17.632689952850342 1500
17.633564949035645 1500
17.635682821273804 1500
17.63642382621765 1500
17.638835906982422 1500
17.63949489593506 1500
17.641587018966675 1500
17.64241886138916 1500
17.64363980293274 1500
17.645566940307617 1500
17.646222829818726 1500
17.648465871810913 1500
17.65068483352661 1500
17.65132999420166 1500
17.652195930480957 1500
17.65452480316162 1500
17.655416011810303 1500
17.65652894973755 1500
17.65855598449707 1500
17.659600019454956 1500
17.661316871643066 1500
17.662238836288452 1500
17.66450786590576 1500
17.665491819381714 1500
17.667723894119263 1500
17.668510913848877 1500
17.669655799865723 1500
17.67132592201233 1500
17.672520875930786 1500
17.674553871154785 1500
17.67533302307129 1500
17.677631855010986 1500
17.678186893463135 1500
17.680482864379883 1500
17.68133783340454 1500
17.68236780166626 1500
17.684626817703247 1500
17.686994791030884 1500
17.6876277923584 1500
17.68850088119507 1500
17.690321922302246 1500
17.691200017929077 1500
17.693542957305908 1500
17.694296836853027 1500
17.695616960525513 1500
17.697534799575806 1500
17.698397874832153 1500
17.70065689086914 1500
17.701385021209717 1500
17.70374584197998 1500
17.70422101020813 1500
17.706705808639526 1500
17.707360982894897 1500
17.7100989818573 1500
17.710174798965454 1500
17.711594820022583 1500
17.7136390209198 1500
17.714476823806763 1500
17.71646285057068 1500
17.717358827590942 1500
17.71965980529785 1500
17.720590829849243 1500
17.722280979156494 1500
17.723362922668457 1500
17.724488973617554 1500
17.726369857788086 1500
17.727237939834595 1500
17.729427814483643 1500
17.730361938476562 1500
17.732221841812134 1500
17.733430862426758 1500
17.735599994659424 1500
17.736255884170532 1500
17.737540006637573 1500
17.73940896987915 1500
17.740370988845825 1500
17.74228286743164 1500
17.743292808532715 1500
17.745308876037598 1500
17.746388912200928 1500
17.74826979637146 1500
17.74925684928894 1500
17.750669956207275 1500
17.752372980117798 1500
17.75353193283081 1500
17.75715184211731 1500
17.75715184211731 1500
17.7588369846344 1500
17.759204864501953 1500
17.761571884155273 1500
17.76220393180847 1500
17.76356792449951 1500
17.765288829803467 1500
17.766209840774536 1500
17.768488883972168 1500
17.769521951675415 1500
17.77151894569397 1500
17.772312879562378 1500
17.774621963500977 1500
17.775481939315796 1500
17.77658200263977 1500
17.780049800872803 1500
17.780049800872803 1500
17.78176498413086 1500
17.78219485282898 1500
17.784461975097656 1500
17.78545880317688 1500
17.787665843963623 1500
17.78818988800049 1500
17.79115581512451 1500
17.79123282432556 1500
17.79242181777954 1500
17.794379949569702 1500
17.79530382156372 1500
17.797592878341675 1500
17.79829692840576 1500
17.801578998565674 1500
17.801615953445435 1500
17.802212953567505 1500
17.804543018341064 1500
17.80528998374939 1500
17.807673931121826 1500
17.808459997177124 1500
17.81072497367859 1500
17.81163501739502 1500
17.813695907592773 1500
17.814302921295166 1500
17.815513849258423 1500
17.817262887954712 1500
17.81825280189514 1500
17.820660829544067 1500
17.82151699066162 1500
17.82386088371277 1500
17.82448983192444 1500
17.826340913772583 1500
17.82758593559265 1500
17.82842183113098 1500
17.83082389831543 1500
17.83181095123291 1500
17.83352494239807 1500
17.83435893058777 1500
17.836483001708984 1500
17.83762788772583 1500
17.839727878570557 1500
17.840216875076294 1500
17.841786861419678 1500
17.843266010284424 1500
17.84435796737671 1500
17.846409797668457 1500
17.84720492362976 1500
17.849684953689575 1500
17.850389003753662 1500
17.852475881576538 1500
17.853274822235107 1500
17.854410886764526 1500
17.85628890991211 1500
17.857510805130005 1500
17.85970687866211 1500
17.860220909118652 1500
17.86233687400818 1500
17.863330841064453 1500
17.86563801765442 1500
17.866371870040894 1500
17.86744999885559 1500
17.869536876678467 1500
17.87043595314026 1500
17.872473001480103 1500
17.873374938964844 1500
17.875772953033447 1500
17.87637186050415 1500
17.878610849380493 1500
17.879313945770264 1500
17.88134002685547 1500
17.882407903671265 1500
17.883275985717773 1500
17.885612964630127 1500
17.886191844940186 1500
17.88824486732483 1500
17.88954186439514 1500
17.891803979873657 1500
17.892618894577026 1500
17.89877486228943 1500
17.89877486228943 1500
17.89877486228943 1500
17.89877486228943 1500
17.90005087852478 1500
17.901440858840942 1500
17.902190923690796 1500
17.904574871063232 1500
17.906593799591064 1500
17.906593799591064 1500
17.908623933792114 1500
17.91024899482727 1500
17.911682844161987 1500
17.913347959518433 1500
17.914608001708984 1500
17.916610956192017 1500
17.917359828948975 1500
17.919677019119263 1500
17.92047691345215 1500
17.922314882278442 1500
17.923532009124756 1500
17.924465894699097 1500
17.92646598815918 1500
17.927464962005615 1500
17.929993867874146 1500
17.930320978164673 1500
17.932533979415894 1500
17.93334984779358 1500
17.93565583229065 1500
17.93626093864441 1500
17.93739891052246 1500
17.939567804336548 1500
17.940878868103027 1500
17.942426919937134 1500
17.9437038898468 1500
17.945483922958374 1500
17.946553945541382 1500
17.948505878448486 1500
17.94956684112549 1500
17.95024800300598 1500
17.952435970306396 1500
17.953545808792114 1500
17.957315921783447 1500
17.9574978351593 1500
17.958673000335693 1500
17.95942997932434 1500
17.961360931396484 1500
17.96218180656433 1500
17.96356987953186 1500
17.96552085876465 1500
17.966396808624268 1500
17.968552827835083 1500
17.96985387802124 1500
17.971447944641113 1500
17.972782850265503 1500
17.974247932434082 1500
