403863
0.0 1500
0.0 1500
0.0018770694732666016 1500
0.004153013229370117 1500
0.00619196891784668 1500
0.007912874221801758 1500
0.009958982467651367 1500
0.01279306411743164 1500
0.014929056167602539 1500
0.017076969146728516 1500
0.020292043685913086 1500
0.02192401885986328 1500
0.024899005889892578 1500
0.02736186981201172 1500
0.029394865036010742 1500
0.031206846237182617 1500
0.03391599655151367 1500
0.0360569953918457 1500
0.0388638973236084 1500
0.04082298278808594 1500
0.042875051498413086 1500
0.045285940170288086 1500
0.0471038818359375 1500
0.04909396171569824 1500
0.05107593536376953 1500
0.05390787124633789 1500
0.055960893630981445 1500
0.0593409538269043 1500
0.06103706359863281 1500
0.06388401985168457 1500
0.06638884544372559 1500
0.06802797317504883 1500
0.07134604454040527 1500
0.07290005683898926 1500
0.0762338638305664 1500
0.07823395729064941 1500
0.08124184608459473 1500
0.08312606811523438 1500
0.08515787124633789 1500
0.08791089057922363 1500
0.08981800079345703 1500
0.09186697006225586 1500
0.0937809944152832 1500
0.09587883949279785 1500
0.09821796417236328 1500
0.10074687004089355 1500
0.10320305824279785 1500
0.10472393035888672 1500
0.10717201232910156 544
0.1546180248260498 40
0.17603302001953125 1500
0.17603302001953125 1500
0.17603302001953125 1500
0.17724895477294922 1500
0.17904996871948242 1500
0.18111491203308105 1500
0.18379998207092285 1500
0.18609905242919922 1500
0.18894386291503906 1500
0.19125795364379883 1500
0.19312191009521484 1500
0.19596099853515625 393
0.1962130069732666 1500
0.19887900352478027 1500
0.20086097717285156 1500
0.20441389083862305 1500
0.21108198165893555 1500
0.2164020538330078 1500
0.2187659740447998 1500
0.22327303886413574 1500
0.2278909683227539 1500
0.23270893096923828 1500
0.2389850616455078 1500
0.2440190315246582 393
0.24412989616394043 1500
0.24878597259521484 1500
0.25436902046203613 1500
0.2564258575439453 1500
0.2618749141693115 1500
0.2660088539123535 1500
0.2709388732910156 1500
0.2789878845214844 1500
0.2839069366455078 1500
0.28998398780822754 1500
0.2902488708496094 1500
0.29268383979797363 393
0.2928299903869629 1500
0.2955160140991211 1500
0.2972068786621094 1500
0.3009669780731201 1500
0.30171799659729004 1500
0.30417299270629883 1500
0.3067638874053955 1500
0.3091158866882324 1500
0.31085205078125 1500
0.31341004371643066 1500
0.31697702407836914 1500
0.3178839683532715 393
0.3189108371734619 1500
0.32194995880126953 1500
0.3242828845977783 1500
0.3263509273529053 1500
0.3288440704345703 1500
0.3307068347930908 1500
0.3330819606781006 1500
0.33495497703552246 1500
0.3370020389556885 1500
0.33901405334472656 1500
0.34140896797180176 1500
0.34377288818359375 393
0.3440070152282715 1500
0.34711384773254395 1500
0.3486919403076172 1500
0.35096096992492676 1500
0.35294604301452637 1500
0.3551759719848633 1500
0.3580019474029541 1500
0.3603019714355469 1500
0.36205506324768066 1500
0.3639678955078125 1500
0.3670780658721924 1500
0.3687899112701416 393
0.36995697021484375 1500
0.3720519542694092 1500
0.3740248680114746 1500
0.3762650489807129 1500
0.3778829574584961 1500
0.3800358772277832 1500
0.38214993476867676 1500
0.3841679096221924 1500
0.38584303855895996 1500
0.3884439468383789 1500
0.3906998634338379 1500
0.39310383796691895 1500
0.3953568935394287 1500
0.39694786071777344 1500
0.3989980220794678 1500
0.4012148380279541 1500
0.404080867767334 1500
0.40607500076293945 1500
0.4089548587799072 1500
0.41074705123901367 1500
0.4127819538116455 1500
0.41482996940612793 1500
0.4177248477935791 1500
0.4199230670928955 1500
0.42200803756713867 1500
0.4242980480194092 1500
0.42690300941467285 1500
0.42887187004089355 1500
0.4309089183807373 1500
0.43482398986816406 1500
0.4370548725128174 1500
0.43924403190612793 1500
0.44210195541381836 1500
0.4438669681549072 1500
0.4467599391937256 1500
0.4487180709838867 1500
0.4509549140930176 1500
0.4530949592590332 1500
0.4554178714752197 1500
0.4580659866333008 1500
0.4601418972015381 1500
0.46187400817871094 1500
0.4639458656311035 1500
0.4672379493713379 1500
0.4690968990325928 1500
0.4708728790283203 1500
0.47382307052612305 1500
0.47992396354675293 1500
0.47992396354675293 1500
0.48026394844055176 1500
0.4826979637145996 1500
0.4847249984741211 1500
0.4871828556060791 1500
0.48894786834716797 1500
0.49222302436828613 1500
0.4941060543060303 1500
0.49684596061706543 1500
0.49890804290771484 1500
0.501276969909668 1500
0.5040509700775146 1500
0.5061650276184082 1500
0.5092048645019531 1500
0.511106014251709 1500
0.5129299163818359 1500
0.5157709121704102 1500
0.518359899520874 1500
0.5213098526000977 1500
0.5229349136352539 1500
0.5248880386352539 1500
0.5278339385986328 1500
0.5299170017242432 1500
0.5331389904022217 1500
0.5363278388977051 1500
0.5389058589935303 1500
0.5420658588409424 1500
0.5437338352203369 1500
0.545767068862915 1500
0.5490520000457764 1500
0.5506930351257324 1500
0.5532450675964355 1500
0.5562958717346191 1500
0.5588009357452393 1500
0.560978889465332 1500
0.5633459091186523 1500
0.5660109519958496 1500
0.5681018829345703 1500
0.5703158378601074 1500
0.5727729797363281 1500
0.5748460292816162 1500
0.5770828723907471 1500
0.5792369842529297 1500
0.5834109783172607 1500
0.5842008590698242 1500
0.5862529277801514 1500
0.5890510082244873 1500
0.5913848876953125 1500
0.5950639247894287 1500
0.5959429740905762 1500
0.5978260040283203 1500
0.6011929512023926 1500
0.6032218933105469 1500
0.6048810482025146 1500
0.6080160140991211 1500
0.6101770401000977 1500
0.6120040416717529 1500
0.6139039993286133 1500
0.6159698963165283 1500
0.6180150508880615 1500
0.6210150718688965 1500
0.6227700710296631 1500
0.6248328685760498 1500
0.626896858215332 1500
0.6293418407440186 1500
0.6307480335235596 1500
0.6329760551452637 1500
0.6357748508453369 1500
0.6377830505371094 1500
0.6403138637542725 1500
0.6421899795532227 1500
0.6447930335998535 1500
0.6469318866729736 1500
0.652958869934082 1500
0.652958869934082 1500
0.6531648635864258 1500
0.6549279689788818 1500
0.6582958698272705 1500
0.6602249145507812 1500
0.6622228622436523 1500
0.6666989326477051 1500
0.6666989326477051 1500
0.6687610149383545 1500
0.6707959175109863 1500
0.6730690002441406 1500
0.6749670505523682 1500
0.6772520542144775 1500
0.6801619529724121 1500
0.6818690299987793 1500
0.6847200393676758 1500
0.6869330406188965 1500
0.6902220249176025 1500
0.691992998123169 1500
0.6940069198608398 1500
0.699152946472168 1500
0.699152946472168 1500
0.7033929824829102 1500
0.7041008472442627 1500
0.7063758373260498 1500
0.7087018489837646 1500
0.7109940052032471 1500
0.7130370140075684 1500
0.7169539928436279 1500
0.7205660343170166 1500
0.7210879325866699 1500
0.7233119010925293 421
