1049988
0.0 1500
0.0 1500
0.0011038780212402344 1500
0.0029039382934570312 1500
0.0047149658203125 1500
0.006793022155761719 1500
0.00871586799621582 1500
0.010519981384277344 1500
0.012470006942749023 1500
0.014400005340576172 1500
0.015681982040405273 1500
0.01749396324157715 1500
0.01886582374572754 1500
0.020479917526245117 1500
0.02145099639892578 1500
0.023617029190063477 1500
0.024742841720581055 1500
0.026692867279052734 1500
0.028386831283569336 1500
0.03299999237060547 1500
0.03299999237060547 1500
0.03338980674743652 1500
0.03546285629272461 1500
0.03751087188720703 1500
0.03943800926208496 1500
0.040467023849487305 1500
0.042402029037475586 1500
0.04432082176208496 1500
0.04540896415710449 1500
0.047637939453125 1500
0.04930901527404785 1500
0.05063295364379883 1500
0.05272388458251953 1500
0.05541586875915527 1500
0.06084489822387695 1500
0.06084489822387695 1500
0.06084489822387695 1500
0.0623478889465332 1500
0.0640859603881836 1500
0.06569600105285645 1500
0.06761503219604492 1500
0.06936788558959961 1500
0.0721588134765625 1500
0.07273983955383301 1500
0.07445883750915527 1500
0.07642793655395508 1500
0.07784485816955566 1500
0.0799100399017334 1500
0.08134984970092773 1500
0.08251094818115234 1500
0.08441281318664551 1500
0.08946895599365234 1500
0.08946895599365234 1500
0.09057092666625977 1500
0.09251594543457031 1500
0.09360194206237793 1500
0.09541797637939453 1500
0.09756302833557129 1500
0.09865903854370117 1500
0.1004488468170166 1500
0.1018228530883789 1500
0.10357999801635742 1500
0.10540294647216797 1500
0.10753202438354492 1500
0.10883283615112305 1500
0.1105039119720459 1500
0.11235499382019043 1500
0.1140449047088623 1500
0.11550283432006836 1500
0.11773490905761719 1500
0.1196749210357666 1500
0.12139701843261719 1500
0.12282586097717285 1500
0.12463688850402832 1500
0.12580394744873047 1500
0.12772488594055176 1500
0.12945199012756348 1500
0.1315629482269287 1500
0.13269782066345215 1500
0.13454985618591309 1500
0.13582301139831543 1500
0.1384718418121338 1500
0.13979482650756836 1500
0.14166903495788574 1500
0.14336490631103516 1500
0.14442086219787598 1500
0.14657282829284668 1500
0.14836382865905762 1500
0.14943194389343262 1500
0.1517338752746582 1500
0.15336203575134277 1500
0.15463900566101074 1500
0.15672588348388672 1500
0.15837883949279785 1500
0.15975689888000488 1500
0.16144585609436035 1500
0.16257786750793457 1500
0.16484284400939941 1500
0.16663098335266113 1500
0.16779589653015137 1500
0.16947388648986816 1500
0.17150282859802246 1500
0.1723768711090088 1500
0.17443084716796875 1500
0.17663884162902832 1500
0.17758584022521973 1500
0.17964792251586914 1500
0.1813368797302246 1500
0.18266797065734863 1500
0.18434691429138184 1500
0.18665003776550293 1500
0.18724703788757324 197
23.227391004562378 40
23.278164863586426 1500
23.278164863586426 1500
23.278164863586426 1500
23.279197931289673 1500
23.280959844589233 1500
23.28187894821167 1500
23.284113883972168 1500
23.28537082672119 1500
23.28695583343506 1500
23.288367986679077 1500
23.29023289680481 1500
23.291754007339478 393
23.291854858398438 1500
23.2933030128479 1500
23.30107593536377 1500
23.30107593536377 1500
23.30107593536377 1500
23.30107593536377 1500
23.30227494239807 1500
23.303927898406982 1500
23.305335998535156 1500
23.307029008865356 1500
23.308214902877808 1500
23.31001901626587 393
23.310873985290527 1500
23.31800389289856 1500
23.31800389289856 1500
23.31800389289856 1500
23.31800389289856 1500
23.319193840026855 1500
23.321308851242065 1500
23.32219696044922 1500
23.32385802268982 1500
23.32577395439148 1500
23.326969861984253 1500
23.328109979629517 393
23.328809022903442 1500
23.330195903778076 1500
23.33208990097046 1500
23.332926034927368 1500
23.334775924682617 1500
23.337942838668823 1500
23.337942838668823 1500
23.339859008789062 1500
23.341739892959595 1500
23.343118906021118 1500
23.344105005264282 1500
23.346133947372437 393
23.346740007400513 1500
23.347973823547363 1500
23.34982180595398 1500
23.351850032806396 1500
23.353240966796875 1500
23.35484790802002 1500
23.35621690750122 1500
23.357928037643433 1500
23.35928988456726 1500
23.36090397834778 1500
23.362135887145996 1500
23.364848852157593 393
23.364848852157593 1500
23.368448972702026 1500
23.368448972702026 1500
23.36936902999878 1500
23.370816946029663 1500
23.37230896949768 1500
23.374271869659424 1500
23.376019954681396 1500
23.377030849456787 1500
23.37813091278076 1500
23.380173921585083 1500
23.380945920944214 393
23.381738901138306 1500
23.382839918136597 1500
23.384270906448364 1500
23.386183977127075 1500
23.387269020080566 1500
23.388770818710327 1500
23.389882802963257 1500
23.39197587966919 1500
23.393747806549072 1500
23.394927978515625 1500
23.39616894721985 1500
23.396910905838013 393
23.39814591407776 1500
23.399138927459717 1500
23.400818824768066 1500
23.401790857315063 1500
23.402848958969116 1500
23.40483283996582 1500
23.405990839004517 1500
23.407742977142334 1500
23.408965826034546 1500
23.410226821899414 1500
23.412047863006592 1500
23.412839889526367 1500
23.41384196281433 1500
23.415876865386963 1500
23.41698384284973 1500
23.418810844421387 1500
23.419872999191284 1500
23.420930862426758 1500
23.422842979431152 1500
23.42407488822937 1500
23.424998998641968 1500
23.426841020584106 1500
23.429081916809082 1500
23.430327892303467 1500
23.43173599243164 1500
23.433015823364258 1500
23.43403387069702 1500
23.436158895492554 1500
23.43682885169983 1500
23.439181804656982 1500
23.440171003341675 1500
23.44220781326294 1500
23.44379687309265 1500
23.444870948791504 1500
23.44712781906128 1500
23.448025941848755 1500
23.454887866973877 1500
23.454887866973877 1500
23.454887866973877 1500
23.454887866973877 1500
23.45691990852356 1500
23.45741295814514 1500
23.45934796333313 1500
23.460273027420044 1500
23.461882829666138 1500
23.463078022003174 1500
23.465111017227173 1500
23.468724966049194 1500
23.468724966049194 1500
23.468851804733276 1500
23.471014976501465 1500
23.471942901611328 1500
23.473927974700928 1500
23.475791931152344 1500
23.477807998657227 1500
23.47900891304016 1500
23.480809926986694 1500
23.482183933258057 1500
23.483733892440796 1500
23.48499083518982 1500
23.486785888671875 1500
23.48854088783264 1500
23.489778995513916 1500
23.492133855819702 1500
23.492923974990845 1500
23.49503493309021 1500
23.495893001556396 1500
23.498251914978027 1500
23.499924898147583 1500
23.500842809677124 1500
23.501878023147583 1500
23.50374984741211 1500
23.504998922348022 1500
23.505872011184692 1500
23.507805824279785 1500
23.50882387161255 1500
23.509931802749634 1500
23.512061834335327 1500
23.513007879257202 1500
23.514185905456543 1500
23.515877962112427 1500
23.5169780254364 1500
23.51792597770691 1500
23.519767999649048 1500
23.520790815353394 1500
23.521821975708008 1500
23.52373480796814 1500
23.524837017059326 1500
23.526849031448364 1500
23.52813482284546 1500
23.529222011566162 1500
23.53102993965149 1500
23.531857013702393 1500
23.53304386138916 1500
23.53394889831543 1500
23.535014867782593 1500
23.536831855773926 1500
23.538103818893433 1500
23.538903951644897 1500
23.540254831314087 1500
23.541096925735474 1500
23.54294991493225 1500
23.54375696182251 1500
23.54486894607544 1500
23.547637939453125 1500
23.547637939453125 1500
23.548149824142456 1500
23.550004959106445 1500
23.55107283592224 1500
23.55185890197754 1500
23.55276393890381 1500
23.553993940353394 1500
23.555750846862793 1500
23.556753873825073 1500
23.55808186531067 1500
23.559242010116577 1500
23.560853958129883 1500
23.562394857406616 1500
23.56319499015808 1500
23.564992904663086 1500
23.56573486328125 1500
23.567039966583252 1500
23.568745851516724 1500
23.56998896598816 1500
23.572290897369385 1500
23.572856903076172 1500
23.57508897781372 1500
23.57609987258911 1500
23.578516960144043 1500
23.578732013702393 1500
23.579803943634033 1500
23.581835985183716 1500
23.58286190032959 1500
23.584857940673828 1500
23.585810899734497 1500
23.587910890579224 1500
23.58871293067932 1500
23.591359853744507 1500
23.591750860214233 1500
23.59288001060486 1500
23.594780921936035 1500
23.595749855041504 1500
23.597760915756226 1500
23.598758935928345 1500
23.600796937942505 1500
23.601810932159424 1500
23.603775024414062 1500
23.605106830596924 1500
23.60588788986206 1500
23.60787296295166 1500
23.608881950378418 1500
23.611028909683228 1500
23.612120866775513 1500
23.613972902297974 1500
23.614738941192627 1500
23.617264986038208 1500
23.617758989334106 1500
23.619282960891724 1500
23.62177300453186 1500
23.62182593345642 1500
23.623987913131714 1500
23.624836921691895 1500
23.62688899040222 1500
23.627818822860718 1500
23.632643938064575 1500
23.632643938064575 1500
23.632643938064575 1500
23.63431692123413 1500
23.63472294807434 1500
23.637215852737427 1500
23.637856006622314 1500
23.64001703262329 1500
23.640760898590088 1500
23.64280891418457 1500
23.643723011016846 1500
23.644922018051147 1500
23.646854877471924 1500
23.648080825805664 1500
23.64991593360901 1500
23.650836944580078 1500
23.652716875076294 1500
23.654062032699585 1500
23.655807971954346 1500
23.657824993133545 1500
23.659183979034424 1500
23.659919023513794 1500
23.66125988960266 1500
23.663326025009155 1500
23.664588928222656 1500
23.66585087776184 1500
23.666770935058594 1500
23.66889500617981 1500
23.66994595527649 1500
23.670846939086914 1500
23.672863960266113 1500
23.67379403114319 1500
23.675961017608643 1500
23.6768159866333 1500
23.678781032562256 1500
23.67983889579773 1500
23.682206869125366 1500
23.682782888412476 1500
23.683912992477417 1500
23.685806035995483 1500
23.688861846923828 1500
23.688861846923828 1500
23.690138816833496 1500
23.691723823547363 1500
23.692718029022217 1500
23.694938898086548 1500
23.695727825164795 1500
23.69678282737732 1500
23.698843002319336 1500
23.699842929840088 1500
23.701719999313354 1500
23.702760934829712 1500
23.705062866210938 1500
23.706374883651733 1500
23.70770001411438 1500
23.7097749710083 1500
23.71093487739563 1500
23.71290683746338 1500
23.713894844055176 1500
23.71573281288147 1500
23.716722011566162 1500
23.71829080581665 1500
23.71891689300537 1500
23.720921993255615 1500
23.72174882888794 1500
23.723846912384033 1500
23.724727869033813 1500
23.726131916046143 1500
23.727766036987305 1500
23.72878098487854 1500
23.733718872070312 1500
23.733718872070312 1500
23.733718872070312 1500
23.73543381690979 1500
23.74131989479065 1500
23.74131989479065 1500
23.74131989479065 1500
23.74131989479065 1500
23.741894006729126 1500
23.74412202835083 1500
23.745004892349243 1500
23.747210025787354 1500
23.74883794784546 1500
23.750008821487427 1500
23.750927925109863 1500
23.751837968826294 1500
23.754027843475342 1500
23.75574493408203 1500
23.756935834884644 1500
23.75875997543335 1500
23.7603178024292 1500
23.76126790046692 1500
23.763099908828735 1500
23.76449990272522 1500
23.765798807144165 1500
23.767292976379395 1500
23.768873929977417 1500
23.769970893859863 1500
23.771986961364746 1500
23.773759841918945 1500
23.775178909301758 1500
23.776204824447632 1500
23.777968883514404 1500
23.78011202812195 1500
23.78231382369995 1500
23.783134937286377 1500
23.78516983985901 1500
23.786024808883667 1500
23.788216829299927 1500
23.788769006729126 1500
23.79020380973816 1500
23.790905952453613 1500
23.79289984703064 1500
23.794915914535522 1500
23.802011013031006 1500
23.802011013031006 1500
23.802011013031006 1500
23.802011013031006 1500
23.802011013031006 1500
23.802011013031006 1500
23.803022861480713 1500
23.804461002349854 1500
23.80575394630432 1500
23.8067889213562 1500
23.808799982070923 1500
23.809918880462646 1500
23.81235980987549 1500
23.813844919204712 1500
23.814818859100342 1500
23.81613802909851 1500
23.81709384918213 1500
23.819316864013672 1500
23.82020592689514 1500
23.82203483581543 1500
23.823024034500122 1500
23.824891805648804 1500
23.825889825820923 1500
23.828054904937744 1500
23.828848838806152 1500
23.830688953399658 1500
23.83229899406433 1500
23.833076000213623 1500
23.835325956344604 1500
23.836265802383423 1500
23.837779998779297 1500
23.839128017425537 1500
23.840885877609253 1500
23.84175395965576 1500
23.84272289276123 1500
23.84488081932068 1500
23.84581184387207 1500
23.851876974105835 1500
23.851876974105835 1500
23.851876974105835 1500
23.851876974105835 1500
23.854241847991943 1500
23.85470986366272 1500
23.856037855148315 1500
23.857823848724365 1500
23.859009981155396 1500
23.860795974731445 1500
23.861721992492676 1500
23.864571809768677 1500
23.864730834960938 1500
23.867028951644897 1500
23.867866039276123 1500
23.868727922439575 1500
23.87144184112549 1500
23.871688842773438 1500
23.874119997024536 1500
23.87481689453125 1500
23.87698984146118 1500
23.87784194946289 1500
23.879998922348022 1500
23.88070583343506 1500
23.882004022598267 1500
23.88374900817871 1500
23.88482689857483 1500
23.88678002357483 1500
23.887696027755737 1500
23.88988995552063 1500
23.890815019607544 1500
23.893224954605103 1500
23.894001007080078 1500
23.89574885368347 1500
23.89671301841736 1500
23.898841857910156 1500
23.899849891662598 1500
23.90073800086975 1500
23.903105974197388 1500
23.903705835342407 1500
23.905828952789307 1500
23.90673303604126 1500
23.908735990524292 1500
23.909838914871216 1500
23.91210103034973 1500
23.91276502609253 1500
23.913728952407837 1500
23.91576099395752 1500
23.916783809661865 1500
23.918948888778687 1500
23.9198579788208 1500
23.922045946121216 1500
23.92271900177002 1500
23.924779891967773 1500
23.926267862319946 1500
23.926740884780884 1500
23.92874789237976 1500
23.929771900177002 1500
23.93397283554077 1500
23.93397283554077 1500
23.934945821762085 1500
23.935712814331055 1500
23.937947988510132 1500
23.93870997428894 1500
23.93989896774292 1500
23.94179081916809 1500
23.942891836166382 1500
23.945295810699463 1500
23.94770383834839 1500
23.947975873947144 1500
23.948714017868042 1500
23.951051950454712 1500
23.951997995376587 1500
23.953195810317993 1500
23.954808950424194 1500
23.955899953842163 1500
23.958127975463867 1500
23.958714962005615 1500
23.9611918926239 1500
23.961997985839844 1500
23.964059829711914 1500
23.964977025985718 1500
23.96584701538086 1500
23.968000888824463 1500
23.968748807907104 1500
23.970788955688477 1500
23.972105026245117 1500
23.973963022232056 1500
23.97486901283264 1500
23.977169036865234 1500
23.9777410030365 1500
23.978766918182373 1500
23.980775833129883 1500
23.981833934783936 1500
23.984139919281006 1500
23.984774827957153 1500
23.98713493347168 1500
23.98788595199585 1500
23.989905834197998 1500
23.990767002105713 1500
23.99180793762207 1500
23.99384903907776 1500
23.994849920272827 1500
23.99673581123352 1500
23.997803926467896 1500
24.000191926956177 1500
24.00081491470337 1500
24.002988815307617 1500
24.00519299507141 1500
24.00519299507141 1500
24.006770849227905 1500
24.007797956466675 1500
24.010228872299194 1500
24.01111888885498 1500
24.012802839279175 1500
24.014134883880615 1500
24.016058921813965 1500
24.01671600341797 1500
24.017870903015137 1500
24.01978302001953 1500
24.020732879638672 1500
24.022789001464844 1500
24.023743867874146 1500
24.025802850723267 1500
24.026832818984985 1500
24.028770923614502 1500
24.029850006103516 1500
24.031069040298462 1500
24.03273892402649 1500
24.034024000167847 1500
24.036031007766724 1500
24.038492918014526 1500
24.03883194923401 1500
24.03987193107605 1500
24.041985034942627 1500
24.04275393486023 1500
24.044015884399414 1500
24.04871392250061 1500
24.04871392250061 1500
24.04897689819336 1500
24.04989981651306 1500
24.052018880844116 1500
24.05384397506714 1500
24.055104970932007 1500
24.056118965148926 1500
24.057029962539673 1500
24.05884099006653 1500
24.059969902038574 1500
24.061919927597046 1500
24.062768936157227 1500
24.06485080718994 1500
24.065834999084473 1500
24.06780195236206 1500
24.068814992904663 1500
24.069820880889893 1500
24.072975873947144 1500
24.072975873947144 1500
24.074862003326416 1500
24.07625389099121 1500
24.078110933303833 1500
24.079154014587402 1500
24.080875873565674 1500
24.0817289352417 1500
24.082913875579834 1500
24.085134983062744 1500
24.08610200881958 1500
24.087774991989136 1500
24.089847803115845 1500
24.09080195426941 1500
24.092269897460938 1500
24.093859910964966 1500
24.09479784965515 1500
24.096853971481323 1500
24.098299980163574 1500
24.099792003631592 1500
24.100961923599243 1500
24.10288691520691 1500
24.103932857513428 1500
24.106072902679443 1500
24.10775899887085 1500
24.109359979629517 1500
24.109923839569092 1500
24.11189103126526 1500
24.113126039505005 1500
24.113792896270752 1500
24.115394830703735 1500
24.116904973983765 1500
24.118300914764404 1500
24.120002031326294 1500
24.12081503868103 1500
24.122877836227417 1500
24.123750925064087 1500
24.12493586540222 1500
24.126864910125732 1500
24.127838850021362 1500
