1048684
0.0 1500
0.0007421970367431641 1500
0.002868175506591797 1500
0.0037550926208496094 1500
0.005942106246948242 1500
0.007739067077636719 1500
0.0077822208404541016 1500
0.009827136993408203 1500
0.01106119155883789 1500
0.013010025024414062 1500
0.013990163803100586 1500
0.015855073928833008 184
0.015995025634765625 1500
0.016497135162353516 1500
0.019123077392578125 1500
0.019526004791259766 1500
0.021750211715698242 1500
0.022898197174072266 1500
0.02493000030517578 1500
0.025413036346435547 1500
0.026897192001342773 1500
0.028672218322753906 1500
0.030024051666259766 1500
0.03238511085510254 1500
0.032582998275756836 1500
0.034912109375 1500
0.035508155822753906 1500
0.03757119178771973 1500
0.03854107856750488 1500
0.04080605506896973 1500
0.04144406318664551 1500
0.042632102966308594 1500
0.04463601112365723 1500
0.04596519470214844 1500
0.047965049743652344 1500
0.04862618446350098 1500
0.05083799362182617 1500
0.051429033279418945 1500
0.05257821083068848 1500
0.054868221282958984 1500
0.05564308166503906 1500
0.05790400505065918 1500
0.05858016014099121 1500
0.060706138610839844 1500
0.061614990234375 1500
0.06354308128356934 1500
0.0649712085723877 1500
0.06685304641723633 1500
0.06765198707580566 1500
0.06957411766052246 1500
0.07070517539978027 1500
0.0718841552734375 1500
0.07375407218933105 1500
0.07654118537902832 1500
0.07654118537902832 1500
0.08252811431884766 1500
0.08252811431884766 1500
0.08252811431884766 1500
0.08291912078857422 1500
0.08366703987121582 1500
0.08489298820495605 1500
0.08654904365539551 1500
0.0879061222076416 1500
0.08969306945800781 1500
0.09150505065917969 1500
0.10528016090393066 1500
0.10528016090393066 1500
0.10528016090393066 1500
0.10528016090393066 1500
0.10528016090393066 1500
0.10528016090393066 1500
0.10528016090393066 1500
0.10549807548522949 1500
0.10549807548522949 1500
0.10565304756164551 1500
0.10707616806030273 1500
0.10903811454772949 1500
0.10992717742919922 1500
0.1122291088104248 1500
0.11267709732055664 1500
0.11529111862182617 1500
0.11574602127075195 1500
0.11689901351928711 1500
0.11883211135864258 1500
0.12081098556518555 1500
0.12179708480834961 1500
0.12303805351257324 1500
0.12883520126342773 1500
0.12883520126342773 1500
0.12883520126342773 1500
0.12883520126342773 1500
0.1369481086730957 1500
0.1369481086730957 1500
0.1369481086730957 1500
0.1369481086730957 1500
0.1369481086730957 1500
0.13780808448791504 1500
0.1385350227355957 1500
0.14187908172607422 1500
0.14187908172607422 1500
0.14272499084472656 1500
0.14506101608276367 1500
0.14570116996765137 1500
0.14809203147888184 1500
0.14861512184143066 1500
0.15321111679077148 1500
0.15321111679077148 1500
0.1563432216644287 1500
0.1563432216644287 1500
0.1563432216644287 1500
0.15772008895874023 1500
0.1588151454925537 1500
0.16090607643127441 1500
0.1615161895751953 1500
0.16429615020751953 1500
0.16451215744018555 1500
0.16685914993286133 1500
0.16753721237182617 1500
0.1687941551208496 1500
0.1707770824432373 1500
0.17189908027648926 1500
0.17450714111328125 1500
0.1746060848236084 1500
0.17780399322509766 1500
0.17780399322509766 1500
0.17991209030151367 1500
0.1808772087097168 1500
0.18190598487854004 1500
0.18352007865905762 1500
0.18491816520690918 1500
0.18675518035888672 1500
0.1877431869506836 1500
0.18962407112121582 1500
0.19052720069885254 1500
0.1926720142364502 1500
0.19352507591247559 1500
0.19623899459838867 1500
0.1966691017150879 1500
0.19764018058776855 1500
0.19963622093200684 1500
0.20055198669433594 1500
0.20263409614562988 1500
0.2036881446838379 1500
0.20690107345581055 1500
0.20697021484375 1500
0.20746517181396484 1500
0.20980310440063477 1500
0.2105569839477539 1500
0.21274518966674805 1500
0.2134690284729004 1500
0.21573901176452637 1500
0.21645712852478027 1500
0.21861004829406738 1500
0.21941304206848145 1500
0.22083616256713867 1500
0.22292518615722656 1500
0.22380304336547852 1500
0.22545504570007324 1500
0.22669100761413574 1500
0.22875618934631348 1500
0.22947216033935547 1500
0.231734037399292 1500
0.23270320892333984 1500
0.2339491844177246 1500
0.23605799674987793 1500
0.23682498931884766 1500
0.23892521858215332 1500
0.24011921882629395 1500
0.2419421672821045 1500
0.24264121055603027 1500
0.2452101707458496 1500
0.2457590103149414 1500
0.24678421020507812 1500
0.24859404563903809 1500
0.2496650218963623 1500
0.2528262138366699 1500
0.2528262138366699 1500
0.2548410892486572 1500
0.2554810047149658 1500
0.2578310966491699 1500
0.25861620903015137 1500
0.2609109878540039 1500
0.2617020606994629 1500
0.26273512840270996 1500
0.2645590305328369 1500
0.2659010887145996 1500
0.2677340507507324 1500
0.2686171531677246 1500
0.27088499069213867 1500
0.2715740203857422 1500
0.27366209030151367 1500
0.27451419830322266 1500
0.27602720260620117 1500
0.27748799324035645 1500
0.2795851230621338 1500
0.28079915046691895 1500
0.2819950580596924 1500
0.28366613388061523 1500
0.28479719161987305 1500
0.28667616844177246 1500
0.28772902488708496 1500
0.2897059917449951 1500
0.2909049987792969 1500
0.2928600311279297 1500
0.2936520576477051 1500
0.29491209983825684 1500
0.2979271411895752 1500
0.2979271411895752 1500
0.29963207244873047 1500
0.3005490303039551 1500
0.3027770519256592 1500
0.30348920822143555 1500
0.3058462142944336 1500
0.3065152168273926 1500
0.3079681396484375 1500
0.30955004692077637 1500
0.3105030059814453 1500
0.3125150203704834 1500
0.3138411045074463 1500
0.3168060779571533 1500
0.3169441223144531 1500
0.3190581798553467 1500
0.31963515281677246 1500
0.3206000328063965 1500
0.3225891590118408 1500
0.3238370418548584 1500
0.32555508613586426 1500
0.32785606384277344 1500
0.32895421981811523 1500
0.3299829959869385 1500
0.33153510093688965 1500
0.3329341411590576 1500
0.3341350555419922 1500
0.33568620681762695 1500
0.3366889953613281 1500
0.3396341800689697 1500
0.3396341800689697 1500
0.3418149948120117 1500
0.34255313873291016 1500
0.3449270725250244 1500
0.34561610221862793 1500
0.3465311527252197 1500
0.34855103492736816 1500
0.34978413581848145 1500
0.35181117057800293 1500
0.35257411003112793 1500
0.3550150394439697 1500
0.3555290699005127 1500
0.3592660427093506 1500
0.3592660427093506 1500
0.35956907272338867 1500
0.3619651794433594 1500
0.36266517639160156 1500
0.36454200744628906 1500
0.3656191825866699 1500
0.36752915382385254 1500
0.3689122200012207 1500
0.37087321281433105 1500
0.37178611755371094 1500
0.37256908416748047 1500
0.3750271797180176 1500
0.3759322166442871 1500
0.37791013717651367 1500
0.3785130977630615 1500
0.3810410499572754 1500
0.3815121650695801 1500
0.38398313522338867 1500
0.3849952220916748 1500
0.38672900199890137 1500
0.38767409324645996 1500
0.38875699043273926 1500
0.39073610305786133 1500
0.39179301261901855 1500
0.3938632011413574 1500
0.3946502208709717 1500
0.3965890407562256 1500
0.3977789878845215 1500
0.39989304542541504 1500
0.4005920886993408 1500
0.401792049407959 1500
0.40377211570739746 1500
0.40461301803588867 1500
0.40692710876464844 1500
0.40767407417297363 1500
0.410067081451416 1500
0.41057920455932617 1500
0.41307711601257324 1500
0.4134531021118164 1500
0.4151902198791504 1500
0.4168422222137451 1500
0.4175410270690918 1500
0.4195210933685303 1500
0.42056918144226074 1500
0.4234931468963623 1500
0.4234931468963623 1500
0.42571520805358887 1500
0.42658519744873047 1500
0.4292631149291992 1500
0.42976903915405273 1500
0.43055200576782227 1500
0.43380212783813477 1500
0.43380212783813477 1500
0.4358701705932617 1500
0.4365730285644531 1500
0.43912506103515625 1500
0.4396061897277832 1500
0.44097304344177246 1500
0.4425489902496338 1500
0.44518613815307617 1500
0.4463992118835449 1500
0.4468510150909424 1500
0.44875407218933105 1500
0.44962406158447266 1500
0.45203113555908203 1500
0.45254015922546387 1500
0.4537160396575928 1500
0.4559621810913086 1500
0.45652198791503906 1500
0.4587290287017822 1500
0.4596412181854248 1500
0.46184706687927246 1500
0.46243810653686523 1500
0.4658241271972656 1500
0.4658241271972656 1500
0.46655917167663574 1500
0.4684882164001465 1500
0.4695169925689697 1500
0.47197508811950684 1500
0.4724850654602051 1500
0.47526121139526367 1500
0.47569704055786133 1500
0.47777318954467773 1500
0.47858619689941406 1500
0.48005199432373047 1500
0.481809139251709 1500
0.48273801803588867 1500
0.48487019538879395 1500
0.48555803298950195 1500
0.4878830909729004 1500
0.4887092113494873 1500
0.49094104766845703 1500
0.4921271800994873 1500
0.49283409118652344 1500
0.4945261478424072 1500
0.49556398391723633 1500
0.49883317947387695 1500
0.49889206886291504 1500
0.5008401870727539 1500
0.502032995223999 1500
0.5038950443267822 1500
0.5044159889221191 1500
0.5057110786437988 1500
0.5075881481170654 1500
0.508721113204956 1500
0.5107111930847168 1500
0.5115270614624023 1500
0.5142509937286377 1500
0.5145599842071533 1500
0.5167360305786133 1500
0.5176842212677002 1500
0.5189950466156006 1500
0.5205709934234619 1500
0.5220730304718018 1500
0.5237021446228027 1500
0.5245170593261719 1500
0.5268452167510986 1500
0.5276951789855957 1500
0.5299270153045654 1500
0.5308899879455566 1500
0.5318260192871094 1500
0.5335381031036377 1500
0.5348420143127441 1500
0.5367331504821777 1500
0.5375571250915527 1500
0.5399141311645508 1500
0.5407969951629639 1500
0.5428400039672852 1500
0.5434160232543945 1500
0.5464231967926025 1500
0.5465881824493408 1500
0.5479001998901367 1500
0.5496981143951416 1500
0.5509130954742432 1500
0.552544116973877 1500
0.5538051128387451 1500
0.5556621551513672 1500
0.5567371845245361 1500
0.5576171875 1500
0.5596961975097656 1500
0.5605370998382568 1500
0.56280517578125 1500
0.5643970966339111 1500
0.5654840469360352 1500
0.5664551258087158 1500
0.5700511932373047 1500
0.5700511932373047 1500
0.5717670917510986 1500
0.5724971294403076 1500
0.574876070022583 1500
0.575484037399292 1500
0.5778391361236572 1500
0.5785059928894043 1500
0.579827070236206 1500
0.5817081928253174 1500
0.5827641487121582 1500
0.5845420360565186 1500
0.5855350494384766 1500
0.5878582000732422 1500
0.5888001918792725 1500
0.5909831523895264 1500
0.5917301177978516 1500
0.5929920673370361 1500
0.5947999954223633 1500
0.5955891609191895 1500
0.5982880592346191 1500
0.5988061428070068 1500
0.6008591651916504 1500
0.6015021800994873 1500
0.604978084564209 1500
0.604978084564209 1500
0.6054811477661133 1500
0.6076881885528564 1500
0.6086580753326416 1500
0.6108381748199463 1500
0.6115221977233887 1500
0.6142911911010742 1500
0.6144561767578125 1500
0.6168990135192871 1500
0.6176581382751465 1500
0.6184830665588379 1500
0.6207840442657471 1500
0.6215879917144775 1500
0.6239900588989258 1500
0.6247260570526123 1500
0.6267721652984619 1500
0.6274762153625488 1500
0.6298379898071289 1500
0.6304821968078613 1500
0.6317720413208008 1500
0.6335391998291016 1500
0.634742021560669 1500
0.6368591785430908 1500
0.6375291347503662 1500
0.6398890018463135 1500
0.640578031539917 1500
0.6447281837463379 1500
0.6506202220916748 1500
0.6625041961669922 1500
0.665661096572876 1500
0.6728651523590088 1500
0.6789841651916504 1500
0.6794910430908203 1500
0.6866240501403809 1500
0.6964101791381836 1500
0.6994850635528564 1500
0.7063901424407959 1500
0.7133750915527344 1500
0.7146761417388916 1500
0.7216091156005859 1500
0.729668140411377 1500
0.7344760894775391 1500
0.7419941425323486 1500
0.7477931976318359 1500
0.7486591339111328 1500
0.7555441856384277 1500
0.7605462074279785 1500
0.7666141986846924 1500
0.7706010341644287 1500
0.7745201587677002 1500
0.7766740322113037 1500
0.7805089950561523 1500
0.7866001129150391 1500
0.7926280498504639 1500
0.79671311378479 1500
0.8005151748657227 1500
0.8060250282287598 1500
0.8066091537475586 1500
0.8128170967102051 1500
0.822638988494873 1500
0.822638988494873 1500
0.8300051689147949 1500
0.8316640853881836 1500
0.8337152004241943 1500
0.8375279903411865 1500
0.8414030075073242 1500
0.8491611480712891 1500
0.8525600433349609 1500
0.8557131290435791 1500
0.8589580059051514 1500
0.8651680946350098 1500
0.8651680946350098 1500
0.8680400848388672 1500
0.8705952167510986 1500
0.8738110065460205 1500
0.8755271434783936 1500
0.8777492046356201 1500
0.881925106048584 1500
0.8845810890197754 1500
0.8875260353088379 1500
0.8914182186126709 1500
0.8919861316680908 1500
0.8978040218353271 1500
0.8978040218353271 1500
0.8978040218353271 1500
0.8978040218353271 1500
0.8986990451812744 1500
0.90065598487854 1500
0.9017760753631592 1500
0.903853178024292 1500
0.9054820537567139 1500
0.9068591594696045 1500
0.907567024230957 1500
0.9095380306243896 1500
0.9105350971221924 1500
0.9117782115936279 1500
0.9139201641082764 1500
0.914661169052124 1500
0.9164800643920898 1500
0.9179041385650635 1500
0.9198281764984131 1500
0.9205172061920166 1500
0.9229462146759033 1500
0.9234750270843506 1500
0.9247000217437744 1500
0.9280130863189697 1500
0.9280900955200195 1500
0.929854154586792 1500
0.9304242134094238 1500
0.932854175567627 1500
0.9334731101989746 1500
0.9359071254730225 1500
0.9365220069885254 1500
0.938270092010498 1500
0.9396770000457764 1500
0.9404921531677246 1500
0.942608118057251 1500
0.9435460567474365 1500
0.9456751346588135 1500
0.9465310573577881 1500
0.9501900672912598 1500
0.9502739906311035 1500
0.9518840312957764 1500
0.9524710178375244 1500
0.9548430442810059 1500
0.9615280628204346 1500
0.9615280628204346 1500
0.9615280628204346 1500
0.9615280628204346 1500
0.962989091873169 1500
0.962989091873169 1500
0.9650599956512451 1500
0.9655320644378662 1500
0.9678940773010254 1500
0.9687449932098389 1500
0.9712381362915039 1500
0.9714961051940918 1500
0.9738881587982178 1500
0.9747231006622314 1500
0.9768860340118408 1500
0.9775831699371338 1500
0.9800431728363037 1500
0.9805440902709961 1500
0.9818401336669922 1500
0.9852352142333984 1500
0.9852750301361084 1500
0.986774206161499 1500
0.9877111911773682 1500
0.9896411895751953 1500
0.9905340671539307 1500
0.9926960468292236 1500
0.993523120880127 1500
0.9993221759796143 1500
0.9993221759796143 1500
0.9993221759796143 1500
0.9995450973510742 1500
1.0005450248718262 1500
1.0030920505523682 1500
1.0035400390625 1500
1.0059411525726318 1500
1.0064020156860352 1500
1.0088720321655273 1500
1.0100030899047852 1500
1.0107860565185547 1500
1.012693166732788 1500
1.0139641761779785 1500
1.015974998474121 1500
1.0165040493011475 1500
1.018874168395996 1500
1.0196540355682373 1500
1.0205512046813965 1500
1.0228960514068604 1500
1.0234410762786865 1500
1.0259110927581787 1500
1.0269150733947754 1500
1.0290451049804688 1500
1.0294702053070068 1500
1.0318410396575928 1500
1.0324461460113525 1500
1.0338521003723145 1500
1.0357542037963867 1500
1.036633014678955 1500
1.0389621257781982 1500
1.0396201610565186 1500
1.0414650440216064 1500
1.0424749851226807 1500
1.0449481010437012 1500
1.0454812049865723 1500
1.046476125717163 1500
1.051542043685913 1500
1.051542043685913 1500
1.0531561374664307 1500
1.0531561374664307 1500
1.054819107055664 1500
1.0557010173797607 1500
1.0593202114105225 1500
1.0600261688232422 1500
1.0607571601867676 1500
1.0619490146636963 1500
1.0638999938964844 1500
1.0645811557769775 1500
1.0658140182495117 1500
1.0675761699676514 1500
1.0685420036315918 1500
1.0740690231323242 1500
1.0740690231323242 1500
1.0742301940917969 1500
1.0748631954193115 1500
1.075897216796875 1500
1.0778729915618896 1500
1.0789151191711426 1500
1.080826997756958 1500
1.0820741653442383 1500
1.083698034286499 1500
1.084557056427002 1500
1.0859451293945312 1500
1.0879721641540527 1500
1.0885419845581055 1500
1.0908541679382324 1500
1.0915501117706299 1500
1.093860149383545 1500
1.0945072174072266 1500
1.0969011783599854 1500
1.0977530479431152 1500
1.098586082458496 1500
1.1006791591644287 1500
1.101499080657959 1500
1.1039221286773682 1500
1.1046411991119385 1500
1.106809139251709 1500
1.1082100868225098 1500
1.109795093536377 1500
1.110525131225586 1500
1.1164860725402832 1500
1.1164860725402832 1500
1.1164860725402832 1500
1.116697072982788 1500
1.117441177368164 1500
1.1198291778564453 1500
1.1208300590515137 1500
1.1228899955749512 1500
1.1235721111297607 1500
1.124669075012207 1500
1.1270999908447266 1500
1.1281461715698242 1500
1.1300711631774902 1500
1.1309101581573486 1500
1.1370210647583008 1500
1.1370210647583008 1500
1.1370210647583008 1500
1.1370210647583008 1500
1.1392171382904053 1500
1.1395812034606934 1500
1.1418089866638184 1500
1.1424720287322998 1500
1.1446850299835205 1500
1.1456141471862793 1500
1.14680814743042 1500
1.1488142013549805 1500
1.1496012210845947 1500
1.1518840789794922 1500
1.1528232097625732 1500
1.1547491550445557 1500
1.155791997909546 1500
1.1626241207122803 1500
1.1626241207122803 1500
1.1626241207122803 1500
1.1626241207122803 1500
1.1627650260925293 1500
1.1697521209716797 1500
1.1697521209716797 1500
1.1697521209716797 1500
1.1697521209716797 1500
1.1710271835327148 1500
1.1715631484985352 1500
1.1725211143493652 1500
1.1747360229492188 1500
1.1759390830993652 1500
1.1779429912567139 1500
1.178551197052002 1500
1.1810250282287598 1500
