651000
0.0 1500
0.0018160343170166016 1500
0.002668142318725586 1500
0.004851102828979492 1500
0.005946159362792969 1500
0.007745027542114258 1500
0.00869607925415039 1500
0.010898113250732422 1500
0.011633157730102539 1500
0.012675046920776367 1500
0.014816999435424805 1500
0.01572704315185547 1500
0.017635107040405273 1500
0.01904916763305664 1500
0.020926952362060547 1500
0.021615028381347656 1500
0.023846149444580078 1500
0.024940013885498047 1500
0.025589942932128906 1500
0.027570009231567383 1500
0.029098033905029297 1500
0.03066706657409668 1500
0.03168201446533203 1500
0.033599138259887695 1500
0.03456306457519531 1500
0.03677201271057129 1500
0.03765106201171875 1500
0.038848161697387695 1500
0.04088306427001953 1500
0.041528940200805664 1500
0.044096946716308594 1500
0.045107126235961914 1500
0.04735708236694336 1500
0.04778003692626953 1500
0.04958605766296387 1500
0.05085015296936035 1500
0.051679134368896484 1500
0.05404496192932129 1500
0.05587506294250488 1500
0.05690908432006836 1500
0.05866193771362305 1500
0.05954313278198242 1500
0.06078910827636719 1500
0.06259012222290039 1500
0.06405210494995117 1500
0.06457710266113281 1500
0.06674003601074219 1500
0.06757497787475586 1500
0.07012104988098145 1500
0.07081413269042969 1500
0.07293200492858887 1500
0.07351303100585938 1500
0.0759730339050293 1500
0.07669305801391602 1500
0.07901716232299805 1500
0.07964515686035156 1500
0.08217811584472656 1500
0.08306193351745605 1500
0.08534407615661621 1500
0.08643293380737305 1500
0.08796906471252441 1500
0.08885312080383301 1500
0.08997511863708496 1500
0.09202194213867188 1500
0.09270215034484863 1500
0.09464812278747559 1500
0.09584593772888184 1500
0.09760308265686035 1500
0.09884405136108398 1500
0.10088515281677246 1500
0.10157608985900879 1500
0.10380315780639648 1500
0.10452413558959961 1500
0.10590910911560059 1500
0.10799002647399902 1500
0.10907101631164551 1500
0.1109011173248291 1500
0.11178708076477051 1500
0.11412310600280762 1500
0.11466407775878906 1500
0.11719393730163574 1500
0.12025308609008789 1500
0.12025308609008789 1500
0.12099599838256836 1500
0.12166714668273926 1500
0.12371206283569336 1500
0.12484502792358398 1500
0.12704801559448242 1500
0.12784314155578613 1500
0.13032293319702148 1500
0.13085603713989258 1500
0.13173198699951172 1500
0.13416695594787598 1500
0.13469696044921875 1500
0.13675904273986816 1500
0.13802695274353027 1500
0.13990497589111328 1500
0.14086008071899414 1500
0.14261102676391602 1500
0.14385104179382324 1500
0.14457416534423828 1500
0.14691901206970215 1500
0.14833307266235352 1500
0.1496429443359375 1500
0.15196609497070312 1500
0.1529381275177002 1500
0.15489912033081055 1500
0.15574407577514648 1500
0.15695905685424805 1500
0.15883612632751465 1500
0.15999102592468262 1500
0.16066598892211914 1500
0.16310906410217285 1500
0.16385412216186523 1500
0.16586613655090332 1500
0.1670360565185547 1500
0.1689441204071045 1500
0.16977810859680176 1500
0.17165303230285645 1500
0.17277908325195312 1500
0.17384600639343262 1500
0.17597293853759766 1500
0.17792415618896484 1500
0.17887496948242188 1500
0.18079495429992676 1500
0.18303608894348145 1500
0.18493008613586426 1500
0.18593597412109375 1500
0.18666505813598633 1500
0.18859601020812988 1500
0.18993210792541504 1500
0.19210004806518555 1500
0.19246816635131836 1500
0.192626953125 1500
0.19479107856750488 1500
0.19590997695922852 1500
0.19794511795043945 1500
0.1989760398864746 1500
0.2009601593017578 1500
0.20170903205871582 1500
0.20363998413085938 1500
0.2047109603881836 1500
0.20591998100280762 1500
0.20757102966308594 1500
0.20877599716186523 1500
0.21087002754211426 1500
0.2117321491241455 1500
0.2137460708618164 1500
0.21478700637817383 1500
0.2168879508972168 1500
0.21786904335021973 1500
0.2186269760131836 1500
0.2207040786743164 1500
0.22173500061035156 1500
0.2239830493927002 1500
0.22492003440856934 1500
0.22745800018310547 1500
0.22759103775024414 1500
0.2299799919128418 1500
0.23093295097351074 1500
0.231611967086792 1500
0.2340090274810791 1500
0.23562908172607422 1500
0.23711895942687988 1500
0.23888206481933594 1500
0.23962116241455078 1500
0.24200701713562012 1500
0.2426910400390625 1500
0.2441699504852295 1500
0.2456200122833252 1500
0.24683904647827148 1500
0.24871110916137695 1500
0.25006794929504395 1500
0.2511119842529297 1500
0.25281310081481934 1500
0.25368714332580566 1500
0.2557790279388428 1500
0.2565901279449463 1500
0.2576470375061035 1500
0.25980710983276367 1500
0.2606351375579834 1500
0.2625141143798828 1500
0.26352500915527344 1500
0.2658259868621826 1500
0.2668020725250244 1500
0.2689189910888672 1500
0.26980113983154297 1500
0.2720329761505127 1500
0.27355504035949707 1500
0.2751181125640869 1500
0.2756500244140625 1500
0.27779507637023926 1500
0.27899694442749023 1500
0.2799050807952881 1500
0.2816600799560547 1500
0.28303098678588867 1500
0.2868649959564209 1500
0.2868649959564209 1500
0.28795814514160156 1500
0.2886230945587158 1500
0.2911040782928467 1500
0.2917349338531494 1500
0.2937431335449219 1500
0.294849157333374 1500
0.296065092086792 1500
0.2976260185241699 1500
0.2985081672668457 1500
0.3009171485900879 1500
0.30156493186950684 1500
0.30351710319519043 1500
0.3056180477142334 1500
0.3068690299987793 1500
0.3079719543457031 1500
0.3087611198425293 1500
0.3111701011657715 1500
0.31192994117736816 1500
0.3138611316680908 1500
0.3156399726867676 1500
0.31679296493530273 1500
0.31801414489746094 1500
0.32004809379577637 1500
0.32303309440612793 1500
0.32303309440612793 1500
0.32459497451782227 1500
0.32607412338256836 1500
0.3278050422668457 1500
0.3288300037384033 1500
0.3305189609527588 1500
0.3315460681915283 1500
0.332813024520874 1500
0.3348860740661621 1500
0.3358280658721924 1500
0.3370981216430664 1500
0.33861494064331055 1500
0.33957695960998535 1500
0.34088802337646484 1500
0.34276413917541504 1500
0.3438129425048828 1500
0.34612607955932617 1500
0.3466610908508301 1500
0.34876203536987305 1500
0.35054993629455566 1500
0.35054993629455566 1500
0.35285210609436035 1500
0.3551361560821533 1500
0.3567321300506592 1500
0.3579080104827881 1500
0.3587350845336914 1500
0.3608851432800293 1500
0.36159801483154297 1500
0.36382102966308594 1500
0.36512303352355957 1500
0.36617612838745117 1500
0.3679029941558838 1500
0.36867403984069824 1500
0.3705301284790039 1500
0.3719789981842041 1500
0.3726980686187744 1500
0.3746180534362793 1500
0.37569713592529297 1500
0.3769381046295166 1500
0.37894415855407715 1500
0.3795771598815918 1500
0.3815491199493408 1500
0.3829679489135742 1500
0.3845851421356201 1500
0.38596105575561523 1500
0.387753963470459 1500
0.3886840343475342 1500
0.39075493812561035 1500
0.39163899421691895 1500
0.3938751220703125 1500
0.3949160575866699 1500
0.39708900451660156 1500
0.3981921672821045 1500
0.39987897872924805 1500
0.40087008476257324 1500
0.4030909538269043 1500
0.40348100662231445 1500
0.4047391414642334 1500
0.4069490432739258 1500
0.40908193588256836 1500
0.40980005264282227 1500
0.41106104850769043 1500
0.4128451347351074 1500
0.41374707221984863 1500
0.4157230854034424 1500
0.416546106338501 1500
0.41762804985046387 1500
0.41985011100769043 1500
0.42072200775146484 1500
0.422821044921875 1500
0.4236481189727783 1500
0.42594099044799805 1500
0.42653608322143555 1500
0.4286961555480957 1500
0.4296841621398926 1500
0.4306039810180664 1500
0.43286895751953125 1500
0.43357014656066895 1500
0.4363579750061035 1500
0.4367389678955078 1500
0.4387640953063965 1500
0.43982601165771484 1500
0.44158315658569336 1500
0.4428420066833496 1500
0.44399213790893555 1500
0.4457700252532959 1500
0.44661402702331543 1500
0.4487149715423584 1500
0.4499790668487549 1500
0.4517631530761719 1500
0.4526360034942627 1500
0.4546079635620117 1500
0.4557211399078369 1500
0.45757102966308594 1500
0.458820104598999 1500
0.460543155670166 1500
0.46211814880371094 1500
0.4641420841217041 1500
0.4646921157836914 1500
0.46578216552734375 1500
0.46791911125183105 1500
0.46881699562072754 1500
0.4706289768218994 1500
0.47154808044433594 1500
0.4736640453338623 1500
0.47466301918029785 1500
0.47696614265441895 1500
0.47769594192504883 1500
0.47888803482055664 1500
0.480694055557251 1500
0.48178911209106445 1500
0.483734130859375 1500
0.48490405082702637 1500
0.4866659641265869 1500
0.4878859519958496 1500
0.49001193046569824 1500
0.4906020164489746 1500
0.49167704582214355 1500
0.49410295486450195 1500
0.49489307403564453 1500
0.49685096740722656 1500
0.49770498275756836 1500
0.5040040016174316 1500
0.5040040016174316 1500
0.5040040016174316 1500
0.5040040016174316 1500
0.5048191547393799 1500
0.5065350532531738 1500
0.5076310634613037 1500
0.5098061561584473 1500
0.5108439922332764 1500
0.5128140449523926 1500
0.5138781070709229 1500
0.5156741142272949 1500
0.5167789459228516 1500
0.5179300308227539 1500
0.5197751522064209 1500
0.5216670036315918 1500
0.5228371620178223 1500
0.5238020420074463 1500
0.5259759426116943 1500
0.5268161296844482 1500
0.5290570259094238 1500
0.5296120643615723 1500
0.5307109355926514 1500
0.5327661037445068 1500
0.5339629650115967 1500
0.5360591411590576 1500
0.5366251468658447 1500
0.5385420322418213 1500
0.5396571159362793 1500
0.5419149398803711 1500
0.5425939559936523 1500
0.5435240268707275 1500
0.5459761619567871 1500
0.5466890335083008 1500
0.5489230155944824 1500
0.5496139526367188 1500
0.5521140098571777 1500
0.552699089050293 1500
0.5548141002655029 1500
0.5558731555938721 1500
0.5568599700927734 1500
0.5590050220489502 1500
0.5597500801086426 1500
0.5617671012878418 1500
0.5627970695495605 1500
0.5646660327911377 1500
0.5658371448516846 1500
0.5677740573883057 1500
0.5688140392303467 1500
0.5695419311523438 1500
0.5717289447784424 1500
0.5726370811462402 1500
0.5748169422149658 1500
0.5760431289672852 1500
0.5776669979095459 1500
0.5787889957427979 1500
0.5813829898834229 1500
0.58207106590271 1500
0.5839719772338867 1500
0.5845551490783691 1500
0.5857081413269043 1500
0.587986946105957 1500
0.5887300968170166 1500
0.5913350582122803 1500
0.5925259590148926 1500
0.5940780639648438 1500
0.5948231220245361 1500
0.5966861248016357 1500
0.5978069305419922 1500
0.5986371040344238 1500
0.6009571552276611 1500
0.601952075958252 1500
0.6036739349365234 1500
0.6051220893859863 1500
0.6071169376373291 1500
0.6077020168304443 1500
0.6101009845733643 1500
0.6107580661773682 1500
0.6115560531616211 1500
0.6139931678771973 1500
0.614732027053833 1500
0.6166419982910156 1500
0.618833065032959 1500
0.619704008102417 1500
0.6207759380340576 1500
0.6227669715881348 1500
0.6237919330596924 1500
0.6247210502624512 1500
0.6265730857849121 1500
0.6280331611633301 1500
