1050000
0.0 1500
0.001016855239868164 1500
0.0029518604278564453 1500
0.0037488937377929688 1500
0.0051958560943603516 1500
0.0061228275299072266 1500
0.008054971694946289 1500
0.009238958358764648 1500
0.011000871658325195 1500
0.012190818786621094 1500
0.015182018280029297 1500
0.01624894142150879 1500
0.018037796020507812 1500
0.019199848175048828 1500
0.021081924438476562 1500
0.022261857986450195 1500
0.024176836013793945 1500
0.02508997917175293 1500
0.025873899459838867 1500
0.028239011764526367 1500
0.029687881469726562 1500
0.031210899353027344 1500
0.03304696083068848 1500
0.034207820892333984 1500
0.035826921463012695 1500
0.03716087341308594 1500
0.038107872009277344 1500
0.04000091552734375 1500
0.041203975677490234 1500
0.042990922927856445 1500
0.044133901596069336 1500
0.0449519157409668 1500
0.04707694053649902 1500
0.0482180118560791 1500
0.05038595199584961 1500
0.0511479377746582 1500
0.0531458854675293 1500
0.05418992042541504 1500
0.05607795715332031 1500
0.05814385414123535 1500
0.0592808723449707 1500
0.060220956802368164 1500
0.06112790107727051 1500
0.06312179565429688 1500
0.06424188613891602 1500
0.06522393226623535 1500
0.06720685958862305 1500
0.0681920051574707 1500
0.06893301010131836 1500
0.07011580467224121 1500
0.0720829963684082 1500
0.07319402694702148 1500
0.07406902313232422 1500
0.07708096504211426 1500
0.07825779914855957 1500
0.07981586456298828 1500
0.08088493347167969 1500
0.08228182792663574 1500
0.08314394950866699 1500
0.08412384986877441 1500
0.08632898330688477 1500
0.08807682991027832 1500
0.08895301818847656 1500
0.09093189239501953 1500
0.09222698211669922 1500
0.0938718318939209 1500
0.0961759090423584 1500
0.09720396995544434 1500
0.09901189804077148 1500
0.10030579566955566 1500
0.10178589820861816 1500
0.10285687446594238 1500
0.10502290725708008 1500
0.10708880424499512 1500
0.10817098617553711 1500
0.10916399955749512 1500
0.11196589469909668 1500
0.11317801475524902 1500
0.11503291130065918 1500
0.11587882041931152 1500
0.1173098087310791 1500
0.11881685256958008 1500
0.12017297744750977 1500
0.12112689018249512 1500
0.12302589416503906 1500
0.12423181533813477 1500
0.1259458065032959 1500
0.12720179557800293 1500
0.12808489799499512 1500
0.12990689277648926 1500
0.13111090660095215 1500
0.13230180740356445 1500
0.13332486152648926 1500
0.13476896286010742 1500
0.1362009048461914 1500
0.13867592811584473 1500
0.13935089111328125 1500
0.14001989364624023 1500
0.14115190505981445 1500
0.14213180541992188 1500
0.14331603050231934 1500
0.14485883712768555 1500
0.1458749771118164 1500
0.14801597595214844 1500
0.1492300033569336 1500
0.15106487274169922 1500
0.15196990966796875 1500
0.15293002128601074 1500
0.15389680862426758 1500
0.15526199340820312 1500
0.15630292892456055 1500
0.15805387496948242 1500
0.1588737964630127 1500
0.1598958969116211 1500
0.16085195541381836 1500
0.16198492050170898 1500
0.16400694847106934 1500
0.16423702239990234 1500
0.1661059856414795 1500
0.16709589958190918 1500
0.16921281814575195 1500
0.16976594924926758 1500
0.171921968460083 1500
0.17311787605285645 1500
0.1749258041381836 1500
0.17626285552978516 1500
0.17686891555786133 1500
0.17914891242980957 1500
0.18090081214904785 1500
0.18216800689697266 1500
0.18311381340026855 1500
0.18488192558288574 1500
0.18625402450561523 1500
0.18812990188598633 1500
0.189133882522583 1500
0.19008803367614746 1500
0.19193387031555176 1500
0.19290900230407715 1500
0.19511079788208008 1500
0.1957719326019287 1500
0.19798994064331055 1500
0.19919800758361816 1500
0.20118284225463867 1500
0.20163989067077637 1500
0.20297694206237793 1500
0.2050168514251709 1500
0.2059938907623291 1500
0.20779991149902344 1500
0.2089848518371582 1500
0.2111530303955078 1500
0.21207690238952637 1500
0.21405792236328125 1500
0.2151930332183838 1500
0.21608996391296387 1500
0.21809792518615723 1500
0.2190108299255371 1500
0.22104597091674805 1500
0.22199583053588867 1500
0.22401785850524902 1500
0.2249128818511963 1500
0.22714591026306152 1500
0.22896385192871094 1500
0.23003888130187988 1500
0.23099303245544434 1500
0.2322399616241455 1500
0.23410797119140625 1500
0.23491287231445312 1500
0.23671698570251465 1500
0.2379298210144043 1500
0.24014687538146973 1500
0.24089884757995605 1500
0.24293899536132812 1500
0.24388790130615234 1500
0.2453138828277588 1500
0.24711394309997559 1500
0.24775099754333496 1500
0.24979496002197266 1500
0.25301384925842285 1500
0.25301384925842285 1500
0.25414180755615234 1500
0.25591588020324707 1500
0.25698184967041016 1500
0.2581980228424072 1500
0.26006388664245605 1500
0.26180100440979004 1500
0.26277780532836914 1500
0.2637770175933838 1500
0.2658698558807373 1500
0.2670719623565674 1500
0.26882195472717285 1500
0.2702298164367676 1500
0.27124500274658203 1500
0.27298498153686523 1500
0.27393603324890137 1500
0.27750682830810547 1500
0.27750682830810547 1500
0.2801198959350586 1500
0.2802150249481201 1500
0.28171682357788086 1500
0.28273987770080566 1500
0.284099817276001 1500
0.2859468460083008 1500
0.28701281547546387 1500
0.2890748977661133 1500
0.2900090217590332 1500
0.2921009063720703 1500
0.2927889823913574 1500
0.2949948310852051 1500
0.2957890033721924 1500
0.2971649169921875 1500
0.2991459369659424 1500
0.29981303215026855 1500
0.30191898345947266 1500
0.30324602127075195 1500
0.30504584312438965 1500
0.30579090118408203 1500
0.3080129623413086 1500
0.30892491340637207 1500
0.3097410202026367 1500
0.3120758533477783 1500
0.3130018711090088 1500
0.31476402282714844 1500
0.31590986251831055 1500
0.3179500102996826 1500
0.3187568187713623 1500
0.3211648464202881 1500
0.32175302505493164 1500
0.3231058120727539 1500
0.3251168727874756 1500
0.32580089569091797 1500
0.32794690132141113 1500
0.3287668228149414 1500
0.3310890197753906 1500
0.33188891410827637 1500
0.3338630199432373 1500
0.33518195152282715 1500
0.33576488494873047 1500
0.33777379989624023 1500
0.33922290802001953 1500
0.3411288261413574 1500
0.3420069217681885 1500
0.344066858291626 1500
0.3448638916015625 1500
0.34699296951293945 1500
0.34813785552978516 1500
0.34897685050964355 1500
0.35110998153686523 1500
0.35173797607421875 1500
0.3542208671569824 1500
0.3547849655151367 1500
0.3566708564758301 1500
0.3581249713897705 1500
0.3601038455963135 1500
0.36077189445495605 1500
0.36200499534606934 1500
0.3639979362487793 1500
0.3651449680328369 1500
0.3670690059661865 1500
0.3680758476257324 1500
0.3699519634246826 1500
0.37069201469421387 1500
0.3731689453125 1500
0.37395596504211426 1500
0.3751108646392822 1500
0.3771488666534424 1500
0.37810182571411133 1500
0.3798189163208008 1500
0.38080787658691406 1500
0.38298702239990234 1500
0.384030818939209 1500
0.38582587242126465 1500
0.3870699405670166 1500
0.3889338970184326 1500
0.39019083976745605 1500
0.39192891120910645 1500
0.39307284355163574 1500
0.39521098136901855 1500
0.3959488868713379 1500
0.39727783203125 1500
0.39884400367736816 1500
0.40000391006469727 1500
0.4018418788909912 1500
0.4030289649963379 1500
0.4041118621826172 1500
0.40627193450927734 1500
0.40714001655578613 1500
0.40895795822143555 1500
0.40999889373779297 1500
0.411984920501709 1500
0.41303396224975586 1500
0.41407299041748047 1500
0.41585683822631836 1500
0.41725587844848633 1500
0.41875696182250977 1500
0.4197828769683838 1500
0.4219639301300049 1500
0.423123836517334 1500
0.4247889518737793 1500
0.4258449077606201 1500
0.4267139434814453 1500
0.4287698268890381 1500
0.4299888610839844 1500
0.4320378303527832 1500
0.43305492401123047 1500
0.43512797355651855 1500
0.43578290939331055 1500
0.43772196769714355 1500
0.4389369487762451 1500
0.4402608871459961 1500
0.44191479682922363 1500
0.4439678192138672 1500
0.44605302810668945 1500
0.4469268321990967 1500
0.4477548599243164 1500
0.44904184341430664 1500
0.451016902923584 1500
0.45200681686401367 1500
0.4529249668121338 1500
0.45485496520996094 1500
0.45577287673950195 1500
0.4582068920135498 1500
0.45873188972473145 1500
0.4611549377441406 1500
0.4618668556213379 1500
0.46392083168029785 1500
0.46509790420532227 1500
0.4661719799041748 1500
0.46796083450317383 1500
0.468890905380249 1500
0.47072601318359375 1500
0.4720640182495117 1500
0.47402501106262207 1500
0.4749128818511963 1500
0.4769599437713623 1500
0.4788029193878174 1500
0.4788029193878174 1500
0.4810788631439209 1500
0.4816708564758301 1500
0.48416996002197266 1500
0.4848968982696533 1500
0.48705101013183594 1500
0.48781490325927734 1500
0.49006080627441406 1500
0.4908609390258789 1500
0.4923248291015625 1500
0.49417686462402344 1500
0.4951789379119873 1500
0.4969489574432373 1500
0.4987759590148926 1500
0.4996769428253174 1500
0.5010249614715576 1500
0.5028629302978516 1500
0.5038759708404541 1500
0.5047309398651123 1500
0.5072298049926758 1500
0.5079448223114014 1500
0.51009202003479 1500
0.5107409954071045 1500
0.5128889083862305 1500
0.514258861541748 1500
0.5160419940948486 1500
0.5169148445129395 1500
0.5179438591003418 1500
0.5198419094085693 1500
0.5211589336395264 1500
0.522925853729248 1500
0.5239629745483398 1500
0.5261099338531494 1500
0.5269789695739746 1500
0.5289819240570068 1500
0.5309159755706787 1500
0.5309159755706787 1500
0.5331919193267822 1500
0.5338099002838135 1500
0.5358009338378906 1500
0.5378129482269287 1500
0.5388858318328857 1500
0.5401999950408936 1500
0.5420699119567871 1500
0.5427730083465576 1500
0.5438790321350098 1500
0.5459578037261963 1500
0.5470428466796875 1500
0.5491149425506592 1500
0.5502920150756836 1500
0.5518507957458496 1500
0.5531439781188965 1500
0.5548160076141357 1500
0.5557098388671875 1500
0.5569159984588623 1500
0.5589330196380615 1500
0.5599958896636963 1500
0.5619800090789795 1500
0.5629558563232422 1500
0.5650088787078857 1500
0.5658159255981445 1500
0.5680139064788818 1500
0.5687968730926514 1500
0.5698080062866211 1500
0.5721099376678467 1500
0.573002815246582 1500
0.5751678943634033 1500
0.5758388042449951 1500
0.5781538486480713 1500
0.5790948867797852 1500
0.5807487964630127 1500
0.5831270217895508 1500
0.5831270217895508 1500
0.5849299430847168 1500
0.5856750011444092 1500
0.5881209373474121 1500
0.5888779163360596 1500
0.5907688140869141 1500
0.5928418636322021 1500
0.5940217971801758 1500
0.5948669910430908 1500
0.5958600044250488 1500
0.5982739925384521 1500
0.598721981048584 1500
0.601064920425415 1500
0.6030030250549316 1500
0.6041150093078613 1500
0.6059839725494385 1500
0.6070408821105957 1500
0.6087288856506348 1500
0.6096959114074707 1500
0.6108119487762451 1500
0.6119468212127686 1500
0.6141219139099121 1500
0.6146659851074219 1500
0.6168649196624756 1500
0.6181848049163818 1500
0.620060920715332 1500
0.621971845626831 1500
0.621971845626831 1500
0.6239008903503418 1500
0.625108003616333 1500
0.6270389556884766 1500
0.6305749416351318 1500
0.631119966506958 1500
0.6315619945526123 1500
0.6332058906555176 1500
0.6338798999786377 1500
0.6359620094299316 1500
0.6368558406829834 1500
0.6388528347015381 1500
0.640192985534668 1500
0.6411328315734863 1500
0.6430459022521973 1500
0.6440529823303223 1500
0.6460018157958984 1500
0.6467869281768799 1500
0.6488168239593506 1500
0.6499218940734863 1500
0.6510670185089111 1500
0.6532340049743652 1500
0.6541268825531006 1500
0.6557698249816895 1500
0.6589539051055908 1500
0.6589539051055908 1500
0.6607508659362793 1500
0.6638038158416748 1500
0.6650068759918213 1500
0.6661570072174072 1500
0.6681408882141113 1500
0.6698060035705566 1500
0.6719119548797607 1500
0.6731278896331787 1500
0.6751039028167725 1500
0.6761507987976074 1500
0.6769459247589111 1500
0.6782069206237793 1500
0.6798899173736572 1500
0.6821160316467285 1500
0.6830790042877197 1500
0.6850628852844238 1500
0.6867859363555908 1500
0.6882429122924805 1500
0.6898009777069092 1500
0.6919808387756348 1500
0.692857027053833 1500
0.6942310333251953 1500
0.6959929466247559 1500
0.6980388164520264 1500
0.6987838745117188 1500
0.700131893157959 1500
0.7017278671264648 1500
0.7031679153442383 1500
0.7049469947814941 1500
0.7061789035797119 1500
0.7069699764251709 1500
0.7082259654998779 1500
0.7091808319091797 1500
0.7107968330383301 1500
0.7121148109436035 1500
0.7139840126037598 1500
0.7151949405670166 1500
0.7159910202026367 1500
0.7172558307647705 1500
0.7190530300140381 1500
0.7202157974243164 1500
0.7208518981933594 1500
0.7218139171600342 1500
0.7230818271636963 1500
0.7241408824920654 1500
0.7258889675140381 1500
0.7268779277801514 1500
0.7281498908996582 1500
0.7301290035247803 1500
0.7307639122009277 1500
0.7330009937286377 1500
0.7338628768920898 1500
0.7361798286437988 1500
0.736860990524292 1500
0.7381598949432373 1500
0.7400119304656982 1500
0.7410929203033447 1500
0.7431838512420654 1500
0.7440488338470459 1500
0.7460958957672119 1500
0.7466509342193604 1500
0.7489049434661865 1500
0.7511398792266846 1500
0.751978874206543 1500
0.7530508041381836 1500
0.7546939849853516 1500
0.7558557987213135 1500
0.7569668292999268 1500
0.7593488693237305 1500
0.7597289085388184 1500
0.7620978355407715 1500
0.7628269195556641 1500
0.7640788555145264 1500
0.7658078670501709 1500
0.7669298648834229 1500
0.7690169811248779 1500
0.7698848247528076 1500
0.773101806640625 1500
0.7732889652252197 1500
0.7747030258178711 1500
0.7760279178619385 1500
0.7771399021148682 1500
0.7792148590087891 1500
0.7806758880615234 1500
0.7822690010070801 1500
0.7837128639221191 1500
0.7862579822540283 1500
0.7872209548950195 1500
0.7886979579925537 1500
0.7900369167327881 1500
0.791334867477417 1500
0.7929198741912842 1500
0.7941668033599854 1500
0.7960648536682129 1500
0.7967829704284668 1500
0.7986898422241211 1500
0.8016128540039062 1500
0.8016128540039062 1500
0.8032360076904297 1500
0.8048379421234131 1500
0.8061478137969971 1500
0.8077259063720703 1500
0.8091769218444824 1500
0.8100528717041016 1500
0.8120179176330566 1500
0.8131778240203857 1500
0.8152658939361572 1500
0.8159799575805664 1500
0.8178138732910156 1500
0.8191838264465332 1500
0.82120680809021 1500
0.8220689296722412 1500
0.8230278491973877 1500
0.8252079486846924 1500
0.8260447978973389 1500
0.827894926071167 1500
0.8291528224945068 1500
0.830223798751831 1500
0.8317749500274658 1500
0.8332548141479492 1500
0.8350028991699219 1500
0.8367469310760498 1500
0.8378570079803467 1500
0.8389019966125488 1500
0.8409719467163086 1500
0.8420588970184326 1500
0.8438498973846436 1500
0.8459680080413818 1500
0.8472399711608887 1500
0.8490548133850098 1500
0.850229024887085 1500
0.851140022277832 1500
0.8530149459838867 1500
0.8537847995758057 1500
0.8551228046417236 1500
0.8570389747619629 1500
0.8581748008728027 1500
0.859062910079956 1500
0.8610358238220215 1500
0.8623318672180176 1500
0.8639228343963623 1500
0.8649959564208984 1500
0.8672769069671631 1500
0.8677959442138672 1500
0.8697109222412109 1500
0.870823860168457 1500
0.8721859455108643 1500
0.873986005783081 1500
0.8747069835662842 1500
0.876227855682373 1500
0.877877950668335 1500
0.8788278102874756 1500
0.8801219463348389 1500
0.8808128833770752 1500
0.883030891418457 1500
0.8839468955993652 1500
0.8861298561096191 1500
0.887955904006958 1500
0.8891270160675049 1500
0.8901798725128174 1500
0.8919038772583008 1500
0.8928239345550537 1500
0.8951678276062012 1500
0.896061897277832 1500
0.8978359699249268 1500
0.8990728855133057 1500
0.9010410308837891 1500
0.9022219181060791 1500
0.9042057991027832 1500
0.9069638252258301 1500
0.9081690311431885 1500
0.9100689888000488 1500
0.9121530055999756 1500
0.9140748977661133 1500
0.91634202003479 1500
0.9169800281524658 1500
0.9190149307250977 1500
0.9202120304107666 1500
0.9209449291229248 1500
0.923151969909668 1500
0.9242169857025146 1500
0.9261608123779297 1500
0.9280669689178467 1500
0.9292099475860596 1500
0.9311268329620361 1500
0.9327719211578369 1500
0.9339969158172607 1500
0.9361469745635986 1500
0.9371960163116455 1500
0.9391438961029053 1500
0.9407539367675781 1500
0.9422478675842285 1500
0.9440388679504395 1500
0.9457089900970459 1500
0.9467480182647705 1500
0.9497849941253662 1500
0.9500918388366699 1500
0.9511280059814453 1500
0.9524128437042236 1500
0.954157829284668 1500
0.9563689231872559 1500
0.9580318927764893 1500
0.9646618366241455 1500
0.9646618366241455 1500
0.9646618366241455 1500
0.9649209976196289 1500
0.9670279026031494 1500
0.9681358337402344 1500
0.9700438976287842 1500
0.9711940288543701 1500
0.9732229709625244 1500
0.9740839004516602 1500
0.9751589298248291 1500
0.9768948554992676 1500
0.9782140254974365 1500
0.9798099994659424 1500
0.983144998550415 1500
0.9847099781036377 1500
0.9861860275268555 1500
0.9880838394165039 1500
0.9900789260864258 1500
0.9918828010559082 1500
0.9931678771972656 1500
0.9948840141296387 1500
0.9962818622589111 1500
0.9979288578033447 1500
1.000216007232666 1500
1.0030999183654785 1500
1.0051968097686768 1500
1.007194995880127 1500
1.0089468955993652 1500
1.0109670162200928 1500
1.0122790336608887 1500
1.0130889415740967 1500
1.015190839767456 1500
1.0170879364013672 1500
1.018819808959961 1500
1.020171880722046 1500
1.0218579769134521 1500
1.0232558250427246 1500
