1048884
0.0 1500
0.0022721290588378906 1500
0.003248929977416992 1500
0.005123138427734375 1500
0.006125926971435547 1500
0.008233070373535156 1500
0.009099960327148438 1500
0.011375904083251953 1500
0.01223611831665039 1500
0.013128042221069336 1500
0.015517950057983398 1500
0.01598191261291504 1500
0.018398046493530273 1500
0.019154071807861328 1500
0.021136999130249023 1500
0.021979093551635742 1500
0.025809049606323242 1500
0.025809049606323242 1500
0.026231050491333008 1500
0.02842092514038086 1500
0.029298067092895508 1500
0.031070947647094727 1500
0.03224611282348633 1500
0.03442692756652832 1500
0.03516793251037598 1500
0.03732109069824219 1500
0.03811502456665039 1500
0.03968405723571777 1500
0.041146039962768555 1500
0.042181968688964844 1500
0.044181108474731445 1500
0.04504895210266113 1500
0.047410011291503906 1500
0.04823899269104004 1500
0.050228118896484375 1500
0.05198097229003906 1500
0.05315709114074707 1500
0.05402803421020508 1500
0.05656695365905762 1500
0.05715203285217285 1500
0.05840897560119629 1500
0.06058311462402344 1500
0.061239004135131836 1500
0.06309199333190918 1500
0.06473493576049805 1500
0.06616592407226562 1500
0.06709098815917969 1500
0.0693199634552002 1500
0.07008099555969238 1500
0.07117700576782227 1500
0.07314300537109375 1500
0.07427406311035156 1500
0.07617306709289551 1500
0.07741904258728027 1500
0.07938194274902344 1500
0.08029603958129883 1500
0.08226990699768066 1500
0.0829780101776123 1500
0.08407807350158691 1500
0.0861670970916748 1500
0.08729910850524902 1500
0.08931493759155273 1500
0.09044313430786133 1500
0.09328913688659668 1500
0.09328913688659668 1500
0.09525799751281738 1500
0.09622907638549805 1500
0.09703707695007324 1500
0.09928297996520996 1500
0.1002810001373291 1500
0.10256004333496094 1500
0.10343813896179199 1500
0.10654211044311523 1500
0.10654211044311523 1500
0.10822606086730957 1500
0.10937690734863281 1500
0.11037206649780273 1500
0.11226010322570801 1500
0.11310195922851562 1500
0.11535000801086426 1500
0.11624407768249512 1500
0.1183469295501709 1500
0.12022900581359863 1500
0.12137413024902344 1500
0.12202191352844238 1500
0.12305998802185059 1500
0.12513494491577148 1500
0.12607598304748535 1500
0.12808990478515625 1500
0.1290590763092041 1500
0.13113903999328613 1500
0.13216590881347656 1500
0.13434696197509766 1500
0.13508105278015137 1500
0.13634800910949707 1500
0.13817691802978516 1500
0.13916611671447754 1500
0.14162397384643555 1500
0.14200305938720703 1500
0.14425206184387207 1500
0.14510011672973633 1500
0.14734792709350586 1500
0.14842605590820312 1500
0.14904093742370605 1500
0.15159106254577637 1500
0.15201306343078613 1500
0.15423107147216797 1500
0.1551799774169922 1500
0.15727591514587402 1500
0.15831303596496582 1500
0.16040706634521484 1500
0.16124892234802246 1500
0.16195106506347656 1500
0.16436100006103516 1500
0.16507506370544434 1500
0.16728901863098145 1500
0.16823101043701172 1500
0.17081212997436523 1500
0.17250299453735352 1500
0.17335104942321777 1500
0.17470407485961914 1500
0.1753520965576172 1500
0.1771409511566162 1500
0.17841005325317383 1500
0.18010902404785156 1500
0.18112993240356445 1500
0.18491601943969727 1500
0.18491601943969727 1500
0.18626999855041504 1500
0.18716907501220703 1500
0.18900012969970703 1500
0.19041013717651367 1500
0.19232797622680664 1500
0.1932210922241211 1500
0.19440007209777832 1500
0.19625306129455566 1500
0.19805407524108887 1500
0.19919610023498535 1500
0.200469970703125 1500
0.20225191116333008 1500
0.2031269073486328 1500
0.20538997650146484 1500
0.20636796951293945 1500
0.20736098289489746 1500
0.20963501930236816 1500
0.21036291122436523 1500
0.21227407455444336 1500
0.2131950855255127 1500
0.21525311470031738 1500
0.21623706817626953 1500
0.21869802474975586 1500
0.2190110683441162 1500
0.22050809860229492 1500
0.222337007522583 1500
0.22308611869812012 1500
0.22530794143676758 1500
0.22616004943847656 1500
0.22819113731384277 1500
0.22930002212524414 1500
0.23128199577331543 1500
0.23227596282958984 1500
0.2333531379699707 1500
0.2351839542388916 1500
0.23600006103515625 1500
0.23838400840759277 1500
0.23915600776672363 1500
0.24111104011535645 1500
0.2420051097869873 1500
0.24409008026123047 1500
0.24529194831848145 1500
0.24730205535888672 1500
0.24823403358459473 1500
0.24907612800598145 1500
0.2511100769042969 1500
0.25244712829589844 1500
0.25411105155944824 1500
0.2553989887237549 1500
0.2573671340942383 1500
0.2580440044403076 1500
0.2601490020751953 1500
0.2613251209259033 1500
0.26197004318237305 1500
0.2655830383300781 1500
0.2655830383300781 1500
0.26718902587890625 1500
0.26825499534606934 1500
0.27028608322143555 1500
0.2711219787597656 1500
0.27324390411376953 1500
0.27421092987060547 1500
0.2752559185028076 1500
0.27719807624816895 1500
0.27836012840270996 1500
0.2802760601043701 1500
0.28127503395080566 1500
0.28341102600097656 1500
0.2843620777130127 1500
0.2865109443664551 1500
0.28718113899230957 1500
0.2881479263305664 1500
0.29035401344299316 1500
0.2912170886993408 1500
0.29419493675231934 1500
0.29419493675231934 1500
0.2960689067840576 1500
0.2970309257507324 1500
0.2990899085998535 1500
0.30022406578063965 1500
0.3024179935455322 1500
0.3033790588378906 1500
0.30408692359924316 1500
0.30615711212158203 1500
0.30780792236328125 1500
0.3091299533843994 1500
0.3101229667663574 1500
0.3125131130218506 1500
0.31342101097106934 1500
0.31531810760498047 1500
0.3162260055541992 1500
0.3170621395111084 1500
0.3191659450531006 1500
0.32030797004699707 1500
0.32224512100219727 1500
0.32305908203125 1500
0.325437068939209 1500
0.32650303840637207 1500
0.3282349109649658 1500
0.32937002182006836 1500
0.3300321102142334 1500
0.33196210861206055 1500
0.3331320285797119 1500
0.33605003356933594 1500
0.33605003356933594 1500
0.33808302879333496 1500
0.33895397186279297 1500
0.34120607376098633 1500
0.3420290946960449 1500
0.3441150188446045 1500
0.34523797035217285 1500
0.3459789752960205 1500
0.3482189178466797 1500
0.34948205947875977 1500
0.3516249656677246 1500
0.3523240089416504 1500
0.3542649745941162 1500
0.3552970886230469 1500
0.3573169708251953 1500
0.35846900939941406 1500
0.35939812660217285 1500
0.3614161014556885 1500
0.3633410930633545 1500
0.36426305770874023 1500
0.36549901962280273 1500
0.367279052734375 1500
0.36832308769226074 1500
0.37038207054138184 1500
0.3710179328918457 1500
0.3721809387207031 1500
0.3740811347961426 1500
0.3750619888305664 1500
0.3771529197692871 1500
0.3780660629272461 1500
0.3803291320800781 1500
0.38149404525756836 1500
0.38335609436035156 1500
0.3841841220855713 1500
0.38633298873901367 1500
0.3871889114379883 1500
0.3884880542755127 1500
0.39024996757507324 1500
0.3914649486541748 1500
0.39339613914489746 1500
0.3941309452056885 1500
0.39628005027770996 1500
0.397352933883667 1500
0.3983430862426758 1500
0.4003000259399414 1500
0.4015629291534424 1500
0.4033539295196533 1500
0.40410614013671875 1500
0.40625500679016113 1500
0.40723395347595215 1500
0.41005492210388184 1500
0.41005492210388184 1500
0.4113481044769287 1500
0.4133141040802002 1500
0.4142599105834961 1500
0.41608500480651855 1500
0.417417049407959 1500
0.4195120334625244 1500
0.4207420349121094 1500
0.42200207710266113 1500
0.4236009120941162 1500
0.42531800270080566 1500
0.42645692825317383 1500
0.4270350933074951 1500
0.42929506301879883 1500
0.43038010597229004 1500
0.43250608444213867 1500
0.4333200454711914 1500
0.439223051071167 1500
0.439223051071167 1500
0.439223051071167 1500
0.4393610954284668 1500
0.44007110595703125 1500
0.4425079822540283 1500
0.44315409660339355 1500
0.4451789855957031 1500
0.44611191749572754 1500
0.4480869770050049 1500
0.44915103912353516 1500
0.4505159854888916 1500
0.4521329402923584 1500
0.45339012145996094 1500
0.45538902282714844 1500
0.4561729431152344 1500
0.45864200592041016 1500
0.45932698249816895 1500
0.46148204803466797 1500
0.46203112602233887 1500
0.46332812309265137 1500
0.46532511711120605 1500
0.466001033782959 1500
0.4703409671783447 1500
0.4703409671783447 1500
0.47159504890441895 1500
0.47245311737060547 1500
0.4744129180908203 1500
0.47535204887390137 1500
0.4767630100250244 1500
0.47850799560546875 1500
0.47971296310424805 1500
0.48220396041870117 1500
0.48220396041870117 1500
0.48401403427124023 1500
0.4854159355163574 1500
0.48740291595458984 1500
0.4882969856262207 1500
0.4892001152038574 1500
0.49117612838745117 1500
0.49206995964050293 1500
0.49442100524902344 1500
0.4953920841217041 1500
0.4973869323730469 1500
0.4984259605407715 1500
0.5003969669342041 1500
0.5010900497436523 1500
0.5023729801177979 1500
0.5042729377746582 1500
0.5064709186553955 1500
0.5070390701293945 1500
0.5082840919494629 1500
0.5102980136871338 1500
0.5113041400909424 1500
0.5133600234985352 1500
0.5139870643615723 1500
0.5164060592651367 1500
0.5180039405822754 1500
0.51938796043396 1500
0.5202391147613525 1500
0.5224030017852783 1500
0.5230450630187988 1500
0.5244200229644775 1500
0.5264301300048828 1500
0.5273051261901855 1500
0.529109001159668 1500
0.5302109718322754 1500
0.5324599742889404 1500
0.5335581302642822 1500
0.535290002822876 1500
0.5363979339599609 1500
0.5394399166107178 1500
0.5394940376281738 1500
0.5413110256195068 1500
0.5424480438232422 1500
0.5435531139373779 1500
0.545435905456543 1500
0.5462260246276855 1500
0.54852294921875 1500
0.549022912979126 1500
0.5515210628509521 1500
0.5521259307861328 1500
0.554595947265625 1500
0.5549991130828857 1500
0.5565741062164307 1500
0.5583901405334473 1500
0.5590329170227051 1500
0.5613479614257812 1500
0.5620920658111572 1500
0.5644500255584717 1500
0.5652420520782471 1500
0.5671811103820801 1500
0.5684189796447754 1500
0.5693159103393555 1500
0.5714061260223389 1500
0.5719680786132812 1500
0.5756409168243408 1500
0.5756409168243408 1500
0.5772299766540527 1500
0.5780909061431885 1500
0.5800940990447998 1500
0.5811340808868408 1500
0.5822410583496094 1500
0.5841410160064697 1500
0.5853841304779053 1500
0.5884130001068115 1500
0.5884130001068115 1500
0.5903639793395996 1500
0.5912039279937744 1500
0.5931999683380127 1500
0.5943429470062256 1500
0.5950050354003906 1500
0.5974409580230713 1500
0.5981569290161133 1500
0.6017489433288574 1500
0.6017489433288574 1500
0.6037249565124512 1500
0.6044111251831055 1500
0.6065390110015869 1500
0.6073670387268066 1500
0.6083219051361084 1500
0.6102890968322754 1500
0.6121280193328857 1500
0.6130540370941162 1500
0.6145451068878174 1500
0.6163771152496338 1500
0.6171250343322754 1500
0.619067907333374 1500
0.6202840805053711 1500
0.6211919784545898 1500
0.6243410110473633 1500
0.6243410110473633 1500
0.626338005065918 1500
0.6272449493408203 1500
0.6290979385375977 1500
0.6304500102996826 1500
0.6324191093444824 1500
0.6333229541778564 1500
0.6344690322875977 1500
0.6365060806274414 1500
0.6373410224914551 1500
0.6396710872650146 1500
0.6403260231018066 1500
0.6426389217376709 1500
0.6432139873504639 1500
0.6453540325164795 1500
0.6475310325622559 1500
0.6475310325622559 1500
0.6491451263427734 1500
0.6500680446624756 1500
0.6523079872131348 1500
0.6530349254608154 1500
0.6553590297698975 1500
0.6562509536743164 1500
0.6594181060791016 1500
0.6594181060791016 1500
0.6602771282196045 1500
0.6622860431671143 1500
0.6631319522857666 1500
0.6652200222015381 1500
0.6663050651550293 1500
0.6683149337768555 1500
0.6691861152648926 1500
0.6725199222564697 1500
0.6725819110870361 1500
0.6732509136199951 1500
0.6753361225128174 1500
0.6764800548553467 1500
0.6783521175384521 1500
0.679419994354248 1500
0.6812849044799805 1500
0.6819510459899902 1500
0.6853580474853516 1500
0.6853580474853516 1500
0.6861860752105713 1500
0.6881210803985596 1500
0.6892600059509277 1500
0.6914770603179932 1500
0.6922500133514404 1500
0.6945009231567383 1500
0.6952071189880371 1500
0.6973459720611572 1500
0.6983489990234375 1500
0.699333906173706 1500
0.7011721134185791 1500
0.7022359371185303 1500
0.7043459415435791 1500
0.7052419185638428 1500
0.7086949348449707 1500
0.7086949348449707 1500
0.7101569175720215 1500
0.7112009525299072 1500
0.7134671211242676 1500
0.7143149375915527 1500
0.7149879932403564 1500
0.7174229621887207 384
0.717548131942749 1500
0.7201530933380127 1500
0.7201530933380127 1500
0.7222790718078613 1500
0.7231109142303467 1500
0.7254230976104736 1500
0.726248025894165 1500
0.7274439334869385 1500
0.7292931079864502 1500
0.7302861213684082 1500
0.7324280738830566 1500
0.7333729267120361 1500
0.7350859642028809 1500
0.7360141277313232 1500
0.7381179332733154 1500
0.7391791343688965 1500
0.7413520812988281 1500
0.7422950267791748 1500
0.7442259788513184 1500
0.7453961372375488 1500
0.7462069988250732 1500
0.7482550144195557 1500
0.7491700649261475 1500
0.7512710094451904 1500
0.7523980140686035 1500
0.7540509700775146 1500
0.7564001083374023 1500
0.7564001083374023 1500
0.7585151195526123 1500
0.7594211101531982 1500
0.7612321376800537 1500
0.7624449729919434 1500
0.7642419338226318 1500
0.7649891376495361 1500
0.7673981189727783 1500
0.769218921661377 1500
0.769218921661377 1500
0.7713010311126709 1500
0.7722039222717285 1500
0.7743110656738281 1500
0.7751429080963135 1500
0.7772870063781738 1500
0.778223991394043 1500
0.780224084854126 1500
0.7823319435119629 1500
0.7823319435119629 1500
0.7843670845031738 1500
0.7852399349212646 1500
0.7874541282653809 1500
0.7881350517272949 1500
0.794774055480957 1500
0.794774055480957 1500
0.794774055480957 1500
0.7952170372009277 1500
0.7952170372009277 1500
0.7972290515899658 1500
0.7981679439544678 1500
0.800368070602417 1500
0.8013629913330078 1500
0.803415060043335 1500
0.8040430545806885 1500
0.8075249195098877 1500
0.8075771331787109 1500
0.8083040714263916 1500
0.8102619647979736 1500
0.8110499382019043 1500
0.8134639263153076 1500
0.8143320083618164 1500
0.8163909912109375 1500
0.8171560764312744 1500
0.8193209171295166 1500
0.820152997970581 1500
0.8212311267852783 1500
0.8234469890594482 1500
0.8240480422973633 1500
0.8261959552764893 1500
0.827362060546875 1500
0.8319430351257324 1500
0.832503080368042 1500
0.8327040672302246 1500
0.8334710597991943 1500
0.8342709541320801 1500
0.8364620208740234 1500
0.8371570110321045 1500
0.8393831253051758 1500
0.8403160572052002 1500
0.8432190418243408 1500
0.8432190418243408 1500
0.8455359935760498 1500
0.846221923828125 1500
0.8472230434417725 1500
0.8493959903717041 1500
0.8503811359405518 1500
0.8524770736694336 1500
0.853114128112793 1500
0.8552560806274414 1500
0.8564629554748535 1500
0.8583090305328369 1500
0.8591489791870117 1500
0.8602290153503418 1500
0.862354040145874 1500
0.8639039993286133 1500
0.8655190467834473 1500
0.8663859367370605 1500
0.868582010269165 1500
0.869063138961792 1500
0.8711960315704346 1500
0.8719909191131592 1500
0.8736069202423096 1500
0.8754260540008545 1500
0.876068115234375 1500
0.879188060760498 1500
0.879188060760498 1500
0.8815460205078125 1500
0.8820290565490723 1500
0.884037971496582 1500
0.8852629661560059 1500
0.8867089748382568 1500
0.8881621360778809 1500
0.889289140701294 1500
0.8912990093231201 1500
0.8920929431915283 1500
0.8944430351257324 1500
0.8952591419219971 1500
0.8973259925842285 1500
0.8981380462646484 1500
0.9000990390777588 1500
0.9011049270629883 1500
0.903393030166626 1500
0.9051439762115479 1500
0.9051439762115479 1500
0.9072630405426025 1500
0.9079210758209229 1500
0.910290002822876 1500
0.9111499786376953 1500
0.9134600162506104 1500
0.9143109321594238 1500
0.9163520336151123 1500
0.9171750545501709 1500
0.9184370040893555 1500
0.9204089641571045 1500
0.9209709167480469 1500
0.923133134841919 1500
0.9250550270080566 1500
0.9259231090545654 1500
0.9273920059204102 1500
0.9291820526123047 1500
0.9313600063323975 1500
0.9323511123657227 1500
0.9330539703369141 1500
0.9352350234985352 1500
0.9361391067504883 1500
0.938277006149292 1500
0.9393270015716553 1500
0.9405601024627686 1500
0.9433979988098145 1500
0.9433979988098145 1500
0.9453990459442139 1500
0.9461860656738281 1500
0.948296070098877 1500
0.9492530822753906 1500
0.9513189792633057 1500
0.9521341323852539 1500
0.9533650875091553 1500
0.9564270973205566 1500
0.9564270973205566 1500
0.958320140838623 1500
0.9589700698852539 1500
0.9616990089416504 1500
0.9621429443359375 1500
0.9646179676055908 1500
0.9650719165802002 1500
0.966649055480957 1500
0.9683599472045898 1500
0.9693460464477539 1500
0.9713001251220703 1500
0.9720981121063232 1500
0.9743130207061768 1500
0.9753789901733398 1500
0.9771809577941895 1500
0.9783289432525635 1500
0.9791009426116943 1500
0.9811160564422607 1500
0.982975959777832 1500
0.9844169616699219 1500
0.9851820468902588 1500
0.9874110221862793 1500
0.9879429340362549 1500
0.9902989864349365 1500
0.9909169673919678 1500
0.9920649528503418 1500
0.9942049980163574 1500
0.9952259063720703 1500
0.9969770908355713 1500
0.9983289241790771 1500
1.0000030994415283 1500
1.0012190341949463 1500
1.0031070709228516 1500
1.0046260356903076 1500
1.0049879550933838 1500
1.0074429512023926 1500
1.0082340240478516 1500
1.0114030838012695 1500
1.0114030838012695 1500
