1048964
0.0 1500
0.00015020370483398438 1500
0.0007920265197753906 1500
0.0015749931335449219 1500
0.003941059112548828 1500
0.004694223403930664 1500
0.006609201431274414 1500
0.0076541900634765625 1500
0.009778022766113281 1500
0.010618209838867188 1500
0.012821197509765625 1500
0.013698101043701172 1500
0.014779090881347656 1500
0.016959190368652344 1500
0.017583131790161133 1500
0.02016305923461914 1500
0.020620107650756836 1500
0.02291107177734375 1500
0.023559093475341797 1500
0.0259401798248291 1500
0.026380062103271484 1500
0.027695178985595703 1500
0.029766082763671875 1500
0.030965089797973633 1500
0.03280019760131836 1500
0.03348803520202637 1500
0.03553509712219238 1500
0.03662705421447754 1500
0.03867006301879883 1500
0.039501190185546875 1500
0.04048299789428711 1500
0.04262208938598633 1500
0.04345512390136719 1500
0.05215716361999512 1500
0.05215716361999512 1500
0.05215716361999512 1500
0.05215716361999512 1500
0.05215716361999512 1500
0.052828073501586914 1500
0.05390119552612305 1500
0.05576610565185547 1500
0.05670619010925293 1500
0.05865120887756348 1500
0.05961799621582031 1500
0.06179618835449219 1500
0.06815099716186523 1500
0.06815099716186523 1500
0.06815099716186523 1500
0.06815099716186523 1500
0.06896114349365234 1500
0.06956601142883301 1500
0.07198500633239746 1500
0.07285118103027344 1500
0.07597613334655762 1500
0.07597613334655762 1500
0.07800507545471191 1500
0.07882118225097656 1500
0.07982611656188965 1500
0.08179521560668945 1500
0.08252215385437012 1500
0.08581709861755371 1500
0.08588099479675293 1500
0.08774900436401367 1500
0.08845019340515137 1500
0.09083700180053711 1500
0.09184503555297852 1500
0.09257102012634277 1500
0.09489822387695312 1500
0.09671211242675781 1500
0.09751510620117188 1500
0.09848999977111816 1500
0.10081911087036133 1500
0.10154199600219727 1500
0.1037290096282959 1500
0.10456514358520508 1500
0.10543012619018555 1500
0.10876202583312988 1500
0.10876202583312988 1500
0.11087918281555176 1500
0.11141610145568848 1500
0.11388015747070312 1500
0.11461114883422852 1500
0.11686301231384277 1500
0.11770415306091309 1500
0.1188201904296875 1500
0.12069320678710938 1500
0.12162303924560547 1500
0.1239020824432373 1500
0.12479209899902344 1500
0.12688517570495605 1500
0.12754106521606445 1500
0.13097620010375977 1500
0.13097620010375977 1500
0.1313941478729248 1500
0.13388705253601074 1500
0.13460421562194824 1500
0.13715410232543945 1500
0.137498140335083 1500
0.1398601531982422 1500
0.140639066696167 1500
0.14270401000976562 1500
0.14382600784301758 1500
0.14474105834960938 1500
0.14682912826538086 1500
0.14757299423217773 1500
0.14980816841125488 1500
0.15088415145874023 1500
0.15294599533081055 1500
0.15360522270202637 1500
0.15627121925354004 1500
0.15749907493591309 1500
0.15907812118530273 1500
0.16197705268859863 1500
0.16312623023986816 1500
0.16436100006103516 1500
0.16563820838928223 1500
0.16635799407958984 1500
0.1666710376739502 1500
0.16865801811218262 1500
0.17000317573547363 1500
0.17464900016784668 1500
0.17476701736450195 1500
0.17978119850158691 1500
0.18168020248413086 1500
0.1844651699066162 1500
0.18600821495056152 1500
0.18709802627563477 1500
0.1877880096435547 1500
0.18895816802978516 1500
0.1898350715637207 1500
0.19084620475769043 1500
0.19251513481140137 1500
0.19287705421447754 1500
0.1938481330871582 1500
0.19473814964294434 1500
0.1960301399230957 1500
0.1967451572418213 1500
0.19898200035095215 1500
0.19957900047302246 1500
0.2005290985107422 1500
0.20078206062316895 1500
0.20172715187072754 1500
0.20281100273132324 1500
0.2049710750579834 1500
0.2054271697998047 1500
0.2079150676727295 1500
0.20848703384399414 1500
0.21100521087646484 1500
0.21165013313293457 1500
0.2142620086669922 1500
0.21474599838256836 1500
0.21602511405944824 1500
0.21791720390319824 1500
0.21863102912902832 1500
0.22077512741088867 1500
0.2218770980834961 1500
0.22260713577270508 1500
0.22476816177368164 1500
0.2255401611328125 1500
0.2277061939239502 1500
0.22865605354309082 1500
0.2307140827178955 1500
0.2314910888671875 1500
0.2339620590209961 1500
0.23461103439331055 1500
0.23701810836791992 1500
0.23774099349975586 1500
0.23870301246643066 1500
0.24073410034179688 1500
0.2415611743927002 1500
0.24363207817077637 1500
0.24468111991882324 1500
0.246657133102417 1500
0.2478041648864746 1500
0.2485640048980713 1500
0.2504301071166992 1500
0.2516191005706787 1500
0.25382113456726074 1500
0.25456905364990234 1500
0.25682806968688965 1500
0.2578010559082031 1500
0.25975799560546875 1500
0.2609062194824219 1500
0.2615480422973633 1500
0.2683560848236084 1500
0.2683560848236084 1500
0.2683560848236084 1500
0.2683560848236084 1500
0.26996517181396484 1500
0.27105116844177246 1500
0.272935152053833 1500
0.273421049118042 1500
0.27454710006713867 1500
0.276914119720459 1500
0.2786240577697754 1500
0.27971911430358887 1500
0.2805061340332031 1500
0.2827460765838623 1500
0.2834651470184326 1500
0.28588414192199707 1500
0.2864820957183838 1500
0.2875490188598633 1500
0.2908780574798584 1500
0.2909560203552246 1500
0.29276204109191895 1500
0.29390621185302734 1500
0.295910120010376 1500
0.29673314094543457 1500
0.2985661029815674 1500
0.2999460697174072 1500
0.30068016052246094 1500
0.30277013778686523 1500
0.30370521545410156 1500
0.305739164352417 1500
0.306643009185791 1500
0.3089630603790283 1500
0.30951404571533203 1500
0.31206417083740234 1500
0.3126211166381836 1500
0.3150320053100586 1500
0.31594014167785645 1500
0.31696414947509766 1500
0.31856608390808105 1500
0.3195199966430664 1500
0.3217301368713379 1500
0.3227860927581787 1500
0.32471799850463867 1500
0.325714111328125 1500
0.3266561031341553 1500
0.331301212310791 1500
0.331301212310791 1500
0.3317451477050781 1500
0.33274221420288086 1500
0.3348860740661621 1500
0.33570313453674316 1500
0.33783411979675293 1500
0.338482141494751 1500
0.33980512619018555 1500
0.34174323081970215 1500
0.3426940441131592 1500
0.345020055770874 1500
0.34575605392456055 1500
0.34781503677368164 1500
0.3488039970397949 1500
0.3507390022277832 1500
0.3516261577606201 1500
0.35361599922180176 1500
0.35466718673706055 1500
0.35552501678466797 1500
0.35782504081726074 1500
0.35883307456970215 1500
0.36080503463745117 1500
0.36156320571899414 1500
0.3638191223144531 1500
0.3646731376647949 1500
0.3668630123138428 1500
0.37044620513916016 1500
0.37044620513916016 1500
0.3710191249847412 1500
0.37307119369506836 1500
0.37383317947387695 1500
0.3746211528778076 1500
0.3767411708831787 1500
0.37750911712646484 1500
0.38467907905578613 1500
0.38467907905578613 1500
0.38467907905578613 1500
0.38467907905578613 1500
0.38467907905578613 1500
0.38724517822265625 1500
0.3876972198486328 1500
0.3898601531982422 1500
0.3908360004425049 1500
0.3927011489868164 1500
0.3937671184539795 1500
0.39477014541625977 1500
0.3967561721801758 1500
0.3979160785675049 1500
0.3998892307281494 1500
0.40050220489501953 1500
0.4027371406555176 1500
0.4037141799926758 1500
0.40598011016845703 1500
0.4065420627593994 1500
0.4090452194213867 1500
0.4099771976470947 1500
0.4105100631713867 1500
0.41277122497558594 1500
0.41367006301879883 1500
0.41585707664489746 1500
0.4165661334991455 1500
0.4187500476837158 1500
0.419478178024292 1500
0.4214611053466797 1500
0.42255616188049316 1500
0.4236900806427002 1500
0.4257171154022217 1500
0.4267241954803467 1500
0.4328269958496094 1500
0.4328269958496094 1500
0.4328269958496094 1500
0.4342210292816162 1500
0.4342210292816162 1500
0.43598008155822754 1500
0.436751127243042 1500
0.43870019912719727 1500
0.43996500968933105 1500
0.4427781105041504 1500
0.4427781105041504 1500
0.4448211193084717 1500
0.4455702304840088 1500
0.44654321670532227 1500
0.44858622550964355 1500
0.4498600959777832 1500
0.45285916328430176 1500
0.45285916328430176 1500
0.4549121856689453 1500
0.45552802085876465 1500
0.457827091217041 1500
0.4589052200317383 1500
0.4597752094268799 1500
0.4617280960083008 1500
0.4643571376800537 1500
0.4647490978240967 1500
0.4656341075897217 1500
0.4676790237426758 1500
0.4685821533203125 1500
0.4706110954284668 1500
0.47152209281921387 1500
0.4726412296295166 1500
0.4746692180633545 1500
0.4755852222442627 1500
0.4778561592102051 1500
0.4785301685333252 1500
0.4807310104370117 1500
0.4816110134124756 1500
0.4835960865020752 1500
0.48465704917907715 1500
0.48605918884277344 1500
0.487774133682251 1500
0.4885270595550537 1500
0.4905991554260254 1500
0.49145007133483887 1500
0.4938490390777588 1500
0.4944131374359131 1500
0.5019271373748779 1500
0.5019271373748779 1500
0.5019271373748779 1500
0.5019271373748779 1500
0.5019271373748779 1500
0.5039961338043213 1500
0.5044600963592529 1500
0.5067000389099121 1500
0.5074901580810547 1500
0.5097200870513916 1500
0.5104870796203613 1500
0.5115740299224854 1500
0.5135281085968018 1500
0.514545202255249 1500
0.5165271759033203 1500
0.5175161361694336 1500
0.5194802284240723 1500
0.5204510688781738 1500
0.5226681232452393 1500
0.5236639976501465 1500
0.5246150493621826 1500
0.5267820358276367 1500
0.5278952121734619 1500
0.5297970771789551 1500
0.5305430889129639 1500
0.5328600406646729 1500
0.5334930419921875 1500
0.5357580184936523 1500
0.5366861820220947 1500
0.5376420021057129 1500
0.5396451950073242 1500
0.5405271053314209 1500
0.5427491664886475 1500
0.5437572002410889 1500
0.5457501411437988 1500
0.5464320182800293 1500
0.5488090515136719 1500
0.5496799945831299 1500
0.550800085067749 1138
0.5896060466766357 40
0.5925741195678711 1500
0.5925741195678711 1500
0.5926902294158936 1500
0.5926902294158936 1500
0.5926902294158936 1500
0.5927450656890869 1500
0.5928041934967041 1500
0.593743085861206 1500
0.5944530963897705 1500
0.5955600738525391 1500
0.5975551605224609 1500
0.5997111797332764 393
0.5998010635375977 1500
0.6004681587219238 1500
0.6026511192321777 1500
0.6035120487213135 1500
0.6058552265167236 1500
0.6067221164703369 1500
0.6076040267944336 1500
0.6096601486206055 1500
0.6103742122650146 1500
0.6140081882476807 1500
0.6140081882476807 1500
0.6155180931091309 393
0.6156280040740967 1500
0.6166331768035889 1500
0.6187291145324707 1500
0.619530200958252 1500
0.6215190887451172 1500
0.6228940486907959 1500
0.6245241165161133 1500
0.6266870498657227 1500
0.627587080001831 1500
0.6285181045532227 1500
0.6305100917816162 1500
0.6315431594848633 1500
0.6325740814208984 1500
0.6345551013946533 1500
0.6355631351470947 1500
0.6376020908355713 1500
0.6387619972229004 1500
0.6404910087585449 1500
0.6416552066802979 1500
0.643632173538208 1500
0.6444711685180664 1500
0.6454541683197021 1500
0.6515212059020996 1500
0.6515212059020996 1500
0.6515212059020996 1500
0.6517171859741211 1500
0.6538882255554199 1500
0.654494047164917 1500
0.6568071842193604 1500
0.6576390266418457 1500
0.6585252285003662 1500
0.6608810424804688 1500
0.6617212295532227 1500
0.6636941432952881 1500
0.6646480560302734 1500
0.6669371128082275 1500
0.6674489974975586 1500
0.6698181629180908 1500
0.6704080104827881 1500
0.6715860366821289 1500
0.6748840808868408 1500
0.6748840808868408 1500
0.6770200729370117 1500
0.6776602268218994 1500
0.6799070835113525 1500
0.6804821491241455 1500
0.682711124420166 1500
0.6836462020874023 1500
0.6845800876617432 1500
0.6909282207489014 1500
0.6909282207489014 1500
0.6909282207489014 1500
0.6909282207489014 1500
0.6928360462188721 1500
0.6935310363769531 1500
0.6957070827484131 1500
0.6964330673217773 1500
0.6979620456695557 1500
0.6996121406555176 1500
0.7010800838470459 1500
0.7024571895599365 1500
0.7034811973571777 1500
0.7056961059570312 1500
0.7063751220703125 1500
0.7086930274963379 1500
0.709442138671875 1500
0.710792064666748 1500
0.7127079963684082 1500
0.7137410640716553 1500
0.7155280113220215 1500
0.7164812088012695 1500
0.7187981605529785 1500
0.719771146774292 1500
0.7217080593109131 1500
0.7224221229553223 1500
0.7236611843109131 1500
0.725600004196167 1500
0.726844072341919 1500
0.7284622192382812 1500
0.7295911312103271 1500
0.7318332195281982 1500
0.7333991527557373 1500
0.7344710826873779 1500
0.7356290817260742 1500
0.7367501258850098 1500
0.738469123840332 1500
0.7394740581512451 1500
0.7417471408843994 1500
0.7428851127624512 1500
0.7448580265045166 1500
0.7456409931182861 1500
0.7476921081542969 1500
0.748676061630249 1500
0.7499370574951172 1500
0.7518441677093506 1500
0.7528221607208252 1500
0.7548151016235352 1500
0.7554900646209717 1500
0.7579669952392578 1500
0.7586760520935059 1500
0.7607362270355225 1500
0.7615101337432861 1500
0.763552188873291 1500
0.7645211219787598 1500
0.7656261920928955 1500
0.7691161632537842 1500
0.7691161632537842 1500
0.7707052230834961 1500
0.7717320919036865 1500
0.7739160060882568 1500
0.7745490074157715 1500
0.775609016418457 1500
0.7779181003570557 1500
0.7784261703491211 1500
0.7807371616363525 1500
0.7814280986785889 1500
0.7836930751800537 1500
0.7846481800079346 1500
0.7866311073303223 1500
0.7875962257385254 1500
0.7888472080230713 1500
0.7903900146484375 1500
0.7917201519012451 1500
0.794064998626709 1500
0.7946460247039795 1500
0.7967040538787842 1500
0.7976090908050537 1500
0.8000650405883789 1500
0.8006410598754883 1500
0.8016891479492188 1500
0.8035030364990234 1500
0.8046660423278809 1500
0.8064990043640137 1500
0.8075711727142334 1500
0.809744119644165 1500
0.8105640411376953 1500
0.8128030300140381 1500
0.8148641586303711 1500
0.8148641586303711 1500
0.8167500495910645 1500
0.8175551891326904 1500
0.8195621967315674 1500
0.8205780982971191 1500
0.8227601051330566 1500
0.823538064956665 1500
0.8255100250244141 1500
0.8265972137451172 1500
0.8278000354766846 1500
0.8296771049499512 1500
0.8307600021362305 1500
0.8327350616455078 1500
0.8338620662689209 1500
0.8357641696929932 1500
0.8378081321716309 1500
0.8385391235351562 1500
0.839818000793457 1500
0.8405280113220215 1500
0.8426980972290039 1500
0.8437540531158447 1500
0.8456850051879883 1500
0.8465321063995361 1500
0.848466157913208 1500
0.8494172096252441 1500
0.851776123046875 1500
0.8525521755218506 1500
0.8535161018371582 1500
0.8555521965026855 1500
0.8567821979522705 1500
0.858687162399292 1500
0.8594980239868164 1500
0.8618350028991699 1500
0.8625051975250244 1500
0.8647980690002441 1500
0.8653891086578369 1500
0.8668580055236816 1500
0.8686070442199707 1500
0.869610071182251 1500
0.8729791641235352 1500
0.8729791641235352 1500
0.874514102935791 1500
0.8755512237548828 1500
0.8779342174530029 1500
0.878756046295166 1500
0.8797390460968018 1500
0.8827791213989258 1500
0.8827791213989258 1500
0.884843111038208 1500
0.8860371112823486 1500
0.8875432014465332 1500
0.8885102272033691 1500
0.8908300399780273 1500
0.891618013381958 1500
0.8940281867980957 1500
0.8944990634918213 1500
0.8960831165313721 1500
0.8976271152496338 1500
0.8984451293945312 1500
0.9010171890258789 1500
0.901907205581665 1500
0.9037771224975586 1500
0.904757022857666 1500
0.9058911800384521 1500
0.907757043838501 1500
0.9084980487823486 1500
0.9107911586761475 1500
0.9116580486297607 1500
0.9137141704559326 1500
0.914621114730835 1500
0.9184451103210449 1500
0.9184451103210449 1500
0.9189410209655762 1500
0.9211370944976807 1500
0.9217121601104736 1500
0.9238002300262451 1500
0.9246501922607422 1500
0.9268331527709961 1500
0.92746901512146 1500
0.9296669960021973 1500
0.9306511878967285 1500
0.9317450523376465 1500
0.9337551593780518 1500
0.9344801902770996 1500
0.9365570545196533 1500
0.937373161315918 1500
0.9398810863494873 1500
0.9416592121124268 1500
0.9425451755523682 1500
0.9434990882873535 1500
0.9445590972900391 1500
0.9465091228485107 1500
0.947425127029419 1500
0.9499971866607666 1500
0.9506440162658691 1500
0.9537570476531982 1500
0.9537570476531982 1500
0.9556519985198975 1500
0.9565842151641846 1500
0.9578301906585693 1500
0.9596500396728516 1500
0.9605982303619385 1500
0.9629940986633301 1500
0.9637830257415771 1500
0.9654731750488281 1500
0.9667470455169678 1500
0.9685311317443848 1500
0.9697952270507812 1500
0.9704511165618896 1500
0.9726412296295166 1500
0.9735000133514404 1500
0.9756622314453125 1500
0.9766621589660645 1500
0.9788050651550293 1500
0.9794020652770996 1500
0.9826321601867676 1500
0.9826321601867676 1500
0.9836311340332031 1500
0.9856071472167969 1500
0.9865901470184326 1500
0.9895570278167725 1500
0.9896340370178223 1500
0.9914979934692383 1500
0.9927470684051514 1500
0.9944891929626465 1500
0.9955291748046875 1500
0.9966051578521729 1500
0.9984390735626221 1500
0.9993882179260254 1500
1.001380205154419 1500
1.0026271343231201 1500
1.009789228439331 1500
1.009789228439331 1500
1.009789228439331 1500
1.009789228439331 1500
1.009789228439331 1500
1.0129852294921875 1500
1.0129852294921875 1500
1.0169670581817627 1500
1.0169670581817627 1500
1.0178050994873047 1500
1.0185160636901855 1500
1.020721197128296 1500
1.02162504196167 1500
1.0224800109863281 1500
1.024874210357666 1500
1.0255510807037354 1500
1.0276820659637451 1500
1.0287220478057861 1500
1.0307700634002686 1500
1.0315890312194824 1500
1.0336592197418213 1500
1.0344700813293457 1500
1.0357601642608643 1500
1.0375661849975586 1500
