1050000
0.0 1500
0.0010750293731689453 1500
0.003016948699951172 1500
0.005136013031005859 1500
0.005739927291870117 1500
0.008147001266479492 1500
0.00980997085571289 1500
0.01288294792175293 1500
0.01288294792175293 1500
0.01388096809387207 1500
0.016069889068603516 1500
0.01709890365600586 1500
0.01874685287475586 1500
0.019685029983520508 1500
0.021317005157470703 1500
0.023123979568481445 1500
0.025033950805664062 1500
0.02604198455810547 1500
0.027842044830322266 1500
0.02900099754333496 1500
0.030920982360839844 1500
0.0327608585357666 1500
0.03422689437866211 1500
0.03592801094055176 1500
0.03668785095214844 1500
0.0380098819732666 1500
0.03983902931213379 1500
0.041090965270996094 1500
0.04286694526672363 1500
0.04417991638183594 1500
0.04586386680603027 1500
0.047087907791137695 1500
0.04919004440307617 1500
0.05084705352783203 1500
0.052886962890625 1500
0.054090023040771484 1500
0.05619406700134277 1500
0.057862043380737305 1500
0.0592498779296875 1500
0.060981035232543945 1500
0.06293201446533203 1500
0.064208984375 1500
0.06595206260681152 1500
0.06796002388000488 1500
0.06929993629455566 1500
0.07119202613830566 1500
0.07296204566955566 1500
0.0741419792175293 1500
0.07576704025268555 1500
0.07678890228271484 1500
0.08152604103088379 1500
0.08152604103088379 1500
0.0829019546508789 1500
0.08422684669494629 1500
0.08601784706115723 1500
0.08714604377746582 1500
0.0891258716583252 1500
0.08999896049499512 1500
0.09212589263916016 1500
0.09532403945922852 1500
0.09532403945922852 1500
0.0970010757446289 1500
0.09930205345153809 1500
0.10071206092834473 1500
0.10227394104003906 1500
0.10404491424560547 1500
0.10614299774169922 1500
0.10689496994018555 1500
0.10815787315368652 1500
0.10995697975158691 1500
0.11193490028381348 1500
0.11304092407226562 1500
0.11492395401000977 1500
0.11615991592407227 1500
0.11809706687927246 1500
0.1190948486328125 1500
0.12092304229736328 1500
0.1230919361114502 1500
0.12502503395080566 1500
0.12641191482543945 1500
0.12805891036987305 1500
0.1298680305480957 1500
0.13106989860534668 1500
0.13311290740966797 1500
0.13416695594787598 1500
0.13582491874694824 1500
0.13802289962768555 1500
0.13915586471557617 1500
0.1411759853363037 1500
0.14308691024780273 1500
0.14411187171936035 1500
0.14611196517944336 1500
0.1481618881225586 1500
0.15009689331054688 1500
0.1520218849182129 1500
0.15315485000610352 1500
0.1552588939666748 1500
0.157181978225708 1500
0.15912699699401855 1500
0.16087889671325684 1500
0.16228795051574707 1500
0.16410303115844727 1500
0.16610503196716309 1500
0.16793203353881836 1500
0.17010998725891113 1500
0.17178893089294434 1500
0.17321205139160156 1500
0.1748349666595459 1500
0.17584705352783203 1500
0.1788618564605713 1500
0.1801300048828125 1500
0.18118000030517578 1500
0.18308496475219727 1500
0.1849808692932129 1500
0.18713092803955078 1500
0.18900394439697266 1500
0.1907060146331787 1500
0.19217395782470703 1500
0.19417405128479004 1500
0.19623899459838867 1500
0.1982250213623047 1500
0.200300931930542 1500
0.20178794860839844 1500
0.20400500297546387 1500
0.20501303672790527 1500
0.20719504356384277 1500
0.20906496047973633 1500
0.21121597290039062 1500
0.2133960723876953 1500
0.21495985984802246 1500
0.21715188026428223 1500
0.2191760540008545 1500
0.22130990028381348 1500
0.2230539321899414 1500
0.2248518466949463 1500
0.22705292701721191 1500
0.22826004028320312 1500
0.22974300384521484 1500
0.23202991485595703 1500
0.23360991477966309 1500
0.2352750301361084 1500
0.23709607124328613 1500
0.23891186714172363 1500
0.2409219741821289 1500
0.24220991134643555 1500
0.24468207359313965 1500
0.24651098251342773 1500
0.24775385856628418 1500
0.2502908706665039 1500
0.2521190643310547 1500
0.25437092781066895 1500
0.25617003440856934 1500
0.25814104080200195 1500
0.260051965713501 1500
0.2656400203704834 1500
0.2656400203704834 1500
0.2656400203704834 1500
0.2672278881072998 1500
0.2687418460845947 1500
0.27121400833129883 1500
0.2733628749847412 1500
0.2746710777282715 1500
0.2769129276275635 1500
0.2780640125274658 1500
0.280026912689209 1500
0.28162693977355957 1500
0.28371405601501465 1500
0.2851688861846924 1500
0.28727006912231445 1500
0.2889230251312256 1500
0.29105687141418457 1500
0.2920839786529541 1500
0.29377293586730957 1500
0.2960519790649414 1500
0.2978849411010742 1500
0.29914307594299316 1500
0.30112600326538086 1500
0.3031339645385742 1500
0.3047468662261963 1500
0.3069138526916504 1500
0.30831289291381836 1500
0.310028076171875 1500
0.31189489364624023 1500
0.3130490779876709 1500
0.3152740001678467 1500
0.3170950412750244 1500
0.319119930267334 1500
0.32085394859313965 1500
0.3221609592437744 1500
0.32396793365478516 1500
0.3260948657989502 1500
0.32877588272094727 1500
0.32877588272094727 1500
0.33103394508361816 1500
0.3328888416290283 1500
0.3349170684814453 1500
0.3361668586730957 1500
0.3380129337310791 1500
0.3392000198364258 1500
0.3410458564758301 1500
0.3432610034942627 1500
0.34485793113708496 1500
0.34628987312316895 1500
0.34809207916259766 1500
0.3491828441619873 1500
0.35105204582214355 1500
0.3521890640258789 1500
0.35376691818237305 1500
0.355975866317749 1500
0.3568899631500244 1500
0.35874390602111816 1500
0.3598639965057373 1500
0.36222100257873535 1500
0.3630199432373047 1500
0.3653709888458252 1500
0.367048978805542 1500
0.36824703216552734 1500
0.37018799781799316 1500
0.37126898765563965 1500
0.37285900115966797 1500
0.3737659454345703 1500
0.3758969306945801 1500
0.37698888778686523 1500
0.3779740333557129 1500
0.38007187843322754 1500
0.38107895851135254 1500
0.3828880786895752 1500
0.3841538429260254 1500
0.3859748840332031 1500
0.38709592819213867 1500
0.38884902000427246 1500
0.39001989364624023 1500
0.3919100761413574 1500
0.3930039405822754 1500
0.39467906951904297 1500
0.3962979316711426 1500
0.3978450298309326 1500
0.3988828659057617 1500
0.40113401412963867 1500
0.40189599990844727 1500
0.4033050537109375 1500
0.4049248695373535 1500
0.40712690353393555 1500
0.4081399440765381 1500
0.41005992889404297 1500
0.4131629467010498 1500
0.4133930206298828 1500
0.41524505615234375 1500
0.41631507873535156 1500
0.4179399013519287 1500
0.41915202140808105 1500
0.42134904861450195 1500
0.4222989082336426 1500
0.4241909980773926 1500
0.4252278804779053 1500
0.426846981048584 1500
0.4290480613708496 1500
0.43002891540527344 1500
0.43232107162475586 1500
0.43282389640808105 1500
0.43511486053466797 1500
0.43620991706848145 1500
0.4381389617919922 1500
0.43990087509155273 1500
0.441148042678833 1500
0.44280290603637695 1500
0.4441649913787842 1500
0.4459400177001953 1500
0.4469928741455078 1500
0.44881486892700195 1500
0.4508180618286133 1500
0.45198988914489746 1500
0.45406484603881836 1500
0.45585203170776367 1500
0.4581940174102783 1500
0.45902585983276367 1500
0.4612240791320801 1500
0.46304893493652344 1500
0.46490001678466797 1500
0.46691107749938965 1500
0.46808505058288574 1500
0.4698519706726074 1500
0.47093701362609863 1500
0.4733119010925293 1500
0.47391200065612793 1500
0.47596287727355957 1500
0.4768829345703125 1500
0.47888684272766113 1500
0.4810819625854492 1500
0.4820840358734131 1500
0.4837648868560791 1500
0.4851219654083252 1500
0.48685693740844727 1500
0.48816394805908203 1500
0.4903910160064697 1500
0.4920220375061035 1500
0.495013952255249 1500
0.4957559108734131 1500
0.4969210624694824 1500
0.498852014541626 1500
0.5010309219360352 1500
0.5029599666595459 1500
0.5045700073242188 1500
0.5059468746185303 1500
0.5081789493560791 1500
0.5099649429321289 1500
0.5112919807434082 1500
0.5131480693817139 1500
0.5151209831237793 1500
0.5161130428314209 1500
0.5181899070739746 1500
0.5189619064331055 1500
0.5212428569793701 1500
0.5228888988494873 1500
0.524198055267334 1500
0.5259659290313721 1500
0.5278749465942383 1500
0.5291569232940674 1500
0.5309939384460449 1500
0.5321948528289795 1500
0.5338609218597412 1500
0.5358738899230957 1500
0.5372240543365479 1500
0.5388350486755371 1500
0.54026198387146 1500
0.5420138835906982 1500
0.5442628860473633 1500
0.5459859371185303 1500
0.5471210479736328 1500
0.54899001121521 1500
0.5502879619598389 1500
0.5519108772277832 1500
0.5529940128326416 1500
0.5550148487091064 1500
0.5563828945159912 1500
0.5580868721008301 1500
0.560122013092041 1500
0.56101393699646 1500
0.5632450580596924 1500
0.5647709369659424 1500
0.5659668445587158 1500
0.5680840015411377 1500
0.5689868927001953 1500
0.5711848735809326 1500
0.5731580257415771 1500
0.5748178958892822 1500
0.577009916305542 1500
0.5796668529510498 1500
0.5811069011688232 1500
0.5821349620819092 1500
0.584061861038208 1500
0.5858039855957031 1500
0.5878849029541016 1500
0.5900909900665283 1500
0.5922460556030273 1500
0.5938959121704102 1500
0.5951800346374512 1500
0.5971410274505615 1500
0.5991199016571045 1500
0.6009109020233154 1500
0.6029729843139648 1500
0.604788064956665 1500
0.6060669422149658 1500
0.6090009212493896 1500
0.6101179122924805 1500
0.6119019985198975 1500
0.6126608848571777 1500
0.6148278713226318 1500
0.6172609329223633 1500
0.6191549301147461 1500
0.6213140487670898 1500
0.6229698657989502 1500
0.6251540184020996 1500
0.6262660026550293 1500
0.6282539367675781 1500
0.6301050186157227 1500
0.6323950290679932 1500
0.6340839862823486 1500
0.6357769966125488 1500
0.6379320621490479 1500
0.6400389671325684 1500
0.64103102684021 1500
0.6428120136260986 1500
0.6496119499206543 1500
0.6496119499206543 1500
0.6496119499206543 1500
0.6511309146881104 1500
0.6531000137329102 1500
0.6550240516662598 1500
0.6560530662536621 1500
0.6589069366455078 1500
0.6598429679870605 1500
0.6623759269714355 1500
0.6638598442077637 1500
0.665834903717041 1500
0.6673119068145752 1500
0.669144868850708 1500
0.6710100173950195 1500
0.6727569103240967 1500
0.6741209030151367 1500
0.6770319938659668 1500
0.678102970123291 1500
0.6801550388336182 1500
0.6821138858795166 1500
0.6840629577636719 1500
0.6850550174713135 1500
0.6872310638427734 1500
0.6892290115356445 1500
0.6911900043487549 1500
0.6931848526000977 1500
0.6951370239257812 1500
0.6968920230865479 1500
0.6988129615783691 1500
0.7001140117645264 1500
0.7018730640411377 1500
0.704164981842041 1500
0.7056710720062256 1500
0.7070579528808594 1500
0.7090890407562256 1500
0.7112419605255127 1500
0.711982011795044 1500
0.7138469219207764 1500
0.716127872467041 1500
0.7189419269561768 1500
0.7201669216156006 1500
0.7220349311828613 1500
0.7232480049133301 1500
0.7248549461364746 1500
0.7263729572296143 1500
0.7326278686523438 1500
0.7326278686523438 1500
0.7326278686523438 1500
0.7331230640411377 1500
0.734699010848999 1500
0.7358779907226562 1500
0.7378518581390381 1500
0.7392480373382568 1500
0.7411329746246338 1500
0.7432818412780762 1500
0.745236873626709 1500
0.7468838691711426 1500
0.7487750053405762 1500
0.7501640319824219 1500
0.7521250247955322 1500
0.7542290687561035 1500
0.7550220489501953 1500
0.7573440074920654 1500
0.7590909004211426 1500
0.7599380016326904 1500
0.7620940208435059 1500
0.7638759613037109 1500
0.7661008834838867 1500
0.767974853515625 1500
0.7701129913330078 1500
0.7718288898468018 1500
0.7737910747528076 1500
0.7761030197143555 1500
0.7777118682861328 1500
0.7800099849700928 1500
0.7812678813934326 1500
0.7831368446350098 1500
0.7851090431213379 1500
0.7872960567474365 1500
0.7890009880065918 1500
0.7910950183868408 1500
0.7928500175476074 1500
0.794342041015625 1500
0.7958009243011475 1500
0.798090934753418 1500
0.7992699146270752 1500
0.8012020587921143 1500
0.8023560047149658 1500
0.8049449920654297 1500
0.8061349391937256 1500
0.808007001876831 1500
0.8099830150604248 1500
0.8131799697875977 1500
0.8138630390167236 1500
0.8159840106964111 1500
0.8181500434875488 1500
0.8200619220733643 1500
0.8216688632965088 1500
0.8230500221252441 1500
0.8249199390411377 1500
0.826995849609375 1500
0.8288998603820801 1500
0.831049919128418 1500
0.8328819274902344 1500
0.8348748683929443 1500
0.8369438648223877 1500
0.839047908782959 1500
0.8409860134124756 1500
0.8430578708648682 1500
0.8493859767913818 1500
0.8493859767913818 1500
0.8493859767913818 1500
0.8497638702392578 1500
0.8510410785675049 1500
0.8530759811401367 1500
0.8551709651947021 1500
0.8571100234985352 1500
0.8590869903564453 1500
0.8606970310211182 1500
0.8619799613952637 1500
0.8637599945068359 1500
0.8651678562164307 1500
0.8673079013824463 1500
0.8689088821411133 1500
0.8701448440551758 1500
0.8722078800201416 1500
0.8740179538726807 1500
0.8751170635223389 1500
0.8771209716796875 1500
0.8786969184875488 1500
0.8802878856658936 1500
0.88205885887146 1500
0.884037971496582 1500
0.8856658935546875 1500
0.8869500160217285 1500
0.8888628482818604 1500
0.8902080059051514 1500
0.8917179107666016 1500
0.8950228691101074 1500
0.8952498435974121 1500
0.8971560001373291 1500
0.8980369567871094 1500
0.8992710113525391 1500
0.9011659622192383 1500
0.9032409191131592 1500
0.904109001159668 1500
0.9059040546417236 1500
0.9071500301361084 1500
0.908850908279419 1500
0.9102680683135986 1500
0.9165809154510498 1500
0.9165809154510498 1500
0.9165809154510498 1500
0.9172298908233643 1500
0.9190359115600586 1500
0.9212319850921631 1500
0.9221498966217041 1500
0.9242558479309082 1500
0.926037073135376 1500
0.9280898571014404 1500
0.9291188716888428 1500
0.9310948848724365 1500
0.9321839809417725 1500
0.933892011642456 1500
0.9351968765258789 1500
0.937047004699707 1500
0.9389510154724121 1500
0.9398870468139648 1500
0.9417760372161865 1500
0.9436550140380859 1500
0.945267915725708 1500
0.9468820095062256 1500
0.9478659629821777 1500
0.9497518539428711 1500
0.9520399570465088 1500
0.9546389579772949 1500
0.955272912979126 1500
0.9572498798370361 1500
0.9588649272918701 1500
0.9608230590820312 1500
0.9630138874053955 1500
0.9640839099884033 1500
0.966209888458252 1500
0.9680440425872803 1500
0.9692409038543701 1500
0.9710180759429932 1500
0.9730319976806641 1500
0.9739799499511719 1500
0.9761619567871094 1500
0.979982852935791 1500
0.979982852935791 1500
0.9830200672149658 1500
0.984130859375 1500
0.986008882522583 1500
0.9879779815673828 1500
0.9890010356903076 1500
0.9910800457000732 1500
0.9931550025939941 1500
0.9938690662384033 1500
0.9960989952087402 1500
0.9981379508972168 1500
1.000074863433838 1500
1.0020170211791992 1500
1.0032269954681396 1500
1.0050389766693115 1500
1.0071280002593994 1500
1.0090839862823486 1500
1.0107219219207764 1500
1.0127270221710205 1500
1.0146329402923584 1500
1.0161099433898926 1500
1.0179650783538818 1500
1.0199079513549805 1500
1.0219130516052246 1500
1.0230910778045654 1500
1.0252149105072021 1500
1.0269169807434082 1500
1.0288338661193848 1500
1.0306899547576904 1500
1.0319979190826416 1500
1.0342540740966797 1500
1.0359978675842285 1500
1.0370500087738037 1500
1.038877010345459 1500
1.0407390594482422 1500
1.043097972869873 1500
1.0454039573669434 1500
1.0461170673370361 1500
1.0479440689086914 1500
1.049056053161621 1500
1.0512590408325195 1500
1.052048921585083 1500
1.0540108680725098 1500
1.0552198886871338 1500
1.057093858718872 1500
1.0590379238128662 1500
1.060333013534546 1500
1.0620369911193848 1500
1.0641169548034668 1500
1.0658988952636719 1500
1.0671989917755127 1500
1.0690209865570068 1500
1.0709969997406006 1500
1.072847843170166 1500
1.074125051498413 1500
1.0759260654449463 1500
1.0778858661651611 1500
1.0799169540405273 1500
1.081043004989624 1500
1.0829269886016846 1500
1.0849299430847168 1500
1.085965871810913 1500
1.0877048969268799 1500
1.0898990631103516 1500
1.0912840366363525 1500
1.0953619480133057 1500
1.0953619480133057 1500
1.0961229801177979 1500
1.098301887512207 1500
1.0999538898468018 1500
1.1010470390319824 1500
1.1029438972473145 1500
1.1048588752746582 1500
1.105907917022705 1500
1.1078579425811768 1500
1.1100599765777588 1500
1.111849069595337 1500
1.1139378547668457 1500
1.114980936050415 1500
1.117177963256836 1500
1.1189589500427246 1500
1.1211349964141846 1500
1.1233329772949219 1500
1.1250278949737549 1500
1.1269679069519043 1500
1.1293280124664307 1500
1.1299889087677002 1500
1.1312189102172852 1500
1.1328229904174805 1500
1.1350319385528564 1500
1.1361019611358643 1500
1.1387908458709717 1500
1.1399610042572021 1500
1.1419548988342285 1500
1.143988847732544 1500
1.1460380554199219 1500
1.1481049060821533 1500
1.1500868797302246 1500
1.1517958641052246 1500
1.1530158519744873 1500
1.1553089618682861 1500
1.1571688652038574 1500
1.1591720581054688 1500
1.1611759662628174 1500
1.163074016571045 1500
1.164896011352539 1500
1.1668238639831543 1500
1.1694488525390625 1500
1.1703360080718994 1500
1.1721079349517822 1500
1.1740920543670654 1500
1.175907850265503 1500
1.1778290271759033 1500
1.1791088581085205 1500
1.1811199188232422 1500
1.1830790042877197 1500
1.1847689151763916 1500
1.186992883682251 1500
1.1889140605926514 1500
1.1900279521942139 1500
1.192194938659668 1500
1.1939818859100342 1500
1.1958589553833008 1500
1.1981408596038818 1500
1.2002670764923096 1500
1.2014529705047607 1500
