1049280
0.0 1093
0.0 1093
0.001834869384765625 1093
0.001834869384765625 1093
0.001834869384765625 1093
0.001834869384765625 1093
0.002187967300415039 1093
0.002187967300415039 1093
0.007421016693115234 1093
0.007835865020751953 1093
0.008178949356079102 1093
0.008178949356079102 1093
0.008543968200683594 1093
0.008543968200683594 1093
0.008543968200683594 1093
0.008543968200683594 1093
0.008918046951293945 1093
0.008918046951293945 1093
0.008918046951293945 1093
0.008918046951293945 1093
0.009299993515014648 1093
0.009299993515014648 1093
0.009299993515014648 1093
0.009681940078735352 1093
0.009681940078735352 1093
0.010051965713500977 1093
0.010051965713500977 1093
0.010051965713500977 1093
0.010430097579956055 1093
0.010430097579956055 1093
0.011462926864624023 1093
0.012250900268554688 1093
0.012250900268554688 1093
0.012250900268554688 1093
0.012250900268554688 1093
0.012250900268554688 1093
0.012250900268554688 1093
0.012250900268554688 1093
0.012250900268554688 1093
0.012744903564453125 1093
0.012744903564453125 1093
0.012744903564453125 1093
0.012923955917358398 1093
0.013330936431884766 1093
0.013330936431884766 1093
0.013330936431884766 1093
0.013330936431884766 1093
0.013669013977050781 1093
0.01738905906677246 1093
0.018152952194213867 1093
0.03289008140563965 1093
0.03289008140563965 1093
0.03328394889831543 1093
0.03379702568054199 1093
0.03418087959289551 1093
0.03418087959289551 1093
0.03510093688964844 1093
0.03510093688964844 1093
0.03510093688964844 1093
0.035490989685058594 1093
0.035490989685058594 1093
0.035490989685058594 1093
0.035490989685058594 1093
0.03589892387390137 1093
0.03746509552001953 1093
0.0378110408782959 1093
0.03816509246826172 1093
0.03858494758605957 1093
0.03858494758605957 1093
0.03891706466674805 1093
0.03891706466674805 1093
0.03929901123046875 1093
0.03929901123046875 1093
0.03929901123046875 1093
0.03929901123046875 1093
0.03968095779418945 1093
0.03968095779418945 1093
0.040060997009277344 1093
0.040060997009277344 1093
0.040060997009277344 1093
0.04041290283203125 1093
0.04041290283203125 1093
0.047882080078125 1093
0.048256874084472656 1093
0.04870891571044922 1093
0.04870891571044922 1093
0.04870891571044922 1093
0.04870891571044922 1093
0.04915904998779297 1093
0.04915904998779297 1093
0.04915904998779297 1093
0.04915904998779297 1093
0.04953908920288086 1093
0.04953908920288086 1093
0.04953908920288086 1093
0.04953908920288086 1093
0.0499269962310791 1093
0.0499269962310791 1093
0.05110502243041992 1093
0.05110502243041992 1093
0.05110502243041992 1093
0.05110502243041992 1093
0.05147504806518555 1093
0.05147504806518555 1093
0.056984901428222656 1093
0.0572359561920166 1093
0.05792808532714844 1093
0.05792808532714844 1093
0.05827689170837402 1093
0.05827689170837402 1093
0.05827689170837402 1093
0.058628082275390625 1093
0.058628082275390625 1093
0.058979034423828125 1093
0.059722900390625 1093
0.059722900390625 1093
0.060072898864746094 1093
0.06042289733886719 1093
0.06085395812988281 1093
0.06085395812988281 1093
0.06085395812988281 1093
0.061734914779663086 1093
0.061734914779663086 1093
0.061734914779663086 1093
0.06212806701660156 1093
0.06212806701660156 1093
0.06259703636169434 1093
0.06304693222045898 1093
0.06304693222045898 1093
0.06304693222045898 1093
0.06778597831726074 1093
0.06824803352355957 1093
0.06824803352355957 1093
0.06824803352355957 1093
0.06862688064575195 1093
0.06862688064575195 1093
0.06862688064575195 1093
0.06862688064575195 1093
0.06909608840942383 1093
0.06909608840942383 1093
0.06909608840942383 1093
0.06909608840942383 1093
0.06909608840942383 1093
0.0695490837097168 1093
0.0695490837097168 1093
0.07003188133239746 1093
0.08233308792114258 1093
0.08268094062805176 1093
0.08305788040161133 1093
0.08384108543395996 1093
0.08384108543395996 1093
0.08384108543395996 1093
0.0841820240020752 1093
0.0841820240020752 1093
0.0841820240020752 1093
0.0841820240020752 1093
0.08451294898986816 1093
0.08451294898986816 1093
0.08451294898986816 1093
0.08451294898986816 1093
0.08503508567810059 1093
0.08503508567810059 1093
0.08562397956848145 1093
0.0860130786895752 1093
0.08638501167297363 1093
0.08675694465637207 1093
0.08675694465637207 1093
0.08713889122009277 1093
0.08713889122009277 1093
0.08752107620239258 1093
0.08790397644042969 1093
0.08828496932983398 1093
0.08869504928588867 1093
0.08869504928588867 1093
0.08904409408569336 1093
0.08904409408569336 1093
0.08942890167236328 1093
0.08986306190490723 1093
0.0902550220489502 1093
0.0902550220489502 1093
0.09079694747924805 1093
0.09095907211303711 1093
0.09738802909851074 1093
0.09738802909851074 1093
0.09774398803710938 1093
0.09774398803710938 1093
0.09825301170349121 1093
0.09825301170349121 1093
0.09870791435241699 1093
0.09870791435241699 1093
0.09870791435241699 1093
0.09870791435241699 1093
0.09870791435241699 1093
0.09870791435241699 1093
0.09906601905822754 1093
0.09906601905822754 1093
0.09906601905822754 1093
0.09906601905822754 1093
0.10013389587402344 1093
0.10013389587402344 1093
0.10013389587402344 1093
0.10013389587402344 1093
0.10061287879943848 1093
0.10061287879943848 1093
0.10689687728881836 1093
0.10723590850830078 1093
0.11561799049377441 1093
0.11561799049377441 1093
0.11561799049377441 1093
0.1159830093383789 1093
0.1159830093383789 1093
0.1159830093383789 1093
0.11632704734802246 1093
0.11632704734802246 1093
0.11632704734802246 1093
0.1166529655456543 1093
0.1166529655456543 1093
0.1166529655456543 1093
0.11705994606018066 1093
0.11705994606018066 1093
0.11705994606018066 1093
0.11705994606018066 1093
0.11760091781616211 1093
0.11760091781616211 1093
0.11760091781616211 1093
0.11760091781616211 1093
0.11774396896362305 1093
0.11774396896362305 1093
0.11813998222351074 1093
0.11813998222351074 1093
0.11850595474243164 1093
0.11850595474243164 1093
0.11886787414550781 1093
0.1192319393157959 1093
0.1192319393157959 1093
0.11962294578552246 1093
0.12036395072937012 1093
0.12073707580566406 1093
0.12112188339233398 1093
0.13175606727600098 1093
0.13223791122436523 1093
0.13223791122436523 1093
0.1334240436553955 1093
0.13370108604431152 1093
0.13396406173706055 1093
0.13396406173706055 1093
0.13434886932373047 1093
0.13592886924743652 1093
0.13592886924743652 1093
0.13592886924743652 1093
0.13631105422973633 1093
0.13631105422973633 1093
0.13631105422973633 1093
0.13631105422973633 1093
0.13631105422973633 1093
0.14170289039611816 1093
0.14238691329956055 1093
0.14272499084472656 1093
0.14272499084472656 1093
0.14272499084472656 1093
0.14272499084472656 1093
0.14319396018981934 1093
0.14319396018981934 1093
0.14438796043395996 1093
0.14438796043395996 1093
0.14484500885009766 1093
0.14484500885009766 1093
0.14484500885009766 1093
0.14484500885009766 1093
0.14484500885009766 1093
0.14529800415039062 1093
0.14529800415039062 1093
0.14529800415039062 1093
0.14529800415039062 1093
0.14529800415039062 1093
0.14706087112426758 1093
0.14706087112426758 1093
0.1473989486694336 1093
0.14774489402770996 1093
0.14774489402770996 1093
0.14774489402770996 1093
0.14774489402770996 1093
0.1480879783630371 1093
0.1480879783630371 1093
0.1480879783630371 1093
0.1480879783630371 1093
0.14843392372131348 1093
0.14843392372131348 1093
0.14843392372131348 1093
0.14878487586975098 1093
0.14878487586975098 1093
0.14878487586975098 1093
0.14878487586975098 1093
0.14912700653076172 1093
0.14912700653076172 1093
0.14912700653076172 1093
0.14912700653076172 1093
0.14947891235351562 1093
0.14947891235351562 1093
0.15709495544433594 1093
0.15709495544433594 1093
0.1575300693511963 1093
0.1575300693511963 1093
0.1654040813446045 1093
0.16634702682495117 1093
0.16673994064331055 1093
0.16752004623413086 1093
0.16794109344482422 1093
0.16824698448181152 1093
0.16824698448181152 1093
0.16893696784973145 1093
0.16893696784973145 1093
0.1692829132080078 1093
0.17004108428955078 1093
0.17004108428955078 1093
0.170881986618042 1093
0.1712329387664795 1093
0.17158007621765137 1093
0.17192792892456055 1093
0.17192792892456055 1093
0.17192792892456055 1093
0.17192792892456055 1093
0.17226791381835938 1093
0.17226791381835938 1093
0.17226791381835938 1093
0.17226791381835938 1093
0.17261600494384766 1093
0.17261600494384766 1093
0.17261600494384766 1093
0.17261600494384766 1093
0.17296195030212402 1093
0.17421889305114746 1093
0.17457199096679688 1093
0.17457199096679688 1093
0.17492198944091797 1093
0.17492198944091797 1093
0.18106508255004883 1093
0.18106508255004883 1093
0.18141889572143555 1093
0.18277192115783691 1093
0.18277192115783691 1093
0.18277192115783691 1093
0.1831529140472412 1093
0.1831529140472412 1093
0.1831529140472412 1093
0.18352699279785156 1093
0.18352699279785156 1093
0.18352699279785156 1093
0.18352699279785156 1093
0.18390989303588867 1093
0.18390989303588867 1093
0.1842970848083496 1093
0.18509292602539062 1093
0.18509292602539062 1093
0.20123600959777832 1093
0.2015528678894043 1093
0.2019360065460205 1093
0.2019360065460205 1093
0.2019360065460205 1093
0.2019360065460205 1093
0.2023160457611084 1093
0.2023160457611084 1093
0.2023160457611084 1093
0.2023160457611084 1093
0.20269203186035156 1093
0.2030649185180664 1093
0.2030649185180664 1093
0.2030649185180664 1093
0.2034459114074707 1093
0.2034459114074707 1093
0.2034459114074707 1093
0.2038109302520752 1093
0.2038109302520752 1093
0.2038109302520752 1093
0.20418691635131836 1093
0.20418691635131836 1093
0.20418691635131836 1093
0.2045738697052002 1093
0.2045738697052002 1093
0.2045738697052002 1093
0.2049388885498047 1093
0.2049388885498047 1093
0.20530295372009277 1093
0.20530295372009277 1093
0.20530295372009277 1093
0.20530295372009277 1093
0.20568108558654785 1093
0.20568108558654785 1093
0.20568108558654785 1093
0.20568108558654785 1093
0.2060549259185791 1093
0.2060549259185791 1093
0.2060549259185791 1093
0.2060549259185791 1093
0.20643401145935059 1093
0.20643401145935059 1093
0.20643401145935059 1093
0.20643401145935059 1093
0.20643401145935059 1093
0.2068159580230713 1093
0.2068159580230713 1093
0.2068159580230713 1093
0.2068159580230713 1093
0.2072000503540039 1093
0.2072000503540039 1093
0.2072000503540039 1093
0.2072000503540039 1093
0.2145540714263916 1093
0.21542906761169434 1093
0.21542906761169434 1093
0.2171339988708496 1093
0.2171339988708496 1093
0.21751689910888672 1093
0.21751689910888672 1093
0.21785998344421387 1093
0.21888208389282227 1093
0.21888208389282227 1093
0.21921801567077637 1093
0.21955394744873047 1093
0.2203660011291504 1093
0.22071504592895508 1093
0.2214200496673584 1093
0.2217729091644287 1093
0.2224729061126709 1093
0.2224729061126709 1093
0.22281908988952637 1093
0.22281908988952637 1093
0.22318005561828613 1093
0.22355008125305176 1093
0.22387290000915527 1093
0.22387290000915527 1093
0.22422504425048828 1093
0.22458505630493164 1093
0.22458505630493164 1093
0.23110508918762207 1093
0.23110508918762207 1093
0.2314929962158203 1093
0.2314929962158203 1093
0.2314929962158203 1093
0.2314929962158203 1093
0.2318868637084961 1093
0.2318868637084961 1093
0.2318868637084961 1093
0.2318868637084961 1093
0.23219609260559082 1093
0.23219609260559082 1093
0.23219609260559082 1093
0.23219609260559082 1093
0.2325420379638672 1093
0.2325420379638672 1093
0.23288393020629883 1093
0.23323297500610352 1093
0.23357295989990234 1093
0.23357295989990234 1093
0.23357295989990234 1093
0.23392200469970703 1093
0.23392200469970703 1093
0.23392200469970703 1093
0.250856876373291 1093
0.2512049674987793 1093
0.2515559196472168 1093
0.2519049644470215 1093
0.25225400924682617 1093
0.25260496139526367 1093
0.2529599666595459 1093
0.2533149719238281 1093
0.2536630630493164 1093
0.25402188301086426 1093
0.25402188301086426 1093
0.25450801849365234 1093
0.25450801849365234 1093
0.2547769546508789 1093
0.2550618648529053 1093
0.2550618648529053 1093
0.2550618648529053 1093
0.25548291206359863 1093
0.25614500045776367 1093
0.2564990520477295 1093
0.2568519115447998 1093
0.25789403915405273 1093
0.2594470977783203 1093
0.2594470977783203 1093
0.2594470977783203 1093
0.2594470977783203 1093
0.2594470977783203 1093
0.2594470977783203 1093
0.2594470977783203 1093
0.2594470977783203 1093
0.2594470977783203 1093
0.2594470977783203 1093
0.2642519474029541 1093
0.2642519474029541 1093
0.26496100425720215 1093
0.26496100425720215 1093
0.26496100425720215 1093
0.26496100425720215 1093
0.26496100425720215 1093
0.26496100425720215 1093
0.26532506942749023 1093
0.26596903800964355 1093
0.26632094383239746 1093
0.26632094383239746 1093
0.26632094383239746 1093
0.26668500900268555 1093
0.26668500900268555 1093
0.26668500900268555 1093
0.26668500900268555 1093
0.2670290470123291 1093
0.2670290470123291 1093
0.2670290470123291 1093
0.2670290470123291 1093
0.26737093925476074 1093
0.26737093925476074 1093
0.26737093925476074 1093
0.26737093925476074 1093
0.2678039073944092 1093
0.2678039073944092 1093
0.2678039073944092 1093
0.2678039073944092 1093
0.2678039073944092 1093
0.2714879512786865 1093
0.2714879512786865 1093
0.2718179225921631 1093
0.2718179225921631 1093
0.2718179225921631 1093
0.2718179225921631 1093
0.2718179225921631 1093
0.2721829414367676 1093
0.2721829414367676 1093
0.2736630439758301 1093
0.2736630439758301 1093
0.28072094917297363 1093
0.28072094917297363 1093
0.28072094917297363 1093
0.28072094917297363 1093
0.28072094917297363 1093
0.28072094917297363 1093
0.28120899200439453 1093
0.28120899200439453 1093
0.28163909912109375 1093
0.28203392028808594 1093
0.28203392028808594 1093
0.28203392028808594 1093
0.2823798656463623 1093
0.2823798656463623 1093
0.28274989128112793 1093
0.28274989128112793 1093
0.28354597091674805 1093
0.28354597091674805 1093
0.2839369773864746 1093
0.2839369773864746 1093
0.2843000888824463 1093
0.2843000888824463 1093
0.2846710681915283 1093
0.2850649356842041 1093
0.30130696296691895 1093
0.30168700218200684 1093
0.30246806144714355 1093
0.3032829761505127 1093
0.3040909767150879 1093
0.3040909767150879 1093
0.3044888973236084 1093
0.305372953414917 1093
0.31429290771484375 1093
0.31429290771484375 1093
0.31429290771484375 1093
0.31531786918640137 1093
0.3162219524383545 1093
0.3162219524383545 1093
0.3162219524383545 1093
0.3162219524383545 1093
0.3172640800476074 1093
0.3172640800476074 1093
0.3172640800476074 1093
0.3172640800476074 1093
0.3182339668273926 1093
0.3182339668273926 1093
0.3182339668273926 1093
0.3182339668273926 1093
0.3182339668273926 1093
0.3182339668273926 1093
0.3182339668273926 1093
0.3182339668273926 1093
0.3182339668273926 1093
0.3182339668273926 1093
0.31933093070983887 1093
0.31933093070983887 1093
0.31933093070983887 1093
0.31933093070983887 1093
0.31933093070983887 1093
0.31933093070983887 1093
0.31933093070983887 1093
0.31933093070983887 1093
0.31933093070983887 1093
0.31933093070983887 1093
0.3203709125518799 1093
0.3203709125518799 1093
0.3203709125518799 1093
0.3203709125518799 1093
0.3203709125518799 1093
0.3203709125518799 1093
0.3203709125518799 1093
0.3203709125518799 1093
0.3203709125518799 1093
0.3203709125518799 1093
0.32138895988464355 1093
0.32138895988464355 1093
0.32138895988464355 1093
0.32138895988464355 1093
0.32138895988464355 1093
0.32138895988464355 1093
0.32138895988464355 1093
0.32210493087768555 1093
0.32210493087768555 1093
0.32210493087768555 1093
0.32210493087768555 1093
0.32210493087768555 1093
0.32210493087768555 1093
0.32210493087768555 1093
0.32210493087768555 1093
0.32210493087768555 1093
0.32210493087768555 1093
0.32406091690063477 1093
0.3311450481414795 1093
0.3311450481414795 1093
0.3311450481414795 1093
0.331557035446167 1093
0.331557035446167 1093
0.331557035446167 1093
0.331557035446167 1093
0.3320150375366211 1093
0.3320150375366211 1093
0.3320150375366211 1093
0.3320150375366211 1093
0.3320150375366211 1093
0.3323490619659424 1093
0.3323490619659424 1093
0.3323490619659424 1093
0.33326005935668945 1093
0.3389129638671875 1093
0.3391859531402588 1093
0.33951807022094727 1093
0.3416168689727783 1093
0.3416168689727783 1093
0.3416168689727783 1093
0.3420078754425049 1093
0.3420078754425049 1093
0.3420078754425049 1093
0.3424520492553711 1093
0.3424520492553711 1093
0.3424520492553711 1093
0.3424520492553711 1093
0.35103797912597656 1093
0.35103797912597656 1093
0.3514869213104248 1093
0.3514869213104248 1093
0.3514869213104248 1093
0.3514869213104248 1093
0.3514869213104248 1093
0.3519129753112793 1093
0.3519129753112793 1093
0.3519129753112793 1093
0.3519129753112793 1093
0.35411691665649414 1093
0.3545520305633545 1093
0.3545520305633545 1093
0.3545520305633545 1093
0.3638648986816406 1093
0.3638648986816406 1093
0.3643529415130615 1093
0.36469602584838867 1093
0.36586499214172363 1093
0.36662793159484863 1093
0.36662793159484863 1093
0.36833691596984863 1093
0.36904287338256836 1093
0.36904287338256836 1093
0.36978793144226074 1093
0.36978793144226074 1093
0.3701438903808594 1093
0.3704960346221924 1093
0.37084293365478516 1093
0.37119197845458984 1093
0.37119197845458984 1093
0.37152791023254395 1093
0.37152791023254395 1093
0.3718750476837158 1093
0.3718750476837158 1093
0.3718750476837158 1093
0.37227487564086914 1093
0.37227487564086914 1093
0.37227487564086914 1093
0.37227487564086914 1093
0.3727378845214844 1093
0.3727378845214844 1093
0.373291015625 1093
0.3771219253540039 1093
0.37748003005981445 1093
0.37748003005981445 1093
0.37748003005981445 1093
0.37748003005981445 1093
0.3778989315032959 1093
0.3778989315032959 1093
0.3778989315032959 1093
0.3778989315032959 1093
0.3838620185852051 1093
0.3838620185852051 1093
0.3838620185852051 1093
0.3838620185852051 1093
0.38426804542541504 1093
0.38426804542541504 1093
0.38426804542541504 1093
0.38426804542541504 1093
0.38426804542541504 1093
0.3846859931945801 1093
0.3846859931945801 1093
0.3846859931945801 1093
0.3846859931945801 1093
0.38504886627197266 1093
0.38504886627197266 1093
0.38504886627197266 1093
0.38504886627197266 1093
0.3889169692993164 1093
0.3889169692993164 1093
0.3889169692993164 1093
0.3889169692993164 1093
0.3889169692993164 1093
0.3889169692993164 1093
0.3889169692993164 1093
0.3908669948577881 1093
0.3908669948577881 1093
0.3908669948577881 1093
0.3908669948577881 1093
0.3912789821624756 1093
0.3912789821624756 1093
0.3912789821624756 1093
0.3912789821624756 1093
0.39159297943115234 1093
0.39159297943115234 1093
0.4004960060119629 1093
0.400968074798584 1093
0.40184998512268066 1093
0.40220093727111816 1093
0.4026670455932617 1093
0.4026670455932617 1093
0.4026670455932617 1093
0.4035069942474365 1093
0.4040040969848633 1093
0.4040040969848633 1093
0.4040040969848633 1093
0.4040040969848633 1093
0.4048159122467041 1093
0.4051849842071533 1093
0.4051849842071533 1093
0.41330599784851074 1093
0.413862943649292 1093
0.413862943649292 1093
0.41428709030151367 1093
0.4152970314025879 1093
0.41623401641845703 1093
0.41623401641845703 1093
0.4221770763397217 1093
0.4225449562072754 1093
0.4225449562072754 1093
0.422961950302124 1093
0.422961950302124 1093
0.42336487770080566 1093
0.42336487770080566 1093
0.42336487770080566 1093
0.4237198829650879 1093
0.4237198829650879 1093
0.42412686347961426 1093
0.42412686347961426 1093
0.42452096939086914 1093
0.424915075302124 1093
0.424915075302124 1093
0.424915075302124 1093
0.424915075302124 1093
0.42525386810302734 1093
0.42525386810302734 1093
0.42571496963500977 1093
0.42571496963500977 1093
0.42571496963500977 1093
0.42616701126098633 1093
0.42656898498535156 1093
0.427030086517334 1093
0.42743492126464844 1093
0.42743492126464844 1093
0.4278838634490967 1093
0.4278838634490967 1093
0.4278838634490967 1093
0.4278838634490967 1093
0.4278838634490967 1093
0.4283599853515625 1093
0.4283599853515625 1093
0.4283599853515625 1093
0.4283599853515625 1093
0.4283599853515625 1093
0.4288449287414551 1093
0.4288449287414551 1093
0.4288449287414551 1093
0.4288449287414551 1093
0.4288449287414551 1093
0.42928290367126465 1093
0.42928290367126465 1093
0.42928290367126465 1093
0.42928290367126465 1093
0.42928290367126465 1093
0.4297459125518799 1093
0.43343186378479004 1093
0.4338829517364502 1093
0.43435192108154297 1093
0.43435192108154297 1093
0.43473005294799805 1093
0.435122013092041 1093
0.4355330467224121 1093
0.4359009265899658 1093
0.43628692626953125 1093
0.4374818801879883 1093
0.4378819465637207 1093
0.4378819465637207 1093
0.4378819465637207 1093
0.43822693824768066 1093
0.43822693824768066 1093
0.43822693824768066 1093
0.43859004974365234 1093
0.43859004974365234 1093
0.43859004974365234 1093
0.43931102752685547 1093
0.44007301330566406 1093
0.4404489994049072 1093
0.4404489994049072 1093
0.4404489994049072 1093
0.4404489994049072 1093
0.44245195388793945 1093
0.4429290294647217 1093
0.4429290294647217 1093
0.4429290294647217 1093
0.4429290294647217 1093
0.4429290294647217 1093
0.4433269500732422 1093
0.4433269500732422 1093
0.4433269500732422 1093
0.4498720169067383 1093
0.4498720169067383 1093
0.45105409622192383 1093
0.45105409622192383 1093
0.4514350891113281 1093
0.45189499855041504 1093
0.45189499855041504 1093
0.45946598052978516 1093
0.45946598052978516 1093
0.45946598052978516 1093
0.4600999355316162 1093
0.4600999355316162 1093
0.4600999355316162 1093
0.4600999355316162 1093
0.4600999355316162 1093
0.46332406997680664 1093
0.4636960029602051 1093
0.4636960029602051 1093
0.4640829563140869 1093
0.4648630619049072 1093
0.4657559394836426 1093
0.466235876083374 1093
0.471311092376709 1093
0.47321391105651855 1093
0.47321391105651855 1093
0.47321391105651855 1093
0.47321391105651855 1093
0.4735848903656006 1093
0.4735848903656006 1093
0.4735848903656006 1093
0.4735848903656006 1093
0.47396206855773926 1093
0.47396206855773926 1093
0.47396206855773926 1093
0.47396206855773926 1093
0.47434091567993164 1093
0.47469401359558105 1093
0.47507786750793457 1093
0.4754519462585449 1093
0.47701001167297363 1093
0.47786688804626465 1093
0.47786688804626465 1093
0.47786688804626465 1093
0.47786688804626465 1093
0.47824692726135254 1093
0.47824692726135254 1093
0.47824692726135254 1093
0.47824692726135254 1093
0.47851109504699707 1093
0.47851109504699707 1093
0.47851109504699707 1093
0.4789750576019287 1093
0.4789750576019287 1093
0.4789750576019287 1093
0.47981786727905273 1093
0.4805009365081787 1093
0.4815399646759033 1093
0.4815399646759033 1093
0.4822859764099121 1093
0.4822859764099121 1093
0.4822859764099121 1093
0.48235106468200684 1093
0.48286008834838867 1093
0.48286008834838867 1093
0.4833230972290039 1093
0.484652042388916 1093
0.48510289192199707 1093
0.48510289192199707 1093
0.48510289192199707 1093
0.48510289192199707 1093
0.48510289192199707 1093
0.4855480194091797 1093
0.4855480194091797 1093
0.4855480194091797 1093
0.4855480194091797 1093
0.4855480194091797 1093
0.4860200881958008 1093
0.4860200881958008 1093
0.4860200881958008 1093
0.49042391777038574 1093
0.49042391777038574 1093
0.4909019470214844 1093
0.4909019470214844 1093
0.4909019470214844 1093
0.4909019470214844 1093
0.49126195907592773 1093
0.49126195907592773 1093
0.4917728900909424 1093
0.4917728900909424 1093
0.4917728900909424 1093
0.4917728900909424 1093
0.49225497245788574 1093
0.49225497245788574 1093
0.49225497245788574 1093
0.49225497245788574 1093
0.49262499809265137 1093
0.49262499809265137 1093
0.4929990768432617 1093
0.4929990768432617 1093
0.4929990768432617 1093
0.4929990768432617 1093
0.4929990768432617 1093
0.4933760166168213 1093
0.4933760166168213 1093
0.4987349510192871 1093
0.4991168975830078 1093
0.5001959800720215 1093
0.500654935836792 1093
0.500654935836792 1093
0.5011038780212402 1093
0.5011038780212402 1093
0.508929967880249 1093
0.5092780590057373 1093
0.5096359252929688 1093
0.5100159645080566 1093
0.5100159645080566 1093
0.5111849308013916 1093
