1050040
0.0 1500
0.0021610260009765625 1500
0.002864837646484375 1500
0.005115032196044922 1500
0.00612187385559082 1500
0.008260011672973633 1500
0.008864879608154297 1500
0.00999593734741211 1500
0.011850833892822266 1500
0.012783050537109375 1500
0.015581846237182617 1500
0.016824960708618164 1500
0.018303871154785156 1500
0.018936872482299805 1500
0.020966053009033203 1500
0.0220949649810791 1500
0.023118019104003906 1500
0.02507305145263672 1500
0.025928974151611328 1500
0.029202938079833984 1500
0.029202938079833984 1500
0.031049013137817383 1500
0.03199195861816406 1500
0.034178972244262695 1500
0.03497195243835449 1500
0.03608894348144531 1500
0.03810882568359375 1500
0.038871049880981445 1500
0.04397702217102051 1500
0.04397702217102051 1500
0.04397702217102051 1500
0.04496192932128906 1500
0.04698801040649414 1500
0.047818899154663086 1500
0.048950910568237305 1500
0.05099201202392578 1500
0.05206584930419922 1500
0.054038047790527344 1500
0.05606889724731445 1500
0.056864023208618164 1500
0.05830097198486328 1500
0.060109853744506836 1500
0.06073904037475586 1500
0.06313204765319824 1500
0.06407403945922852 1500
0.06653904914855957 1500
0.06681489944458008 1500
0.06918096542358398 1500
0.07002401351928711 1500
0.07090091705322266 1500
0.07305788993835449 1500
0.07409191131591797 1500
0.07607102394104004 1500
0.07739686965942383 1500
0.07926487922668457 1500
0.07990598678588867 1500
0.08192086219787598 1500
0.08303999900817871 1500
0.08407187461853027 1500
0.08598494529724121 1500
0.08694100379943848 1500
0.08916282653808594 1500
0.09020495414733887 1500
0.0965578556060791 1500
0.0965578556060791 1500
0.0965578556060791 1500
0.0965578556060791 1500
0.09704899787902832 1500
0.09899091720581055 1500
0.10004186630249023 1500
0.10202598571777344 1500
0.10301685333251953 1500
0.10496282577514648 1500
0.1074059009552002 1500
0.10788083076477051 1500
0.10905098915100098 1500
0.1100459098815918 1500
0.11213898658752441 1500
0.11300396919250488 1500
0.1151268482208252 1500
0.11577200889587402 1500
0.11819601058959961 1500
0.11912798881530762 1500
0.12129688262939453 1500
0.12624692916870117 1500
0.12624692916870117 1500
0.12624692916870117 1500
0.12624692916870117 1500
0.12802886962890625 1500
0.12910890579223633 1500
0.13263702392578125 1500
0.13300800323486328 1500
0.13413786888122559 1500
0.13496994972229004 1500
0.13617300987243652 1500
0.13779902458190918 1500
0.13895487785339355 1500
0.14155888557434082 1500
0.14195704460144043 1500
0.14394092559814453 1500
0.14483904838562012 1500
0.14682602882385254 1500
0.14790582656860352 1500
0.14890789985656738 1500
0.15108585357666016 1500
0.15207600593566895 1500
0.15439200401306152 1500
0.15514802932739258 1500
0.15709781646728516 1500
0.15826702117919922 1500
0.16008901596069336 1500
0.16121792793273926 1500
0.16307997703552246 1500
0.16499996185302734 1500
0.16620182991027832 1500
0.16691899299621582 1500
0.1689319610595703 1500
0.17010092735290527 1500
0.17091703414916992 1500
0.1734309196472168 1500
0.1741199493408203 1500
0.17605996131896973 1500
0.17702102661132812 1500
0.1792459487915039 1500
0.18020200729370117 1500
0.1820049285888672 1500
0.18300390243530273 1500
0.18509483337402344 1500
0.18602395057678223 1500
0.18705081939697266 1500
0.18905997276306152 1500
0.19003701210021973 1500
0.19644403457641602 1500
0.19644403457641602 1500
0.19644403457641602 1500
0.19644403457641602 1500
0.19807004928588867 1500
0.19885897636413574 1500
0.2003018856048584 1500
0.20201802253723145 1500
0.20290684700012207 1500
0.2049708366394043 1500
0.2060108184814453 1500
0.20801782608032227 1500
0.2091078758239746 1500
0.21130990982055664 1500
0.2121579647064209 1500
0.21417903900146484 1500
0.21517395973205566 1500
0.21639800071716309 1500
0.21839499473571777 1500
0.2191629409790039 1500
0.22116303443908691 1500
0.22194695472717285 1500
0.22400283813476562 1500
0.22496294975280762 1500
0.22727584838867188 1500
0.228010892868042 1500
0.22937393188476562 1500
0.23089885711669922 1500
0.23201799392700195 1500
0.23417186737060547 1500
0.23477792739868164 1500
0.23709988594055176 1500
0.23803186416625977 1500
0.2388148307800293 1500
0.24110794067382812 1500
0.24194598197937012 1500
0.24391984939575195 1500
0.2448408603668213 1500
0.24712300300598145 1500
0.24782991409301758 1500
0.249924898147583 1500
0.2508819103240967 1500
0.2521538734436035 1500
0.2550628185272217 1500
0.2550628185272217 1500
0.25705504417419434 1500
0.25821900367736816 1500
0.26003003120422363 1500
0.26072096824645996 1500
0.26312804222106934 1500
0.26407289505004883 1500
0.2649228572845459 1500
0.26718997955322266 1500
0.26914000511169434 1500
0.2703068256378174 1500
0.27105283737182617 1500
0.2729458808898926 1500
0.27533793449401855 1500
0.27869105339050293 1500
0.27869105339050293 1500
0.27869105339050293 1500
0.2800469398498535 1500
0.28075504302978516 1500
0.28327083587646484 1500
0.28400301933288574 1500
0.2859199047088623 1500
0.28689002990722656 1500
0.289093017578125 1500
0.28978586196899414 1500
0.29184794425964355 1500
0.29294395446777344 1500
0.2940678596496582 1500
0.29627394676208496 1500
0.2972400188446045 1500
0.2990000247955322 1500
0.2998180389404297 1500
0.3025319576263428 1500
0.3027629852294922 1500
0.30416297912597656 1500
0.30604982376098633 1500
0.30722999572753906 1500
0.31023192405700684 1500
0.31023192405700684 1500
0.3120129108428955 1500
0.3128678798675537 1500
0.3150818347930908 1500
0.315871000289917 1500
0.3171088695526123 1500
0.3188309669494629 1500
0.3200240135192871 1500
0.3220798969268799 1500
0.3240690231323242 1500
0.32521581649780273 1500
0.32605791091918945 1500
0.32789182662963867 1500
0.3291339874267578 1500
0.33139586448669434 1500
0.3322780132293701 1500
0.33295702934265137 1500
0.3348989486694336 1500
0.3373990058898926 1500
0.33823704719543457 1500
0.33923888206481934 1500
0.3412628173828125 1500
0.34206295013427734 1500
0.3432729244232178 1500
0.3450779914855957 1500
0.3461790084838867 1500
0.3493950366973877 1500
0.3493950366973877 1500
0.3511538505554199 1500
0.35225892066955566 1500
0.3543570041656494 1500
0.35484790802001953 1500
0.3569450378417969 1500
0.35774683952331543 1500
0.3589348793029785 1500
0.3619499206542969 1500
0.3619499206542969 1500
0.3638458251953125 1500
0.36476588249206543 1500
0.3668558597564697 1500
0.36819982528686523 1500
0.3700120449066162 1500
0.3710520267486572 1500
0.3722970485687256 1500
0.3754138946533203 1500
0.3754138946533203 1500
0.37708091735839844 1500
0.3778998851776123 1500
0.380159854888916 1500
0.38079094886779785 1500
0.3829610347747803 1500
0.3840060234069824 1500
0.3858768939971924 1500
0.38808584213256836 1500
0.38808584213256836 1500
0.3911159038543701 1500
0.3911159038543701 1500
0.3930819034576416 1500
0.39383983612060547 1500
0.3959169387817383 1500
0.3968789577484131 1500
0.3991408348083496 1500
0.3999209403991699 1500
0.400846004486084 1500
0.40276598930358887 1500
0.40384888648986816 1500
0.40598487854003906 1500
0.4067389965057373 1500
0.40912604331970215 1500
0.4099719524383545 1500
0.4119548797607422 1500
0.4127390384674072 1500
0.4150259494781494 1500
0.41611599922180176 1500
0.41728782653808594 1500
0.4187500476837158 1500
0.4199860095977783 1500
0.42182183265686035 1500
0.4228668212890625 1500
0.429049015045166 1500
0.429049015045166 1500
0.429049015045166 1500
0.4293029308319092 1500
0.4315989017486572 1500
0.43224191665649414 1500
0.4341259002685547 1500
0.43500590324401855 1500
0.4371299743652344 1500
0.4380168914794922 1500
0.44019484519958496 1500
0.44098901748657227 1500
0.4417908191680908 1500
0.4440488815307617 1500
0.44512486457824707 1500
0.44701695442199707 1500
0.44805288314819336 1500
0.4500000476837158 1500
0.45108890533447266 1500
0.45285487174987793 1500
0.4538419246673584 1500
0.45530104637145996 1500
0.4568328857421875 1500
0.4580998420715332 1500
0.46021103858947754 1500
0.46085691452026367 1500
0.4632899761199951 1500
0.46412181854248047 1500
0.46597886085510254 1500
0.46686887741088867 1500
0.46790385246276855 1500
0.4700448513031006 1500
0.47095704078674316 1500
0.47292399406433105 1500
0.4740140438079834 1500
0.47614598274230957 1500
0.4780619144439697 1500
0.48025989532470703 1500
0.48025989532470703 1500
0.4819660186767578 1500
0.4828779697418213 1500
0.48500895500183105 1500
0.4860520362854004 1500
0.4880819320678711 1500
0.4888179302215576 1500
0.4910130500793457 1500
0.4918680191040039 1500
0.4932680130004883 1500
0.4953010082244873 1500
0.49622583389282227 1500
0.4980900287628174 1500
0.4987800121307373 1500
0.5010550022125244 1500
0.5017600059509277 1500
0.5042140483856201 1500
0.5050199031829834 1500
0.5068278312683105 1500
0.507922887802124 1500
0.5091760158538818 1500
0.5112118721008301 1500
0.5120429992675781 1500
0.5140810012817383 1500
0.5150899887084961 1500
0.5170068740844727 1500
0.517819881439209 1500
0.5187909603118896 1500
0.5212948322296143 1500
0.5220768451690674 1500
0.5238950252532959 1500
0.5250959396362305 1500
0.5268888473510742 1500
0.5280728340148926 1500
0.5339369773864746 1500
0.5339369773864746 1500
0.5339369773864746 1500
0.5339369773864746 1500
0.5361008644104004 1500
0.5370190143585205 1500
0.538193941116333 1500
0.5403938293457031 1500
0.5408468246459961 1500
0.5429868698120117 1500
0.5441939830780029 1500
0.5462498664855957 1500
0.5467889308929443 1500
0.5492229461669922 1500
0.5502560138702393 1500
0.5507979393005371 1500
0.5530989170074463 1500
0.5540649890899658 1500
0.5563249588012695 1500
0.5571780204772949 1500
0.559074878692627 1500
0.5603518486022949 1500
0.5620830059051514 1500
0.564410924911499 1500
0.564410924911499 1500
0.5663199424743652 1500
0.5670199394226074 1500
0.5691869258880615 1500
0.5698440074920654 1500
0.5722818374633789 1500
0.5728490352630615 1500
0.5750629901885986 1500
0.576200008392334 1500
0.577009916305542 1500
0.5792150497436523 1500
0.5798280239105225 1500
0.5820088386535645 1500
0.5828049182891846 1500
0.5853018760681152 1500
0.5857830047607422 1500
0.5893368721008301 1500
0.5893368721008301 1500
0.5900688171386719 1500
0.5919280052185059 1500
0.5928850173950195 1500
0.5953190326690674 1500
0.596142053604126 1500
0.5978238582611084 1500
0.5987768173217773 1500
0.601186990737915 1500
0.6019129753112793 1500
0.6028199195861816 1500
0.6048009395599365 1500
0.6061580181121826 1500
0.6083099842071533 1500
0.6091070175170898 1500
0.6108548641204834 1500
0.6120009422302246 1500
0.6138389110565186 1500
0.614872932434082 1500
0.6160728931427002 1500
0.6180009841918945 1500
0.6190309524536133 1500
0.6210188865661621 1500
0.621819019317627 1500
0.6237599849700928 1500
0.6248049736022949 1500
0.627133846282959 1500
0.628756046295166 1500
0.6298308372497559 1500
0.6307868957519531 1500
0.6321849822998047 1500
0.6338839530944824 1500
0.635077953338623 1500
0.6369619369506836 1500
0.6378040313720703 1500
0.6400480270385742 1500
0.6410379409790039 1500
0.6432299613952637 1500
0.6438069343566895 1500
0.6450788974761963 1500
0.6470708847045898 1500
0.6477780342102051 1500
0.6501379013061523 1500
0.6508519649505615 1500
0.6529040336608887 1500
0.6540098190307617 1500
0.6560380458831787 1500
0.6569600105285645 1500
0.6579058170318604 1500
0.6597728729248047 1500
0.6611719131469727 1500
0.6633329391479492 1500
0.6640808582305908 1500
0.6660408973693848 1500
0.667198896408081 1500
0.6688199043273926 1500
0.6702139377593994 1500
0.6711540222167969 1500
0.6732189655303955 1500
0.6739628314971924 1500
0.6789019107818604 1500
0.6789019107818604 1500
0.6792008876800537 1500
0.6797819137573242 1500
0.6839079856872559 1500
0.6839079856872559 1500
0.6839649677276611 1500
0.6860740184783936 1500
0.686939001083374 1500
0.6892180442810059 1500
0.6901240348815918 1500
0.6919689178466797 1500
0.6940720081329346 1500
0.6948409080505371 1500
0.6959118843078613 1500
0.6971149444580078 1500
0.6988468170166016 1500
0.6998050212860107 1500
0.702038049697876 1500
0.7028160095214844 1500
0.7049770355224609 1500
0.7058639526367188 1500
0.7082598209381104 1500
0.7087738513946533 1500
0.7101788520812988 1500
0.7117948532104492 1500
0.7129440307617188 1500
0.7150499820709229 1500
0.7157909870147705 1500
0.7182378768920898 1500
0.7189328670501709 1500
0.7208750247955322 1500
0.7220098972320557 1500
0.7230758666992188 1500
0.7256448268890381 1500
0.7263848781585693 1500
0.7279558181762695 1500
0.7290689945220947 1500
0.7309198379516602 1500
0.7319278717041016 1500
0.735062837600708 1500
0.735062837600708 1500
0.7360780239105225 1500
0.7380189895629883 1500
0.738886833190918 1500
0.7411270141601562 1500
0.7417988777160645 1500
0.7440438270568848 1500
0.7448289394378662 1500
0.7467708587646484 1500
0.7477550506591797 1500
0.7490129470825195 1500
0.7510130405426025 1500
0.7518868446350098 1500
0.7538368701934814 1500
0.7549569606781006 1500
0.7568550109863281 1500
0.7577149868011475 1500
0.7600209712982178 1500
0.7607238292694092 1500
0.7620530128479004 1500
0.7638988494873047 1500
0.7661490440368652 1500
0.766791820526123 1500
0.7678530216217041 1500
0.7700378894805908 1500
0.7708480358123779 1500
0.773352861404419 1500
0.7737948894500732 1500
0.7751538753509521 1500
0.7770488262176514 1500
0.7778949737548828 1500
0.7802488803863525 1500
0.7808399200439453 1500
0.7830688953399658 1500
0.7837388515472412 1500
0.786113977432251 1500
0.7873759269714355 1500
0.787808895111084 1500
0.7899868488311768 1500
0.7907898426055908 1500
0.7931368350982666 1500
0.7944018840789795 1500
0.797307014465332 1500
0.797307014465332 1500
0.7990238666534424 1500
0.8000760078430176 1500
0.8009028434753418 1500
0.802933931350708 1500
0.8039028644561768 1500
0.805919885635376 1500
0.8071019649505615 1500
0.8088939189910889 1500
0.8099339008331299 1500
0.811939001083374 1500
0.8127219676971436 1500
0.815161943435669 1500
0.815889835357666 1500
0.8181238174438477 1500
0.8188250064849854 1500
0.8199858665466309 1500
0.8218448162078857 1500
0.8229119777679443 1500
0.82480788230896 1500
0.8260078430175781 1500
0.8278830051422119 1500
0.8291239738464355 1356
0.8299329280853271 1500
0.8321008682250977 1500
0.8329119682312012 1500
0.8353729248046875 1500
0.8358910083770752 1500
0.838202953338623 1500
0.8387579917907715 1500
0.844243049621582 1500
0.844243049621582 1500
0.844243049621582 1500
0.8467729091644287 1500
0.8467729091644287 1500
0.8497028350830078 184
0.8497028350830078 1500
0.8497028350830078 1500
0.8509440422058105 1500
0.8518729209899902 1500
0.8540468215942383 1500
0.854902982711792 1500
0.8586039543151855 1500
0.8586039543151855 1500
0.8628199100494385 1500
0.8628199100494385 1500
0.8628199100494385 1500
0.864084005355835 1500
0.8650448322296143 1500
0.8669259548187256 1500
0.8678009510040283 1500
0.86997389793396 1500
0.8713719844818115 1500
0.8728790283203125 1500
0.8738269805908203 1500
0.8749649524688721 1500
0.8768718242645264 1500
0.8782289028167725 1500
0.8801188468933105 1500
0.8811960220336914 1500
0.8829739093780518 1500
0.8841128349304199 1500
0.8872928619384766 1500
0.8872928619384766 1500
0.8878068923950195 1500
0.8901000022888184 1500
0.895500898361206 1500
0.895500898361206 1500
0.895500898361206 1500
0.8959839344024658 1500
0.8967690467834473 1500
0.8991448879241943 1500
0.8998270034790039 1500
0.9021189212799072 1500
0.9030959606170654 1500
0.9037549495697021 1500
0.905879020690918 1500
0.9119219779968262 1500
0.9119219779968262 1500
0.9119219779968262 1500
0.9119219779968262 1500
0.9141240119934082 1500
0.9148979187011719 1500
0.9167919158935547 1500
0.9178190231323242 1500
0.9190080165863037 1500
0.9211499691009521 1500
0.9220168590545654 1500
0.9240429401397705 1500
0.9247729778289795 1500
0.9272439479827881 1500
0.9277989864349365 1500
0.931149959564209 1500
0.931149959564209 1500
0.9319369792938232 1500
0.9339148998260498 1500
0.9348390102386475 1500
0.9370548725128174 1500
0.9378969669342041 1500
0.9400758743286133 1500
0.9410400390625 1500
0.9432070255279541 1500
0.9438159465789795 1500
0.9448349475860596 1500
0.9469549655914307 1500
0.9479010105133057 1500
0.94980788230896 1500
0.9509139060974121 1500
0.9529478549957275 1500
0.9539010524749756 1500
0.9561049938201904 1500
0.9567229747772217 1500
0.9592788219451904 1500
0.9597299098968506 1500
0.960906982421875 1500
0.9628548622131348 1500
0.9638149738311768 1500
0.9662389755249023 1500
0.9670798778533936 1500
0.9691638946533203 1500
0.9699020385742188 1500
0.9709830284118652 1500
0.9727540016174316 1500
0.9738609790802002 1500
0.9760048389434814 1500
0.97682785987854 1500
0.979079008102417 1500
0.9797530174255371 1500
0.9821510314941406 1500
0.9830968379974365 1500
0.9839420318603516 1500
0.9859700202941895 1500
0.9868628978729248 1500
0.9892709255218506 1500
0.9900410175323486 1500
0.9917898178100586 1500
0.9927558898925781 1500
0.9948348999023438 1500
0.9959590435028076 1500
0.9979209899902344 1500
0.9990229606628418 1500
0.9998190402984619 1500
1.0020239353179932 1500
1.0028529167175293 1500
1.0049118995666504 1500
1.0061118602752686 1500
1.0080790519714355 1500
1.0090680122375488 1500
1.0109989643096924 1500
1.0129518508911133 1500
1.0131168365478516 1500
