1048842
0.0 1478
0.0005319118499755859 1478
0.0005319118499755859 787
0.0009438991546630859 1478
0.0009438991546630859 1478
0.001399993896484375 1478
0.001399993896484375 1478
0.001399993896484375 1478
0.013297080993652344 1478
0.01370096206665039 1478
0.014111995697021484 1478
0.014111995697021484 1478
0.014575958251953125 1478
0.014575958251953125 1478
0.021177053451538086 124
0.04016995429992676 787
0.0603029727935791 76
0.15370893478393555 1478
0.15404200553894043 1478
0.15404200553894043 1478
0.15444707870483398 1478
0.15444707870483398 1478
0.15444707870483398 1478
0.1749880313873291 1478
0.20044398307800293 1478
0.2006988525390625 1478
0.2006988525390625 1478
0.20118308067321777 1478
0.20118308067321777 787
0.23303008079528809 1478
0.23303008079528809 1478
0.23303008079528809 1478
0.23303008079528809 1478
0.23343300819396973 1478
0.23343300819396973 1478
0.23387694358825684 1478
0.23387694358825684 1478
0.23387694358825684 1478
0.2342228889465332 1478
0.2342228889465332 1478
0.23462486267089844 787
0.23462486267089844 1478
0.2351398468017578 1478
0.2351398468017578 1478
0.2354428768157959 1478
0.2354428768157959 1478
0.2354428768157959 1478
0.2358260154724121 1478
0.2358260154724121 1478
0.23623204231262207 1478
0.23623204231262207 1478
0.23667192459106445 1478
0.23667192459106445 787
0.23705387115478516 1478
0.23705387115478516 1478
0.23705387115478516 1478
0.2397289276123047 76
0.25873804092407227 1478
0.2635810375213623 1478
0.2635810375213623 1478
0.2635810375213623 1478
0.2639749050140381 1478
0.2639749050140381 1478
0.2643609046936035 1478
0.2643609046936035 1478
0.2643609046936035 787
0.29828786849975586 124
0.3045070171356201 76
0.3106510639190674 1478
0.31100988388061523 1478
0.31100988388061523 1478
0.31136393547058105 1478
0.31136393547058105 1478
0.31136393547058105 1478
0.31136393547058105 1478
0.3117818832397461 1478
0.3117818832397461 1478
0.32557106018066406 1478
0.34342408180236816 1478
0.35633301734924316 787
0.3677198886871338 76
0.4840378761291504 1478
0.4840378761291504 1478
0.4840378761291504 1478
0.4843568801879883 1478
0.4843568801879883 1478
0.4847400188446045 1478
0.4847400188446045 1478
0.48513007164001465 1478
0.48513007164001465 1478
0.48513007164001465 1478
0.48513007164001465 1478
0.48513007164001465 787
0.4855809211730957 1478
0.4855809211730957 1478
0.48601794242858887 1478
0.48601794242858887 1478
0.4863748550415039 1478
0.4863748550415039 1478
0.4869110584259033 1478
0.4869110584259033 1478
0.4869110584259033 1478
0.4869110584259033 1478
0.48966503143310547 1478
0.48966503143310547 787
0.48966503143310547 1478
0.48966503143310547 1478
0.4903450012207031 1478
0.4903450012207031 1478
0.4909629821777344 1478
0.4987809658050537 1478
0.499176025390625 1478
0.5124180316925049 1478
0.5128159523010254 1478
0.5128159523010254 1478
0.5128159523010254 1478
0.5132200717926025 787
0.5175118446350098 1478
0.5175118446350098 1478
0.5175118446350098 1478
0.5178868770599365 1478
0.5182309150695801 1478
0.5182309150695801 1478
0.518671989440918 1478
0.518671989440918 1478
0.5189309120178223 1478
0.5189309120178223 1478
0.5193049907684326 1478
0.5193049907684326 787
0.54386305809021 124
0.5744779109954834 124
0.6428039073944092 1478
0.6432149410247803 1478
0.6432149410247803 1478
0.6432149410247803 1478
0.6436278820037842 1478
0.6436278820037842 1478
0.6440699100494385 1478
0.6440699100494385 1478
0.6440699100494385 1478
0.6445209980010986 1478
0.6445209980010986 1478
0.6445209980010986 787
0.6449849605560303 1478
0.6449849605560303 1478
0.6453790664672852 1478
0.6453790664672852 1478
0.6458768844604492 1478
0.6526849269866943 1478
0.6530590057373047 1478
0.660660982131958 1478
0.660660982131958 1478
0.6681420803070068 76
0.680527925491333 1478
0.6997170448303223 1478
0.7151248455047607 787
0.7459959983825684 76
0.8888909816741943 1478
0.8893189430236816 1478
0.902595043182373 1478
0.9028329849243164 1478
0.9031939506530762 1478
0.9031939506530762 1478
0.9031939506530762 1478
0.9031939506530762 1478
0.9038028717041016 1478
0.9038028717041016 1478
0.9038028717041016 1478
0.9038028717041016 787
0.9038028717041016 1478
0.9042880535125732 1478
0.9042880535125732 1478
0.9042880535125732 1478
0.9042880535125732 1478
0.9047038555145264 1478
0.9047038555145264 1478
0.9047038555145264 1478
0.9051549434661865 1478
0.9051549434661865 1478
0.9051549434661865 1478
0.9055929183959961 787
0.9516808986663818 124
1.013227939605713 1478
1.013227939605713 1478
1.0136349201202393 1478
1.0141170024871826 1478
1.0197298526763916 1478
1.0276038646697998 1478
1.0276038646697998 1478
1.0285968780517578 1478
1.0285968780517578 1478
1.0285968780517578 1478
1.0285968780517578 1478
1.0285968780517578 787
1.030806064605713 1478
1.0311839580535889 1478
1.0311839580535889 1478
1.0311839580535889 1478
1.0317208766937256 1478
1.0317208766937256 1478
1.0317208766937256 1478
1.0321409702301025 1478
1.0321409702301025 1478
1.0326850414276123 1478
1.0326850414276123 1478
1.0326850414276123 787
1.0757029056549072 124
1.251755952835083 1478
1.2545440196990967 1478
1.2627270221710205 1478
1.2627270221710205 1478
1.2631049156188965 1478
1.2631049156188965 1478
1.2634320259094238 1478
1.2634320259094238 1478
1.2634320259094238 1478
1.263890027999878 1478
1.263890027999878 1478
1.263890027999878 787
1.2643499374389648 1478
1.2643499374389648 1478
1.2643499374389648 1478
1.2643499374389648 1478
1.2643499374389648 1478
1.264678955078125 1478
1.264678955078125 1478
1.2651560306549072 1478
1.2651560306549072 1478
1.2651560306549072 1478
1.2651560306549072 1478
1.2655360698699951 787
1.2687768936157227 1478
1.2687768936157227 1478
1.2692508697509766 1478
1.2692508697509766 1478
1.2692508697509766 1478
1.2696199417114258 1478
1.2699809074401855 1478
1.2699809074401855 1478
1.2704219818115234 1478
1.2704219818115234 1478
1.2704219818115234 1478
1.2708420753479004 787
1.2710318565368652 1478
1.2710318565368652 1478
1.271432876586914 1478
1.271432876586914 1478
1.2718160152435303 1478
1.2718160152435303 1478
1.2718160152435303 1478
1.2722010612487793 1478
1.2722010612487793 1478
1.2725849151611328 1478
1.2725849151611328 1478
1.2725849151611328 787
1.3241660594940186 220
1.5921659469604492 1478
1.592970848083496 1478
1.592970848083496 1478
1.592970848083496 1478
1.592970848083496 1478
1.593493938446045 1478
1.593493938446045 1478
1.593493938446045 1478
1.5939509868621826 1478
1.5943210124969482 1478
1.5943210124969482 1478
1.5943210124969482 787
1.5943210124969482 1478
1.5946688652038574 1478
1.5946688652038574 1478
1.5951030254364014 1478
1.5951030254364014 1478
1.5955250263214111 1478
1.5955250263214111 1478
1.5955250263214111 1478
1.595978021621704 1478
1.595978021621704 1478
1.595978021621704 1478
1.595978021621704 787
1.5964319705963135 1478
1.5964319705963135 1478
1.5964319705963135 1478
1.5968780517578125 1478
1.5968780517578125 1478
1.5968780517578125 1478
1.5973379611968994 1478
1.5973379611968994 1478
1.5977909564971924 1478
1.5977909564971924 1478
1.5981769561767578 1478
1.5981769561767578 787
1.5981769561767578 1478
1.5981769561767578 1478
1.5987439155578613 1478
1.5987439155578613 1478
1.5991408824920654 1478
1.5991408824920654 1478
1.5995910167694092 1478
1.6000418663024902 1478
1.6000418663024902 1478
1.6000418663024902 1478
1.6000418663024902 1478
1.6000418663024902 787
1.639232873916626 220
1.7666258811950684 1478
1.7787649631500244 1478
1.794508934020996 1478
1.8106780052185059 1478
1.8496129512786865 1478
1.8511359691619873 1478
1.8549549579620361 1478
1.8855369091033936 1478
1.8858768939971924 1478
1.8858768939971924 1478
1.886281967163086 1478
1.9165070056915283 787
1.9165070056915283 1478
1.9168219566345215 1478
1.9168219566345215 1478
1.9171998500823975 1478
1.9171998500823975 1478
1.917590856552124 1478
1.917590856552124 1478
1.9179658889770508 1478
1.9179658889770508 1478
1.9183530807495117 1478
1.9183530807495117 1478
1.9183530807495117 787
1.9183530807495117 1478
1.9183530807495117 1478
1.9187359809875488 1478
1.9187359809875488 1478
1.9191310405731201 1478
1.9191310405731201 1478
1.9191310405731201 1478
1.9195189476013184 1478
1.9195189476013184 1478
1.9199059009552002 1478
1.920314073562622 1478
1.920314073562622 787
1.920314073562622 1478
1.94679594039917 76
1.9473989009857178 1478
1.9476280212402344 1478
1.9485609531402588 1478
1.9485609531402588 1478
1.9485609531402588 1478
1.9485609531402588 1478
1.9485609531402588 1478
1.9485609531402588 1478
1.9485609531402588 1478
1.9491989612579346 1478
1.9491989612579346 787
1.9632818698883057 124
2.0116748809814453 76
2.073441982269287 1478
2.073441982269287 1478
2.077009916305542 1478
2.0987958908081055 1478
2.109135866165161 1478
2.11777400970459 1478
2.1216189861297607 1478
2.135680913925171 1478
2.135680913925171 1478
2.1360888481140137 1478
2.1360888481140137 1478
2.1360888481140137 787
2.1364688873291016 1478
2.1364688873291016 1478
2.136852979660034 1478
2.136852979660034 1478
2.136852979660034 1478
2.137248992919922 1478
2.137248992919922 1478
2.137248992919922 1478
2.137248992919922 1478
2.1376309394836426 1478
2.1376309394836426 1478
2.1376309394836426 787
2.1380300521850586 1478
2.1380300521850586 1478
2.1384048461914062 1478
2.1384048461914062 1478
2.138942003250122 1478
2.13919997215271 1478
2.13919997215271 1478
2.139616012573242 1478
2.139616012573242 1478
2.139616012573242 1478
2.14009690284729 1478
2.14009690284729 787
2.14009690284729 1478
2.140467882156372 1478
2.140467882156372 1478
2.1406948566436768 1478
2.1406948566436768 1478
2.142116069793701 1478
2.142116069793701 1478
2.142116069793701 1478
2.142116069793701 1478
2.142116069793701 1478
2.142116069793701 1478
2.142116069793701 787
2.1796350479125977 196
2.198693037033081 52
2.199676036834717 1478
2.199738025665283 1478
2.199738025665283 1478
2.200101852416992 1478
2.2004668712615967 1478
2.2004668712615967 1478
2.2004668712615967 1478
2.2004668712615967 1478
2.200875997543335 1478
2.200875997543335 1478
2.2012338638305664 1478
2.2012338638305664 787
2.2012338638305664 1478
2.2012338638305664 1478
2.2012338638305664 1478
2.201611042022705 1478
2.201993942260742 1478
2.201993942260742 1478
2.201993942260742 1478
2.201993942260742 1478
2.2023370265960693 1478
2.2028069496154785 1478
2.2028069496154785 1478
2.2028069496154785 787
2.2028069496154785 1478
2.2032599449157715 1478
2.2032599449157715 1478
2.203744888305664 1478
2.203744888305664 1478
2.203744888305664 1478
2.2040209770202637 1478
2.2040209770202637 1478
2.204392910003662 1478
2.204392910003662 1478
2.2047770023345947 1478
2.2047770023345947 787
2.2306129932403564 1478
2.2306129932403564 1478
2.2309410572052 1478
2.2314059734344482 1478
2.2314059734344482 1478
2.2314059734344482 1478
2.2314059734344482 1478
2.231858015060425 1478
2.231858015060425 1478
2.231858015060425 1478
2.231858015060425 1478
2.231858015060425 787
2.2380359172821045 172
2.259114980697632 76
2.259755849838257 1478
2.259755849838257 1478
2.260277032852173 1478
2.260277032852173 1478
2.260666847229004 1478
2.260666847229004 1478
2.26118803024292 1478
2.26118803024292 1478
2.26118803024292 1478
2.2614328861236572 1478
2.2614328861236572 1478
2.2614328861236572 787
2.261802911758423 1478
2.261802911758423 1478
2.261802911758423 1478
2.2798469066619873 1478
2.284296989440918 1478
2.286808967590332 76
2.287519931793213 1478
2.287519931793213 1478
2.294508934020996 1478
2.2949180603027344 1478
2.2952818870544434 1478
2.301771879196167 1478
2.3023459911346436 787
2.3023459911346436 1478
2.3025050163269043 1478
2.3025050163269043 1478
2.3028929233551025 1478
2.3028929233551025 1478
2.3028929233551025 1478
2.3032288551330566 1478
2.3032288551330566 1478
2.303618907928467 1478
2.303618907928467 1478
2.303618907928467 1478
2.303618907928467 787
2.303618907928467 1478
2.305082082748413 1478
2.305082082748413 1478
2.305082082748413 1478
2.305082082748413 1478
2.305082082748413 1478
2.305082082748413 1478
2.305082082748413 1478
2.305082082748413 1478
2.306519031524658 1478
2.325640916824341 1478
2.325640916824341 787
2.32602596282959 1478
2.32602596282959 1478
2.3263649940490723 1478
2.3263649940490723 1478
2.326746940612793 1478
2.326746940612793 1478
2.326746940612793 1478
2.333181858062744 1478
2.3335769176483154 1478
2.3335769176483154 1478
2.3339409828186035 1478
2.3372459411621094 124
2.3372459411621094 787
2.338507890701294 1478
2.338507890701294 1478
2.3388819694519043 1478
2.3392648696899414 1478
2.3396670818328857 1478
2.3396670818328857 1478
2.3396670818328857 1478
2.3396670818328857 1478
2.3400349617004395 1478
2.3400349617004395 1478
2.340427875518799 1478
2.340427875518799 787
2.3670520782470703 172
2.3679909706115723 1478
2.368180990219116 1478
2.368180990219116 1478
2.3685240745544434 1478
2.3689310550689697 1478
2.3689310550689697 1478
2.3693039417266846 1478
2.3693039417266846 1478
2.3697309494018555 1478
2.3697309494018555 1478
2.370107889175415 1478
2.370107889175415 787
2.370107889175415 1478
2.3705620765686035 1478
2.3705620765686035 1478
2.3705620765686035 1478
2.3705620765686035 1478
2.3708300590515137 1478
2.3708300590515137 1478
2.3708300590515137 1478
2.3712239265441895 1478
2.3715949058532715 1478
2.3715949058532715 1478
2.3715949058532715 787
2.3997440338134766 124
2.400130033493042 1478
2.400609016418457 1478
2.400609016418457 1478
2.400969982147217 1478
2.400969982147217 1478
2.400969982147217 1478
2.401331901550293 1478
2.401331901550293 1478
2.4017090797424316 1478
2.4017090797424316 1478
2.4017090797424316 1478
2.4017090797424316 787
2.4017090797424316 1478
2.4021010398864746 1478
2.4021010398864746 1478
2.402467966079712 1478
2.402467966079712 1478
2.402843952178955 1478
2.402843952178955 1478
2.403226852416992 1478
2.403226852416992 1478
2.403681993484497 1478
2.4040720462799072 1478
2.4040720462799072 787
2.4156410694122314 1478
2.4156410694122314 1478
2.4159789085388184 1478
2.4159789085388184 1478
2.4164018630981445 1478
2.4164018630981445 1478
2.4164018630981445 1478
2.4167258739471436 1478
2.4167258739471436 1478
2.417185068130493 1478
2.417185068130493 1478
2.417185068130493 787
2.446141004562378 124
2.44684100151062 1478
2.44684100151062 1478
2.447187900543213 1478
2.447187900543213 1478
2.4475350379943848 1478
2.4475350379943848 1478
2.4478840827941895 1478
2.4478840827941895 1478
2.4478840827941895 1478
2.4478840827941895 1478
2.448230028152466 1478
2.448230028152466 787
2.448230028152466 1478
2.448570966720581 1478
2.448570966720581 1478
2.448570966720581 1478
2.4489169120788574 1478
2.4489169120788574 1478
2.4489169120788574 1478
2.449286937713623 1478
2.449286937713623 1478
2.4496350288391113 1478
2.4496350288391113 1478
2.4496350288391113 787
2.4503350257873535 1478
2.4503350257873535 1478
2.450645923614502 1478
2.450645923614502 1478
2.4510390758514404 1478
2.4510390758514404 1478
2.4628100395202637 100
2.4628100395202637 1478
2.4628100395202637 1478
2.478173017501831 124
2.478553056716919 1478
2.5003159046173096 1478
2.5081279277801514 1478
2.5081279277801514 787
2.5084269046783447 1478
2.5084269046783447 1478
2.508820056915283 1478
2.508820056915283 1478
2.5124800205230713 1478
2.5196280479431152 76
2.524749994277954 1478
2.540570020675659 1478
2.5733370780944824 1478
2.5737950801849365 1478
2.5741159915924072 1478
2.5741159915924072 1478
2.601767063140869 787
2.6058380603790283 1478
2.6064019203186035 1478
2.6064019203186035 1478
2.6064019203186035 1478
2.606837034225464 1478
2.606837034225464 1478
2.606837034225464 1478
2.607292890548706 1478
2.607292890548706 1478
2.632788896560669 1478
2.6404168605804443 1478
2.6404168605804443 787
2.651592969894409 1478
2.652087926864624 1478
2.6531729698181152 1478
2.659843921661377 124
2.6607329845428467 1478
2.6607329845428467 1478
2.661057949066162 1478
2.661057949066162 1478
2.6617350578308105 1478
2.6617350578308105 1478
2.6617350578308105 1478
2.6617350578308105 1478
2.6617350578308105 787
2.6617350578308105 1478
2.6617350578308105 1478
2.6620900630950928 1478
2.6620900630950928 1478
2.6626439094543457 1478
2.6626439094543457 1478
2.6628129482269287 1478
2.6631438732147217 1478
2.6631438732147217 1478
2.6634938716888428 1478
2.6634938716888428 1478
2.6634938716888428 787
2.6917550563812256 1478
2.6921188831329346 1478
2.6921188831329346 1478
2.6921188831329346 1478
2.6925649642944336 1478
2.6925649642944336 1478
2.692821979522705 1478
2.692821979522705 1478
2.69319486618042 1478
2.69319486618042 1478
2.69358491897583 1478
2.69358491897583 787
2.69474196434021 1478
2.6951818466186523 1478
2.6951818466186523 1478
2.6955630779266357 1478
2.6955630779266357 1478
2.6959428787231445 1478
2.6959428787231445 1478
2.6963279247283936 1478
2.6963279247283936 1478
2.6963279247283936 1478
2.6963279247283936 1478
2.696713924407959 787
2.697092056274414 1478
2.697092056274414 1478
2.697092056274414 1478
2.6974740028381348 1478
2.697854995727539 1478
2.697854995727539 1478
2.6982619762420654 1478
2.719635009765625 1478
2.7264840602874756 1478
2.7264840602874756 1478
2.7264840602874756 220
2.726909875869751 1478
2.7271249294281006 787
2.7271249294281006 1478
2.727599859237671 1478
2.727599859237671 1478
2.727944850921631 1478
2.727944850921631 1478
2.728302001953125 1478
2.728302001953125 1478
2.728302001953125 1478
2.7292449474334717 1478
2.7292449474334717 1478
2.7292449474334717 1478
2.7292449474334717 787
2.7292449474334717 1478
2.74373197555542 1478
2.74407696723938 1478
2.757767915725708 124
2.7586028575897217 1478
2.792638063430786 1478
2.792638063430786 1478
2.7963809967041016 1478
2.7963809967041016 1478
2.805525064468384 1478
2.8226258754730225 1478
2.8398799896240234 1478
2.852550983428955 787
2.865442991256714 76
2.8837099075317383 1478
2.9111039638519287 1478
2.9115169048309326 1478
2.9115169048309326 1478
2.911979913711548 1478
2.914731979370117 1478
2.948754072189331 1478
2.948754072189331 1478
2.9491920471191406 1478
2.9491920471191406 1478
2.9491920471191406 1478
2.9491920471191406 787
2.9491920471191406 1478
2.9495348930358887 1478
2.9495348930358887 1478
2.9495348930358887 1478
2.950000047683716 1478
2.950000047683716 1478
2.950000047683716 1478
2.950402021408081 1478
2.950402021408081 1478
2.9507670402526855 1478
2.9507670402526855 1478
2.9507670402526855 787
2.9512228965759277 1478
