1050000
0.0 1500
0.0010538101196289062 1500
0.003304004669189453 1500
0.00400090217590332 1500
0.006781816482543945 1500
0.007019996643066406 1500
0.007998943328857422 1500
0.011675834655761719 1500
0.011675834655761719 1500
0.012833833694458008 1500
0.013772964477539062 1500
0.016130924224853516 1500
0.017032861709594727 1500
0.019133806228637695 1500
0.020000934600830078 1500
0.02204585075378418 1500
0.022928953170776367 1500
0.02394700050354004 1500
0.026053905487060547 1500
0.0271148681640625 1500
0.028981924057006836 1500
0.0298159122467041 1500
0.03316998481750488 1500
0.03316998481750488 1500
0.03484082221984863 1500
0.03628087043762207 1500
0.03716588020324707 1500
0.039311885833740234 1500
0.04013681411743164 1500
0.041996002197265625 1500
0.04415082931518555 1500
0.04515886306762695 1500
0.04591083526611328 1500
0.04796290397644043 1500
0.0488128662109375 1500
0.05124187469482422 1500
0.0520319938659668 1500
0.05411100387573242 1500
0.05506086349487305 1500
0.056056976318359375 1500
0.05791592597961426 1500
0.05901479721069336 1500
0.061139822006225586 1500
0.06180882453918457 1500
0.06392788887023926 1500
0.0648198127746582 1500
0.0669398307800293 1500
0.06787800788879395 1500
0.06907081604003906 1500
0.07085680961608887 1500
0.07206583023071289 1500
0.07464885711669922 1500
0.07469487190246582 1500
0.07714581489562988 1500
0.07776999473571777 1500
0.08009481430053711 1500
0.08092379570007324 1500
0.08220386505126953 1500
0.084075927734375 1500
0.08484387397766113 1500
0.08684897422790527 1500
0.08806896209716797 1500
0.09002280235290527 1500
0.09096980094909668 1500
0.09315085411071777 1500
0.09375691413879395 1500
0.09496498107910156 1500
0.09822893142700195 1500
0.09822893142700195 1500
0.10010290145874023 1500
0.10063791275024414 1500
0.10306286811828613 1500
0.10386490821838379 1500
0.10629796981811523 1500
0.10692882537841797 1500
0.10798096656799316 1500
0.10990691184997559 1500
0.1109769344329834 1500
0.11313080787658691 1500
0.11390280723571777 1500
0.11595487594604492 1500
0.11670899391174316 1500
0.11933088302612305 1500
0.11999988555908203 1500
0.12232089042663574 1500
0.12305188179016113 1500
0.12368202209472656 1500
0.1260519027709961 1500
0.12689900398254395 1500
0.12918782234191895 1500
0.1297438144683838 1500
0.13349294662475586 1500
0.13349294662475586 1500
0.13471102714538574 1500
0.1359248161315918 1500
0.13701581954956055 1500
0.13921880722045898 1500
0.13980793952941895 1500
0.14212393760681152 1500
0.14275383949279785 1500
0.14490699768066406 1500
0.1461930274963379 1500
0.1478738784790039 1500
0.14906001091003418 1500
0.1499009132385254 1500
0.1521759033203125 1500
0.15291690826416016 1500
0.15631484985351562 1500
0.15631484985351562 1500
0.15788793563842773 1500
0.15880179405212402 1500
0.16093182563781738 1500
0.16185688972473145 1500
0.16314101219177246 1500
0.1652219295501709 1500
0.1659529209136963 1500
0.16829299926757812 1500
0.16921591758728027 1500
0.17091798782348633 1500
0.17210698127746582 1500
0.17388200759887695 1500
0.17495489120483398 1500
0.17583990097045898 1500
0.17812895774841309 1500
0.1803879737854004 1500
0.18131279945373535 1500
0.18195295333862305 1500
0.18396997451782227 1500
0.18492388725280762 1500
0.1869359016418457 1500
0.18788599967956543 1500
0.1891028881072998 1500
0.1910099983215332 1500
0.1922609806060791 1500
0.19402790069580078 1500
0.1949310302734375 1500
0.1968989372253418 1500
0.19806694984436035 1500
0.19977092742919922 1500
0.2010498046875 1500
0.20183491706848145 1500
0.20540094375610352 1500
0.20540094375610352 1500
0.20701384544372559 1500
0.20809102058410645 1500
0.21017003059387207 1500
0.210770845413208 1500
0.2129969596862793 1500
0.21413397789001465 1500
0.21629095077514648 1500
0.2171180248260498 1500
0.2191009521484375 1500
0.21997380256652832 1500
0.22238683700561523 1500
0.22279787063598633 1500
0.22407197952270508 1500
0.2261638641357422 1500
0.22831296920776367 1500
0.22911787033081055 1500
0.23020195960998535 1500
0.23198795318603516 1500
0.23313188552856445 1500
0.23511099815368652 1500
0.23623180389404297 1500
0.2377328872680664 1500
0.24072480201721191 1500
0.24072480201721191 1500
0.24210000038146973 1500
0.2428607940673828 1500
0.24504685401916504 1500
0.24581694602966309 1500
0.24824190139770508 1500
0.24888300895690918 1500
0.2509000301361084 1500
0.25182294845581055 1500
0.2531309127807617 1500
0.2550020217895508 1500
0.25621795654296875 1500
0.2578589916229248 1500
0.2589428424835205 1500
0.2611808776855469 1500
0.26209282875061035 1500
0.26385498046875 1500
0.26473188400268555 1500
0.2659749984741211 1500
0.26784181594848633 1500
0.26907992362976074 1500
0.27202701568603516 1500
0.27202701568603516 1500
0.27423691749572754 1500
0.2747159004211426 1500
0.27744197845458984 1500
0.27772998809814453 1500
0.2788078784942627 1500
0.2811918258666992 1500
0.28204798698425293 1500
0.2839038372039795 1500
0.28493785858154297 1500
0.2876098155975342 1500
0.28787779808044434 1500
0.289888858795166 1500
0.29125499725341797 1500
0.2922940254211426 1500
0.295529842376709 1500
0.295529842376709 1500
0.29714298248291016 1500
0.29792284965515137 1500
0.3001749515533447 1500
0.30303192138671875 1500
0.3035848140716553 1500
0.3049049377441406 1500
0.3052639961242676 1500
0.3067920207977295 1500
0.3077969551086426 1500
0.30988001823425293 1500
0.31082582473754883 1500
0.31324100494384766 1500
0.31409692764282227 1500
0.31699085235595703 1500
0.31708192825317383 1500
0.3182098865509033 1500
0.3203129768371582 1500
0.32107996940612793 1500
0.3229398727416992 1500
0.32407188415527344 1500
0.32607388496398926 1500
0.3283708095550537 1500
0.3289158344268799 1500
0.3297429084777832 1500
0.3307650089263916 1500
0.3334238529205322 1500
0.3337118625640869 1500
0.3361480236053467 1500
0.33679986000061035 1500
0.33885979652404785 1500
0.3397970199584961 1500
0.34192395210266113 1500
0.34282493591308594 1500
0.3440690040588379 1500
0.3459019660949707 1500
0.3466489315032959 1500
0.3486788272857666 1500
0.34999585151672363 1500
0.3520698547363281 1500
0.3527858257293701 1500
0.35495591163635254 1500
0.35602402687072754 1500
0.3569529056549072 1500
0.35871195793151855 1500
0.3599820137023926 1500
0.36185598373413086 1500
0.36299896240234375 1500
0.36513280868530273 1500
0.3658149242401123 1500
0.3680570125579834 1500
0.3690459728240967 1500
0.369905948638916 1500
0.3726530075073242 1500
0.3726530075073242 1500
0.3751099109649658 1500
0.37564992904663086 1500
0.3777799606323242 1500
0.37889981269836426 1500
0.38074183464050293 1500
0.38171982765197754 1500
0.38303089141845703 1500
0.38469696044921875 1500
0.3857879638671875 1500
0.3882617950439453 1500
0.3887448310852051 1500
0.3911139965057373 1500
0.39232897758483887 1500
0.39417195320129395 1500
0.39471983909606934 1500
0.39586496353149414 1500
0.3978409767150879 1500
0.3990058898925781 1500
0.4009130001068115 1500
0.4020249843597412 1500
0.40381598472595215 1500
0.40499281883239746 1500
0.40698981285095215 1500
0.4079298973083496 1500
0.4101448059082031 1500
0.41083383560180664 1500
0.41181492805480957 1500
0.41533398628234863 1500
0.41576385498046875 1500
0.41698288917541504 1500
0.419036865234375 1500
0.4196658134460449 1500
0.4208848476409912 1500
0.4229450225830078 1500
0.4237709045410156 1500
0.4257028102874756 1500
0.4270617961883545 1500
0.4287228584289551 1500
0.4297938346862793 1500
0.43213987350463867 1500
0.4326798915863037 1500
0.4339888095855713 1500
0.4358208179473877 1500
0.43692493438720703 1500
0.439119815826416 1500
0.4397399425506592 1500
0.44205379486083984 1500
0.4427759647369385 1500
0.4447958469390869 1500
0.44577789306640625 1500
0.44683194160461426 1500
0.44903087615966797 1500
0.44979286193847656 1500
0.4520409107208252 1500
0.45275282859802246 1500
0.45510292053222656 1500
0.4557328224182129 1500
0.45814990997314453 1500
0.45864295959472656 1500
0.4600379467010498 1500
0.46237993240356445 1500
0.4626648426055908 1500
0.46504998207092285 1500
0.4661579132080078 1500
0.46830201148986816 1500
0.4690439701080322 1500
0.47089695930480957 1500
0.4719259738922119 1500
0.4728059768676758 1500
0.47498393058776855 1500
0.4757359027862549 1500
0.4779648780822754 1500
0.4786849021911621 1500
0.4822049140930176 1500
0.4822049140930176 1500
0.48405885696411133 1500
0.4847598075866699 1500
0.4861629009246826 1500
0.4878969192504883 1500
0.4888648986816406 1500
0.4911680221557617 1500
0.4919569492340088 1500
0.4939908981323242 1500
0.495074987411499 1500
0.4967799186706543 1500
0.4976508617401123 1500
0.4988079071044922 1500
0.5007719993591309 1500
0.5019187927246094 1500
0.5039949417114258 1500
0.5050678253173828 1500
0.5069417953491211 1500
0.5078058242797852 1500
0.5101728439331055 1500
0.5106120109558105 1500
0.5118389129638672 1500
0.5138578414916992 1500
0.5149948596954346 1500
0.5167148113250732 1500
0.517967939376831 1500
0.5200409889221191 1500
0.5206568241119385 1500
0.5230789184570312 1500
0.5238969326019287 1500
0.5251209735870361 1500
0.5267748832702637 1500
0.5290060043334961 1500
0.5299508571624756 1500
0.5306909084320068 1500
0.5332119464874268 1500
0.5339488983154297 1500
0.5358598232269287 1500
0.5368378162384033 1500
0.5391569137573242 1500
0.5397357940673828 1500
0.5413358211517334 1500
0.543057918548584 1500
0.5437848567962646 1500
0.5459678173065186 1500
0.5467948913574219 1500
0.5488719940185547 1500
0.550095796585083 1500
0.5519158840179443 1500
0.5528998374938965 1500
0.5539178848266602 1500
0.5560920238494873 1500
0.5569109916687012 1500
0.5590558052062988 1500
0.5597438812255859 1500
0.562018871307373 1500
0.5630698204040527 1500
0.5651469230651855 1500
0.5660109519958496 1500
0.5671257972717285 1500
0.5690069198608398 1500
0.5696849822998047 1500
0.5731179714202881 1500
0.5734238624572754 1500
0.5752019882202148 1500
0.575685977935791 1500
0.5780019760131836 1500
0.578894853591919 1500
0.5801608562469482 1500
0.5816409587860107 1500
0.583014965057373 1500
0.5849919319152832 1500
0.5856888294219971 1500
0.588021993637085 1500
0.5891280174255371 1500
0.5910608768463135 1500
0.5918998718261719 1500
0.5930829048156738 1500
0.594761848449707 1500
0.5963058471679688 1500
0.5979678630828857 1500
0.598984956741333 1500
0.6012248992919922 1500
0.6019589900970459 1500
0.6037960052490234 1500
0.604712963104248 1500
0.6059808731079102 1500
0.6078369617462158 1500
0.6090168952941895 1500
0.6108360290527344 1500
0.6119379997253418 1500
0.6140990257263184 1500
0.6146337985992432 1500
0.6171150207519531 1500
0.6177558898925781 1500
0.6194608211517334 1500
0.6207690238952637 1500
0.6217257976531982 1500
0.6238389015197754 1500
0.6247959136962891 1500
0.6268630027770996 1500
0.6278769969940186 1500
0.6299920082092285 1500
0.6320099830627441 1500
0.6320858001708984 1500
0.633903980255127 1500
0.6347458362579346 1500
0.6369009017944336 1500
0.6376419067382812 1500
0.6401529312133789 1500
0.6406698226928711 1500
0.6429579257965088 1500
0.6436347961425781 1500
0.6450099945068359 1500
0.647007942199707 1500
0.6480238437652588 1500
0.6500809192657471 1500
0.6508669853210449 1500
0.65401291847229 1500
0.65401291847229 1500
0.6560709476470947 1500
0.656790018081665 1500
0.6589999198913574 1500
0.6596310138702393 1500
0.6611700057983398 1500
0.6630949974060059 1500
0.6639788150787354 1500
0.6659588813781738 1500
0.6667318344116211 1500
0.6689999103546143 1500
0.66975998878479 1500
0.6722300052642822 1500
0.6726880073547363 1500
0.6739029884338379 1500
0.675894021987915 1500
0.6770508289337158 1500
0.6788079738616943 1500
0.6800408363342285 1500
0.6821408271789551 1500
0.6826448440551758 1500
0.6848189830780029 1500
0.6858398914337158 1500
0.686851978302002 1500
0.6891498565673828 1500
0.6899349689483643 1500
0.6920139789581299 1500
0.6928458213806152 1500
0.6947088241577148 1500
0.6958370208740234 1500
0.6976728439331055 1500
0.6988430023193359 1500
0.6998558044433594 1500
0.7018499374389648 1500
0.7040688991546631 1500
0.7049918174743652 1500
0.7059450149536133 1500
0.7080848217010498 1500
0.708967924118042 1500
0.7110309600830078 1500
0.7122459411621094 1500
0.7130799293518066 1500
0.7147269248962402 1500
0.7169809341430664 1500
0.7178909778594971 1500
0.7190189361572266 1500
0.7209568023681641 1500
0.7219469547271729 1500
0.7237379550933838 1500
0.7247359752655029 1500
0.7259290218353271 1500
0.7277069091796875 1500
0.7300918102264404 1500
0.7306928634643555 1500
0.7318058013916016 1500
0.7341618537902832 1500
0.7351088523864746 1500
0.7368438243865967 1500
0.737980842590332 1500
0.7390379905700684 1500
0.7409319877624512 1500
0.7431068420410156 1500
0.7441248893737793 1500
0.7451770305633545 1500
0.7470149993896484 1500
0.7480499744415283 1500
0.7498779296875 1500
0.7510910034179688 1500
0.7519259452819824 1500
0.7539160251617432 1500
0.7562189102172852 1500
0.757152795791626 1500
0.7583370208740234 1500
0.7599189281463623 1500
0.7611608505249023 1500
0.7629218101501465 1500
0.7639529705047607 1500
0.7650318145751953 1500
0.7680130004882812 1500
0.7680130004882812 1500
0.7700150012969971 1500
0.7708489894866943 1500
0.7730159759521484 1500
0.7742187976837158 1500
0.7760000228881836 1500
0.7767519950866699 1500
0.7780578136444092 1500
0.7813029289245605 1500
0.7813029289245605 1500
0.7833719253540039 1500
0.784052848815918 1500
0.7862818241119385 1500
0.7874360084533691 1500
0.7893450260162354 1500
0.7901139259338379 1500
0.7923119068145752 1500
0.7928400039672852 1500
0.7951250076293945 1500
0.7963738441467285 1500
0.7970700263977051 1500
0.7990818023681641 1500
0.7998738288879395 1500
0.8020219802856445 1500
0.8030779361724854 1500
0.8060250282287598 1500
0.8060250282287598 1500
0.8081338405609131 1500
0.8089869022369385 1500
0.8099448680877686 1500
0.8118319511413574 1500
0.813060998916626 1500
0.8151729106903076 1500
0.8163158893585205 1500
0.8195579051971436 1500
0.8195579051971436 1500
0.820807933807373 1500
0.822300910949707 1500
0.8231089115142822 1500
0.8250138759613037 1500
0.8260679244995117 1500
0.8280909061431885 1500
0.8290579319000244 1500
0.8310987949371338 1500
0.8316938877105713 1500
0.8338618278503418 1500
0.8350679874420166 1500
0.8370099067687988 1500
0.8378689289093018 1500
0.8399770259857178 1500
0.8407998085021973 1500
0.8429388999938965 1500
0.8437488079071045 1500
0.844951868057251 1500
0.8468258380889893 1500
0.8477380275726318 1500
0.850031852722168 1500
0.8509719371795654 1500
0.8529407978057861 1500
0.8538289070129395 1500
0.856151819229126 1500
0.856881856918335 1500
0.8578858375549316 1500
0.8600378036499023 1500
0.860792875289917 1500
0.8628759384155273 1500
0.864001989364624 1500
0.8658888339996338 1500
0.8679578304290771 1500
0.8679578304290771 1500
0.8701169490814209 1500
0.8708629608154297 1500
0.8732149600982666 1500
0.8737409114837646 1500
0.8761019706726074 1500
0.8767030239105225 1500
0.880363941192627 1500
0.880363941192627 1500
0.8809688091278076 1500
0.8828170299530029 1500
0.8846578598022461 1500
0.8860979080200195 1500
0.8872959613800049 1500
0.8892970085144043 1500
0.8904569149017334 1500
0.8919968605041504 1500
0.8930590152740479 1500
0.8938689231872559 1500
0.8959469795227051 1500
0.8969898223876953 1500
0.899094820022583 1500
0.8998749256134033 1500
0.9019458293914795 1500
0.9029989242553711 1500
0.9050848484039307 1500
0.9060928821563721 1500
0.9071159362792969 1500
0.9087679386138916 1500
0.9100348949432373 1500
0.9120168685913086 1500
0.9128878116607666 1500
0.91501784324646 1500
0.91684889793396 1500
0.9179139137268066 1500
0.9187629222869873 1500
0.9200348854064941 1500
0.9220778942108154 1500
0.9229018688201904 1500
0.925203800201416 1500
0.9259648323059082 1500
0.9291908740997314 1500
0.9291908740997314 1500
0.930959939956665 1500
0.9320127964019775 1500
0.9330539703369141 1500
0.9350969791412354 1500
0.9361858367919922 1500
0.9378328323364258 1500
0.939133882522583 1500
0.9419260025024414 1500
0.9419260025024414 1500
0.943943977355957 1500
0.945030927658081 1500
0.9459738731384277 1500
0.9479279518127441 1500
0.9488308429718018 1500
0.9510669708251953 1500
0.9518389701843262 1500
0.9549310207366943 1500
0.9549310207366943 1500
0.9569408893585205 1500
0.957819938659668 1500
0.9590358734130859 1500
0.960777997970581 1500
0.9621219635009766 1500
0.963904857635498 1500
0.9649019241333008 1500
0.9678099155426025 1500
0.9678099155426025 1500
0.9700508117675781 1500
0.9710040092468262 1500
0.9719088077545166 1500
0.9738810062408447 1500
0.9749259948730469 1500
0.9772899150848389 1500
0.978010892868042 1500
0.9811408519744873 1500
0.9811408519744873 1500
0.9831509590148926 1500
0.9840078353881836 1500
0.9859528541564941 1500
0.9870820045471191 1500
0.9880659580230713 1500
0.9899609088897705 1500
0.9910168647766113 1500
0.9939649105072021 1500
0.9939649105072021 1500
0.9961068630218506 1500
0.9971299171447754 1500
0.9990239143371582 1500
1.0002038478851318 1500
1.0012598037719727 1500
1.0030829906463623 1500
1.0040059089660645 1500
1.006295919418335 1500
1.0072858333587646 1500
1.0091259479522705 1500
1.0097498893737793 1500
1.0124030113220215 1500
