1049200
0.0 1500
0.0029611587524414062 1500
0.0043680667877197266 1500
0.0075321197509765625 1500
0.010329008102416992 1500
0.013056039810180664 1500
0.016508102416992188 1500
0.019989013671875 1500
0.022382020950317383 1500
0.02535414695739746 1500
0.027962207794189453 1500
0.029955148696899414 1500
0.03295302391052246 1500
0.03836202621459961 1500
0.04123115539550781 700
0.17834711074829102 1500
0.18001818656921387 1500
0.1834859848022461 1500
0.1862030029296875 1500
0.1889951229095459 1500
0.19139409065246582 1500
0.19640707969665527 1500
0.19827508926391602 1500
0.20099806785583496 1500
0.20588302612304688 1500
0.2062242031097412 1500
0.20818400382995605 1500
0.21196317672729492 1500
0.21493816375732422 1500
0.21814417839050293 1500
0.22094511985778809 1500
0.22435498237609863 1500
0.2280900478363037 1500
0.23026514053344727 1500
0.23350310325622559 1500
0.2354891300201416 1500
0.23857617378234863 1500
0.24106907844543457 1500
0.24428820610046387 1500
0.2464580535888672 1500
0.2502610683441162 1500
0.2531561851501465 1500
0.25597715377807617 1500
0.25901317596435547 1500
0.2612171173095703 1500
0.2631700038909912 1500
0.26699113845825195 1500
0.27024316787719727 1500
0.27392101287841797 1500
0.2764410972595215 1500
0.27931904792785645 1500
0.28312206268310547 1500
0.28513598442077637 1500
0.2873961925506592 1500
0.29015016555786133 1500
0.29299306869506836 1500
0.29610419273376465 1500
0.29894518852233887 1500
0.3002891540527344 1500
0.3052511215209961 1500
0.3079860210418701 1500
0.3109719753265381 1500
0.31304001808166504 1500
0.3163270950317383 1500
0.31839919090270996 1500
0.32227420806884766 1500
0.3251650333404541 1500
0.3283209800720215 1500
0.33118510246276855 1500
0.3342251777648926 1500
0.3351140022277832 1500
0.33912014961242676 1500
0.34211301803588867 1500
0.3464469909667969 1500
0.34871912002563477 1500
0.35111308097839355 1500
0.3549330234527588 1500
0.3569960594177246 1500
0.3601341247558594 1500
0.3632981777191162 1500
0.3652679920196533 1500
0.3682410717010498 1500
0.37110400199890137 1500
0.3733329772949219 1500
0.3769340515136719 1500
0.3803980350494385 1500
0.38312816619873047 1500
0.3861401081085205 1500
0.38937997817993164 1500
0.39096999168395996 1500
0.3941211700439453 1500
0.3969581127166748 1500
0.4000561237335205 1500
0.40337610244750977 1500
0.40619802474975586 1500
0.4101221561431885 1500
0.41222620010375977 1500
0.41540002822875977 1500
0.4171171188354492 1500
0.4201672077178955 1500
0.4229471683502197 1500
0.42637109756469727 1500
0.42859411239624023 1500
0.43224215507507324 1500
0.435122013092041 1500
0.4382131099700928 1500
0.44124603271484375 1500
0.443270206451416 1500
0.444979190826416 1500
0.44907212257385254 1500
0.4521200656890869 1500
0.45499205589294434 1500
0.45855712890625 1500
0.46227502822875977 1500
0.46227502822875977 1500
0.46704697608947754 1500
0.4689760208129883 1500
0.4720010757446289 1500
0.4750092029571533 1500
0.47812509536743164 1500
0.4819760322570801 1500
0.4839351177215576 1500
0.4870481491088867 1500
0.49025702476501465 1500
0.4931340217590332 1500
0.49614500999450684 1500
0.49794912338256836 1500
0.5007140636444092 1500
0.5043940544128418 1500
0.5070071220397949 1500
0.5100381374359131 1500
0.5132989883422852 1500
0.5164010524749756 1500
0.5203289985656738 1500
0.5223350524902344 1500
0.5241491794586182 1500
0.5269870758056641 1500
0.5299520492553711 1500
0.5329840183258057 1500
0.5369830131530762 1500
0.5391831398010254 1500
0.542424201965332 1500
0.5454151630401611 1500
0.5487771034240723 1500
0.5500180721282959 1500
0.553178071975708 1500
0.5564520359039307 1500
0.5592350959777832 1500
0.5621650218963623 1500
0.5652031898498535 1500
0.5697541236877441 1500
0.5709969997406006 1500
0.5721800327301025 1500
0.5805091857910156 1500
0.5823450088500977 1500
0.5829141139984131 1500
0.5864131450653076 1500
0.5893421173095703 1500
0.5935101509094238 1500
0.5960421562194824 1500
0.5990681648254395 1500
0.6003050804138184 1500
0.6032321453094482 1500
0.606482982635498 1500
0.6092720031738281 1500
0.6131820678710938 1500
0.6166141033172607 1500
0.6192741394042969 1500
0.6213400363922119 1500
0.6232380867004395 1500
0.626521110534668 1500
0.6312601566314697 1500
0.6342751979827881 1500
0.6364710330963135 1500
0.6382970809936523 1500
0.6412110328674316 1500
0.6445021629333496 1500
0.6480879783630371 1500
0.6511421203613281 1500
0.6539950370788574 1500
0.6554009914398193 1500
0.6580750942230225 1500
0.6612191200256348 1500
0.6650490760803223 1500
0.6680450439453125 1500
0.6712560653686523 1500
0.673241138458252 1500
0.6752440929412842 1500
0.6784331798553467 1500
0.681096076965332 1500
0.6859650611877441 1500
0.6894500255584717 1500
0.6910591125488281 1500
0.6930050849914551 1500
0.6961061954498291 1500
0.6995491981506348 1500
0.7032530307769775 1500
0.7064521312713623 1500
0.7094740867614746 1500
0.7099471092224121 1500
0.7132091522216797 1500
0.7163600921630859 1500
0.7199561595916748 1500
0.7230880260467529 1500
0.7265491485595703 1500
0.7269580364227295 1500
0.7300271987915039 1500
0.7333261966705322 1500
0.7362000942230225 1500
0.7403841018676758 1500
0.7433590888977051 1500
0.7460370063781738 1500
0.7481060028076172 1500
0.7513620853424072 1500
0.7534101009368896 1500
0.7583270072937012 1500
0.7610280513763428 1500
0.7643680572509766 1500
0.7651400566101074 1500
0.7680590152740479 1500
0.7712681293487549 1500
0.7750890254974365 1500
0.7782120704650879 1500
0.7811150550842285 1500
0.7822780609130859 1500
0.7851440906524658 1500
0.7880160808563232 1500
0.7924501895904541 1500
0.7952070236206055 1500
0.7980630397796631 1500
0.8017799854278564 1500
0.8032770156860352 1500
0.8064742088317871 1500
0.8079910278320312 1500
0.8133649826049805 1500
0.8163042068481445 1500
0.818073034286499 1500
0.8203330039978027 1500
0.8235561847686768 1500
0.8264009952545166 1500
0.830747127532959 1500
0.8338360786437988 1500
0.8368330001831055 1500
0.8369860649108887 1500
0.8402771949768066 1500
0.8433611392974854 1500
0.8469932079315186 1500
0.8501701354980469 1500
0.853065013885498 1500
0.8548190593719482 1500
0.8579339981079102 1500
0.8600621223449707 1500
0.8629720211029053 1500
0.8683459758758545 1500
0.8713409900665283 1500
0.8730151653289795 1500
0.8752532005310059 1500
0.8784980773925781 1500
0.8810720443725586 1500
0.8849401473999023 1500
0.8892550468444824 1500
0.8913531303405762 1500
0.8922641277313232 1500
0.8951151371002197 1500
0.8979871273040771 1500
0.9020311832427979 1500
0.9053311347961426 1500
0.9083290100097656 1500
0.909959077835083 1500
0.9120121002197266 1500
0.9149751663208008 1500
0.9180231094360352 1500
0.9233901500701904 1500
0.9251720905303955 1500
0.9283051490783691 1500
0.9303112030029297 1500
0.9330341815948486 1500
0.9362881183624268 1500
0.9405691623687744 1500
0.9431731700897217 1500
0.9470582008361816 1500
0.9470582008361816 1500
0.9499871730804443 1500
0.9530651569366455 1500
0.9572169780731201 1500
0.9600989818572998 1500
0.9633300304412842 1500
0.9642760753631592 1500
0.9672460556030273 1500
0.9702880382537842 1500
0.9729712009429932 1500
0.9773991107940674 1500
0.9803390502929688 1500
0.9824481010437012 1500
0.9851281642913818 1500
0.9885601997375488 1500
0.990339994430542 1500
0.9951419830322266 1500
0.9983890056610107 1500
1.0010251998901367 1500
1.0022861957550049 1500
1.0053141117095947 1500
1.008484125137329 1500
1.012101173400879 1500
1.015326976776123 1500
1.0183730125427246 1500
1.0194380283355713 1500
1.024233102798462 1500
1.0270981788635254 1500
1.0294640064239502 1500
1.0329780578613281 1500
1.0359621047973633 1500
1.039607048034668 1500
1.0424981117248535 1500
1.0451819896697998 1500
1.04612398147583 1500
1.0503661632537842 1500
1.053105115890503 1500
1.0576200485229492 1500
1.0595321655273438 1500
1.0624170303344727 1500
1.0631630420684814 1500
1.0682380199432373 1500
1.0712590217590332 1500
1.0743610858917236 1500
1.076153039932251 1500
1.080632209777832 1500
1.08418607711792 1500
1.0851490497589111 1500
1.0880920886993408 1500
1.0912621021270752 1500
1.0941240787506104 1500
1.0971260070800781 1500
1.100081205368042 1500
1.1009581089019775 1500
1.1051130294799805 1500
1.1086041927337646 1500
1.1111130714416504 1500
1.1145071983337402 1500
1.1171519756317139 1500
1.1183490753173828 1500
1.1235761642456055 1500
1.1264760494232178 1500
1.1286590099334717 1500
1.1311461925506592 1500
1.1340091228485107 1500
1.1361072063446045 1500
1.1403892040252686 1500
1.14326810836792 1500
1.1462440490722656 1500
1.1502490043640137 1500
1.1523551940917969 1500
1.1543080806732178 1500
1.1559951305389404 1500
1.1600542068481445 1500
1.1637990474700928 1500
1.1663060188293457 1500
1.1693670749664307 1500
1.1724071502685547 1500
1.1729559898376465 1500
1.17842698097229 1500
1.1803271770477295 1500
1.183091163635254 1500
1.1860010623931885 1500
1.1893119812011719 1500
1.1910619735717773 1500
1.1954472064971924 1500
1.1991031169891357 1500
1.2014820575714111 1500
1.2041211128234863 1500
1.2064530849456787 1500
1.2112011909484863 1500
1.2125630378723145 1500
1.215118169784546 1500
1.218332052230835 1500
1.2212750911712646 1500
1.2242591381072998 1500
1.2270121574401855 1500
1.2280430793762207 1500
1.2324090003967285 1500
1.2355051040649414 1500
1.2379779815673828 1500
1.2409870624542236 1500
1.2438690662384033 1500
1.2452800273895264 1500
1.250993013381958 1500
1.2533841133117676 1500
1.2562839984893799 1500
1.2580640316009521 1500
1.2611479759216309 1500
1.2631001472473145 1500
1.266921043395996 1500
1.27016019821167 1500
1.2729580402374268 1500
1.2761971950531006 1500
1.2790570259094238 1500
1.282500982284546 1500
1.2832610607147217 1500
1.2871921062469482 1500
1.2905189990997314 1500
1.2930760383605957 1500
1.2961339950561523 1500
1.299241065979004 1500
1.3004801273345947 1500
1.30525803565979 1500
1.308284044265747 1500
1.3103981018066406 1500
1.3131451606750488 1500
1.3162992000579834 1500
1.318169116973877 1500
1.322054147720337 1500
1.3250110149383545 1500
1.3285269737243652 1500
1.3312489986419678 1500
1.334184169769287 1500
1.3363070487976074 1500
1.3381640911102295 1500
1.3419890403747559 1500
1.3450160026550293 1500
1.347931146621704 1500
1.3515231609344482 1500
1.3544011116027832 1500
1.3550012111663818 1500
1.3604321479797363 1500
1.3624529838562012 1500
1.3652331829071045 1500
1.3679931163787842 1500
1.3712639808654785 1500
1.3733611106872559 1500
1.3769609928131104 1500
1.3802330493927002 1500
1.3829560279846191 1500
1.3865749835968018 1500
1.388390064239502 1500
1.3931560516357422 1500
1.394205093383789 1500
1.3970541954040527 1500
1.4000229835510254 1500
1.4031140804290771 1500
1.4064180850982666 1500
1.4090189933776855 1500
1.4099299907684326 1500
1.414208173751831 1500
1.4174041748046875 1500
1.4199790954589844 1500
1.4229521751403809 1500
1.4261271953582764 1500
1.4269740581512451 1500
1.4329001903533936 1500
1.4354190826416016 1500
1.438223123550415 1500
1.440412998199463 1500
1.4431240558624268 1500
1.4449491500854492 1500
1.4495391845703125 1500
1.451937198638916 1500
1.4548711776733398 1500
1.4584600925445557 1500
1.4613211154937744 1500
1.4639461040496826 1500
1.4654181003570557 1500
1.469015121459961 1500
1.472012996673584 1500
1.4750440120697021 1500
1.4781720638275146 1500
1.481024980545044 1500
1.4822330474853516 1500
1.487205982208252 1500
1.4903101921081543 1500
1.493272066116333 1500
1.495177984237671 1500
1.498077154159546 1500
1.500265121459961 1500
1.5038909912109375 1500
1.5069880485534668 1500
1.5104420185089111 1500
1.5135600566864014 1500
1.516106128692627 1500
1.5200409889221191 1500
1.5212671756744385 1500
1.5242080688476562 1500
1.5283551216125488 1500
1.5301361083984375 1500
1.532940149307251 1500
1.5363001823425293 1500
1.5371921062469482 1500
1.5422310829162598 1500
1.5450479984283447 1500
1.547044038772583 1500
1.5506160259246826 1500
1.553274154663086 1500
1.5551581382751465 1500
1.5590779781341553 1500
1.562041997909546 1500
1.5649700164794922 1500
1.5682141780853271 1500
1.572676181793213 1500
1.5756080150604248 1500
1.5763130187988281 1500
1.5789000988006592 1500
1.582056999206543 1500
1.585313081741333 1500
1.5883769989013672 1500
1.5909550189971924 1500
1.5923640727996826 1500
1.5970361232757568 1500
1.5990149974822998 1500
1.6021881103515625 1500
1.6049911975860596 1500
1.6079621315002441 1500
1.6105761528015137 1500
1.614171028137207 1500
1.6169970035552979 1500
1.6202061176300049 1500
1.6233689785003662 1500
1.6253302097320557 1500
1.6301641464233398 1500
1.6320490837097168 1500
1.6344690322875977 1500
1.6369121074676514 1500
1.6399672031402588 1500
1.6432840824127197 1500
1.6462969779968262 1500
1.6504230499267578 1500
1.6525352001190186 1500
1.655001163482666 1500
1.657055139541626 1500
1.660013198852539 1500
1.663470983505249 1500
1.668382167816162 1500
1.6690380573272705 1500
1.6733100414276123 1500
1.6751441955566406 1500
1.6780481338500977 1500
1.6818439960479736 1500
1.6849980354309082 1500
1.6863410472869873 1500
1.6891460418701172 1500
1.6920981407165527 1500
1.6951241493225098 1500
1.6983370780944824 1500
1.7022161483764648 1500
1.7049031257629395 1500
1.7070400714874268 1500
1.7094721794128418 1500
1.7119841575622559 1500
1.7153570652008057 1500
1.718183994293213 1500
1.7222352027893066 1500
1.724236011505127 1500
1.7273330688476562 1500
1.7303681373596191 1500
1.7333312034606934 1500
1.7351272106170654 1500
1.74037504196167 1500
1.7408771514892578 1500
1.7444829940795898 1500
1.7468881607055664 1500
1.7511181831359863 1500
1.7533011436462402 1500
1.7569570541381836 1500
1.7604570388793945 1500
1.7625341415405273 1500
1.7640881538391113 1500
1.7671911716461182 1500
1.77059006690979 1500
1.7735350131988525 1500
1.7770781517028809 1500
1.779271125793457 1500
1.782076120376587 1500
1.785170078277588 1500
1.7870121002197266 1500
1.7900230884552002 1500
1.794990062713623 1500
1.7964000701904297 1500
1.7989630699157715 1500
1.802495002746582 1500
1.8055870532989502 1500
1.8083600997924805 1500
1.8120770454406738 1500
1.813033103942871 1500
1.8162291049957275 1500
1.8194711208343506 1500
1.8221440315246582 1500
1.8251831531524658 1500
1.8302412033081055 1500
1.8331060409545898 1500
1.8363971710205078 1500
1.8369970321655273 1500
1.8402910232543945 1500
1.844130039215088 1500
1.8460791110992432 1500
1.8525571823120117 1500
1.85347318649292 1500
1.8563361167907715 1500
1.8569409847259521 1500
1.8600611686706543 1500
1.8633201122283936 1500
1.867286205291748 1500
1.8699870109558105 1500
1.8737270832061768 1500
1.8751811981201172 1500
1.8770411014556885 1500
1.8803801536560059 1500
1.8852310180664062 1500
1.8881680965423584 1500
1.8909912109375 1500
1.8922181129455566 1500
1.8953092098236084 1500
1.8979930877685547 1500
1.9010109901428223 1500
1.9052879810333252 1500
1.9082660675048828 1500
1.9089231491088867 1500
1.9119501113891602 1500
1.9149022102355957 1500
1.9181890487670898 1500
1.9220631122589111 1500
1.924880027770996 1500
1.9281351566314697 1500
1.9294002056121826 1500
1.9323110580444336 1500
1.9351780414581299 1500
1.9399449825286865 1500
1.941899061203003 1500
1.945223093032837 1500
1.947417974472046 1500
1.950120210647583 1500
1.9535391330718994 1500
1.9552111625671387 1500
1.9600780010223389 1500
1.9633090496063232 1500
1.964238166809082 1500
1.9671001434326172 1500
1.9703211784362793 1500
1.9745821952819824 1500
1.9771900177001953 1500
1.9798851013183594 1500
1.9832100868225098 1500
1.9840731620788574 1500
1.986976146697998 1500
1.9901270866394043 1500
1.995380163192749 1500
1.9970130920410156 1500
2.000420093536377 1500
2.0023491382598877 1500
2.0052261352539062 1500
2.0085020065307617 1500
2.012892007827759 1500
2.015385150909424 1500
2.0183541774749756 1500
2.0189712047576904 1500
2.022369146347046 1500
2.0249710083007812 1500
2.028076171875 1500
2.0323431491851807 1500
2.034985065460205 1500
2.038328170776367 1500
2.038990020751953 1500
2.041882038116455 1500
2.045039176940918 1500
2.0490310192108154 1500
2.052122116088867 1500
2.055183172225952 1500
2.058601140975952 1500
2.060045003890991 1500
2.062237024307251 1500
2.0676021575927734 1500
2.070265054702759 1500
2.073270082473755 1500
2.0742650032043457 1500
2.0774121284484863 1500
2.0801970958709717 1500
2.0829880237579346 1500
2.0870490074157715 1500
2.0900800228118896 1500
2.0910491943359375 1500
2.0940921306610107 1500
2.097107172012329 1500
2.100121021270752 1500
2.1040091514587402 1500
2.1075730323791504 1500
2.109995126724243 1500
2.112452983856201 1500
2.1142120361328125 1500
2.1170620918273926 1500
2.122328996658325 1500
2.125357151031494 1500
2.1270031929016113 1500
2.1304421424865723 1500
2.132423162460327 1500
2.1349940299987793 1500
2.1410281658172607 1500
2.1418960094451904 1500
2.1449711322784424 1500
2.148301124572754 1500
2.1489741802215576 1500
2.1520299911499023 1500
2.1558871269226074 1500
2.159214973449707 1500
