1048600
0.0 1478
0.0 1478
0.00034499168395996094 1478
0.00034499168395996094 1478
0.00034499168395996094 145
0.023685216903686523 76
0.028477191925048828 1478
0.028477191925048828 1478
0.02891707420349121 1478
0.02891707420349121 1478
0.02891707420349121 1478
0.02952718734741211 1478
0.02952718734741211 1478
0.02952718734741211 1478
0.02952718734741211 1478
0.03376007080078125 1478
0.03376007080078125 1478
0.03416800498962402 1478
0.03416800498962402 1478
0.03416800498962402 1478
0.034510135650634766 1478
0.034510135650634766 1478
0.034898996353149414 1478
0.034898996353149414 1478
0.034898996353149414 1478
0.034898996353149414 1478
0.035279035568237305 1478
0.035279035568237305 1478
0.03566908836364746 1478
0.03566908836364746 1206
0.049848079681396484 52
0.049848079681396484 1478
0.05434107780456543 1478
0.05434107780456543 1478
0.05434107780456543 1478
0.05886101722717285 1478
0.05925607681274414 1478
0.05925607681274414 1478
0.05925607681274414 1478
0.059722185134887695 1478
0.059722185134887695 1478
0.059722185134887695 1478
0.06279301643371582 1478
0.0631561279296875 1478
0.0631561279296875 1478
0.0631561279296875 1478
0.06354403495788574 1478
0.06354403495788574 1478
0.06434321403503418 1478
0.06434321403503418 1478
0.06476712226867676 1478
0.06476712226867676 1478
0.06556916236877441 1478
0.06556916236877441 1478
0.06641006469726562 1478
0.06641006469726562 1478
0.06641006469726562 1478
0.06641006469726562 1478
0.06641006469726562 1478
0.06641006469726562 1478
0.06666707992553711 1478
0.07026505470275879 773
0.08174300193786621 52
0.08225607872009277 1478
0.08225607872009277 281
0.08604717254638672 52
0.09072399139404297 1478
0.0990450382232666 1478
0.1147310733795166 52
0.11509299278259277 1478
0.12336611747741699 1478
0.13505816459655762 175
0.1451430320739746 1478
0.15532302856445312 142
0.16747808456420898 52
0.16827011108398438 1478
0.19929718971252441 118
0.21096014976501465 52
0.2116081714630127 1478
0.2388160228729248 85
0.24594712257385254 1478
0.25927209854125977 52
0.2597031593322754 1478
0.3070821762084961 52
0.3074212074279785 1478
0.3308291435241699 175
0.33655405044555664 1478
0.35552310943603516 1478
0.35552310943603516 151
0.37505102157592773 109
0.38726305961608887 52
0.38762712478637695 1478
0.42304515838623047 85
0.4349231719970703 52
0.4395740032196045 1478
0.4398930072784424 1478
0.46236610412597656 1478
0.46236610412597656 1478
0.462799072265625 1478
0.462799072265625 1478
0.462799072265625 1478
0.462799072265625 1478
0.4631330966949463 1478
0.4634861946105957 1478
0.4669010639190674 1478
0.4669010639190674 1478
0.46717214584350586 1478
0.46717214584350586 1478
0.4675781726837158 1478
0.4675781726837158 909
0.4675781726837158 1478
0.46796512603759766 1478
0.46796512603759766 1478
0.46796512603759766 1478
0.46796512603759766 1478
0.4685811996459961 1478
0.4685811996459961 1478
0.4685811996459961 1478
0.4685811996459961 1478
0.4685811996459961 1478
0.46869516372680664 1478
0.46869516372680664 1478
0.46924805641174316 1478
0.46924805641174316 1478
0.4755380153656006 1478
0.4755380153656006 1478
0.4759500026702881 1478
0.4759500026702881 1478
0.47637104988098145 1478
0.47637104988098145 1478
0.47680115699768066 1478
0.47680115699768066 1478
0.47680115699768066 1478
0.47680115699768066 1478
0.4772481918334961 1478
0.4772481918334961 1478
0.4772481918334961 1478
0.4772481918334961 1478
0.4776921272277832 1478
0.4776921272277832 1478
0.47811317443847656 1478
0.47811317443847656 1478
0.4785611629486084 1478
0.4785611629486084 1478
0.4815831184387207 1435
0.4815831184387207 1478
0.48931002616882324 52
0.4896562099456787 1478
0.5105090141296387 76
0.5141811370849609 1478
0.5181770324707031 1478
0.5263621807098389 76
0.5263621807098389 1478
0.5462851524353027 349
0.5548820495605469 1478
0.5630431175231934 1478
0.5668270587921143 76
0.6074471473693848 1478
0.6146070957183838 52
0.6193661689758301 1478
0.6271932125091553 1478
0.6357161998748779 1478
0.6473641395568848 52
0.6557831764221191 1478
0.684650182723999 1478
0.684650182723999 52
0.6852021217346191 1478
0.6915280818939209 52
0.7046051025390625 1478
0.7119050025939941 52
0.7242190837860107 1478
0.7321250438690186 52
0.7408161163330078 1478
0.7524960041046143 52
0.7651631832122803 1478
0.7688281536102295 1478
0.7688281536102295 52
0.7809991836547852 1478
0.8053691387176514 52
0.8053691387176514 1478
0.8053691387176514 52
0.8053691387176514 1478
0.8396761417388916 1274
0.8396761417388916 1478
0.8487191200256348 52
0.8570129871368408 1478
0.8570129871368408 1478
0.857370138168335 1478
0.8733110427856445 1478
0.8733110427856445 1478
0.873661994934082 1478
0.873661994934082 1478
0.873661994934082 1478
0.873661994934082 1478
0.8738751411437988 1478
0.8738751411437988 1478
0.8742561340332031 1478
0.8742561340332031 1478
0.8742561340332031 1478
0.8746991157531738 1478
0.8746991157531738 1478
0.8746991157531738 1478
0.8750112056732178 1478
0.8750112056732178 1478
0.8754839897155762 1478
0.8754839897155762 1478
0.8754839897155762 1478
0.8754839897155762 1206
0.875939130783081 1478
0.887221097946167 1478
0.887221097946167 1478
0.8875060081481934 1478
0.8875060081481934 1478
0.8875060081481934 1410
0.8875060081481934 52
0.8878490924835205 1478
0.8908782005310059 52
0.8996779918670654 1478
0.9311251640319824 52
0.9315810203552246 1478
0.9315810203552246 1478
0.9315810203552246 1478
0.9320402145385742 1410
0.9320402145385742 52
0.9320402145385742 1478
0.9552950859069824 1478
0.9556941986083984 1478
0.9556941986083984 1478
0.9556941986083984 1478
0.9560081958770752 1410
0.9631412029266357 52
0.964123010635376 1478
0.9992890357971191 52
0.9998331069946289 1478
1.024440050125122 1478
1.043701171875 52
1.043701171875 1478
1.0440821647644043 1478
1.0440821647644043 1478
1.0440821647644043 1045
1.0440821647644043 1478
1.0445880889892578 1478
1.0445880889892578 1478
1.0445880889892578 1478
1.0445880889892578 1478
1.0445880889892578 349
1.0449111461639404 1478
1.0449111461639404 1478
1.0517971515655518 52
1.0521550178527832 1478
1.0521550178527832 1478
1.0604331493377686 1478
1.0604331493377686 1478
1.0607750415802002 1478
1.0607750415802002 1478
1.064643144607544 1478
1.064643144607544 1478
1.065054178237915 1478
1.065054178237915 1342
1.065054178237915 1478
1.0653409957885742 1478
1.0653409957885742 1478
1.0657501220703125 1478
1.0657501220703125 1478
1.0661780834197998 1478
1.0661780834197998 1478
1.0661780834197998 1478
1.0666100978851318 1478
1.0666100978851318 1478
1.0709450244903564 1478
1.0709450244903564 1478
1.0709450244903564 1478
1.0713400840759277 1478
1.0713400840759277 1478
1.0716609954833984 1478
1.0716609954833984 1478
1.0716609954833984 1274
1.0721549987792969 1478
1.0721549987792969 1478
1.0721549987792969 1478
1.0754220485687256 1478
1.0754220485687256 1478
1.0754220485687256 1410
1.0758662223815918 1478
1.0758662223815918 1478
1.079376220703125 1478
1.0872390270233154 52
1.0876970291137695 1478
1.0958161354064941 1478
1.1236209869384766 52
1.1236209869384766 1410
1.1242570877075195 1478
1.1313772201538086 52
1.139981985092163 1478
1.151672124862671 52
1.1520969867706299 1478
1.1603221893310547 1478
1.172288179397583 1478
1.172288179397583 52
1.1807160377502441 1410
1.1931061744689941 52
1.2047481536865234 1137
1.2047481536865234 52
1.2402830123901367 52
1.2406580448150635 1478
1.2487092018127441 1478
1.2763640880584717 52
1.2768161296844482 1478
1.300232172012329 118
1.308401107788086 52
1.3087141513824463 1478
1.3363430500030518 52
1.3367581367492676 1478
1.3684751987457275 52
1.3687641620635986 1478
1.3849670886993408 1478
1.3967571258544922 52
1.3971800804138184 1478
1.3971800804138184 1478
1.4049310684204102 52
1.4053971767425537 1478
1.4407851696014404 1478
1.4411520957946777 1478
1.4411520957946777 977
1.441575050354004 1478
1.4502651691436768 52
1.4629712104797363 1478
1.4629712104797363 1478
1.463366985321045 1478
1.463366985321045 1478
1.463366985321045 1478
1.4638161659240723 1478
1.4670121669769287 52
1.4751641750335693 1478
1.4755101203918457 1478
1.475856065750122 1478
1.476241111755371 1478
1.4765870571136475 1478
1.4765870571136475 1478
1.4772870540618896 1478
1.4772870540618896 1478
1.4775021076202393 1478
1.4775021076202393 1478
1.477849006652832 1478
1.478241205215454 1478
1.478241205215454 1478
1.4785950183868408 1478
1.4789800643920898 1478
1.4789800643920898 510
1.4793171882629395 1478
1.4793171882629395 1478
1.4840831756591797 1478
1.4840831756591797 1478
1.4840831756591797 1478
1.484328031539917 1478
1.484328031539917 1478
1.4880800247192383 1478
1.4880800247192383 1478
1.4880800247192383 1478
1.4884769916534424 1478
1.4884769916534424 1342
1.4921162128448486 1478
1.4921162128448486 1478
1.4924981594085693 1478
1.4924981594085693 1478
1.4924981594085693 1478
1.4928390979766846 1410
1.4928390979766846 1478
1.4928390979766846 1478
1.4933621883392334 1478
1.500291109085083 1478
1.5047640800476074 1478
1.5247960090637207 1410
1.5247960090637207 1478
1.5247960090637207 52
1.5525760650634766 1478
1.572113037109375 52
1.5725510120391846 1478
1.5809471607208252 1478
1.592344045639038 52
1.592743158340454 1478
1.6087350845336914 1478
1.6242811679840088 52
1.6364731788635254 52
1.6372380256652832 1478
1.6767170429229736 1478
1.6767170429229736 1478
1.6770591735839844 1478
1.6922202110290527 52
1.7052791118621826 1478
1.716663122177124 52
1.728938102722168 52
1.728938102722168 1342
1.7491941452026367 52
1.7491941452026367 1185
1.7497451305389404 1478
1.7575089931488037 1478
1.7819302082061768 1478
1.7819302082061768 52
1.7933712005615234 52
1.7939300537109375 1478
1.7939300537109375 1478
1.8056581020355225 1478
1.8136301040649414 52
1.8219640254974365 1478
1.8456640243530273 52
1.8538990020751953 52
1.8542671203613281 1478
1.8740501403808594 1478
1.8740501403808594 1478
1.8743970394134521 1478
1.8747460842132568 1478
1.8747460842132568 1478
1.875169038772583 1478
1.8754401206970215 1478
1.8754401206970215 1478
1.8758411407470703 1478
1.8837940692901611 1478
1.8837940692901611 1478
1.8837940692901611 1478
1.8841919898986816 1478
1.8841919898986816 1478
1.8846611976623535 1478
1.8846611976623535 1478
1.8846611976623535 1478
1.8886032104492188 1478
1.8886032104492188 1478
1.8886032104492188 1478
1.8889410495758057 1478
1.8893961906433105 1478
1.8893961906433105 1478
1.8893961906433105 1478
1.8893961906433105 1478
1.8893961906433105 739
1.889847993850708 1478
1.889847993850708 748
1.889847993850708 1478
1.8902029991149902 1478
1.8902029991149902 1478
1.8902029991149902 1478
1.8902029991149902 1478
1.890566110610962 1410
1.893233060836792 1478
1.8968970775604248 52
1.8979220390319824 1478
1.898306131362915 1478
1.898306131362915 1478
1.898306131362915 1478
1.8986930847167969 1410
1.9071300029754639 1478
1.9268500804901123 1478
1.9268500804901123 281
1.9466571807861328 52
1.9470210075378418 1478
1.955219030380249 1478
1.9667911529541016 76
1.9671850204467773 1478
1.9753010272979736 1478
1.9836201667785645 1478
2.003239154815674 52
2.007678985595703 1478
2.0119171142578125 52
2.0207631587982178 1478
2.0321969985961914 52
2.0405972003936768 1478
2.0568950176239014 52
2.0649280548095703 52
2.06526517868042 1478
2.077239990234375 1342
2.077239990234375 1137
2.077644109725952 1478
2.077644109725952 1478
2.0779800415039062 1478
2.0779800415039062 1478
2.0779800415039062 1478
2.0779800415039062 1478
2.078400135040283 1478
2.078400135040283 1478
2.07989501953125 1478
2.086243152618408 1478
2.1138250827789307 52
2.1181910037994385 52
2.118678092956543 1478
2.118678092956543 1478
2.118678092956543 1478
2.118986129760742 1478
2.118986129760742 1478
2.118986129760742 1478
2.1193900108337402 1478
2.1197872161865234 1478
2.1197872161865234 1478
2.120134115219116 1478
2.120134115219116 1478
2.120443105697632 1478
2.120443105697632 1478
2.1208322048187256 1478
2.1208322048187256 1478
2.121267080307007 1478
2.121267080307007 1478
2.145092010498047 1478
2.1454741954803467 1478
2.1454741954803467 1478
2.1457550525665283 1478
2.1457550525665283 1478
2.1457550525665283 1478
2.146121025085449 1478
2.146121025085449 1206
2.1493401527404785 1478
2.149722099304199 1478
2.149722099304199 1478
2.1501340866088867 1478
2.157649040222168 1478
2.157649040222168 1410
2.158018112182617 1478
2.158018112182617 1478
2.158018112182617 1478
2.1584551334381104 1478
2.165266990661621 76
2.1656510829925537 1478
2.1660261154174805 1410
2.1780991554260254 1478
2.1855320930480957 52
2.185983180999756 1478
2.185983180999756 145
2.2061831951141357 52
2.2061831951141357 1478
2.2422611713409424 1478
2.242648124694824 1478
2.250016212463379 52
2.2581560611724854 1410
2.271165132522583 52
2.2823781967163086 1478
2.282811164855957 1478
2.3098621368408203 76
2.3104500770568848 1478
2.365684986114502 52
2.366255044937134 1478
2.382308006286621 1478
2.3903181552886963 52
2.3907811641693115 1478
2.438413143157959 1045
2.4472780227661133 52
2.4472780227661133 1478
2.4475910663604736 1478
2.4475910663604736 1478
2.4480249881744385 1478
2.455709218978882 1478
2.467578172683716 52
2.4679222106933594 1478
2.4679222106933594 1478
2.468346118927002 1478
2.479809045791626 1478
2.4878270626068115 52
2.4961130619049072 1478
2.49654221534729 1478
2.49654221534729 1478
2.49654221534729 1478
2.49654221534729 1478
2.496951103210449 1478
2.5040481090545654 52
2.5165181159973145 1478
2.520771026611328 1478
2.520771026611328 1478
2.5210351943969727 1478
2.5210351943969727 1478
2.521381139755249 1478
2.521381139755249 1478
2.521381139755249 1478
2.5217440128326416 1478
2.5447211265563965 52
2.557875156402588 1478
2.5652360916137695 1478
2.5655770301818848 1478
2.5655770301818848 1478
2.5655770301818848 1478
2.565944194793701 1478
2.569533109664917 1478
2.5699050426483154 1478
2.5699050426483154 1478
2.5699050426483154 1478
2.5702641010284424 1478
2.5702641010284424 1478
2.5702641010284424 52
2.5706801414489746 1478
2.5706801414489746 1478
2.5710530281066895 1478
2.5710530281066895 1478
2.5714900493621826 1274
2.5714900493621826 1478
2.5718441009521484 1478
2.5718441009521484 1478
2.572296142578125 1478
2.5762641429901123 1478
2.576712131500244 1410
2.576712131500244 1478
2.576712131500244 1478
2.577115058898926 1478
2.577115058898926 1478
2.5774312019348145 1478
2.5920870304107666 52
2.5924761295318604 1410
2.600879192352295 1478
2.60506010055542 1478
2.60506010055542 52
2.613037109375 1478
2.6250791549682617 52
2.625352144241333 1478
2.637519121170044 1478
2.645050048828125 52
2.653384208679199 1410
2.6735920906066895 1478
2.677227020263672 76
2.6857991218566895 1478
2.6939001083374023 1478
2.7061781883239746 52
2.7064671516418457 1478
2.7064671516418457 281
2.7182891368865967 1478
2.726288080215454 175
2.7345640659332275 1410
2.74642014503479 52
2.755033016204834 1478
2.766848087310791 52
2.7710649967193604 1478
2.783337116241455 1478
2.803291082382202 76
2.803291082382202 1478
2.8388500213623047 52
2.839304208755493 1478
2.875683069229126 1478
2.8833391666412354 1478
2.8833391666412354 1478
2.8836681842803955 1478
2.8836681842803955 1478
2.8842132091522217 1478
2.8920881748199463 1478
2.8920881748199463 977
2.8920881748199463 1478
2.8920881748199463 1478
2.8929781913757324 1478
2.8959150314331055 1478
2.896287202835083 1478
2.896287202835083 349
2.896287202835083 1478
2.896705150604248 1478
2.896705150604248 383
2.896705150604248 1478
2.896705150604248 1478
2.896705150604248 1478
2.8970870971679688 1478
2.8970870971679688 1478
2.8970870971679688 1478
2.897409200668335 1478
2.897409200668335 1478
2.8977880477905273 1478
2.8977880477905273 1478
2.8977880477905273 1478
2.8977880477905273 1478
2.8982410430908203 1478
2.8982410430908203 1478
2.901214122772217 1478
2.901214122772217 1478
2.901672124862671 1478
2.901672124862671 52
2.901672124862671 1478
2.9253621101379395 52
2.9258291721343994 1478
2.9258291721343994 1478
2.9261651039123535 1478
2.9261651039123535 875
2.9261651039123535 1113
2.9266040325164795 1478
2.9300692081451416 1478
2.934291124343872 1478
2.946054220199585 76
2.946336030960083 1478
2.95438814163208 1478
2.9623301029205322 52
2.9673080444335938 1478
2.975109100341797 1478
2.987351179122925 1478
2.987351179122925 52
2.9996731281280518 1478
3.007296085357666 52
3.015780210494995 1478
3.0161890983581543 1478
3.0316641330718994 52
3.0482020378112793 1478
3.0672872066497803 52
3.067697048187256 1478
3.0841522216796875 1478
3.0881741046905518 1478
3.0881741046905518 1478
3.0885372161865234 1410
3.0885372161865234 1478
3.0889861583709717 1478
3.0889861583709717 1478
3.0889861583709717 1478
3.0889861583709717 1478
3.0889861583709717 1478
3.0889861583709717 52
3.112532138824463 52
3.117347002029419 1478
3.133009195327759 52
3.1333811283111572 1478
3.1339571475982666 1478
3.1339571475982666 1478
3.1343472003936768 1478
3.1343472003936768 1478
3.1348001956939697 977
3.1348001956939697 1478
3.135284185409546 1478
3.1432201862335205 1478
3.1436681747436523 1478
3.1436681747436523 1478
3.144113063812256 1478
3.1481380462646484 1478
3.1557931900024414 52
3.1603682041168213 1478
3.1603682041168213 1478
3.160719156265259 1478
3.160719156265259 1478
3.180126190185547 52
3.180558204650879 1478
3.180558204650879 1478
3.18100905418396 1478
3.18100905418396 1478
3.181389093399048 1478
3.1818530559539795 1478
3.185819149017334 1478
3.185819149017334 909
3.185819149017334 1478
3.186145067214966 1478
3.186145067214966 1478
3.186145067214966 1478
3.1865742206573486 1478
3.1865742206573486 1478
3.1865742206573486 1478
3.1869590282440186 1478
3.1869590282440186 1478
3.187343120574951 1478
3.187343120574951 646
3.187343120574951 1478
3.187343120574951 1478
3.1877810955047607 1478
3.194258213043213 76
3.194258213043213 1478
3.2181990146636963 1478
3.2301480770111084 52
3.2301480770111084 1410
3.2467970848083496 1478
3.2542431354522705 76
3.254603147506714 1478
3.282623052597046 1478
3.286864995956421 1478
3.290276050567627 52
3.2954580783843994 1478
3.3190290927886963 52
3.3312301635742188 52
3.3316190242767334 1410
3.3671581745147705 52
3.371805191040039 1478
3.3881921768188477 1478
3.396681070327759 1478
3.4155590534210205 52
3.415955066680908 1478
3.424462080001831 1478
3.432040214538574 76
3.4324240684509277 1410
3.459954023361206 1478
3.4796271324157715 52
3.4876580238342285 52
3.4881110191345215 1478
3.4881110191345215 1478
3.4884960651397705 1478
3.4884960651397705 1478
3.4889330863952637 1410
3.524590015411377 1478
3.525022029876709 1478
3.525022029876709 1478
3.525022029876709 1478
3.5253961086273193 1478
3.5253961086273193 1410
3.5253961086273193 1478
3.5259571075439453 1478
3.533997058868408 1478
3.533997058868408 1478
3.55344820022583 52
3.5538690090179443 1478
3.554288148880005 1410
3.554288148880005 1478
3.5581541061401367 1478
3.5581541061401367 1478
3.5585811138153076 1478
3.5585811138153076 1478
3.55904221534729 1478
3.55904221534729 1478
3.55904221534729 1478
3.55904221534729 1478
3.55904221534729 1478
3.55948805809021 1478
3.55948805809021 1478
3.55948805809021 1478
3.55948805809021 1478
3.5599491596221924 1478
3.5788230895996094 1478
3.5788230895996094 1478
3.5788230895996094 1274
3.579226016998291 1478
3.579226016998291 1478
3.5796780586242676 1478
3.5796780586242676 1478
3.5796780586242676 1478
3.5796780586242676 1410
3.5796780586242676 1478
3.580142021179199 1478
3.580142021179199 1478
3.582872152328491 1478
3.587308168411255 1478
3.587677001953125 1478
3.587677001953125 1045
3.5957930088043213 1478
3.6152431964874268 52
3.615584135055542 1478
3.615584135055542 1478
3.615584135055542 77
3.6393980979919434 52
3.6393980979919434 1478
3.6397950649261475 1478
3.647144079208374 52
3.6517841815948486 349
3.6517841815948486 1137
3.656205177307129 1478
3.679992198944092 52
3.680657148361206 1478
3.6878340244293213 52
3.688526153564453 1478
3.6967341899871826 1478
3.716358184814453 52
3.7168171405792236 1478
3.7242929935455322 349
3.7246780395507812 1478
3.7323031425476074 76
3.7327980995178223 1478
3.7723450660705566 52
3.772702217102051 1478
3.792786121368408 1478
3.800157070159912 52
3.805392026901245 1478
3.8128340244293213 52
3.8171591758728027 1410
3.837278127670288 1137
3.853004217147827 52
3.8533380031585693 1478
3.8809850215911865 52
3.8856680393218994 1478
3.8892030715942383 52
3.889705181121826 1478
3.9208881855010986 85
3.92912220954895 52
3.9294850826263428 1478
3.9298830032348633 1478
3.933777093887329 1478
3.966008186340332 1478
3.966008186340332 1478
3.966381072998047 1478
3.966381072998047 1478
3.9777770042419434 52
3.9861512184143066 1478
3.9861512184143066 1478
3.9866251945495605 1478
3.9872210025787354 1478
