1049673
0.0 1500
0.002073049545288086 1500
0.0029230117797851562 1500
0.004739999771118164 1500
0.005697011947631836 1500
0.006752967834472656 1500
0.008685111999511719 1500
0.00999593734741211 1500
0.011796951293945312 1500
0.01311492919921875 1500
0.014930009841918945 1500
0.015978097915649414 1500
0.018019914627075195 1500
0.01898193359375 1500
0.01998591423034668 1500
0.02195906639099121 1500
0.022655010223388672 1500
0.025011062622070312 1500
0.025803089141845703 1500
0.027843952178955078 1500
0.028696060180664062 1500
0.03094792366027832 1500
0.03177309036254883 1500
0.03296208381652832 1500
0.0352630615234375 1500
0.036151885986328125 1500
0.03776407241821289 1500
0.03887605667114258 1500
0.04095792770385742 1500
0.04180288314819336 1500
0.044148921966552734 1500
0.04489707946777344 1500
0.04584693908691406 1500
0.04914402961730957 1500
0.04914402961730957 1500
0.05079793930053711 1500
0.051939964294433594 1500
0.05413508415222168 1500
0.054765939712524414 1500
0.0572359561920166 1500
0.05784296989440918 1500
0.060797929763793945 1500
0.06094098091125488 1500
0.061795949935913086 1500
0.0641639232635498 1500
0.065093994140625 1500
0.06714797019958496 1500
0.06771707534790039 1500
0.07014203071594238 1500
0.07103896141052246 1500
0.07317900657653809 1500
0.07412910461425781 1500
0.07495903968811035 1500
0.07719898223876953 1500
0.07801198959350586 1500
0.07996392250061035 1500
0.08109498023986816 1500
0.08301401138305664 1500
0.08419609069824219 1500
0.08604192733764648 1500
0.08681893348693848 1500
0.08813595771789551 1500
0.09015607833862305 1500
0.09094595909118652 1500
0.09311604499816895 1500
0.09387803077697754 1500
0.09620189666748047 1500
0.09708189964294434 1500
0.09815192222595215 1500
0.10015606880187988 1500
0.1009221076965332 1500
0.10292696952819824 1500
0.10406088829040527 1500
0.10597801208496094 1500
0.10692811012268066 1500
0.10880398750305176 1500
0.10980510711669922 1500
0.11069393157958984 1500
0.11305809020996094 1500
0.11399388313293457 1500
0.11588096618652344 1500
0.11692094802856445 1500
0.12045788764953613 1500
0.12045788764953613 1500
0.1220099925994873 1500
0.12278294563293457 1500
0.123992919921875 1500
0.12602710723876953 1500
0.12702608108520508 1500
0.12895989418029785 1500
0.12998008728027344 1500
0.132066011428833 1500
0.1331489086151123 1500
0.13501405715942383 1500
0.13575005531311035 1500
0.13783502578735352 1500
0.13897204399108887 1500
0.14026689529418945 1500
0.14301490783691406 1500
0.14301490783691406 1500
0.14505791664123535 1500
0.14579391479492188 1500
0.1480410099029541 1500
0.14873194694519043 1500
0.1510789394378662 1500
0.15195393562316895 1500
0.153062105178833 1500
0.15504002571105957 1500
0.15577006340026855 1500
0.1580960750579834 1500
0.15900301933288574 1500
0.1610550880432129 1500
0.16181492805480957 1500
0.1641368865966797 1500
0.16481995582580566 1500
0.16717195510864258 1500
0.16782498359680176 1500
0.1701951026916504 1500
0.17096710205078125 1500
0.17229700088500977 1500
0.17387890815734863 1500
0.17472195625305176 1500
0.17689990997314453 1500
0.17812204360961914 1500
0.18180203437805176 1500
0.18180203437805176 1500
0.1829380989074707 1500
0.18403291702270508 1500
0.1848740577697754 1500
0.18723797798156738 1500
0.1878829002380371 1500
0.19010210037231445 1500
0.1911940574645996 1500
0.1929330825805664 1500
0.19401097297668457 1500
0.19588398933410645 1500
0.19708800315856934 1500
0.19787001609802246 1500
0.19966697692871094 1500
0.20090603828430176 1500
0.20275592803955078 1500
0.20378589630126953 1500
0.20587611198425293 1500
0.20702600479125977 1500
0.20886492729187012 1500
0.21008992195129395 1500
0.21102190017700195 1500
0.21316194534301758 1500
0.21384906768798828 1500
0.216156005859375 1500
0.21662187576293945 1500
0.21907496452331543 1500
0.22014689445495605 1500
0.22209405899047852 1500
0.22334599494934082 1500
0.2238919734954834 1500
0.2257540225982666 1500
0.2267310619354248 1500
0.22919988632202148 1500
0.22987699508666992 1500
0.2321009635925293 1500
0.2332899570465088 1500
0.23482394218444824 1500
0.23604798316955566 1500
0.23680901527404785 1500
0.23866510391235352 1500
0.23975205421447754 1500
0.24205493927001953 1500
0.24266695976257324 1500
0.24515891075134277 1500
0.24587297439575195 1500
0.2480618953704834 1500
0.24861788749694824 1500
0.24982190132141113 1500
0.25216007232666016 1500
0.2528688907623291 1500
0.2549290657043457 1500
0.25565195083618164 1500
0.257997989654541 1500
0.2589869499206543 1500
0.26073408126831055 1500
0.26217007637023926 1500
0.2629849910736084 1500
0.26491498947143555 1500
0.2659919261932373 1500
0.26816606521606445 1500
0.2687649726867676 1500
0.2708709239959717 1500
0.27197909355163574 1500
0.274399995803833 1500
0.275130033493042 1500
0.2762119770050049 1500
0.27791500091552734 1500
0.2790360450744629 1500
0.28137898445129395 1500
0.28167009353637695 1500
0.28417205810546875 1500
0.2852590084075928 1500
0.2867610454559326 1500
0.28951001167297363 1500
0.28951001167297363 1500
0.2909829616546631 1500
0.2921030521392822 1500
0.2940819263458252 1500
0.2951679229736328 1500
0.29683804512023926 1500
0.2980968952178955 1500
0.30112600326538086 1500
0.30112600326538086 1500
0.30207395553588867 1500
0.30397701263427734 1500
0.3049430847167969 1500
0.30718994140625 1500
0.307905912399292 1500
0.30994701385498047 1500
0.31212496757507324 1500
0.31280994415283203 1500
0.3143789768218994 1500
0.3153228759765625 1500
0.31736087799072266 1500
0.31796789169311523 1500
0.3200070858001709 1500
0.32202792167663574 1500
0.32324790954589844 1500
0.32388997077941895 1500
0.32584309577941895 1500
0.3267829418182373 1500
0.32883691787719727 1500
0.3296349048614502 1500
0.33263301849365234 1500
0.3328969478607178 1500
0.3341989517211914 1500
0.3360109329223633 1500
0.33715391159057617 1500
0.3404080867767334 1500
0.3404080867767334 1500
0.34208202362060547 1500
0.3428690433502197 1500
0.34526801109313965 1500
0.34569692611694336 1500
0.348862886428833 1500
0.348862886428833 1500
0.3496100902557373 1500
0.35211801528930664 1500
0.3527340888977051 1500
0.3550570011138916 1500
0.35573792457580566 1500
0.3580050468444824 1500
0.3587789535522461 1500
0.3608689308166504 1500
0.36160802841186523 1500
0.36281299591064453 1500
0.3647630214691162 1500
0.3657970428466797 1500
0.3685610294342041 1500
0.3687319755554199 1500
0.3709850311279297 1500
0.37180399894714355 1500
0.3752429485321045 1500
0.3752861022949219 1500
0.37590599060058594 1500
0.37949395179748535 1500
0.37949395179748535 1500
0.38128089904785156 1500
0.38175201416015625 1500
0.3840160369873047 1500
0.3851499557495117 1500
0.38709306716918945 1500
0.3878159523010254 1500
0.38909006118774414 1500
0.39107799530029297 1500
0.3921198844909668 1500
0.39385390281677246 1500
0.39499902725219727 1500
0.39715099334716797 1500
0.39778709411621094 1500
0.39980006217956543 1500
0.4006838798522949 1500
0.4021759033203125 1500
0.4047079086303711 1500
0.4049971103668213 1500
0.40680789947509766 1500
0.40778398513793945 1500
0.4098169803619385 1500
0.41075801849365234 1500
0.41323304176330566 1500
0.4135758876800537 1500
0.41630101203918457 1500
0.4166860580444336 1500
0.4182100296020508 1500
0.41991400718688965 1500
0.42090892791748047 1500
0.4231569766998291 1500
0.423969030380249 1500
0.42563796043395996 1500
0.42696189880371094 1500
0.42768001556396484 1500
0.4300849437713623 1500
0.43111491203308105 1500
0.43280887603759766 1500
0.4338829517364502 1500
0.43610310554504395 1500
0.43674802780151367 1500
0.4389650821685791 1500
0.43965601921081543 1500
0.4415268898010254 1500
0.44298791885375977 1500
0.4439840316772461 1500
0.4461660385131836 1500
0.4467909336090088 1500
0.44916510581970215 1500
0.44965696334838867 1500
0.45192694664001465 1500
0.4526700973510742 1500
0.45385193824768066 1500
0.4557960033416748 1500
0.45675206184387207 1500
0.45909810066223145 1500
0.45978689193725586 1500
0.46216607093811035 1500
0.46265196800231934 1500
0.46518993377685547 1500
0.4660499095916748 1500
0.4665720462799072 1500
0.4688599109649658 1500
0.46979808807373047 1500
0.4720790386199951 1500
0.4726290702819824 1500
0.4759950637817383 1500
0.4760580062866211 1500
0.47772789001464844 1500
0.4788529872894287 1500
0.48010897636413574 1500
0.48192310333251953 1500
0.48287296295166016 1500
0.485227108001709 1500
0.4870109558105469 1500
0.4880330562591553 1500
0.48862409591674805 1500
0.4912378787994385 1500
0.4918959140777588 1500
0.4929060935974121 1500
0.4958488941192627 1133
0.583791971206665 40
0.5868330001831055 1500
0.5868330001831055 1500
0.5868330001831055 1500
0.5868330001831055 1500
0.5868790149688721 1500
0.5868790149688721 1500
0.5868790149688721 1500
0.587860107421875 1500
0.5892000198364258 1500
0.5900800228118896 1500
0.5922439098358154 1500
0.5930399894714355 1500
0.5948259830474854 1500
0.596052885055542 1500
0.5977730751037598 1500
0.5990269184112549 1500
0.6010990142822266 1500
0.6018590927124023 1500
0.6036150455474854 1500
0.6047298908233643 1500
0.6059679985046387 1500
0.6090960502624512 1500
0.6090960502624512 1500
0.610771894454956 1500
0.6117711067199707 1500
0.614509105682373 1500
0.6151280403137207 1500
0.6169109344482422 1500
0.6176650524139404 1500
0.6187400817871094 1500
0.6210479736328125 1500
0.6220219135284424 1500
0.6240310668945312 1500
0.6249129772186279 1500
0.6268420219421387 1500
0.6282129287719727 1500
0.630018949508667 1500
0.6308939456939697 1500
0.6318309307098389 1500
0.634207010269165 1500
0.6346850395202637 1500
0.6369469165802002 1500
0.6379799842834473 1500
0.6400909423828125 1500
0.6406660079956055 1500
0.6431000232696533 1500
0.6437339782714844 1500
0.6448888778686523 1500
0.6469900608062744 1500
0.6478569507598877 1500
0.6500039100646973 1500
0.6509149074554443 1500
0.6528909206390381 1500
0.6539061069488525 1500
0.6563980579376221 1500
0.6568589210510254 1500
0.6589629650115967 1500
0.6654279232025146 1500
0.6654279232025146 1500
0.6654279232025146 1500
0.6654279232025146 1500
0.6662700176239014 1500
0.6669230461120605 1500
0.6703829765319824 1500
0.6703829765319824 1500
0.6710050106048584 1500
0.6730930805206299 1500
0.6739799976348877 1500
0.6761419773101807 1500
0.6770730018615723 1500
0.6789429187774658 1500
0.679887056350708 1500
0.681920051574707 1500
0.6828610897064209 1500
0.6848878860473633 1500
0.6858010292053223 1500
0.686939001083374 1500
0.6888320446014404 1500
0.6900699138641357 1500
0.6935999393463135 1500
0.6935999393463135 1500
0.6954300403594971 1500
0.6956329345703125 1500
0.6980860233306885 1500
0.6985890865325928 1500
0.7002780437469482 1500
0.7020869255065918 1500
0.7028329372406006 1500
0.705024003982544 1500
0.7058439254760742 1500
0.7080979347229004 1500
0.7086799144744873 1500
0.7107598781585693 1500
0.7117600440979004 1500
0.7130320072174072 1500
0.714716911315918 1500
0.7157230377197266 1500
0.7181200981140137 1500
0.7187919616699219 1500
0.720973014831543 1500
0.7223310470581055 1500
0.7238729000091553 1500
0.7249789237976074 1500
0.7258810997009277 1500
0.7278790473937988 1500
0.7287368774414062 1500
0.7307651042938232 1500
0.7319419384002686 1500
0.7340619564056396 1500
0.7346498966217041 1500
0.7372109889984131 1500
0.7378509044647217 1500
0.7391149997711182 1500
0.7408499717712402 1500
0.7418179512023926 1500
0.7442679405212402 1500
0.7451999187469482 1500
0.7469170093536377 1500
0.7480320930480957 1500
0.7500860691070557 1500
0.7508940696716309 1500
0.752068042755127 1500
0.7539899349212646 1500
0.7549080848693848 1500
0.7566630840301514 1500
0.7579069137573242 1500
0.7599959373474121 1500
0.7628710269927979 1500
0.7629420757293701 1500
0.7636659145355225 1500
0.7650229930877686 1500
0.7671160697937012 1500
0.7676670551300049 1500
0.7700150012969971 1500
0.7707610130310059 1500
0.7731609344482422 1500
0.7737319469451904 1500
0.7757000923156738 1500
0.7772130966186523 1500
0.7778279781341553 1500
0.7804210186004639 1500
0.7807118892669678 1500
0.7827730178833008 1500
0.7837049961090088 1500
0.7860920429229736 1500
0.7866570949554443 1500
0.7887880802154541 1500
0.7899010181427002 1500
0.7909159660339355 1500
0.7927749156951904 1500
0.7939600944519043 1500
0.7956600189208984 1500
0.7966098785400391 1500
0.7999999523162842 1500
0.8001179695129395 1500
0.8020401000976562 1500
0.8026049137115479 1500
0.8038740158081055 1500
0.8057050704956055 1500
0.8069159984588623 1500
0.8086628913879395 1500
0.8099720478057861 1500
0.811784029006958 1500
0.8126590251922607 1500
0.8147459030151367 1500
0.8156490325927734 1500
0.8171529769897461 1500
0.818648099899292 1500
0.819814920425415 1500
0.8219010829925537 1500
0.8225860595703125 1500
0.824786901473999 1500
0.8256049156188965 1500
0.8279109001159668 1500
0.82859206199646 1500
0.8298931121826172 1500
0.8315949440002441 1500
0.8325929641723633 1500
0.8349699974060059 1500
0.8358728885650635 1500
0.8380110263824463 1500
0.8389880657196045 1500
0.8407700061798096 1500
0.8416569232940674 1500
0.8430008888244629 1500
0.8449509143829346 1500
0.8460919857025146 1500
0.8479609489440918 1500
0.8486380577087402 1500
0.8510150909423828 1500
0.851823091506958 1500
0.8538980484008789 1500
0.8545939922332764 1500
0.8560888767242432 1500
0.8578081130981445 1500
0.8591029644012451 1500
0.8614470958709717 1500
0.8619489669799805 1500
0.8636569976806641 1500
0.8647849559783936 1500
0.8667950630187988 1500
0.8681769371032715 1500
0.8698599338531494 1500
0.8707990646362305 1500
0.8728489875793457 1500
0.8738579750061035 1500
0.8759989738464355 1500
0.8765790462493896 1500
0.877863883972168 1500
0.8799700736999512 1500
0.8808488845825195 1500
0.8828980922698975 1500
0.8838419914245605 1500
0.8860499858856201 1500
0.886876106262207 1500
0.88926100730896 1500
0.8895769119262695 1500
0.891556978225708 1500
0.8930480480194092 1500
0.893841028213501 1500
0.8957350254058838 1500
0.8970270156860352 1500
0.8987960815429688 1500
0.8998699188232422 1500
0.9020190238952637 1500
0.9028170108795166 1500
0.904047966003418 1500
0.9059410095214844 1500
0.9068090915679932 1500
0.9088239669799805 1500
0.9096400737762451 1500
0.911952018737793 1500
0.9129951000213623 1500
0.9153170585632324 1500
0.9156479835510254 1500
0.9170229434967041 1500
0.9188508987426758 1500
0.9198179244995117 1500
0.9215669631958008 1500
0.9231750965118408 1500
0.924731969833374 1500
0.9256858825683594 1500
0.9279539585113525 1500
0.9290440082550049 1500
0.9299509525299072 1500
0.931617021560669 1500
0.9326848983764648 1500
0.935168981552124 1500
0.9356529712677002 1500
0.938154935836792 1500
0.9386310577392578 1500
0.9410231113433838 1500
0.9415929317474365 1500
0.9427800178527832 1500
0.944735050201416 1500
0.9457480907440186 1500
0.9480130672454834 1500
0.9487700462341309 1500
0.9508669376373291 1500
0.951746940612793 1500
0.9539868831634521 1500
0.9548239707946777 1500
0.955643892288208 1500
0.9581990242004395 1500
0.9590029716491699 1500
0.9611110687255859 1500
0.9618940353393555 1500
0.9642550945281982 1500
0.964745044708252 1500
0.9671139717102051 1500
0.9678609371185303 1500
0.9687650203704834 1500
0.9708170890808105 1500
0.9719429016113281 1500
0.9736390113830566 1500
0.9749829769134521 1500
0.9768409729003906 1500
0.9778280258178711 1500
0.9798450469970703 1500
0.9807450771331787 1500
0.9818298816680908 1500
0.9839179515838623 1500
0.9861509799957275 1500
0.986893892288208 1500
0.9877240657806396 1500
0.9901840686798096 1500
0.9905860424041748 1500
0.9930369853973389 1500
0.9938499927520752 1500
0.9947190284729004 1500
0.9968810081481934 1500
0.9979629516601562 1500
0.9999959468841553 1500
1.0007479190826416 1500
1.0027639865875244 1500
1.0038750171661377 1500
1.0060501098632812 1500
1.0068929195404053 1500
1.0079669952392578 1500
1.010179042816162 1500
1.0109930038452148 1500
1.0131609439849854 1500
1.0136990547180176 1500
1.0157709121704102 1500
1.0167129039764404 1500
1.0188069343566895 1500
1.0200889110565186 1500
1.0211238861083984 1500
1.0230739116668701 1500
1.0237929821014404 1500
1.0257680416107178 1500
1.026602029800415 1500
1.0288350582122803 1500
1.0296449661254883 1500
1.0317590236663818 1500
1.0327160358428955 1500
1.0340609550476074 1500
1.0357139110565186 1500
1.0367920398712158 1500
1.0390629768371582 1500
1.0397520065307617 1500
1.0418639183044434 1500
1.0426270961761475 1500
1.0449910163879395 1500
1.04573392868042 1500
1.0470750331878662 1500
1.0489239692687988 1500
1.0497629642486572 1500
1.052717924118042 1500
1.052717924118042 1500
1.055142879486084 1500
1.0558369159698486 1500
1.0580639839172363 1500
1.05889892578125 1500
1.0598199367523193 1500
1.0619010925292969 1500
1.062593936920166 1500
1.0650100708007812 1500
1.065782070159912 1500
1.0681450366973877 1500
1.0687479972839355 1500
1.070924997329712 1500
1.0718200206756592 1500
1.0729269981384277 1500
1.075875997543335 1500
1.075875997543335 1500
1.0780110359191895 1500
1.0785739421844482 1500
1.0809149742126465 1500
1.0816209316253662 1500
1.0840520858764648 1500
1.0845611095428467 1500
1.0867860317230225 1500
1.0879409313201904 1500
1.0885870456695557 1500
1.0910799503326416 1500
1.0916938781738281 1500
