1049926
0.0 1500
0.0006799697875976562 1500
0.00191497802734375 1500
0.0031960010528564453 1500
0.004858970642089844 1500
0.007860898971557617 1500
0.007860898971557617 1500
0.00890207290649414 1500
0.009951114654541016 1500
0.012099981307983398 1500
0.013083934783935547 1500
0.013881921768188477 1500
0.016122102737426758 1500
0.016848087310791016 1500
0.01904892921447754 1500
0.019908905029296875 1500
0.02195906639099121 1500
0.02285599708557129 1500
0.025187969207763672 1500
0.02576899528503418 1500
0.02705097198486328 1500
0.0288999080657959 1500
0.029694080352783203 1500
0.0317080020904541 1500
0.03294992446899414 1500
0.035021066665649414 1500
0.03592395782470703 1500
0.037815093994140625 1500
0.03893589973449707 1500
0.0399169921875 1500
0.041992902755737305 1500
0.04317212104797363 1500
0.04505801200866699 1500
0.04573702812194824 1500
0.04814410209655762 1500
0.04862809181213379 1500
0.05088996887207031 1500
0.05295205116271973 1500
0.053887128829956055 1500
0.055722951889038086 1500
0.056832075119018555 1500
0.05795598030090332 1500
0.06002497673034668 1500
0.060832977294921875 1500
0.0629889965057373 600
0.11396503448486328 40
0.25839710235595703 1500
0.25839710235595703 1500
0.25839710235595703 1500
0.25858092308044434 1500
0.25858092308044434 1500
0.25858092308044434 1500
0.25874996185302734 1500
0.25909996032714844 1500
0.25989699363708496 1500
0.2609751224517822 1500
0.2630729675292969 1500
0.2636730670928955 393
0.2653169631958008 1500
0.2659440040588379 1500
0.2679591178894043 1500
0.2688479423522949 1500
0.27101802825927734 1500
0.2718470096588135 1500
0.27277302742004395 1500
0.2750110626220703 1500
0.2765970230102539 1500
0.27800703048706055 1500
0.2787930965423584 1500
0.28106212615966797 393
0.28106212615966797 1500
0.2819221019744873 1500
0.28399205207824707 1500
0.28493213653564453 1500
0.2881760597229004 1500
0.2881760597229004 1500
0.2899320125579834 1500
0.29073190689086914 1500
0.29288697242736816 1500
0.29380011558532715 1500
0.295943021774292 1500
0.29688405990600586 1500
0.2978971004486084 1500
0.29983091354370117 1500
0.3008849620819092 1500
0.30301809310913086 1500
0.3036489486694336 1500
0.305927038192749 1500
0.30669593811035156 1500
0.30876898765563965 1500
0.30985307693481445 1500
0.31075596809387207 1500
0.3128480911254883 1500
0.3139040470123291 1500
0.31584692001342773 1500
0.31694912910461426 1500
0.31895995140075684 1500
0.31986498832702637 1500
0.32196712493896484 1500
0.32356905937194824 1500
0.32385706901550293 1500
0.3260619640350342 1500
0.3269369602203369 1500
0.3289179801940918 1500
0.3298609256744385 1500
0.33190298080444336 1500
0.3327491283416748 1500
0.3347909450531006 1500
0.3357350826263428 1500
0.3381540775299072 1500
0.33881497383117676 1500
0.34011292457580566 1500
0.3420100212097168 1500
0.3428530693054199 1500
0.3447229862213135 1500
0.3459141254425049 1500
0.34781408309936523 1500
0.34897708892822266 1500
0.34994006156921387 1500
0.35199499130249023 1500
0.3526639938354492 1500
0.3551139831542969 1500
0.3559119701385498 1500
0.35781311988830566 1500
0.3587779998779297 1500
0.3622100353240967 1500
0.3622100353240967 1500
0.3627490997314453 1500
0.3649880886077881 1500
0.3657689094543457 1500
0.3679831027984619 1500
0.36882996559143066 1500
0.37102413177490234 1500
0.37194204330444336 1500
0.3741490840911865 1500
0.3748750686645508 1500
0.37599706649780273 1500
0.3781139850616455 1500
0.37872791290283203 1500
0.38099193572998047 1500
0.38193798065185547 1500
0.3841400146484375 1500
0.3860161304473877 1500
0.38696908950805664 1500
0.3879270553588867 1500
0.38894104957580566 1500
0.39072608947753906 1500
0.3918459415435791 1500
0.39389896392822266 1500
0.3949549198150635 1500
0.3968961238861084 1500
0.39805006980895996 1500
0.3999500274658203 1500
0.4008049964904785 1500
0.40197110176086426 1500
0.4040999412536621 1500
0.4047079086303711 1500
0.40713000297546387 1500
0.4090559482574463 1500
0.4100809097290039 1500
0.4107379913330078 1500
0.4131009578704834 1500
0.41364312171936035 1500
0.4150829315185547 1500
0.4169619083404541 1500
0.417802095413208 1500
0.4198780059814453 1500
0.42124390602111816 1500
0.4228789806365967 1500
0.4241471290588379 1500
0.4259040355682373 1500
0.42700791358947754 1500
0.4291529655456543 1500
0.43010401725769043 1500
0.43090391159057617 1500
0.43266892433166504 1500
0.4338691234588623 1500
0.43590593338012695 1500
0.43695592880249023 1500
0.43914294242858887 1500
0.43977999687194824 1500
0.44094395637512207 1500
0.44281005859375 1500
0.44391512870788574 1500
0.4467599391937256 1500
0.4467599391937256 1500
0.44914913177490234 1500
0.4498460292816162 1500
0.4520280361175537 1500
0.4527890682220459 1500
0.4541749954223633 1500
0.45717906951904297 1500
0.45717906951904297 1500
0.45891499519348145 1500
0.4599940776824951 1500
0.4639589786529541 1500
0.4639589786529541 1500
0.46665406227111816 1500
0.46665406227111816 1500
0.46733593940734863 1500
0.4687209129333496 1500
0.47014498710632324 1500
0.4725170135498047 1500
0.4727909564971924 1500
0.47498512268066406 1500
0.4763309955596924 1500
0.47774600982666016 1500
0.479017972946167 1500
0.4799060821533203 1500
0.4819779396057129 1500
0.4827539920806885 1500
0.48502302169799805 1500
0.48564600944519043 1500
0.4879801273345947 1500
0.4887049198150635 1500
0.49112606048583984 1500
0.4919159412384033 1500
0.4928719997406006 1500
0.49487996101379395 1500
0.4957449436187744 1500
0.497783899307251 1500
0.4991469383239746 1500
0.500852108001709 1500
0.50177001953125 1500
0.5048110485076904 1500
0.5049591064453125 1500
0.5065529346466064 1500
0.5079460144042969 1500
0.5100080966949463 1500
0.5108540058135986 1500
0.5118670463562012 1500
0.5137948989868164 1500
0.514915943145752 1500
0.5169110298156738 1500
0.5178649425506592 1500
0.5188159942626953 1500
0.5209879875183105 1500
0.5217139720916748 1500
0.5238690376281738 1500
0.5247859954833984 1500
0.5269949436187744 1500
0.5278139114379883 1500
0.5298080444335938 1500
0.530677080154419 1500
0.5317509174346924 1500
0.5341179370880127 1500
0.5347130298614502 1500
0.536998987197876 1500
0.5378279685974121 1500
0.5400359630584717 1500
0.5408000946044922 1500
0.543025016784668 1500
0.5436680316925049 1500
0.5448310375213623 1500
0.5468859672546387 1500
0.5478129386901855 1500
0.5499570369720459 1500
0.550786018371582 1500
0.553779125213623 1500
0.553779125213623 1500
0.5558879375457764 1500
0.5568339824676514 1500
0.5576910972595215 1500
0.5599830150604248 1500
0.5610659122467041 1500
0.5629839897155762 1500
0.5636179447174072 1500
0.566148042678833 1500
0.5667169094085693 1500
0.5689420700073242 1500
0.5696709156036377 1500
0.5708849430084229 1500
0.5728230476379395 1500
0.5739901065826416 1500
0.5773870944976807 1500
0.5773870944976807 1500
0.5790369510650635 1500
0.5797851085662842 1500
0.5820450782775879 1500
0.5829451084136963 1500
0.583698034286499 1500
0.586076021194458 1500
0.5881900787353516 1500
0.5889289379119873 1500
0.5897340774536133 1500
0.5918920040130615 1500
0.5927739143371582 1500
0.5949959754943848 1500
0.5957391262054443 1500
0.5978200435638428 1500
0.5989820957183838 1500
0.6001250743865967 1500
0.6019930839538574 1500
0.6028149127960205 1500
0.6049659252166748 1500
0.6058700084686279 1500
0.6080939769744873 1500
0.6088271141052246 1500
0.6107981204986572 1500
0.6120181083679199 1500
0.6140570640563965 1500
0.6147980690002441 1500
0.616887092590332 1500
0.6176810264587402 1500
0.6198370456695557 1500
0.6208500862121582 1500
0.6228461265563965 1500
0.6236369609832764 1500
0.6251621246337891 1500
0.6268761157989502 1500
0.6277561187744141 1500
0.6297919750213623 1500
0.6308081150054932 1500
0.6362509727478027 1500
0.6363420486450195 1500
0.63661789894104 1500
0.636768102645874 1500
0.6379859447479248 1500
0.639955997467041 1500
0.6420619487762451 1500
0.6428871154785156 1500
0.643791913986206 1500
0.6460261344909668 1500
0.6469199657440186 1500
0.6491589546203613 1500
0.6497740745544434 1500
0.6524789333343506 1500
0.653472900390625 1500
0.653994083404541 1500
0.655911922454834 1500
0.6568520069122314 1500
0.6591200828552246 1500
0.6596620082855225 1500
0.6618070602416992 1500
0.662775993347168 1500
0.6638100147247314 1500
0.6657929420471191 1500
0.6666979789733887 1500
0.6689949035644531 1500
0.6699690818786621 1500
0.6716799736022949 1500
0.6727681159973145 1500
0.6749980449676514 1500
0.6757519245147705 1500
0.67746901512146 1500
0.679049015045166 1500
0.680109977722168 1500
0.6819441318511963 1500
0.6827030181884766 1500
0.6852331161499023 1500
0.6858971118927002 1500
0.6877191066741943 1500
0.6886749267578125 1500
0.690546989440918 1500
0.6917381286621094 1500
0.6930360794067383 1500
0.6947460174560547 1500
0.6965579986572266 1500
0.6979200839996338 1500
0.6988959312438965 1500
0.7020800113677979 1500
0.7021169662475586 1500
0.7028489112854004 1500
0.7051200866699219 1500
0.7056009769439697 1500
0.707772970199585 1500
0.7086749076843262 1500
0.7109389305114746 1500
0.7118499279022217 1500
0.7155439853668213 1500
0.7155439853668213 1500
0.7160589694976807 1500
0.7180309295654297 1500
0.7189960479736328 1500
0.7220070362091064 1500
0.7220070362091064 1500
0.723876953125 1500
0.724937915802002 1500
0.7271089553833008 1500
0.7292180061340332 1500
0.7292180061340332 1500
0.7310829162597656 1500
0.7316710948944092 1500
0.7338030338287354 1500
0.7346479892730713 1500
0.7371270656585693 1500
0.7377469539642334 1500
0.7399730682373047 1500
0.7409160137176514 1500
0.7417631149291992 1500
0.7436749935150146 1500
0.7450010776519775 1500
0.7468249797821045 1500
0.7478609085083008 1500
0.7499549388885498 1500
0.7509629726409912 1500
0.7528979778289795 1500
0.7537460327148438 1500
0.7557101249694824 1500
0.7570741176605225 1500
0.7594089508056641 1500
0.760361909866333 1500
0.7609200477600098 1500
0.7630679607391357 1500
0.76369309425354 1500
0.7657070159912109 1500
0.7667350769042969 1500
0.7688069343566895 1500
0.7696881294250488 1500
0.7710049152374268 1500
0.7727220058441162 1500
0.7740600109100342 1500
0.7758381366729736 1500
0.7768089771270752 1500
0.7788751125335693 1500
0.7801461219787598 1500
0.7820720672607422 1500
0.7829349040985107 1500
0.7840509414672852 1500
0.7857611179351807 1500
0.7881410121917725 1500
0.789186954498291 1500
0.7900140285491943 1500
0.7918500900268555 1500
0.7930240631103516 1500
0.7965230941772461 1500
0.7965230941772461 1500
0.7968020439147949 1500
0.7988669872283936 1500
0.7997899055480957 1500
0.8020219802856445 1500
0.8027539253234863 1500
0.8051090240478516 1500
0.8056430816650391 1500
0.8079569339752197 1500
0.8086810111999512 1500
0.8097269535064697 1500
0.8132410049438477 1500
0.8133769035339355 1500
0.8149881362915039 1500
0.8157050609588623 1500
0.8178830146789551 1500
0.8186519145965576 1500
0.8208639621734619 1500
0.8219759464263916 1500
0.8232929706573486 1500
0.8249781131744385 1500
0.825869083404541 1500
0.8276729583740234 1500
0.828711986541748 1500
0.8306300640106201 1500
0.8318381309509277 1500
0.8341100215911865 1500
0.8347151279449463 1500
0.8357980251312256 1500
0.838371992111206 1500
0.8386609554290771 1500
0.8407559394836426 1500
0.841684103012085 1500
0.8442680835723877 1500
0.8449959754943848 1500
0.8468201160430908 1500
0.8475959300994873 1500
0.8496110439300537 1500
0.852276086807251 1500
0.852276086807251 1500
0.85384202003479 1500
0.85471510887146 1500
0.8580820560455322 1500
0.858267068862915 1500
0.8599929809570312 1500
0.860727071762085 1500
0.8621060848236084 1500
0.8637681007385254 1500
0.8646819591522217 1500
0.8671460151672363 1500
0.8678579330444336 1500
0.8699169158935547 1500
0.8706529140472412 1500
0.8749580383300781 1500
0.8749580383300781 1500
0.8752329349517822 1500
0.876784086227417 1500
0.8777260780334473 1500
0.8816280364990234 1500
0.8816280364990234 1500
0.8829970359802246 1500
0.883857011795044 1500
0.886009931564331 1500
0.8875319957733154 1500
0.8877010345458984 1500
0.8899390697479248 1500
0.8908290863037109 1500
0.8929400444030762 1500
0.8937690258026123 1500
0.8970310688018799 1500
0.8970310688018799 1500
0.899212121963501 1500
0.9000060558319092 1500
0.9022130966186523 1500
0.9031579494476318 1500
0.9038450717926025 1500
0.905829906463623 1500
0.9068019390106201 1500
0.9101381301879883 1500
0.9101381301879883 1500
0.9119970798492432 1500
0.9126429557800293 1500
0.9140260219573975 1500
0.9160809516906738 1500
0.9167280197143555 1500
0.9190709590911865 1500
0.9199190139770508 1500
0.921828031539917 1500
0.9226870536804199 1500
0.9266541004180908 1500
0.9266541004180908 1500
0.9273281097412109 1500
0.9288589954376221 1500
0.9305179119110107 1500
0.9332830905914307 1500
0.9332830905914307 1500
0.934812068939209 1500
0.9363720417022705 1500
0.9378199577331543 1500
0.9401469230651855 1500
0.9419510364532471 1500
0.9441390037536621 1500
0.9448919296264648 1500
0.9466309547424316 1500
0.948091983795166 1500
0.9498999118804932 1500
0.9508249759674072 1500
0.9522190093994141 1500
0.9540410041809082 1500
0.9549310207366943 1500
0.9569821357727051 1500
0.9577460289001465 1500
0.9599831104278564 1500
0.9610080718994141 1500
0.9616880416870117 1500
0.9640190601348877 1500
0.9649050235748291 1500
0.9670920372009277 1500
0.9692249298095703 1500
0.9697949886322021 1500
0.9710359573364258 1500
0.9721510410308838 1500
0.9739809036254883 1500
0.9749751091003418 1500
0.9761390686035156 1500
0.977653980255127 1500
0.978754997253418 1500
0.9796619415283203 1500
0.9809849262237549 1500
0.9819130897521973 1500
0.9839770793914795 1500
0.9848151206970215 1500
0.9870331287384033 1500
0.9877719879150391 1500
0.9900820255279541 1500
0.9907209873199463 1500
0.9917619228363037 1500
0.9937610626220703 1500
0.9947769641876221 1500
0.9969789981842041 1500
0.9979040622711182 1500
0.999687910079956 1500
1.0007600784301758 1500
1.0030241012573242 1500
1.0038549900054932 1500
1.0046660900115967 1500
1.0068180561065674 1500
1.0076839923858643 1500
1.009748935699463 1500
1.0111629962921143 1500
1.012660026550293 1500
1.0138089656829834 1500
1.0157699584960938 1500
1.017777919769287 1500
1.017777919769287 1500
1.0199499130249023 1500
1.020622968673706 1500
1.0226271152496338 1500
1.02372407913208 1500
1.0257079601287842 1500
1.026911973953247 1500
1.0287559032440186 1500
1.0298759937286377 1500
1.0320959091186523 1500
1.0329780578613281 1500
1.033729076385498 1500
1.035754919052124 1500
1.0366480350494385 1500
1.0388541221618652 1500
1.0396361351013184 1500
1.0433549880981445 1500
1.0433549880981445 1500
1.0449960231781006 1500
1.0458629131317139 1500
1.0468530654907227 1500
1.0487449169158936 1500
1.0496680736541748 1500
1.053246021270752 1500
1.053246021270752 1500
1.0547659397125244 1500
1.0557310581207275 1500
1.0579569339752197 1500
1.0592420101165771 1500
1.0599300861358643 1500
1.0617570877075195 1500
1.062878131866455 1500
1.06461501121521 1500
1.0657989978790283 1500
1.0678770542144775 1500
1.0686910152435303 1500
1.0722730159759521 1500
1.0722730159759521 1500
1.072793960571289 1500
1.0746150016784668 1500
1.075989007949829 1500
1.0778391361236572 1500
1.0787179470062256 1500
1.0807740688323975 1500
1.0817410945892334 1500
1.0836241245269775 1500
1.0846879482269287 1500
1.0858330726623535 1500
1.087893009185791 1500
1.0886890888214111 1500
1.09114408493042 1500
1.0917000770568848 1500
1.0937509536743164 1500
1.0946059226989746 1500
1.0970540046691895 1500
1.097688913345337 1500
1.0992131233215332 1500
1.1007740497589111 1500
1.102658987045288 1500
1.1040971279144287 1500
1.1048400402069092 1500
1.1067969799041748 1500
1.1076200008392334 1500
1.1115009784698486 1500
1.1115009784698486 1500
1.1118431091308594 1500
1.1138429641723633 1500
1.1153080463409424 1500
1.1166291236877441 1500
1.1176791191101074 1500
1.1199719905853271 1500
1.120750904083252 1500
1.1227989196777344 1500
1.1239919662475586 1500
1.1270039081573486 1500
1.127181053161621 1500
1.1279170513153076 1500
1.1310069561004639 1500
1.1310069561004639 1500
1.1331110000610352 1500
1.1340789794921875 1500
1.1371989250183105 1500
1.1371989250183105 1500
1.1401710510253906 1500
1.1403000354766846 1500
1.1417360305786133 1500
1.1430020332336426 1500
1.1448779106140137 1500
1.1457500457763672 1500
1.1467010974884033 1500
1.1487009525299072 1500
1.1497631072998047 1500
1.1516270637512207 1500
1.1529219150543213 1500
1.1546630859375 1500
1.1559929847717285 1500
1.1578350067138672 1500
1.1590659618377686 1500
1.1596860885620117 1500
1.1637420654296875 1500
1.1637420654296875 1500
1.1653521060943604 1500
1.1656239032745361 1500
1.167820930480957 1500
1.1688799858093262 1500
1.170969009399414 1500
1.1717281341552734 1500
1.1739330291748047 1500
1.1746890544891357 1500
1.1758270263671875 1500
1.179076910018921 1500
1.179076910018921 1500
1.1810970306396484 1500
1.1815600395202637 1500
1.1838641166687012 1500
1.185741901397705 1500
1.185741901397705 1500
1.1876959800720215 1500
1.189945936203003 1500
1.1918599605560303 1500
1.1926851272583008 1500
1.1940209865570068 1500
1.1958210468292236 1500
