1049932
0.0 1500
0.0005438327789306641 1500
0.002629995346069336 1500
0.0037200450897216797 1500
0.004550933837890625 1500
0.006960868835449219 1500
0.008648872375488281 1500
0.009672880172729492 1500
0.010575056076049805 1500
0.012773990631103516 1500
0.013893842697143555 1500
0.015759944915771484 1500
0.016543865203857422 1500
0.017972946166992188 1500
0.02064990997314453 1500
0.02064990997314453 1500
0.02300405502319336 1500
0.023538827896118164 1500
0.02569293975830078 1500
0.026785850524902344 1500
0.02887892723083496 1500
0.02962183952331543 1500
0.0305788516998291 1500
0.033017873764038086 1500
0.03360295295715332 1500
0.03592491149902344 1500
0.03655099868774414 1500
0.03905487060546875 1500
0.03991198539733887 1500
0.04159402847290039 1500
0.0427858829498291 1500
0.04408001899719238 1500
0.04558897018432617 1500
0.04692983627319336 1500
0.04878997802734375 1500
0.04978489875793457 1500
0.05195784568786621 1500
0.05264592170715332 1500
0.05453896522521973 1500
0.05555605888366699 1500
0.056558847427368164 1500
0.05882596969604492 1500
0.05953383445739746 1500
0.061784982681274414 1500
0.0628669261932373 1500
0.06481599807739258 1500
0.06556487083435059 1500
0.06797385215759277 1500
0.06874489784240723 1500
0.06969904899597168 1500
0.07184195518493652 1500
0.07282304763793945 1500
0.07509398460388184 1500
0.0755770206451416 1500
0.07776284217834473 1500
0.07885289192199707 1500
0.08104395866394043 1500
0.08161187171936035 1500
0.08361101150512695 1500
0.08453488349914551 1500
0.08595895767211914 1500
0.08885598182678223 1500
0.08897995948791504 1500
0.09062886238098145 1500
0.09154295921325684 1500
0.09363198280334473 1500
0.09483504295349121 1500
0.09695887565612793 1500
0.09762287139892578 1500
0.09866595268249512 1500
0.10088086128234863 1500
0.10191082954406738 1500
0.10383105278015137 1500
0.10493302345275879 1500
0.10663199424743652 1500
0.10764288902282715 1500
0.10989999771118164 1500
0.1107339859008789 1500
0.1118919849395752 1500
0.1140439510345459 1500
0.11471104621887207 1500
0.11665105819702148 1500
0.11761689186096191 1500
0.119873046875 1500
0.12064790725708008 1500
0.12305188179016113 1500
0.12369704246520996 1500
0.12483692169189453 1500
0.12680482864379883 1500
0.1279158592224121 1500
0.12975096702575684 1500
0.13079190254211426 1500
0.133558988571167 1500
0.13371586799621582 1500
0.13608098030090332 1500
0.13659095764160156 1500
0.13790392875671387 1500
0.1399698257446289 1500
0.14069390296936035 1500
0.14262104034423828 1500
0.14510703086853027 1500
0.14729094505310059 1500
0.14774584770202637 1500
0.14884686470031738 1500
0.15071392059326172 1500
0.1516120433807373 1500
0.15326905250549316 1500
0.15494990348815918 1500
0.1562669277191162 1500
0.1581740379333496 1500
0.1590888500213623 1500
0.160552978515625 1500
0.16152596473693848 1500
0.16655588150024414 1500
0.16655588150024414 1500
0.16655588150024414 1500
0.16781401634216309 1500
0.16953396797180176 1500
0.17075300216674805 1500
0.17207789421081543 1500
0.17406702041625977 1500
0.1748058795928955 1500
0.17698097229003906 1500
0.17764592170715332 1500
0.17859196662902832 1500
0.18579387664794922 1500
0.18579387664794922 1500
0.18579387664794922 1500
0.18579387664794922 1500
0.18730998039245605 1500
0.18801093101501465 1500
0.19015002250671387 1500
0.19083189964294434 1500
0.1917269229888916 1500
0.19386792182922363 1500
0.19545388221740723 1500
0.196821928024292 1500
0.19797086715698242 1500
0.19994783401489258 1500
0.20087885856628418 1500
0.2036609649658203 1500
0.2036609649658203 1500
0.20461392402648926 1500
0.20693492889404297 1500
0.20795083045959473 1500
0.20958590507507324 1500
0.21056199073791504 1500
0.21344590187072754 1500
0.2194499969482422 1500
0.2194499969482422 1500
0.2194499969482422 1500
0.2194499969482422 1500
0.22005796432495117 1500
0.220689058303833 1500
0.22260403633117676 1500
0.22361397743225098 1500
0.22592782974243164 1500
0.22684001922607422 1500
0.22880101203918457 1500
0.23010492324829102 1500
0.23057293891906738 1500
0.2327878475189209 1500
0.23392105102539062 1500
0.23672199249267578 1500
0.23672199249267578 1500
0.23862290382385254 1500
0.2400979995727539 1500
0.24157190322875977 1500
0.24260687828063965 1500
0.2436678409576416 1500
0.24594497680664062 1500
0.2532980442047119 1500
0.2532980442047119 1500
0.2532980442047119 1500
0.2532980442047119 1500
0.2532980442047119 1500
0.25499987602233887 1500
0.2562530040740967 1500
0.2587289810180664 1500
0.2587289810180664 1500
0.26064586639404297 1500
0.26193690299987793 1500
0.2694089412689209 1500
0.2694089412689209 1500
0.2694089412689209 1500
0.2694089412689209 1500
0.27029991149902344 1500
0.2709970474243164 1500
0.271852970123291 1500
0.2739698886871338 1500
0.2746999263763428 1500
0.27664804458618164 1500
0.27786803245544434 1500
0.2786259651184082 1500
0.2806508541107178 1500
0.2821328639984131 1500
0.2838869094848633 1500
0.28458285331726074 1500
0.2868330478668213 1500
0.28918886184692383 1500
0.29006099700927734 1500
0.29096484184265137 1500
0.29201388359069824 1500
0.2936239242553711 1500
0.294558048248291 1500
0.2966039180755615 1500
0.29792189598083496 1500
0.2995889186859131 1500
0.3009169101715088 1500
0.30265283584594727 1500
0.3037388324737549 1500
0.3050088882446289 1500
0.3066108226776123 1500
0.30810093879699707 1500
0.3109169006347656 1500
0.3112809658050537 1500
0.31290292739868164 1500
0.3136789798736572 1500
0.3158419132232666 1500
0.31653499603271484 1500
0.31997203826904297 1500
0.31997203826904297 1500
0.3206918239593506 1500
0.32262396812438965 1500
0.32367897033691406 1500
0.32560205459594727 1500
0.3265218734741211 1500
0.32866501808166504 1500
0.3296370506286621 1500
0.3321058750152588 1500
0.3325338363647461 1500
0.33508801460266113 1500
0.33573102951049805 1500
0.3365638256072998 1500
0.33858585357666016 1500
0.33954501152038574 1500
0.3420548439025879 1500
0.34253382682800293 1500
0.3447389602661133 1500
0.3460519313812256 1500
0.3479499816894531 1500
0.3486158847808838 1500
0.34982991218566895 1500
0.35176897048950195 1500
0.35254597663879395 1500
0.3558330535888672 1500
0.3558330535888672 1500
0.35800695419311523 1500
0.35851001739501953 1500
0.361069917678833 1500
0.3615109920501709 1500
0.3625679016113281 1500
0.3645179271697998 1500
0.36554694175720215 1500
0.3675668239593506 1500
0.3691370487213135 1500
0.37061190605163574 1500
0.37178802490234375 1500
0.37357187271118164 1500
0.37466883659362793 1500
0.3755669593811035 1500
0.3778500556945801 1500
0.37888503074645996 1500
0.38082194328308105 1500
0.38180994987487793 1500
0.3835790157318115 1500
0.38457703590393066 1500
0.38707399368286133 1500
0.3876659870147705 1500
0.39066195487976074 1500
0.39066195487976074 1500
0.3920018672943115 1500
0.39371299743652344 1500
0.39455699920654297 1500
0.3970179557800293 1500
0.39821290969848633 1500
0.40020084381103516 1500
0.40062403678894043 1500
0.40162086486816406 1500
0.4035179615020752 1500
0.40462183952331543 1500
0.4070909023284912 1500
0.4077749252319336 1500
0.41159605979919434 1500
0.41159605979919434 1500
0.4125518798828125 1500
0.41625285148620605 1500
0.41625285148620605 1500
0.4179859161376953 1500
0.41802382469177246 1500
0.41998791694641113 1500
0.42061591148376465 1500
0.42297983169555664 1500
0.42420101165771484 1500
0.42594385147094727 1500
0.4269838333129883 1500
0.4278409481048584 1500
0.4298238754272461 1500
0.43051791191101074 1500
0.43321800231933594 1500
0.4335050582885742 1500
0.435636043548584 1500
0.43692493438720703 1500
0.43886399269104004 1500
0.4400768280029297 1500
0.4416508674621582 1500
0.4428999423980713 1500
0.4435749053955078 1500
0.4456009864807129 1500
0.4468410015106201 1500
0.4533679485321045 1500
0.4533679485321045 1500
0.4533679485321045 1500
0.4533679485321045 1500
0.4549849033355713 1500
0.45560288429260254 1500
0.45676589012145996 1500
0.4586620330810547 1500
0.45951104164123535 1500
0.4619569778442383 1500
0.46254491806030273 1500
0.46498584747314453 1500
0.4655928611755371 1500
0.4678969383239746 1500
0.46887683868408203 1500
0.47005796432495117 1500
0.4716160297393799 1500
0.4731409549713135 1500
0.4745359420776367 1500
0.475553035736084 1500
0.47774291038513184 1500
0.4786069393157959 1500
0.480698823928833 1500
0.4828488826751709 1500
0.4829750061035156 1500
0.48465585708618164 1500
0.4858689308166504 1500
0.48805904388427734 1500
0.4888429641723633 1500
0.490872859954834 1500
0.4915299415588379 1500
0.4937119483947754 1500
0.4945259094238281 1500
0.4955430030822754 1500
0.49774599075317383 1500
0.4986269474029541 1500
0.5010190010070801 1500
0.5017738342285156 1500
0.5039479732513428 1500
0.5045969486236572 1500
0.5065369606018066 1500
0.5078918933868408 1500
0.5085999965667725 1500
0.5109958648681641 1500
0.5117330551147461 1500
0.5137820243835449 1500
0.5148379802703857 1500
0.5166170597076416 1500
0.5177018642425537 1500
0.519819974899292 1500
0.5207240581512451 1500
0.5240440368652344 1500
0.5241219997406006 1500
0.5259740352630615 1500
0.5267560482025146 1500
0.5277838706970215 1500
0.5297369956970215 1500
0.5360879898071289 1500
0.5360879898071289 1500
0.5360879898071289 1500
0.5360879898071289 1500
0.536578893661499 1500
0.5386688709259033 1500
0.539564847946167 1500
0.5409510135650635 1500
0.5428378582000732 1500
0.5436780452728271 1500
0.5460529327392578 1500
0.546828031539917 1500
0.5489568710327148 1500
0.5495178699493408 1500
0.5519058704376221 1500
0.552501916885376 1500
0.5541219711303711 1500
0.5571010112762451 1500
0.5571630001068115 1500
0.5590300559997559 1500
0.5594940185546875 1500
0.561837911605835 1500
0.562518835067749 1500
0.5648939609527588 1500
0.5658538341522217 1500
0.5670509338378906 1500
0.5687899589538574 1500
0.5695290565490723 1500
0.5717508792877197 1500
0.5727200508117676 1500
0.5750198364257812 1500
0.575706958770752 1500
0.5776889324188232 1500
0.5788078308105469 1500
0.5796608924865723 1500
0.5818450450897217 1500
0.582507848739624 1500
0.5847749710083008 1500
0.5857570171356201 1500
0.588054895401001 1500
0.5891408920288086 1500
0.5906989574432373 1500
0.5915908813476562 1500
0.5926198959350586 1500
0.594667911529541 1500
0.5958960056304932 1500
0.6024570465087891 1500
0.6024570465087891 1500
0.6024570465087891 1500
0.6024570465087891 1500
0.6040329933166504 1500
0.6047379970550537 1500
0.6060769557952881 1500
0.60794997215271 1500
0.6086339950561523 1500
0.6106150150299072 1500
0.6119158267974854 1500
0.619438886642456 1500
0.619438886642456 1500
0.619438886642456 1500
0.619438886642456 1500
0.619438886642456 1500
0.620642900466919 1500
0.6227648258209229 1500
0.6237020492553711 1500
0.6246089935302734 1500
0.6273729801177979 1500
0.6279079914093018 1500
0.63006591796875 1500
0.6332399845123291 1500
0.6332399845123291 1500
0.6335270404815674 1500
0.6355938911437988 1500
0.6366109848022461 1500
0.6379759311676025 1500
0.639570951461792 1500
0.6406559944152832 1500
0.6430308818817139 1500
0.6436958312988281 1500
0.645953893661499 1500
0.6465249061584473 1500
0.6486730575561523 1500
0.6495790481567383 1500
0.6506249904632568 1500
0.6524970531463623 1500
0.6538710594177246 1500
0.655634880065918 1500
0.6565990447998047 1500
0.6587920188903809 1500
0.6594970226287842 1500
0.6618249416351318 1500
0.6626749038696289 1500
0.6691548824310303 1500
0.6691548824310303 1500
0.6691548824310303 1500
0.6691548824310303 1500
0.669651985168457 1500
0.6717498302459717 1500
0.672935962677002 1500
0.6745338439941406 1500
0.6756260395050049 1500
0.677562952041626 1500
0.6785159111022949 1500
0.6795120239257812 1500
0.681696891784668 1500
0.6824929714202881 1500
0.6846318244934082 1500
0.6855640411376953 1500
0.6881990432739258 1500
0.6885030269622803 1500
0.690842866897583 1500
0.6915469169616699 1500
0.6925580501556396 1500
0.6950180530548096 1500
0.6962528228759766 1500
0.7031669616699219 1500
0.7031669616699219 1500
0.7031669616699219 1500
0.7031669616699219 1500
0.7042529582977295 1500
0.7046060562133789 1500
0.7065780162811279 1500
0.7079379558563232 1500
0.7087829113006592 1500
0.7106368541717529 1500
0.7115299701690674 1500
0.7135059833526611 1500
0.7149388790130615 1500
0.7165608406066895 1500
0.7177078723907471 1500
0.7196009159088135 1500
0.7205400466918945 1500
0.721621036529541 1500
0.7235229015350342 1500
0.7246639728546143 1500
0.7265100479125977 1500
0.7278008460998535 1500
0.7295689582824707 1500
0.7310218811035156 1500
0.7325789928436279 1500
0.7336280345916748 1500
0.7346620559692383 1500
0.7368340492248535 1500
0.7375478744506836 1500
0.7400228977203369 1500
0.7409629821777344 1500
0.7426700592041016 1500
0.7435848712921143 1500
0.7455408573150635 1500
0.7467858791351318 1500
0.7476749420166016 1500
0.7498419284820557 1500
0.7519328594207764 1500
0.7525429725646973 1500
0.7535848617553711 1500
0.7558169364929199 1500
0.756760835647583 1500
0.7593159675598145 1500
0.7598099708557129 1500
0.7615950107574463 1500
0.7627098560333252 1500
0.7645528316497803 1500
0.7658388614654541 1500
0.766852855682373 1500
0.7686419486999512 1500
0.7695698738098145 1500
0.7716670036315918 1500
0.7767539024353027 1500
0.7767539024353027 1500
0.7767539024353027 1500
0.7787690162658691 1500
0.7788610458374023 1500
0.779526948928833 1500
0.786128044128418 1500
0.786128044128418 390
25.3366219997406 40
25.341380834579468 1500
25.341380834579468 1500
25.341380834579468 1500
25.341471910476685 1500
25.341471910476685 1500
25.341471910476685 1500
25.34160304069519 1500
25.342283010482788 1500
25.343040943145752 1500
25.34441900253296 1500
25.346487045288086 1500
25.347116947174072 393
25.348510026931763 1500
25.35071301460266 1500
25.35150694847107 1500
25.352646827697754 1500
25.354125022888184 1500
25.355459928512573 1500
25.356091022491455 1500
25.358552932739258 1500
25.36034083366394 1500
25.361212015151978 1500
25.362207889556885 1500
25.364289045333862 393
25.36439800262451 1500
25.36524987220764 1500
25.371150016784668 1500
25.371150016784668 1500
25.371150016784668 1500
25.371150016784668 1500
25.37318992614746 1500
25.37413501739502 1500
25.37655997276306 1500
25.377246856689453 1500
25.380751848220825 1500
25.380751848220825 393
25.38083791732788 1500
25.3818998336792 1500
25.382866859436035 1500
25.385295867919922 1500
25.386003017425537 1500
25.388311862945557 1500
25.389006853103638 1500
25.39139986038208 1500
25.39244294166565 1500
25.393079042434692 1500
25.39561700820923 1500
25.39600682258606 393
25.396962881088257 1500
25.39832592010498 1500
25.400203943252563 1500
25.400967836380005 1500
25.403499841690063 1500
25.404218912124634 1500
25.40636682510376 1500
25.406851053237915 1500
25.408308029174805 1500
25.410205841064453 1500
25.41116690635681 1500
25.413306951522827 393
25.413410902023315 1500
25.41537094116211 1500
25.416443824768066 1500
25.417011976242065 1500
25.41904091835022 1500
25.42022204399109 1500
25.423699855804443 1500
25.4237380027771 1500
25.425255060195923 1500
25.426251888275146 1500
25.428366899490356 1500
25.42958688735962 393
25.42958688735962 1500
25.43238091468811 1500
25.43238091468811 1500
25.434272050857544 1500
25.43502902984619 1500
25.437226057052612 1500
25.438231945037842 1500
25.440305948257446 1500
25.441097021102905 1500
25.442725896835327 1500
25.444215059280396 1500
25.444828987121582 393
25.445932865142822 1500
25.446961879730225 1500
25.45060682296753 1500
25.45060682296753 1500
25.450974941253662 1500
25.453162908554077 1500
25.45432186126709 1500
25.456243991851807 1500
25.456835985183716 1500
25.459473848342896 1500
25.460150003433228 1500
25.463253021240234 393
25.463253021240234 1500
25.463253021240234 1500
25.465399026870728 1500
25.466193914413452 1500
25.468179941177368 1500
25.468974828720093 1500
25.471000909805298 1500
25.472039937973022 1500
25.47436499595642 1500
25.475167989730835 1500
25.476035833358765 1500
25.47823190689087 393
25.47834300994873 1500
25.47997784614563 1500
25.48111605644226 1500
25.487751007080078 1500
25.487751007080078 1500
25.487751007080078 1500
25.487751007080078 1500
25.4884090423584 1500
25.490079879760742 1500
25.49139094352722 1500
25.493518829345703 1500
25.49427604675293 393
25.495086908340454 1500
25.49620485305786 1500
25.49847388267517 1500
25.498973846435547 1500
25.49993085861206 1500
25.50207805633545 1500
25.503325939178467 1500
25.505023956298828 1500
25.50646996498108 1500
25.508355855941772 1500
25.509047031402588 1500
25.510998010635376 393
25.510998010635376 1500
25.512109994888306 1500
25.51435685157776 1500
25.515092849731445 1500
25.5172119140625 1500
25.51804494857788 1500
25.520469903945923 1500
25.52114486694336 1500
25.521862983703613 1500
25.524435997009277 1500
25.525101900100708 1500
25.52933382987976 393
25.52933382987976 1500
25.52933382987976 1500
25.53021502494812 1500
25.531973838806152 1500
25.533004999160767 1500
25.534077882766724 1500
25.535964012145996 1500
25.537101984024048 1500
25.54069995880127 1500
25.54069995880127 1500
25.542206048965454 1500
25.54319405555725 393
25.543454885482788 1500
25.54536199569702 1500
25.548879861831665 1500
25.548879861831665 1500
25.549116849899292 1500
25.551318883895874 1500
25.552060842514038 1500
25.554033041000366 1500
25.555017948150635 1500
25.556213855743408 1500
25.55814504623413 1500
25.559021949768066 393
25.56023097038269 1500
