8294
0.0 143
30.067555000000002 143
60.132622 143
90.191991 143
120.278772 143
150.362378 143
180.449792 143
210.529977 143
240.620702 143
270.712751 143
300.802335 143
330.898037 143
361.00509 143
391.094741 143
421.167295 143
451.234378 143
481.310046 143
511.39133899999996 143
541.4705349999999 143
571.534225 143
601.6004949999999 143
631.667282 143
661.7375559999999 143
691.8056409999999 143
721.8634249999999 143
751.9213189999999 143
781.99109 143
812.0686929999999 143
842.149906 143
872.2180209999999 143
902.2861099999999 143
932.3510289999999 143
962.4184319999999 143
992.484649 143
1022.55693 143
1052.638342 143
1082.7008939999998 143
1112.75981 143
1142.814151 143
1172.8616419999998 143
1202.911404 143
1232.967995 143
1263.022554 143
1293.089884 143
1323.1584759999998 143
1353.227749 143
1383.295829 143
1413.364764 143
1443.426909 143
1473.519546 143
1503.5840289999999 143
1533.652494 143
1563.701446 143
1593.760887 143
1623.8207009999999 143
1653.880001 143
1683.934354 143
1713.986354 143
