8316
0.0 154
30.086879000000003 154
60.183347000000005 154
90.274385 154
120.35901800000002 154
150.451748 154
180.545622 154
210.632437 154
240.717633 154
270.808156 154
300.895851 154
330.98790499999996 154
361.074083 154
391.165933 154
421.260561 154
451.356361 154
481.443364 154
511.54062600000003 154
541.629995 154
571.724369 154
601.819328 154
631.9145060000001 154
662.010407 154
692.110801 154
722.20236 154
752.296698 154
782.390843 154
812.477152 154
842.569532 154
872.6708150000001 154
902.765392 154
932.865504 154
962.9601650000001 154
993.055425 154
1023.150493 154
1053.2458689999999 154
1083.340905 154
1113.4377989999998 154
1143.532763 154
1173.628694 154
1203.724544 154
1233.8214759999998 154
1263.917941 154
1294.020335 154
1324.1165919999999 154
1354.213 154
1384.307266 154
1414.404128 154
1444.50004 154
1474.5954319999998 154
1504.6906139999999 154
1534.7858489999999 154
1564.88087 154
1594.976038 154
