8305
0.0 151
0.0019660000000012445 151
30.151793000000005 151
30.153778000000003 151
60.30359 151
60.30565 151
90.455398 151
90.457494 151
120.59216699999999 151
120.594157 151
150.742907 151
150.744966 151
180.891806 151
180.893832 151
211.036544 151
211.038557 151
241.179236 151
241.180321 151
271.313127 151
271.315195 151
301.462905 151
301.46496 151
331.601788 151
331.603778 151
361.750553 151
361.752641 151
391.900296 151
391.902316 151
422.050098 151
422.052134 151
452.190956 151
452.192991 151
482.34076600000003 151
482.342777 151
512.4745419999999 151
512.476547 151
542.6202559999999 151
542.6223 151
572.766975 151
572.768109 151
602.902883 151
602.904945 151
633.048697 151
633.050703 151
663.18548 151
663.187506 151
693.337318 151
693.339305 151
723.483086 151
723.485152 151
753.6348569999999 151
753.6369309999999 151
783.780684 151
783.7827289999999 151
813.930438 151
