8200
0.0 200
0.15026700000044002 200
0.2794490000001133 200
0.4230030000003353 200
0.5607420000001184 200
0.7111870000003364 200
0.8404490000002625 200
0.9802810000001045 200
1.1326990000002297 200
1.264314000000013 200
1.4074460000001636 200
1.5493350000001556 200
1.683795000000373 200
1.829073000000335 200
1.9704850000002807 200
2.1089320000000953 200
2.2410680000002685 200
2.385547000000315 200
2.5250400000004447 200
2.6588110000002416 200
2.8057010000002265 200
2.948511000000053 200
3.085345000000416 200
3.2200610000004417 200
3.3632080000002134 200
3.504711000000043 200
3.6409050000002026 200
3.788296000000173 200
3.9319860000000517 200
4.070210000000316 200
4.203087000000323 200
4.350067000000308 200
4.491594000000077 200
4.627426000000014 200
4.7597480000004 200
4.902720000000045 200
5.042823000000226 200
5.193493000000217 200
5.325352000000294 200
5.466386000000057 200
5.604835000000094 200
