8316
0.0 132
30.10617 132
60.197035 132
90.290867 132
120.405385 132
150.53545 132
180.638595 132
210.749627 132
240.84292000000002 132
270.94688699999995 132
301.02361099999996 132
331.12965399999996 132
361.20286699999997 132
391.307418 132
421.390924 132
451.49537399999997 132
481.592588 132
511.678523 132
541.751201 132
571.808697 132
601.89112 132
631.981934 132
662.06645 132
692.152452 132
722.244593 132
752.3264300000001 132
782.426208 132
812.5234 132
842.603773 132
872.7045380000001 132
902.8081480000001 132
932.929029 132
963.015584 132
993.100373 132
1023.188903 132
1053.266738 132
1083.313956 132
1113.3840480000001 132
1143.437862 132
1173.480941 132
1203.561717 132
1233.66864 132
1263.741544 132
1293.827406 132
1323.909032 132
1354.012338 132
1384.102217 132
1414.191312 132
1444.27359 132
1474.3863020000001 132
1504.469515 132
1534.528272 132
1564.588102 132
1594.669399 132
1624.761655 132
1654.83507 132
1684.9152980000001 132
1714.988023 132
1745.087417 132
1775.1661100000001 132
1805.268621 132
1835.343177 132
1865.414121 132
