300
1 4 3 100 8339 2
2 4 3 100 8268 2
3 4 3 100 8316 2
1 4 3 100 8268 2
2 4 3 100 8268 2
3 4 3 100 8253 2
1 4 3 100 8241 2
2 4 3 100 8200 2
3 4 3 100 8200 2
1 4 3 100 8316 2
2 4 3 100 8305 2
3 4 3 100 8208 2
1 4 3 100 8200 2
2 4 3 100 8316 2
3 4 3 100 8200 2
1 4 3 100 8316 2
2 4 3 100 8316 2
3 4 3 100 8200 2
1 4 3 100 8269 2
2 4 3 100 8339 2
3 4 3 100 8268 2
1 4 3 100 8200 2
2 4 3 100 8316 2
3 4 3 100 8299 2
1 4 3 100 8280 2
2 4 3 100 8210 2
3 4 3 100 8224 2
1 4 3 100 8268 2
2 4 3 100 8316 2
3 4 3 100 8339 2
1 4 3 100 8485 2
2 4 3 100 8373 2
3 4 3 100 8268 2
1 4 3 100 8268 2
2 4 3 100 8254 2
3 4 3 100 8294 2
1 4 3 100 8253 2
2 4 3 100 8305 2
3 4 3 100 8232 2
1 4 3 100 8241 2
2 4 3 100 8294 2
3 4 3 100 8398 2
1 4 3 100 8222 2
2 4 3 100 8900 2
3 4 3 100 8234 2
1 4 3 100 8200 2
2 4 3 100 8316 2
3 4 3 100 8210 2
1 4 3 100 8208 2
2 4 3 100 8200 2
3 4 3 100 8268 2
1 4 3 100 8268 2
2 4 3 100 8200 2
3 4 3 100 8253 2
1 4 3 100 8266 2
2 4 3 100 8268 2
3 4 3 100 8220 2
1 4 3 100 8268 2
2 4 3 100 8294 2
3 4 3 100 8208 2
1 4 3 100 65592 2
2 4 3 100 65560 2
3 4 3 100 65641 2
1 4 3 100 65545 2
2 4 3 100 65583 2
3 4 3 100 65542 2
1 4 3 100 65595 2
2 4 3 100 65545 2
3 4 3 100 65651 2
1 4 3 100 65544 2
2 4 3 100 65597 2
3 4 3 100 65609 2
1 4 3 100 65561 2
2 4 3 100 65619 2
3 4 3 100 65726 2
1 4 3 100 65577 2
2 4 3 100 65550 2
3 4 3 100 65568 2
1 4 3 100 65616 2
2 4 3 100 65632 2
3 4 3 100 65593 2
1 4 3 100 65806 2
2 4 3 100 65547 2
3 4 3 100 65545 2
1 4 3 100 65596 2
2 4 3 100 65565 2
3 4 3 100 65572 2
1 4 3 100 65644 2
2 4 3 100 65557 2
3 4 3 100 65634 2
1 4 3 100 65563 2
2 4 3 100 65569 2
3 4 3 100 65543 2
1 4 3 100 15255 2
2 4 3 100 65570 2
3 4 3 100 65664 2
1 4 3 100 65560 2
2 4 3 100 65552 2
3 4 3 100 65592 2
1 4 3 100 65568 2
2 4 3 100 65538 2
3 4 3 100 65680 2
1 4 3 100 65550 2
2 4 3 100 65760 2
3 4 3 100 65664 2
1 4 3 100 65564 2
2 4 3 100 65612 2
3 4 3 100 65717 2
1 4 3 100 65566 2
2 4 3 100 65566 2
3 4 3 100 65633 2
1 4 3 100 65562 2
2 4 3 100 65642 2
3 4 3 100 65633 2
1 4 3 100 65652 2
2 4 3 100 65664 2
3 4 3 100 65811 2
1 4 3 100 65561 2
2 4 3 100 65540 2
3 4 3 100 65727 2
1 4 3 100 1049567 2
2 4 3 100 1049371 2
3 4 3 100 1049741 2
1 4 3 100 1049610 2
2 4 3 100 1048897 2
3 4 3 100 1048783 2
1 4 3 100 1049146 2
2 4 3 100 1048673 2
3 4 3 100 1049566 2
1 4 3 100 1048641 2
2 4 3 100 1050075 2
3 4 3 100 1048637 2
1 4 3 100 1049821 2
2 4 3 100 1048765 2
3 4 3 100 1048928 2
1 4 3 100 1049113 2
2 4 3 100 1049578 2
3 4 3 100 1049222 2
1 4 3 100 1049741 2
2 4 3 100 1048833 2
3 4 3 100 1049956 2
1 4 3 100 1049481 2
2 4 3 100 1049325 2
3 4 3 100 1049758 2
1 4 3 100 1049113 2
2 4 3 100 1049578 2
3 4 3 100 1048599 2
1 4 3 100 1049861 2
2 4 3 100 1048629 2
3 4 3 100 1048632 2
1 4 3 100 1049592 2
2 4 3 100 1049011 2
3 4 3 100 1049106 2
1 4 3 100 1049325 2
2 4 3 100 1048594 2
3 4 3 100 1049352 2
1 4 3 100 1049426 2
2 4 3 100 1050004 2
3 4 3 100 1050021 2
1 4 3 100 1049675 2
2 4 3 100 1048637 2
3 4 3 100 1049222 2
1 4 3 100 1049860 2
2 4 3 100 1048765 2
3 4 3 100 1048716 2
1 4 3 100 1049168 2
2 4 3 100 1049389 2
3 4 3 100 1048833 2
1 4 3 100 1049426 2
2 4 3 100 1048929 2
3 4 3 100 1048815 2
1 4 3 100 1049257 2
2 4 3 100 1049818 2
3 4 3 100 1049735 2
1 4 3 100 1049371 2
2 4 3 100 1048976 2
3 4 3 100 1049840 2
1 4 3 100 1048976 2
2 4 3 100 1050004 2
3 4 3 100 1048893 2
1 4 3 100 1049634 2
2 4 3 100 1048935 2
3 4 3 100 1048695 2
1 4 3 100 1049146 2
2 4 3 100 1048613 2
3 4 3 100 1049898 2
1 4 3 100 1049200 2
2 4 3 100 1049113 2
3 4 3 100 1049091 2
1 4 3 100 1049858 2
2 4 3 100 1049095 2
3 4 3 100 1049567 2
1 4 3 100 1048695 2
2 4 3 100 1048997 2
3 4 3 100 1048641 2
1 4 3 100 1048783 2
2 4 3 100 1049146 2
3 4 3 100 1049949 2
1 4 3 100 1049011 2
2 4 3 100 1048716 2
3 4 3 100 1048746 2
1 4 3 100 1049840 2
2 4 3 100 1048604 2
3 4 3 100 1049441 2
1 4 3 100 1048627 2
2 4 3 100 1049093 2
3 4 3 100 1048653 2
1 4 3 100 1049929 2
2 4 3 100 1049564 2
3 4 3 100 1048649 2
1 4 3 100 1049126 2
2 4 3 100 1048815 2
3 4 3 100 1049257 2
1 4 3 100 1049951 2
2 4 3 100 1049634 2
3 4 3 100 1048730 2
1 4 3 100 1049973 2
2 4 3 100 1048653 2
3 4 3 100 1049837 2
1 4 3 100 1049200 2
2 4 3 100 1049758 2
3 4 3 100 1048801 2
1 4 3 100 1049369 2
2 4 3 100 1049325 2
3 4 3 100 1049369 2
1 4 3 100 1049289 2
2 4 3 100 1049411 2
3 4 3 100 1049095 2
1 4 3 100 1048897 2
2 4 3 100 1049592 2
3 4 3 100 1049735 2
1 4 3 100 1048701 2
2 4 3 100 1049289 2
3 4 3 100 1048649 2
1 4 3 100 1048629 2
2 4 3 100 1048928 2
3 4 3 100 1049898 2
1 4 3 100 1048833 2
2 4 3 100 1048746 2
3 4 3 100 1049146 2
1 4 3 100 1048673 2
2 4 3 100 1048627 2
3 4 3 100 1049612 2
1 4 3 100 1049363 2
2 4 3 100 1049846 2
3 4 3 100 1048632 2
1 4 3 100 1048594 2
2 4 3 100 1049106 2
3 4 3 100 1049631 2
1 4 3 100 1049126 2
2 4 3 100 1048701 2
3 4 3 100 1049113 2
1 4 3 100 1049837 2
2 4 3 100 1049363 2
3 4 3 100 1049818 2
1 4 3 100 1048629 2
2 4 3 100 1049860 2
3 4 3 100 1049504 2
1 4 3 100 1049113 2
2 4 3 100 1050021 2
3 4 3 100 1048637 2
1 4 3 100 1048717 2
2 4 3 100 1049858 2
3 4 3 100 1050075 2
1 4 3 100 1049564 2
2 4 3 100 1049956 2
3 4 3 100 1048886 2
1 4 3 100 1049846 2
2 4 3 100 1048629 2
3 4 3 100 1048801 2
1 4 3 100 1048935 2
2 4 3 100 1048833 2
3 4 3 100 1048717 2
1 4 3 100 1049675 2
2 4 3 100 1049325 2
3 4 3 100 1049504 2
1 4 3 100 1049481 2
2 4 3 100 1049735 2
3 4 3 100 1048929 2
1 4 3 100 1049973 2
2 4 3 100 1049612 2
3 4 3 100 1049091 2
1 4 3 100 1049113 2
2 4 3 100 1049441 2
3 4 3 100 1049735 2
1 4 3 100 1049042 2
2 4 3 100 1049352 2
3 4 3 100 1048997 2
1 4 3 100 1048864 2
2 4 3 100 1048864 2
3 4 3 100 1048599 2
1 4 3 100 1048730 2
2 4 3 100 1048604 2
3 4 3 100 1049411 2
1 4 3 100 1049951 2
2 4 3 100 1049093 2
3 4 3 100 1049042 2
1 4 3 100 1049389 2
2 4 3 100 1048637 2
3 4 3 100 1048886 2
