8919
0 1
0.019911641 2
0.033604972 1
0.078379074 2
0.080043336 1
0.122783336 2
0.297230443 2
0.63505398 1
0.645056397 1
0.71818275 1
0.823847102 2
0.836274977 1
0.84704119 2
0.940560405 1
0.948155449 2
0.950589414 2
1.176136737 1
1.314351543 2
1.454165827 2
1.458392446 2
1.545974094 1
1.565303929 2
1.6858094 1
1.733254575 1
1.833438059 2
1.835329649 2
1.887126209 1
1.923805396 1
1.944615781 1
1.974950981 2
2.044806576 2
2.190195309 1
2.231219008 1
2.241081103 1
2.257686242 2
2.31175819 1
2.439454053 1
2.47887779 2
2.512412599 2
2.531342591 1
2.596681408 2
2.614696895 1
2.642096162 1
2.671191384 1
2.723620932 1
2.726854622 1
2.729149378 1
2.780558477 2
2.887198329 2
3.028380139 2
3.128138952 1
3.150662515 2
3.151067162 2
3.16853681 2
3.180157753 2
3.226337179 1
3.276677183 2
3.295784143 1
3.343207929 2
3.412297186 2
3.433054118 2
3.455018619 2
3.488352218 2
3.564202576 2
3.569870221 2
3.625098894 2
3.717484725 2
3.782509144 1
3.79002107 1
3.805055852 1
3.9095588 2
3.993037898 2
4.024787104 1
4.029038463 1
4.288128919 1
4.340214272 2
4.431887239 1
4.462366381 2
4.468994873 1
4.527092845 1
4.611726388 2
4.66301724 2
4.808832396 2
4.912858756 1
4.983774457 2
5.038956438 1
5.260248781 2
5.272555515 2
5.348009928 1
5.612887602 1
5.646181935 2
5.690733433 2
5.810856139 2
5.896573349 2
5.979662337 1
5.983677536 1
6.01343419 2
6.068700116 1
6.187410621 2
6.215278857 2
6.239227217 1
6.253819705 1
6.313785009 2
6.387413333 1
6.440545656 2
6.453708505 1
6.472084277 2
6.492791154 2
6.507298846 2
6.55560608 1
6.581864581 1
6.592642105 2
6.705955487 1
6.716482926 2
6.738338046 2
6.788055942 1
6.806839133 2
6.859302596 1
6.876724577 1
6.972006613 2
7.070664587 2
7.109073459 2
7.121748397 1
7.1595149 1
7.433474992 2
7.51560722 2
7.563580256 2
7.646614172 1
7.756348606 1
7.801858447 1
7.847043365 1
7.860189738 2
7.939662406 1
7.958692496 2
7.989702696 1
8.048736259 2
8.055029272 2
8.105878365 2
8.146125177 2
8.287520258 1
8.287615026 2
8.317509469 2
8.364379803 1
8.365588001 1
8.392941769 2
8.414822451 1
8.696782379 1
8.702239988 1
8.814344259 2
9.063280588 1
9.188532851 1
9.392672575 2
9.448712004 2
9.525184932 1
9.582561781 2
9.62192529 1
9.630284064 1
9.67411199 1
9.789288723 1
9.813721934 2
9.92204393 2
9.935269729 1
9.967000853 1
9.978752762 1
10.010569696 2
10.153343119 1
10.159017606 1
10.246005136 2
10.267239853 1
10.397894232 2
10.426798754 1
10.458217794 1
10.482163291 2
10.50335474 2
10.601656883 1
10.620197468 2
10.766946641 1
10.79933213 1
10.902997813 1
10.985307868 1
11.143096617 2
11.192459703 1
11.26232805 2
11.290018799 2
11.304906826 2
11.316558761 1
11.34370837 1
11.405215989 2
11.412499791 2
11.486185863 2
11.52847452 1
11.558158873 1
11.737208762 1
11.763098487 2
11.900313003 2
11.982682151 2
12.219312474 1
12.25072427 1
12.330238627 1
12.334266739 2
12.399994051 1
12.436492511 1
12.692153446 1
12.693537361 2
12.706034299 2
12.839943048 2
12.928862592 1
12.958136907 2
13.137673374 2
13.195570123 1
13.200951232 2
13.224320041 1
13.250825715 2
13.288154029 2
13.368236739 2
13.445195935 2
13.448791465 2
13.462410797 1
13.476114016 2
13.502950963 2
13.578842726 2
13.616496465 1
13.623977892 2
13.637430717 2
13.775438319 1
13.935185072 1
13.946012136 2
13.966827907 2
14.072821264 1
14.14108949 1
14.193071579 1
14.362887117 1
14.421102638 2
14.438307761 2
14.481273094 1
14.727881621 1
14.738645571 1
14.779767397 2
14.867880712 2
14.885487488 2
14.887554147 1
14.953341022 2
15.104971562 2
15.111234905 1
15.21884917 2
15.222263245 2
15.239915395 2
15.459414332 2
15.551129023 2
15.606843109 2
15.665455289 2
15.725480715 2
15.877931875 1
15.9368884 2
15.94324109 1
16.013526769 2
16.133017319 1
16.18136002 1
16.184440432 1
16.261367431 2
16.319434767 2
16.514154839 1
16.64669715 1
16.657023309 2
16.677693599 2
16.897685736 1
16.941933219 2
16.996113794 1
17.045929723 2
17.057772297 2
17.068264427 2
17.155943957 1
17.170456142 1
17.352308476 2
17.595953906 2
17.655409598 1
17.684051717 1
17.741015749 2
17.814400606 1
17.951289386 2
17.953653239 1
17.962835162 1
17.985757102 2
17.99027841 1
17.99808216 1
18.099168938 2
18.170817326 1
18.25043657 2
18.272864063 1
18.335110902 1
18.346304412 1
18.352191286 1
18.410144899 1
18.429978748 2
18.448188403 1
18.565134864 1
18.624030681 1
18.687437461 1
18.691288994 2
18.75229442 2
18.775647448 2
18.865562603 2
18.962118865 1
19.252622627 1
19.353437908 1
19.35430973 2
19.358787647 2
19.35988004 1
19.396836929 1
19.545391127 2
19.553712619 2
19.613761755 1
19.684841989 1
19.704481623 2
19.730581391 2
19.765452554 2
19.805424473 2
19.950702517 2
19.982112393 1
19.997840996 2
20.074410056 2
20.132418014 2
20.163348282 1
20.187806311 2
20.283810959 1
20.52127315 2
20.559285394 2
20.687748207 2
20.81379283 1
21.004943344 2
21.01309125 1
21.017640126 2
21.068984192 1
21.069191549 1
21.083691118 2
21.089379282 1
21.3709257 2
21.387157651 2
21.442499194 2
21.457446083 2
21.488769212 2
21.540403371 2
21.687847069 2
21.726165255 1
21.747208981 1
21.767707967 2
21.769338856 1
21.870366765 1
21.879564609 2
21.889103011 1
21.93329649 1
22.03881105 1
22.145130112 2
22.237866042 1
22.281624702 1
22.367460203 1
22.436574288 1
22.490910185 1
22.569137816 2
22.732668765 1
22.783510925 2
22.801407384 1
22.853784789 2
22.85629071 1
23.04375066 1
23.087891077 1
23.282282031 1
23.307296372 2
23.331974175 2
23.382640244 2
23.486682824 1
23.505797229 1
23.639663272 2
23.679584081 2
23.719778266 1
23.723165601 2
23.870375258 2
23.88208724 1
24.008717073 2
24.075637276 1
24.078471056 2
24.080349337 2
24.091506254 2
24.092848201 2
24.163258066 1
24.361627336 1
24.589290336 2
24.743662506 1
24.747243163 1
24.794264997 2
24.809476836 2
24.810313588 2
24.986705891 2
24.996890702 1
25.037439349 2
25.147960646 2
25.195778382 1
25.235385866 2
25.236912578 1
25.292388957 1
25.396139106 1
25.427338902 1
25.455418857 2
25.566781755 2
25.580050722 1
25.743971578 1
25.746144106 1
25.800827723 2
25.835456551 2
25.980465657 2
26.050391711 2
26.143550286 1
26.279748808 1
26.481012307 1
26.532451193 1
26.54942453 2
26.620408926 2
26.722134968 1
26.933359606 1
26.938335103 2
27.129464624 2
27.23506143 2
27.396189125 1
27.403091913 1
27.634401322 1
27.678098101 2
27.785206578 2
27.855969845 1
27.927939007 1
28.015929572 1
28.152631782 1
28.246559817 1
28.347833957 2
28.35199733 2
28.354276535 1
28.430642085 1
28.434363913 2
28.590989475 1
28.605034191 1
28.712362839 1
28.785419612 1
28.819907778 1
28.848085782 2
28.850318812 2
28.941023186 2
28.986717326 2
29.086290569 2
29.108166112 1
29.118567805 2
29.176033257 2
29.272662428 2
29.274590823 1
29.493910103 2
29.50196275 2
29.521581642 1
29.549113263 1
29.553290568 2
29.734139447 1
29.940630395 1
29.945250015 1
29.95052114 2
29.977093153 1
30.010581636 2
30.11501941 2
30.202682627 2
30.268834541 2
30.305889768 2
30.308579109 1
30.457975247 1
30.498241523 2
30.516441976 1
30.741416878 1
30.743538144 2
30.773453323 1
30.84541585 2
30.863229345 2
30.889957003 2
31.063649577 2
31.121324742 2
31.181402201 1
31.374507815 1
31.379634706 1
31.41645104 2
31.441091192 1
31.467987629 1
31.50966223 1
31.551567987 2
31.581795305 1
31.634276616 2
31.649112486 1
31.684010991 2
31.741307068 1
31.743294068 1
31.752536402 2
31.781573181 1
31.917528248 2
32.021547264 1
32.029254664 2
32.168452453 2
32.214880293 2
32.243059495 2
32.287438349 1
32.292418291 1
32.316754001 2
32.332050107 1
32.382857512 1
32.447033935 1
32.449995101 1
32.528806439 2
32.541016874 2
32.567381118 1
32.572450711 1
32.58881415 2
32.59535589 1
32.625862921 2
32.627972608 1
32.665311522 1
32.724551017 1
32.748624652 2
32.85285315 1
32.923182762 2
33.028868281 2
33.079371167 2
33.084278832 1
33.152562427 1
33.22939352 1
33.235288886 1
33.255608683 2
33.290100103 1
33.356202055 2
33.413050443 2
33.496090699 2
33.508607657 1
33.575326797 1
33.70316785 1
33.774201271 1
33.792240754 2
33.854237076 1
33.864742981 2
33.969271895 2
34.071616467 2
34.072781487 1
34.094400345 2
34.142980862 2
34.146279435 2
34.364508548 2
34.486190315 2
34.547433136 2
34.616527933 2
34.648501946 1
34.748298728 1
34.896078577 2
35.001309566 2
35.173943164 1
35.258083218 1
35.287660617 1
35.297401693 2
35.40649133 2
35.513017704 2
35.513174741 2
35.526560729 2
35.578533464 2
35.70878753 1
35.711928162 2
35.732076801 2
35.735479617 2
35.843852639 2
35.853576886 1
35.904426253 2
36.010882603 2
36.08113042 2
36.183379213 1
36.235464645 2
36.245372735 2
36.298447911 2
36.320361884 2
36.444790622 1
36.616362326 2
36.670734781 2
36.687351214 1
36.689390308 1
36.697311935 2
36.734311689 2
36.868145245 2
36.873064468 2
36.912859091 2
36.931341424 2
37.024641794 2
37.06107798 1
37.36966458 1
37.422716642 1
37.426278512 2
37.436533838 1
37.573367679 1
37.67609709 2
37.795940285 2
38.078345477 1
38.083663795 2
38.084766955 1
38.094920653 2
38.127125075 2
38.262268317 2
38.357558103 1
38.445452741 1
38.605231275 1
38.662437902 1
38.75241579 2
38.766807632 2
38.79411447 2
38.802357698 1
38.84730699 1
38.921411455 1
39.060088151 1
39.264339872 2
39.30545113 2
39.406546198 1
39.432910296 1
39.459281201 1
39.459282908 2
39.468321081 1
39.486453391 1
39.502292962 2
39.547581156 1
39.596745611 2
39.605068835 1
39.694233535 1
39.698340992 2
39.732468762 2
39.751500618 2
39.772678434 1
39.797686851 1
39.817808585 1
39.9308304 1
40.070497259 2
40.196414058 2
40.33766776 2
40.629094707 2
40.837371127 2
40.90366054 1
40.956182717 1
41.007348329 1
41.069637281 2
41.149937355 2
41.267089023 1
41.334082659 1
41.366585887 2
41.379554877 2
41.705274015 2
41.72786736 2
41.736195178 2
41.77093339 1
41.822092043 2
41.876840228 2
42.088617242 2
42.19007715 2
42.242902112 1
42.244982414 1
42.286947711 2
42.36736833 2
42.460496026 2
42.71128331 2
42.728231111 2
42.781508111 1
42.808731155 1
42.811802293 1
42.856455418 1
42.888839066 1
43.075953727 1
43.076023702 1
43.167413237 2
43.245002162 2
43.284769991 1
43.337227754 1
43.438321634 2
43.537673657 1
43.596791911 2
43.661655387 2
43.701396463 2
43.762058223 2
43.848442661 2
43.873998505 2
44.03637641 1
44.141317094 1
44.169151878 1
44.188755623 1
44.24228535 1
44.37024501 1
44.447376723 1
44.469045329 1
44.486161091 1
44.587775528 1
44.639925172 2
44.718121588 2
44.733525993 2
44.765193993 1
44.791534187 1
44.840750472 2
44.84331512 1
44.847548292 1
45.029766728 2
45.092117025 1
45.115441457 1
45.155212615 2
45.191028237 2
45.294923544 2
45.319409959 1
45.404855673 2
45.407443606 1
45.424099634 2
45.769500906 1
45.776932985 2
45.908599304 1
46.053800516 1
46.064413195 1
46.106726927 1
46.143442169 1
46.163103027 1
46.228096684 2
46.252452834 2
46.312770868 1
46.326027144 2
46.333156309 2
46.388690479 1
46.398121525 1
46.603338173 2
46.616276328 2
46.630331794 2
46.659093282 2
46.669084001 1
46.694892412 2
46.702995108 1
46.71492611 2
46.725714503 1
46.785006451 1
46.842681963 2
46.902576205 2
46.921971647 2
46.930466749 1
46.953197655 1
47.156530347 2
47.21111367 2
47.242992401 2
47.309926264 2
47.495672677 2
47.526583481 2
47.671130468 2
47.722439622 1
47.735184518 2
47.792668579 1
47.901857336 2
47.908307683 2
47.92603327 2
48.01399309 2
48.047502885 1
48.150101671 2
48.203010579 1
48.288687041 2
48.555908711 1
48.682438428 2
48.740793261 2
48.747327469 2
48.793991554 2
48.864793684 1
48.871503744 2
48.910335184 1
48.923162401 2
49.132470196 1
49.200820969 2
49.331136221 2
49.57457413 1
49.606862236 1
49.66612559 2
49.694026723 1
49.80066571 2
49.900059151 1
49.970099831 1
50.17702076 2
50.179456769 2
50.204407933 2
50.223580702 2
50.25000048 1
50.313239419 2
50.33663395 1
50.425784493 1
50.455844164 1
50.509325627 2
50.539468264 2
50.811902602 2
50.859765369 1
50.943703812 2
51.01280735 1
51.053603074 1
51.119463829 1
51.238968665 1
51.446764648 2
51.45014554 2
51.622213754 1
51.659170532 1
51.663204151 1
51.668250495 1
51.769405084 1
51.84268645 2
51.84285947 1
51.860557529 2
51.927562805 1
51.941038752 2
52.290172214 2
52.345890238 1
52.383730038 2
52.581691373 1
52.592164086 2
52.606415035 1
52.627467199 1
52.651829172 1
52.708063133 2
52.757512227 2
52.793446587 1
52.83902201 1
52.856708625 2
52.878083262 2
52.95379902 1
53.101796376 1
53.186334704 1
53.294072599 1
53.457449732 1
53.520814631 2
53.586810576 2
53.632246093 2
53.639026528 1
53.721885405 2
53.759527628 1
53.766886181 1
53.790873619 1
53.83975701 1
53.880039215 1
53.987052142 2
54.027677911 1
54.173275441 2
54.222703985 2
54.251266007 1
54.259654483 1
54.719619672 2
54.769755656 2
54.796143078 2
54.821240677 2
54.865342734 1
54.876919611 2
54.905091336 1
54.928424371 2
55.000185328 2
55.007260133 2
55.011891528 2
55.06189844 2
55.071637993 1
55.46293885 1
55.486757558 2
55.556504113 1
55.605046454 1
55.67804484 2
55.749063765 2
55.754812897 2
55.954068028 2
56.048846169 1
56.191723057 2
56.321287945 1
56.35658674 1
56.360987691 2
56.384182708 2
56.488794378 2
56.504707622 1
56.553873716 1
56.671907234 2
56.736554954 2
56.849621986 1
56.904315861 2
56.985915964 1
56.99495907 1
57.044419724 1
57.096130368 2
57.122870349 1
57.128029309 2
57.205630434 2
57.275581541 2
57.317409553 1
57.333613365 2
57.401905401 2
57.444963632 1
57.469554713 1
57.563069335 1
57.836630992 1
57.865697523 1
58.012030882 2
58.081931536 2
58.218233418 2
58.491032904 1
58.593400627 1
58.708994829 1
58.710924661 2
58.756270805 2
58.7589028 1
58.873790051 1
58.88865088 2
58.929301668 2
58.941742081 1
58.987611467 1
59.2693485 2
59.29166321 2
59.548466891 1
59.591779196 2
59.609561315 2
59.615084636 2
59.678410726 1
59.785939403 1
59.802116417 2
59.812368023 2
59.835883477 1
59.838390836 1
59.985551616 2
59.987618268 2
60.114655879 2
60.246187531 2
60.24740009 2
60.281226847 1
60.31874947 1
60.320058751 2
60.379247861 2
60.393316658 2
60.702816464 2
60.720808613 1
60.820740364 2
60.888798996 1
60.973572628 2
61.017173107 2
61.050405231 2
61.120425966 2
61.142048067 1
61.195292468 2
61.224469326 2
61.268114656 2
61.284596275 2
61.739619977 1
61.775906026 1
61.78410304 1
61.907421037 2
61.912722274 1
62.036844835 2
62.075015423 1
62.110330097 2
62.120396618 1
62.291294326 2
62.462288155 1
62.469226054 1
62.470881067 2
62.473333305 1
62.552710249 1
62.651989047 2
62.806542063 2
62.807662926 2
62.808243304 1
62.954438014 1
62.958064725 2
63.192877659 1
63.254197815 2
63.326422915 1
63.364140283 2
63.383386557 1
63.510591313 1
63.526774073 1
63.681712105 1
63.694825644 1
63.895450479 1
63.934127547 2
64.028717659 1
64.198413345 2
64.251954798 1
64.299459694 1
64.318037036 1
64.349571628 2
64.350143243 1
64.385540983 1
64.432406034 1
64.504243386 2
64.532775759 1
64.553420672 1
64.592145738 2
64.68468887 2
64.75673853 2
64.761939697 1
64.81531883 2
64.838924543 1
64.999483016 2
65.077619487 1
65.098985941 2
65.115188926 1
65.129865841 1
65.217815341 1
65.290092148 1
65.378918559 1
65.542744439 2
65.585366055 2
65.726373969 2
65.736434654 2
65.755313866 2
65.802767727 2
65.841204436 1
65.911813809 2
65.937380538 2
66.03539506 2
66.089316898 2
66.233591708 2
66.243725932 1
66.249733164 1
66.564860208 1
66.671266042 1
66.714838168 2
66.780276878 1
66.815447255 1
66.853005311 2
66.905244588 1
66.968761686 2
67.259535881 1
67.276046953 2
67.284721131 1
67.34727704 2
67.362360699 1
67.462798726 1
67.473859404 1
67.53502152 1
67.551525826 1
67.55444037 2
67.673966616 2
67.754258687 2
67.776915215 2
67.784479599 1
67.80284482 1
67.812962928 1
67.834289558 2
67.83442734 1
67.959018543 1
67.999656098 2
68.048011699 2
68.057990782 1
68.231399132 1
68.234113637 2
68.373962561 1
68.435018346 1
68.686197456 2
68.690743206 2
68.767745015 1
68.797089376 2
69.021918252 1
69.027321622 1
69.039106833 1
69.042961629 2
69.105235429 1
69.131883991 2
69.194852054 2
69.276853391 1
69.415010779 2
69.452907738 2
69.484035481 2
69.504050257 2
69.519776995 1
69.576208566 2
69.595174067 1
69.642346997 2
69.688699736 2
69.772215846 2
69.792852456 1
69.874233933 2
69.874517444 2
70.025446205 2
70.055556728 2
70.095459606 1
70.237737618 2
70.266549301 2
70.266897241 2
70.31961577 2
70.332767702 1
70.354220589 1
70.396735013 2
70.423649425 2
70.501503556 2
70.522819562 2
70.579635747 1
70.581125217 1
70.616364032 2
70.635291708 2
70.650290112 2
70.67290409 1
70.693629083 1
70.704098026 2
70.809224376 1
70.921028571 1
70.935121929 2
70.987386835 2
71.030740477 2
71.039013428 2
71.057579219 2
71.371834045 2
71.412151683 2
71.482818896 1
71.491159826 1
71.517476832 1
71.609744084 2
71.625307598 1
71.687317524 2
71.789108784 1
71.83545763 2
71.849246672 2
71.940972902 1
71.95664987 1
71.958527206 1
71.976475805 1
72.031515723 1
72.040147643 2
72.188713196 2
72.244990602 1
72.339010803 2
72.452332268 1
72.509948773 2
72.512392721 1
72.554023635 2
72.586570104 1
72.658959389 2
72.885028277 2
72.903631908 1
72.94583068 2
72.963297365 2
73.05289413 1
73.089800737 2
73.152799175 2
73.21404176 2
73.32071363 2
73.345251803 1
73.385795193 2
73.502028209 2
73.520478395 2
73.574004593 1
73.604593594 1
73.65870324 1
73.664074021 1
73.87769901 2
73.9456565 1
74.059656595 2
74.063269778 2
74.14814969 1
74.257521612 2
74.286602134 1
74.481141296 1
74.497374391 1
74.510751802 1
74.537665075 1
74.583339713 2
74.595679066 2
74.711637865 2
74.939242779 2
74.942930202 1
74.999406496 1
75.059673477 1
75.117375791 2
75.119587293 2
75.149479425 2
75.182298354 2
75.538274122 2
75.716864279 1
75.806865544 2
75.809752857 1
75.835866626 1
75.86622471 2
75.875074269 2
75.91910702 2
75.930688058 1
75.995342572 1
75.999085193 1
76.017109478 1
76.055741122 2
76.24400738 1
76.328906395 2
76.424719277 1
76.433901176 2
76.472539618 2
76.493718898 2
76.50774381 2
76.516458216 2
76.575442202 1
76.701787984 2
76.746834938 1
76.92514301 1
76.949508648 2
76.971277093 2
77.219442741 1
77.244450468 1
77.262215921 2
77.302626498 2
77.31027185 2
77.495027861 1
77.659230007 2
77.707049168 2
77.72444499 2
77.728909622 1
77.737714145 2
77.874524972 2
77.891521633 2
77.970018302 1
78.002219761 2
78.14961343 2
78.165126236 1
78.448005724 1
78.561212925 1
78.590413674 2
78.596140554 2
78.617398074 1
78.624129189 2
78.660175166 1
79.225973413 2
79.331729318 2
79.356091008 1
79.397591255 1
79.444111916 1
79.475933083 2
79.496364975 1
79.501261135 1
79.609042184 2
79.732574483 2
79.74864169 2
79.751912741 2
79.815330596 1
79.842317651 2
79.898269424 2
79.92546646 1
80.004119115 1
80.122293179 1
80.140229051 1
80.14862444 2
80.204916673 1
80.208733295 2
80.27628736 2
80.353823365 2
80.477326639 2
80.548936075 1
80.587419334 2
80.718770774 2
80.792560998 2
80.855932159 2
80.862365859 1
80.915307792 2
80.942719143 1
81.044012886 2
81.073107877 1
81.123589826 1
81.142887248 2
81.181991369 2
81.200890635 2
81.233739983 2
81.273549586 2
81.33626955 1
81.348212562 2
81.513188892 1
81.550914946 1
81.773939093 2
81.810439609 1
81.875485894 2
82.067537118 2
82.347397966 2
82.358160539 2
82.531215823 2
82.548730024 2
82.556726236 2
82.575260457 2
82.659760614 2
82.733539454 1
82.738289934 2
82.741183891 1
82.800736868 1
82.911980677 2
83.09643184 1
83.190834518 1
83.340998274 2
83.344235082 2
83.384865752 2
83.388738178 2
83.424335915 2
83.573842373 2
83.709325887 1
83.900802097 2
84.01676925 2
84.028554137 1
84.030896269 1
84.362408995 1
84.420167652 1
84.472753512 1
84.473694905 2
84.626083097 1
84.671941776 2
84.681019201 2
84.712584911 2
84.732753275 1
84.832153216 2
84.886947384 1
84.90978774 1
85.065996593 2
85.199024188 2
85.329069095 2
85.507338782 1
85.540450719 2
85.54758685 2
85.61499703 1
85.642444526 2
85.679317133 2
85.737043334 2
85.823130383 2
85.880814957 1
85.912252906 2
85.952612496 1
85.987552703 1
86.034132777 2
86.060882077 2
86.060951702 1
86.064263122 1
86.103721017 2
86.124807074 2
86.135986151 1
86.166748348 2
86.255910031 1
86.467658309 2
86.568426929 1
86.574237692 1
86.639986249 2
86.659082382 1
86.691372623 2
86.947253005 2
87.000919574 1
87.047073622 2
87.122132794 1
87.236642051 2
87.290589987 2
87.457588293 1
87.512890431 1
87.522177625 2
87.559818554 1
87.753893715 1
87.757931579 1
87.777589623 2
87.792842278 1
87.799864754 2
87.867422011 2
87.934634051 1
87.954876091 2
88.029561245 1
88.041295063 2
88.085013085 2
88.246887628 2
88.387801906 2
88.446697146 1
88.566741379 2
88.590931018 2
88.604645851 2
88.642773446 1
88.657574175 2
88.703062146 2
88.727050367 2
88.761123991 2
88.778253925 2
88.812065049 2
88.90151206 1
88.976650635 1
89.001455216 1
89.158794226 1
89.238704989 2
89.338301223 2
89.340342444 2
89.371693454 2
89.449979657 2
89.456238534 2
89.496972012 2
89.576710382 1
89.601793476 2
89.627000993 2
89.640455191 1
89.782336899 1
89.805253353 2
89.843020913 1
89.856223004 1
89.898059563 1
89.931285301 1
89.981532611 1
90.118017969 2
90.208043033 2
90.21393701 1
90.306019543 1
90.468673212 1
90.513296197 1
90.601001568 2
90.609133795 2
90.6132265 2
90.700879411 2
90.722802838 2
90.812876748 1
90.849247127 1
90.866216753 2
90.931555452 2
90.935042269 2
91.241416843 1
91.308379963 2
91.388875322 1
91.486158471 2
91.533099685 2
91.578913749 1
91.647768391 2
91.651661835 1
91.723302679 2
91.947714142 2
92.235116892 1
92.323117961 1
92.394433053 2
92.405187234 1
92.447671842 1
92.450112459 2
92.466063605 1
92.481419066 2
92.484110859 2
92.48507606 1
92.636084839 2
92.676612629 2
92.69039338 1
92.702014121 1
92.740152503 1
92.756209532 1
92.916644971 2
92.973456166 1
93.030281336 2
93.039546246 1
93.053212639 2
93.087196095 2
93.177588223 2
93.180390717 2
93.195383805 1
93.25528245 1
93.338492482 1
93.361667968 1
93.405114129 2
93.517667828 1
93.853688937 1
93.877026994 2
93.878505218 1
93.979169491 2
93.997257735 2
94.079676936 1
94.259595762 1
94.364027737 1
94.46237762 1
94.477609271 2
94.512544237 2
94.557610558 1
94.570788901 2
94.577764957 2
94.582148551 1
94.652982345 2
94.982123862 2
95.006025043 2
95.157722258 1
95.231074816 2
95.348838859 1
95.413241268 2
95.42378662 1
95.432709957 1
95.43851249 1
95.54649977 1
95.558489792 1
95.606159552 1
95.707640341 2
95.831053028 2
95.928687957 2
95.934420138 1
96.100240019 2
96.131449358 2
96.177536159 2
96.25596614 2
96.289980142 1
96.354913745 1
96.377162226 1
96.449406445 2
96.524325524 2
96.534080127 1
96.585557644 1
96.628875528 1
96.742058488 2
96.792218301 1
96.926119618 2
97.033621832 1
97.082412718 2
97.153147832 1
97.157558236 2
97.2425986 1
97.28508326 2
97.301946824 1
97.403721808 2
97.408182062 2
97.452283815 1
97.529871553 2
97.597620693 1
97.608077144 1
97.62703034 2
97.655820524 2
97.824279642 2
97.99526554 1
98.196122467 1
98.22767662 1
98.266366045 2
98.270574413 2
98.341370567 2
98.437736568 1
98.51845366 2
98.585775107 2
98.620303853 1
98.691338781 1
98.692825999 1
98.875987147 2
98.929720875 1
98.952306919 2
98.956064357 2
98.984269704 2
99.044675149 1
99.058174446 1
99.058677445 2
99.108717739 2
99.140053809 1
99.247637411 1
99.354454001 2
99.458600965 1
99.461595936 1
99.519115665 1
99.537443145 2
99.722482437 1
99.732321594 2
99.770154048 1
99.857489021 2
99.972309537 1
99.989055634 1
99.996677564 1
100.151977849 1
100.152225898 1
100.287794629 1
100.454605154 1
100.473249762 2
100.501270604 2
100.588923668 2
100.613141247 2
100.639515707 2
100.731641254 2
100.777001285 2
100.789206796 1
100.833235308 2
100.838946846 1
100.915010755 2
100.950833194 1
101.059219016 2
101.108191508 1
101.11578202 1
101.193705707 1
101.266773391 1
101.356022735 1
101.480356885 1
101.49607408 2
101.543795167 2
101.600693996 1
101.633348814 1
101.68653614 1
101.738500227 2
101.764287444 2
101.786109049 2
102.059291757 1
102.064850093 2
102.213193489 1
102.216576453 1
102.674028832 2
102.738274107 1
102.749036886 2
102.798987726 1
102.820703918 2
102.9536624 1
102.997239414 2
103.04025501 2
103.051591505 1
103.087465903 2
103.089886039 2
103.120370859 1
103.129013903 1
103.203552553 2
103.218494686 1
103.359129967 2
103.43205403 1
103.600139572 2
103.676120807 1
103.759015887 2
103.774405191 1
103.800465166 1
103.817413289 2
103.834087635 2
104.013470263 1
104.072139011 1
104.230725378 2
104.261864142 1
104.343071432 2
104.385945955 2
104.39767556 2
104.521519402 2
104.576647007 1
104.581494851 2
104.633503355 2
104.68385929 2
104.687968457 2
104.690370613 2
104.756771375 1
104.77613135 1
104.974584528 1
105.052962946 1
105.179462089 2
105.536095918 2
105.546566254 2
105.580660788 2
105.590866562 2
105.65761376 1
105.660810073 2
105.779803153 1
105.927696327 2
105.969008636 1
105.970872133 2
106.09256413 2
106.187896112 1
106.25649241 2
106.46604029 1
106.521058497 2
106.546131404 1
106.603377047 1
106.674941159 2
106.692745586 2
106.73404364 2
106.739995568 2
106.770535549 2
106.801674484 2
106.825643011 1
106.859065512 2
106.870655542 2
106.928497052 2
107.023782388 2
107.091874028 1
107.097117262 2
107.144722174 1
107.346432393 2
107.383760768 1
107.46315739 2
107.555111948 1
107.575334639 2
107.668029871 1
107.81577496 2
107.851176754 2
107.897982442 1
108.012225698 2
108.015577499 1
108.025766379 2
108.171173885 1
108.254666711 1
108.562362609 1
108.566948142 2
108.627445122 1
108.650450367 2
108.753646577 1
108.7880308 1
108.810378331 2
108.988378156 1
109.106920927 1
109.155389634 2
109.224110077 1
109.324270092 1
109.378206745 2
109.425496596 1
109.749644199 2
109.751533702 1
109.783965797 2
109.862964556 2
109.95975003 1
110.001582277 2
110.00208669 1
110.068569899 1
110.112964957 1
110.177028427 2
110.189093094 1
110.215290042 2
110.338031819 2
110.733709845 2
110.915896886 2
111.111449198 2
111.243252199 2
111.274491752 1
111.321511257 1
111.339125379 2
111.346638961 2
111.354753659 1
111.381637555 1
111.507654043 2
111.565129275 1
111.614066608 2
111.688911085 1
111.691838337 1
111.734428944 1
111.748365064 2
111.853753806 1
111.926117738 1
111.927875628 1
111.962454517 1
112.004836448 1
112.00574645 1
112.034525056 1
112.12431654 1
112.224184267 1
112.359220548 1
112.522519069 1
112.565584527 1
112.622379809 1
112.633024994 2
112.755300957 1
112.767326503 2
112.790210017 1
112.795745842 2
112.822379785 2
112.945724959 1
112.980790882 1
113.123492921 2
113.177689926 2
113.232283109 2
113.237309845 1
113.264077389 1
113.266280797 1
113.266649081 2
113.306197648 2
113.403360542 2
113.424406341 1
113.451100402 2
113.491686702 1
113.588717137 1
113.608614166 2
113.632703589 1
113.699849358 1
113.721174965 2
113.966308727 2
113.972002519 1
113.992837143 1
114.007956419 2
114.015043286 1
114.044255563 2
114.176525342 2
114.179056129 2
114.227136146 1
114.244782835 2
114.291361079 1
114.441436391 2
114.471576015 2
114.512581936 2
114.570864803 2
114.712299284 2
114.722817739 1
114.816280344 1
114.911475647 1
114.926921266 1
115.035162265 1
115.040511104 1
115.112763081 1
115.149385403 2
115.24528387 1
115.251283128 1
115.320248357 2
115.35276441 2
115.384340191 2
115.391185429 2
115.524663543 2
115.612889188 1
115.833734517 1
115.943727749 1
115.967487036 2
116.007106616 1
116.065918651 2
116.109639091 2
116.14822092 2
116.191663118 1
116.236863869 2
116.239126887 1
116.342836838 1
116.577244852 1
116.677583304 2
116.707257259 2
116.731284251 1
116.866975006 1
117.092755747 2
117.115666626 1
117.173099086 2
117.28894832 2
117.297636739 1
117.34327107 1
117.394641117 1
117.399356426 2
117.618378942 2
117.620189901 2
117.647323689 2
117.753895571 1
117.856496682 1
117.958461497 1
118.033046162 2
118.147889724 1
118.226805374 1
118.393871065 1
118.405027831 1
118.486579243 1
118.837525475 1
118.865488721 2
118.90281065 2
118.994805601 1
119.188542726 2
119.192637686 1
119.229810815 2
119.236705363 1
119.279437331 2
119.279812008 2
119.322777118 1
119.355003861 1
119.373975282 2
119.420090535 1
119.457670534 2
119.656021197 1
119.701285076 2
119.717137521 2
119.832924515 2
120.210692786 1
120.234432162 2
120.240985631 1
120.272650723 1
120.287351811 1
120.316202162 2
120.353867276 2
120.380375768 1
120.530631061 2
120.541224151 1
120.662629023 2
120.662994654 2
120.887050312 2
120.982856008 1
121.125934834 1
121.166069226 2
121.356086725 1
121.392747047 2
121.506733209 1
121.642631711 1
121.69659738 2
121.724232379 1
121.817390608 1
121.819152699 1
121.870721338 2
122.022059298 1
122.025898443 1
122.102444853 1
122.194609057 2
122.213227688 1
122.378317304 2
122.399805475 1
122.567919871 2
122.698743492 1
122.738973814 2
122.786478932 1
122.813199155 2
122.818794362 1
122.838301528 2
122.910898935 1
122.913065033 2
122.96823291 1
122.969327742 1
122.989641636 1
123.070257395 2
123.086923069 2
123.152110458 1
123.198415341 2
123.205214341 1
123.231407761 1
123.324993764 2
123.40945924 2
123.458781978 2
123.462126473 2
123.47101923 2
123.517301483 2
123.5314803 1
123.582871421 1
123.588284864 2
123.60867048 1
123.624600385 2
123.62545 1
123.664851966 2
123.68528491 2
123.898798092 1
123.915589437 2
124.049764534 1
124.207376452 2
124.211009069 1
124.260119534 2
124.303500495 2
124.403649595 2
124.416023197 2
124.431424123 1
124.54979397 2
124.561533555 1
124.600458665 2
124.690273869 2
124.731260859 1
124.79180469 1
124.810059021 1
124.856091502 2
124.936012246 2
125.02187166 2
125.056721849 1
125.173173445 1
125.189715871 1
125.205299264 2
125.28171737 1
125.441414922 1
125.469589034 1
125.477613266 1
125.47865624 1
125.621594844 2
125.685222448 1
125.687193258 2
125.708131257 2
125.736691496 1
126.029769476 1
126.04677764 2
126.293168351 2
126.443430775 2
126.548339693 1
126.558257974 2
126.572373519 2
126.595633329 2
126.649646131 2
126.93170834 1
126.979742532 2
127.010933239 2
127.023348853 2
127.056461005 2
127.147338627 2
127.180772893 1
127.183742959 1
127.204526792 1
127.237021949 1
127.26893783 2
127.310055793 2
127.317558162 1
127.391213677 2
127.423175727 2
127.579281778 2
127.580426121 2
127.632427128 1
127.64238636 1
127.676293523 1
127.709813813 1
127.753849379 2
127.808184872 2
128.143494553 2
128.176182833 2
128.22148692 1
128.260060578 1
128.267288359 1
128.313959074 2
128.435095641 1
128.520902103 1
128.546943759 1
128.592132555 1
128.622400021 2
128.645853744 2
128.722352258 2
128.8425617 2
128.923904521 2
128.962171813 1
129.198302773 2
129.204537208 1
129.270242657 1
129.317502519 1
129.344989227 1
129.39991858 2
129.438015738 2
129.533904379 2
129.720687168 1
129.787701508 1
129.988917223 2
130.006720087 2
130.009576724 2
130.181001781 1
130.235138278 2
130.271297265 2
130.309609774 2
130.31980636 1
130.422834483 2
130.544922574 1
130.618949503 1
130.788711676 2
130.86489226 2
130.91492461 2
130.936541258 1
130.965207715 2
130.980267151 1
131.110191564 2
131.126247332 2
131.187122905 1
131.240173161 1
131.380367538 2
131.474649925 1
131.498145668 2
131.499073556 1
131.503976502 2
131.5472594 2
131.573307407 1
131.590999463 2
131.620884303 1
131.659178348 2
131.666805602 2
131.66740431 2
131.756071005 2
131.860926802 2
131.949054866 1
132.006041029 1
132.175302033 1
132.355122463 2
132.394455341 1
132.429992454 2
132.633609039 2
132.716783346 2
132.729889798 1
132.807338907 1
132.836491099 1
132.861404541 1
132.873627626 2
132.876619073 1
132.926885873 2
132.934899383 2
133.185177089 1
133.20474321 2
133.265703233 2
133.281424157 2
133.289991673 1
133.305884084 2
133.398994061 1
133.446925533 1
133.519291152 2
133.706381557 1
133.730961064 2
133.938480183 1
134.059432724 1
134.186961199 1
134.217807689 1
134.313232315 1
134.431556418 2
134.442763221 1
134.474765412 1
134.542082018 2
134.551688658 2
134.574547094 2
134.671794135 1
134.686342176 1
134.713119284 1
134.753227552 1
135.219962229 1
135.248602149 1
135.314414953 2
135.33217861 2
135.410784165 2
135.457097835 1
135.464781536 1
135.666939247 2
135.670865353 2
135.697961206 2
135.734463851 1
135.82053888 2
135.845310856 2
135.849104733 2
135.855949586 2
135.894779897 2
135.906747444 1
135.92841034 1
135.971055536 2
135.980556301 1
135.995141585 1
136.045005121 2
136.138218339 1
136.141306917 2
136.333290193 1
136.337517597 2
136.362229454 2
136.369207187 1
136.42475187 2
136.441521108 2
136.525755494 1
136.618557412 2
136.682817452 2
136.838332415 2
136.878538109 1
136.928482731 1
136.933710216 2
137.019508511 2
137.079340473 1
137.144625132 1
137.146432317 1
137.253489291 1
137.446373814 1
137.458317946 1
137.617117492 1
137.634950487 1
137.684061724 1
137.740285541 1
137.795314757 1
137.852014732 1
137.902044622 1
137.957671121 1
137.999483395 2
138.039673455 2
138.071559363 2
138.20023896 1
138.235225014 2
138.325784113 1
138.414382812 1
138.464745291 1
138.645352368 1
138.682698107 1
139.001918388 2
139.044286973 1
139.111134401 1
139.136025267 1
139.166434783 1
139.220435211 2
139.278010686 1
139.293066972 1
139.432515041 1
139.449612752 1
139.554076007 2
139.560025253 1
139.6445719 2
139.770206825 1
139.980714274 2
140.070424659 2
140.222455132 2
140.279369667 2
140.282773163 2
140.282850866 2
140.322273846 2
140.330983851 1
140.345427745 2
140.388964624 2
140.397517599 1
140.485346359 2
140.532995067 2
140.684297306 2
140.747738843 2
140.92488468 2
141.052846745 2
141.098972175 1
141.099028127 2
141.25107647 1
141.267582092 2
141.30904448 2
141.35608398 2
141.362830455 2
141.401109106 1
141.423042744 1
141.454472557 2
141.53011692 1
141.534878797 2
141.545015243 2
141.594644992 2
141.687952719 1
141.804048388 1
141.881323801 1
141.953369388 1
141.972866478 1
142.033226834 2
142.329568962 2
142.33425748 1
142.463215828 1
142.497593555 1
142.517456782 2
142.656520076 2
142.688704686 2
142.776648926 1
142.820063436 1
142.856349675 1
142.935528032 2
142.961516997 1
143.026536696 2
143.089578339 2
143.127436266 1
143.138863076 1
143.194805119 2
143.276750214 1
143.279496148 2
143.410213008 2
143.45557561 1
143.506275783 1
143.508391768 1
143.523346669 1
143.538873124 2
143.598460124 1
143.655088873 1
143.771699108 1
143.77572814 1
143.832107493 1
143.886881326 1
143.936656726 2
144.040208997 1
144.199984095 2
144.227887953 1
144.357700803 2
144.401687653 1
144.439168016 1
144.5989535 1
144.632704185 2
144.751808822 1
144.754433561 1
144.947933719 2
144.982184918 1
145.02465225 2
145.0770213 2
145.101486533 1
145.144886872 1
145.296768477 1
145.376048519 2
145.409547186 2
145.450982841 2
145.592954191 2
145.648079723 1
145.939446977 1
145.945825247 2
145.964472635 1
146.053836234 1
146.081749483 1
146.133698835 1
146.306569309 2
146.326164025 1
146.341779082 2
146.364318555 1
146.40636829 1
146.436619006 2
146.442304693 2
146.446219481 1
146.57902641 2
146.599453857 1
146.610124485 2
146.66633176 1
146.794059366 2
146.825485011 2
146.829488409 1
146.915137048 2
146.970017218 2
146.988523603 1
147.103199246 1
147.105893842 1
147.292732281 1
147.387370575 2
147.407759166 1
147.608548695 1
147.626447104 1
147.72525735 2
147.794328896 2
147.81303835 2
148.255362453 1
148.290444596 2
148.356195943 1
148.790710474 2
149.010973004 1
149.034244246 2
149.069706348 2
149.133151987 2
149.234126519 1
149.289410482 1
149.319097016 2
149.384558513 2
149.492359788 2
149.574255023 2
149.622754857 1
149.709481626 1
149.719955156 2
149.760070045 2
149.883552443 1
149.926262562 1
149.976521795 1
150.016457302 1
150.041539452 1
150.301155621 2
150.352779623 1
150.355546743 1
150.50642969 2
150.550666964 2
150.552433165 1
150.616330108 2
150.6486972 1
150.648723594 1
150.675746175 2
150.686422656 1
150.73172183 1
150.761791165 2
150.786864385 2
150.899073622 1
150.931423618 1
151.083123943 2
151.118519124 2
151.159612387 1
151.161171037 1
151.181027984 1
151.187071195 2
151.199763387 1
151.22231053 1
151.295965572 2
151.35354904 2
151.465600363 1
151.500183788 1
151.501833964 1
151.633177427 1
151.696236747 2
151.706425244 2
151.788046056 1
151.825113918 2
151.880777963 1
151.95039649 2
151.982282558 2
152.016574418 2
152.040216411 1
152.041170733 2
152.284675086 1
152.342498294 2
152.347520571 1
152.406578428 2
152.439224082 2
152.455313623 1
152.496631789 2
152.717205563 1
152.729504668 1
152.868204162 2
152.896336441 1
152.937522564 2
152.948738569 2
152.975642632 2
153.05232374 1
153.157748972 2
153.294240346 2
153.499804431 1
153.515812801 1
153.543595398 2
153.62217566 1
153.658190742 2
153.714892537 1
153.737699178 1
153.739383258 1
153.819959821 1
153.976570772 2
154.043116228 2
154.100995626 1
154.164523055 2
154.217627792 2
154.220832947 2
154.231539827 2
154.380915022 1
154.404898205 2
154.476983198 2
154.48534249 1
154.615888061 2
154.695056347 2
154.724277618 2
154.752626818 1
154.837903162 1
154.888634992 2
154.891830184 2
154.949191729 1
154.954646971 1
155.105860043 1
155.111705069 1
155.228649753 2
155.534154681 2
155.678106002 2
155.808268942 1
155.818821303 2
155.984731038 2
156.007933146 2
156.150112897 1
156.237118494 1
156.33457279 1
156.36682053 1
156.389587291 1
156.549345362 1
156.580655609 1
156.779608877 1
156.780026956 1
156.835757343 1
156.863078327 2
157.104913608 1
157.129453913 2
157.133252536 1
157.148910021 1
157.155344378 1
157.401523825 1
157.50351512 2
157.515060039 1
157.560783496 2
157.628572089 2
157.666609867 1
157.736718247 1
157.750669343 1
157.769781627 2
157.814438378 1
157.912058438 2
157.917939624 1
157.948290549 2
157.971338131 2
158.004507146 1
158.176223441 2
158.196311888 1
158.214451051 2
158.284206758 2
158.350832462 2
158.363321536 1
158.46035806 2
158.559187626 1
158.642318418 1
158.646819789 1
158.832981392 1
158.863879529 2
159.066529346 1
159.106406335 1
159.110575479 2
159.116924884 2
159.16002888 2
159.176262767 2
159.295350104 2
159.386019514 2
159.39772955 1
159.411646757 1
159.503315607 1
159.531731065 2
159.551486348 2
159.692753518 2
159.735692761 2
159.751223048 1
159.770806308 1
159.875160052 1
159.918082857 1
159.948822055 2
159.969406397 1
160.007032491 1
160.037388582 1
160.044817398 1
160.203035454 1
160.303840777 2
160.370699709 1
160.372094897 1
160.406996937 1
160.416421372 1
160.420668043 2
160.507661978 1
160.664482219 2
160.674856958 1
160.693651269 2
160.751954393 1
160.754565409 2
160.755133517 2
160.877414644 2
160.916895344 2
160.958373105 2
160.961691285 1
160.978364257 2
160.988040601 1
160.9973669 2
161.006584639 2
161.070412802 2
161.13935535 1
161.142891987 2
161.237013163 1
161.265095979 2
161.305636216 2
161.329182902 2
161.402528449 2
161.426868421 1
161.454363199 2
161.679907942 1
161.712390738 2
161.747237553 2
161.749275862 2
161.871769148 1
161.940598452 2
161.95434902 1
162.038482839 1
162.082963241 2
162.25488081 2
162.322645769 2
162.371911684 2
162.37802963 1
162.472052677 1
162.496878354 1
162.58158866 1
162.63765711 1
162.656278134 1
162.697818372 2
162.805752793 2
162.811605718 1
162.839280397 1
162.89047071 2
163.09885737 1
163.106631111 1
163.25243705 2
163.3001934 2
163.306727 1
163.314753639 2
163.31601418 1
163.365480205 2
163.371133778 1
163.386704139 2
163.423472867 2
163.462890105 2
163.47117948 1
163.497310015 1
163.56741109 1
163.639138124 2
163.698499767 1
163.717845408 1
164.056264674 1
164.092991017 2
164.224812341 1
164.298625612 2
164.320529762 1
164.407451938 1
164.482509544 1
164.492401535 2
164.60091545 2
164.677715938 1
164.716034052 1
164.716951601 1
164.723106862 2
164.985126937 2
165.144780426 1
165.145656625 1
165.264294952 2
165.45503539 1
165.554055629 2
165.574537842 1
165.801807185 2
165.815994399 1
165.872137676 2
165.881598442 1
166.02245992 2
166.134532772 1
166.162436991 1
166.165582521 2
166.231918074 1
166.263788677 1
166.330400029 1
166.338621409 1
166.402429077 1
166.528713765 2
166.5410762 1
166.553795326 1
166.615390356 1
166.639535718 2
166.671318368 1
166.830822992 2
166.856832181 1
166.891107926 2
166.893162684 1
166.902672223 1
166.933958399 2
167.206806826 2
167.233135367 1
167.477691304 2
167.549693584 2
167.752934725 2
167.790455396 1
167.849404916 2
168.010634385 1
168.172844449 2
168.18382178 2
168.18917001 1
168.275783629 1
168.278968175 1
168.618952544 2
168.629053419 1
168.734287553 2
168.777681414 2
168.79411368 1
168.85343143 1
168.983823432 2
169.021774147 2
169.218001589 2
169.29383658 1
169.32967502 1
169.436506868 1
169.530843458 1
169.548781855 2
169.609253274 2
169.615574518 1
169.633251602 1
169.646441749 1
169.646898983 2
169.681726069 1
169.695397213 1
169.762519427 1
169.896968632 2
169.905307539 2
169.915106142 2
170.045523516 2
170.272033744 1
170.371349131 2
170.520368847 2
170.560508585 2
170.811644053 2
170.87601861 2
170.913213031 2
171.005724776 2
171.008504687 2
171.070975976 2
171.274213204 1
171.336650409 2
171.390388341 2
171.468135157 2
171.50391598 2
171.50891571 1
171.55965829 1
171.573483372 1
171.671774801 2
171.715900588 1
171.83987833 2
171.861239027 1
171.894898755 1
171.981246084 1
172.349853336 1
172.400267861 1
172.411891118 2
172.440932346 2
172.526222271 2
172.532043912 1
172.635486616 2
172.917035581 2
172.946690765 1
173.024335768 2
173.090730506 2
173.268228515 2
173.286854557 1
173.288791369 1
173.309834739 2
173.324495997 1
173.343107616 2
173.346165481 2
173.451111959 2
173.653542151 1
173.659584728 1
173.702237282 1
173.8251062 2
173.878973018 2
174.009707069 2
174.092013918 2
174.312935469 2
174.378854216 1
174.384895299 1
174.439986706 1
174.450799485 2
174.537330781 2
174.58794927 2
174.615690597 1
174.639213526 2
174.65292704 1
174.828506754 1
174.831662415 1
174.890159329 2
174.89910445 1
174.921127218 2
174.937037917 1
175.0157274 1
175.026749254 1
175.038593409 2
175.068849679 1
175.138109684 1
175.183173251 2
175.239754111 2
175.30483843 2
175.306371156 2
175.360958807 2
175.374795512 2
175.377929591 2
175.40324289 1
175.435175625 1
175.450795569 1
175.455359872 2
175.489632749 1
175.493339121 1
175.523747917 2
175.526241189 2
175.538802048 2
175.606098971 1
175.662268729 2
175.712319964 1
175.734033547 1
175.765001492 2
175.846975147 1
176.198584146 2
176.215324689 1
176.375032329 2
176.406969464 2
176.411618842 2
176.482025227 1
176.522326229 2
176.625308236 1
176.81978657 2
176.820138739 1
176.852119382 2
176.912351617 2
177.018278862 1
177.059214727 1
177.164723127 2
177.231055556 1
177.471387469 2
177.507010589 1
177.510509493 2
177.531552504 2
177.715292289 2
177.893279649 2
178.000212593 1
178.023472506 2
178.044608086 2
178.064625379 1
178.119251356 2
178.131087182 1
178.264671244 1
178.271144672 1
178.322753346 2
178.337530648 1
178.374634453 2
178.633170882 2
178.650902537 1
178.76931223 2
178.771967032 1
178.781030987 1
178.886436169 1
178.890605125 2
179.097825961 1
179.117199885 2
179.133738496 1
179.162681158 1
179.31514373 2
179.33110326 1
179.367962381 1
179.487143444 2
179.591098748 2
179.673225503 1
179.674739992 1
179.690183974 1
179.78717806 2
179.831136986 2
180.050642481 2
180.092734746 2
180.19567406 1
180.220820932 2
180.229118274 2
180.309047907 2
180.403366399 1
180.404125857 2
180.418307312 2
180.496742696 1
180.549705501 1
180.608118927 1
180.614592297 2
180.648481621 2
180.673601637 1
180.684903138 2
180.716089437 1
180.734208027 1
180.742075193 1
180.774964223 2
180.834825861 1
180.917048289 2
180.943887101 2
180.97667963 1
180.99444141 2
181.005911085 2
181.059610788 1
181.150857274 2
181.373372893 1
181.513645144 1
181.562562346 1
181.580239576 2
181.658954832 2
181.754638442 2
181.864440029 1
182.060772491 2
182.075130189 1
182.128588341 2
182.143987655 1
182.172927448 1
182.21450469 2
182.375750076 1
182.537747547 2
182.623012091 2
182.641782963 1
182.844743604 1
182.948042537 1
183.020577803 2
183.046308061 1
183.070601535 1
183.133209258 2
183.169397201 2
183.390283919 2
183.499528973 2
183.555918314 2
183.763546837 2
183.945763628 1
183.962718249 1
184.044040476 1
184.146999752 2
184.269404555 1
184.29300123 2
184.46725886 1
184.674559391 2
184.709037976 1
184.76309771 2
184.981488483 2
185.092861957 2
185.103134767 2
185.176680705 2
185.240640424 1
185.273008698 2
185.355303629 1
185.399836779 1
185.419012863 1
185.485277997 2
185.682518658 2
185.690509048 2
185.712816913 1
185.823823933 2
185.838896495 2
185.945857713 2
186.072428175 1
186.270894935 1
186.278692256 1
186.308717163 1
186.315159886 2
186.324394729 1
186.414790382 1
186.419859272 2
186.485028131 2
186.788069881 1
186.813610149 1
186.82371524 1
187.067815344 1
187.068934498 1
187.116876838 2
187.131683341 1
187.193626977 2
187.296084503 1
187.333938396 1
187.412211553 2
187.55698814 1
187.561707629 1
187.602888735 2
187.623443616 2
187.651147995 2
187.825010077 2
187.925694607 1
187.945779003 2
188.146451743 2
188.15233427 2
188.194002792 1
188.220083102 2
188.35793459 1
188.401040012 1
188.456911491 1
188.460058392 1
188.481079192 2
188.558093235 1
188.610057387 2
188.663209921 2
188.681709276 2
188.723368655 2
188.789613836 1
188.86075567 2
188.924734263 2
188.927664683 1
188.936636841 1
188.988516756 1
189.072173598 1
189.14732059 2
189.171178929 1
189.186140783 1
189.273881759 1
189.327989546 2
189.409349542 2
189.533562851 1
189.548117677 1
189.622878149 2
189.642567502 1
189.776554303 1
189.791490985 1
189.815220889 2
189.88137946 1
189.908002416 2
189.993951 1
190.030271618 2
190.077403287 2
190.115039257 1
190.173282497 2
190.261663499 1
190.304159325 1
190.371319514 2
190.391900902 2
190.45100671 1
190.483303701 1
190.523997019 1
190.559163399 2
190.605216343 2
190.623042926 1
190.625522993 2
190.656596704 1
190.863545442 1
190.871204659 2
190.876710109 1
190.896310985 1
190.969933154 1
191.036313448 1
191.068313659 1
191.18870937 2
191.268738846 1
191.487174376 1
191.522834508 2
191.551472487 1
191.555951086 2
191.672538563 2
191.71193279 1
191.774908895 2
191.799962526 2
191.80587674 1
191.865111731 1
191.944444742 2
191.961268962 2
192.010547869 2
192.040674742 1
192.064373305 2
192.072909727 1
192.143132774 2
192.148675981 1
192.171567769 1
192.194238788 2
192.322346318 2
192.435231914 1
192.578201257 2
192.712475359 2
192.737379525 2
192.761272578 2
192.857313223 1
192.91453245 1
192.978392952 1
193.151489904 1
193.230156281 2
193.292056069 2
193.320612815 2
193.401546959 2
193.435531585 1
193.455718358 1
193.462007341 2
193.509437325 1
193.678868309 1
193.680735029 1
193.796731138 1
193.898993131 2
193.945441951 1
194.079550722 1
194.136426029 2
194.172489546 1
194.31329627 1
194.364388833 1
194.399001534 2
194.443993026 2
194.462210678 1
194.516215525 1
194.529644908 1
194.530806414 2
194.546451375 2
194.692897503 2
194.770903039 2
194.886105414 2
194.927292191 2
195.15675554 2
195.347451656 1
195.476484749 2
195.546135159 1
195.631180001 2
195.663698419 2
195.679448175 1
195.76162938 1
195.775246951 1
195.833452977 2
195.875065575 2
195.934684346 2
195.943162347 1
195.945266912 2
196.052076211 2
196.070049369 2
196.128201054 1
196.13627533 1
196.350265517 2
196.35140119 2
196.377088859 1
196.430248681 1
196.501417888 2
196.580847283 2
196.674210181 1
196.740057816 2
196.831733629 1
196.881638589 2
196.892828061 2
196.91573487 1
196.933677612 2
196.982706669 1
196.989136783 1
197.021880784 1
197.04739242 1
197.069911264 1
197.140096442 1
197.241485015 2
197.338010147 2
197.434771587 2
197.644162326 1
197.647064891 2
197.654928725 1
197.736991889 2
197.773045213 1
197.8872794 2
197.927904894 1
197.972138336 1
198.040159702 2
198.050673726 1
198.101850365 2
198.130284418 1
198.21742528 2
198.294722071 1
198.399625152 1
198.512501646 1
198.552907475 2
198.581870777 1
198.66023839 2
198.669456459 1
198.691504812 2
198.707392245 2
198.858396965 2
198.945890253 2
198.978181827 1
199.007136128 2
199.039626574 2
199.09976532 1
199.161787515 1
199.171417513 2
199.178259211 2
199.22174468 2
199.271337153 2
199.466140422 1
199.580264588 2
199.596201004 1
199.642645415 1
199.750408836 1
199.776870634 2
199.792213984 2
199.829028512 2
199.869459494 1
200.015541204 1
200.019740494 2
200.076750179 1
200.122690051 2
200.147901857 2
200.238709616 1
200.353020965 1
200.363418574 2
200.371264218 2
200.566822832 1
200.628908673 2
200.633450812 2
200.753820624 1
201.011885678 1
201.019098703 2
201.086369147 2
201.086583229 1
201.122233545 2
201.166775753 1
201.233077494 1
201.365843843 1
201.479359881 1
201.489996877 1
201.490005103 2
201.567409029 1
201.649327404 2
201.658914843 2
201.74761946 1
201.792077044 2
201.792380709 1
201.874997992 2
201.936176801 2
201.995469741 2
202.009461615 1
202.013841058 2
202.037059542 2
202.103417446 2
202.257797671 1
202.277139119 2
202.321862152 2
202.424612179 1
202.474347785 1
202.612528211 2
202.622176814 2
202.638159515 2
202.808092463 1
202.852334075 2
202.911599623 2
202.996547097 1
203.09540582 2
203.193276211 2
203.240116574 1
203.353656487 2
203.35757382 2
203.390423839 1
203.520617096 1
203.603812771 2
203.714941901 2
203.892337424 2
203.934009442 1
204.024803302 2
204.158036608 2
204.293387373 2
204.367465009 1
204.452815652 1
204.491584304 2
204.62952285 1
204.663858473 1
204.664317253 2
204.6659796 1
204.753148453 1
204.802268169 2
204.812143556 1
204.93823093 1
205.081815286 2
205.08550484 2
205.452206797 1
205.702739122 1
205.713462227 2
205.897213246 2
205.904102116 1
205.961960062 2
205.985464821 2
206.175915408 2
206.184071641 2
206.210152988 2
206.210903817 2
206.241278005 2
206.32658793 1
206.462682597 2
206.68224123 1
206.693881737 1
206.714544976 1
206.80571107 1
206.818340226 2
206.81868575 2
206.842560013 1
206.950593823 1
206.971526607 1
207.077525931 1
207.179736783 1
207.292418385 2
207.38142083 1
207.634223067 1
207.657552671 2
207.666021412 1
207.688366595 1
207.717127402 1
207.730704741 1
207.798732611 1
207.804852484 2
207.810106347 1
207.886708347 1
207.974803279 1
208.013913768 2
208.018973889 2
208.075061455 1
208.094323687 1
208.198072839 1
208.222731725 2
208.298342214 1
208.300494179 1
208.311900709 1
208.369612823 1
208.376494265 1
208.438361769 1
208.520544195 1
208.553869679 1
208.583017989 2
208.589134901 1
208.60425242 1
208.613662866 1
208.72073557 2
208.73681591 1
208.803808148 2
208.869174584 1
208.906895065 2
208.92899628 1
208.989357375 2
209.074914162 2
209.178595113 2
209.331586383 2
209.399165138 2
209.408737861 1
209.41891046 2
209.455138449 1
209.520537167 1
209.671560753 1
209.687988113 2
209.718191433 2
209.722785881 1
209.90768024 2
209.950037796 2
210.043875977 1
210.098309781 2
210.164181642 1
210.196335613 2
210.20848122 1
210.214001429 1
210.251627455 2
210.311901125 2
210.531284672 1
210.873007869 1
210.910864936 2
211.018924863 2
211.187252812 1
211.4459207 1
211.516838158 1
211.578406782 2
211.685229667 1
211.712079795 1
211.771607739 1
211.778424291 1
211.792822986 2
212.327724608 2
212.412715331 2
212.43515609 1
212.888119494 1
212.987994599 2
213.020090436 2
213.074733615 2
213.133967328 2
213.153012099 2
213.250891648 1
213.264779273 1
213.27366101 2
213.783148868 2
213.936618047 1
213.96027914 1
214.089060015 2
214.103676766 1
214.198042394 1
214.229306914 2
214.263104043 1
214.333964342 1
214.35991998 1
214.450117053 1
214.467737841 2
214.531217009 1
214.556796743 1
214.60852491 1
214.734026565 1
214.860287436 2
214.864587739 1
215.064006353 1
215.134760333 2
215.166884492 1
215.20443205 1
215.448867616 1
215.487950056 1
215.86336811 1
215.873451579 1
215.948980451 1
215.980037615 2
215.986579017 1
216.092378108 1
216.152727487 2
216.163066867 1
216.232917989 1
216.298805014 1
216.339590213 2
216.355117292 2
216.465877614 2
216.494215219 2
216.526684783 1
216.586828655 2
216.631075298 2
216.688859501 1
216.932980898 1
216.98319469 2
217.066637052 2
217.113678028 1
217.122047903 1
217.12205313 2
217.216149882 2
217.225312483 1
217.312192206 1
217.313218269 2
217.330326978 1
217.453687394 1
217.607333698 1
217.630578676 2
217.671535437 1
217.723242226 2
217.744796485 1
217.754008334 2
217.79113152 2
217.796537084 1
217.865868093 2
218.08482491 2
218.115587302 2
218.301904033 2
218.305300895 2
218.359031002 1
218.398342989 1
218.433147271 1
218.449455967 1
218.454648239 2
218.496834207 2
218.507142592 2
218.584777557 2
218.622010074 1
218.734270246 2
218.742366475 1
218.825920269 2
218.877959063 1
218.908761745 2
218.994722018 2
219.025977269 2
219.079115767 1
219.094184091 2
219.192283722 2
219.397188965 2
219.442061062 1
219.475285073 2
219.483315578 1
219.509897861 2
219.585531428 2
219.627505395 1
219.720140371 2
219.746115786 2
219.825752676 2
219.828605466 1
220.07235453 2
220.155323589 2
220.159363592 1
220.3701297 1
220.627298162 1
220.785580594 1
220.838126978 2
220.919698442 2
220.987863817 1
221.009586749 1
221.421530749 2
221.461623666 2
221.487016429 2
221.64815935 1
221.648883785 1
221.657129355 2
221.697205202 1
221.698888544 1
221.701457091 2
221.717641 1
221.783944331 1
221.817030798 2
222.126192444 2
222.28268099 2
222.319961542 1
222.382337888 2
222.393728263 2
222.396782417 1
222.498109442 1
222.774788707 1
223.108045939 1
223.211953256 1
223.297524665 2
223.4917048 2
223.49870645 1
223.522759399 1
223.637331201 2
223.712767538 2
223.793017153 2
223.833938265 2
223.930476475 1
223.938414319 1
224.062285552 1
224.075069316 2
224.093774353 1
224.100977686 2
224.149340273 2
224.200567682 2
224.233942378 1
224.383310482 1
224.389963723 1
224.466437109 2
224.494806147 1
224.495099233 1
224.495207109 2
224.529278368 1
224.634767367 2
224.75802973 2
224.8137339 1
224.920919434 2
224.958640813 2
224.967482428 2
225.012568157 1
225.105651102 2
225.117729166 2
225.212360003 2
225.227402611 2
225.237218051 2
225.302612427 1
225.337633488 2
225.384457358 1
225.440739666 2
225.456354959 1
225.462976876 1
225.736736093 1
225.809880964 1
225.977505482 2
226.079596679 1
226.201030411 1
226.257213883 2
226.347184521 1
226.413867738 1
226.442969964 2
226.450557363 1
226.487809245 2
226.510449396 2
226.516271377 1
226.550783031 2
226.609981838 1
226.612158978 1
226.702779291 2
226.711983733 1
226.744413101 1
226.776357007 2
226.817206318 2
226.832912476 1
226.846304395 2
226.880200043 2
226.967519788 1
227.001289364 2
227.078567684 1
227.100411618 1
227.108998691 2
227.157857957 1
227.1711223 1
227.268084483 2
227.277001024 1
227.408083921 1
227.649221079 2
227.693913615 1
227.826093807 1
227.888836446 1
227.979021172 2
228.168446756 2
228.231578812 1
228.261460366 1
228.301700918 2
228.329110308 2
228.354116476 2
228.37493431 2
228.551582647 2
228.700557568 1
228.905230045 1
228.954481988 1
229.030972227 1
229.15666952 2
229.295675733 1
229.442535869 1
229.501019832 1
229.524444009 2
229.606562291 2
229.646459327 1
229.772356903 1
229.809368546 2
229.84867815 1
229.859551463 1
229.909479457 2
229.931185694 1
229.949010539 1
229.97711264 1
229.982375436 2
230.172488439 1
230.265936289 1
230.350034508 2
230.456710099 2
230.507560047 2
230.771194513 2
230.98722984 1
231.044513092 1
231.316519455 1
231.345250764 2
231.34735071 2
231.381676032 2
231.384019974 2
231.446455293 1
231.447300633 1
231.457086183 2
231.496725846 2
231.602559364 1
231.612976014 1
231.677084481 2
231.711446712 1
231.741555117 2
231.843344866 1
231.929459907 2
231.969987461 1
231.977690123 1
231.979318257 1
232.005932915 2
232.132396339 2
232.170636914 2
232.177570774 1
232.18117648 1
232.269241943 1
232.278772343 2
232.332406193 2
232.333465155 2
232.379520683 2
232.379843409 2
232.46154158 2
232.519103565 2
232.556100732 2
232.710419749 2
232.737560368 2
232.800232593 2
232.930224919 2
232.966367764 2
232.999544142 1
233.007084352 1
233.05918321 2
233.16963866 2
233.241070152 2
233.30146793 2
233.358682911 2
233.455419131 1
233.459334556 2
233.535613845 1
233.604850421 1
233.656180735 2
233.702284518 1
233.818202854 1
233.828378549 1
233.877259587 2
233.908790578 2
233.959170592 2
233.987532407 2
234.046867518 1
234.172050623 2
234.184008234 1
234.345008673 1
234.426003508 2
234.467638842 1
234.470075319 2
234.487749104 1
234.488171325 1
234.591030253 1
234.623667437 1
234.675242399 2
234.745594689 1
234.755001831 2
234.850432585 1
234.853266294 2
234.871595005 1
235.024767235 2
235.04992716 1
235.055449747 1
235.129983482 1
235.157293419 1
235.204092584 2
235.220576092 1
235.238906343 2
235.576497874 1
235.643509062 1
235.681160883 1
235.766197661 1
235.864019475 2
235.868823374 1
235.931314379 1
235.954255079 2
236.046666974 2
236.09139562 2
236.09865035 2
236.133732708 2
236.166095095 1
236.168046664 1
236.244813131 1
236.260059578 1
236.730076162 1
236.82190082 1
236.830227938 1
236.847704759 2
236.920341706 2
236.970183391 2
237.042058134 1
237.045964149 1
237.085121183 2
237.20458907 1
237.214851936 2
237.220781662 2
237.276409375 2
237.31616421 1
237.381727626 1
237.423170491 2
237.436785402 1
237.497692572 1
237.644872391 2
237.726528676 2
238.077978353 2
238.293083746 1
238.324934895 1
238.370500422 2
238.384939385 1
238.386571772 2
238.406381357 2
238.460824104 1
238.529153764 2
238.537558962 2
238.537650454 1
238.539163553 1
238.613555452 2
238.66446733 2
238.67305073 2
238.778926747 1
238.831068595 1
239.00897067 1
239.063940384 1
239.169081227 2
239.178593635 1
239.206091732 1
239.329482019 1
239.332957844 2
239.405955392 2
239.418555027 1
239.444483689 1
239.568750695 1
239.580761555 2
239.713510196 1
239.931457306 1
239.941188305 1
239.946366496 1
240.137551659 1
240.177563215 1
240.226104716 2
240.304464598 1
240.544708653 1
240.63625352 1
240.766959994 2
240.805250647 2
240.923301933 1
241.003116857 1
241.030088244 2
241.081497795 1
241.10063846 2
241.167056011 2
241.176022902 2
241.202496859 2
241.245050371 1
241.259673855 1
241.281761426 2
241.292850059 2
241.359652405 1
241.374302724 1
241.385848216 2
241.583167711 1
241.626396334 1
241.629702559 1
241.646749982 1
241.6984479 2
241.737125257 2
241.779405102 1
241.938354792 2
242.041745495 2
242.222458337 2
242.300317497 2
242.303285104 2
242.338132845 2
242.383341974 2
242.457135339 2
242.463233266 1
242.529935775 1
242.729451033 1
242.877807802 2
242.880959472 1
242.906070638 2
242.980856653 1
242.988769759 2
242.994340031 2
243.009993184 1
243.029003351 1
243.29261043 1
243.338964038 2
243.417012641 2
243.45179276 2
243.479534538 2
243.523994508 2
243.556948266 1
243.818774574 1
243.851002493 2
243.916510384 2
243.920695189 2
243.950959219 1
243.96872296 1
244.07403582 2
244.084331643 2
244.179028978 1
244.230419302 2
244.261574036 1
244.267422802 1
244.273731981 1
244.327387899 2
244.464943895 2
244.498594747 2
244.508975689 1
244.530204207 2
244.615501672 2
244.669782235 1
244.739489953 1
244.750263373 2
244.755857417 1
244.96831745 2
245.161623671 1
245.213246281 1
245.270699925 2
245.276604214 1
245.315428633 1
245.446080974 1
245.494944037 2
245.500262564 1
245.545305936 1
245.574641252 2
245.575637537 2
245.657425753 2
245.677871816 1
245.70106885 1
245.811740184 2
245.821799892 1
245.877888749 2
246.045597738 1
246.064090168 2
246.095655001 2
246.147461788 1
246.171189987 2
246.296272638 2
246.378234357 1
246.42801664 2
246.572039 1
246.716851754 1
246.732834133 1
246.840322973 1
246.852192448 2
247.020723585 1
247.055835968 1
247.125093102 2
247.274567755 2
247.303760998 1
247.332848376 2
247.439889621 1
247.491635611 1
247.49417624 2
247.626083587 1
247.636451592 2
247.653016135 1
247.690882546 1
247.876431383 2
248.046427858 1
248.053298484 1
248.083899835 2
248.167805019 2
248.289123707 1
248.342695603 2
248.357534801 2
248.411964479 2
248.4205791 2
248.498555713 1
248.505279979 2
248.522505637 2
248.679442137 2
248.77200685 2
248.807678578 1
248.828310735 1
248.914976563 2
248.995904547 1
249.061323113 2
249.092432623 2
249.190454143 1
249.198894098 1
249.198941614 2
249.360388905 1
249.362372904 2
249.481606077 1
249.498990073 1
249.611805795 1
249.625029175 1
249.643685598 1
249.820617445 1
249.841272942 2
249.891950246 1
249.90520807 1
250.072738833 1
250.112126845 1
250.15423086 2
250.168037457 2
250.174716431 2
250.206960198 2
250.283820492 1
250.328956975 1
250.346558729 1
250.405177499 2
250.407348668 2
250.444107641 2
250.586626321 1
250.706829729 2
250.735395941 2
250.749897399 1
250.836489063 2
250.882630016 2
251.237729588 1
251.248797604 1
251.25701115 1
251.258258964 1
251.333436086 2
251.354335554 2
251.363959801 1
251.474143119 1
251.541419577 2
251.56766627 1
251.582518888 1
251.736876577 1
252.106554937 2
252.178690375 1
252.345349965 2
252.393369147 1
252.472494932 2
252.68331588 2
252.723866057 1
252.749203078 1
252.803014599 1
252.827558134 1
252.83083422 1
252.869810115 2
253.046367927 2
253.105979969 1
253.225364418 2
253.230455258 2
253.341308853 1
253.378440638 2
253.385075124 1
253.453426462 1
253.470058847 2
253.501611834 2
253.617304068 1
253.654925758 2
253.691829398 2
253.707920088 1
253.712075408 1
253.733725882 2
253.779235595 1
253.998995903 2
254.035309488 1
254.120912744 2
254.175298088 2
254.205700959 2
254.255626374 2
254.311951072 1
254.315701099 2
254.348611954 1
254.536911337 2
254.543079737 1
254.552648202 1
254.556232676 2
254.58252545 1
254.630135184 2
254.640704181 1
254.680775608 1
254.714238611 1
254.73691736 2
254.765497424 2
254.863442175 1
255.001988587 1
255.057658429 2
255.192402144 2
255.426647077 1
255.590176579 1
255.680374273 1
255.682025627 2
255.69741068 2
255.707320913 2
255.735954552 1
255.776184975 2
255.793376561 1
255.843984173 2
255.925399568 2
256.035227662 1
256.136845159 1
256.25010863 1
256.407045873 1
256.409171234 1
256.431897165 1
256.517928933 2
256.539239417 2
256.556556116 1
256.674965493 1
256.721977984 2
256.842611094 2
256.891981142 1
256.930283877 1
257.136797972 2
257.151460766 1
257.293098827 2
257.319609794 1
257.56544144 1
257.655056078 1
257.664301523 2
257.727348087 2
257.747936533 2
257.76570072 2
257.805876004 2
258.100937444 1
258.246211791 2
258.356631809 1
258.368516554 1
258.487604558 2
258.54094627 2
258.560977429 1
258.824411968 2
258.826974107 1
258.851576523 2
258.917507376 2
259.019598397 1
259.020140885 1
259.159985162 1
259.176752157 2
259.197961016 1
259.202940924 2
259.27626985 2
259.290908133 1
259.411894285 1
259.432645597 1
259.510406752 1
259.546927238 1
259.549235786 1
259.666898202 1
259.730865121 1
259.803538921 1
259.840238503 1
259.88769467 2
259.922630756 2
260.072750666 1
260.08223941 2
260.113807018 1
260.125123024 2
260.178909143 1
260.193023673 1
260.280540125 2
260.294088482 1
260.347097809 2
260.540559815 1
260.562475202 1
260.662135485 2
260.785534491 2
260.793558215 2
260.880267162 1
260.941198357 2
260.946944612 1
261.148443526 1
261.192692217 1
261.193108349 1
261.226370928 1
261.353580815 2
261.423460478 2
261.432298618 2
261.445984031 1
261.495541724 2
261.519140398 1
261.620917254 1
261.621695772 2
261.66819539 1
261.678437297 1
261.682411976 2
261.737307614 1
261.742107181 1
261.751028371 1
261.819273623 2
261.826987693 1
261.837791881 2
261.896504749 1
261.915328745 2
261.959833383 1
262.034996041 2
262.042923926 2
262.234669992 2
262.253555982 2
262.289864796 1
262.339365147 1
262.344835256 2
262.473485413 2
262.559016139 1
262.682514325 1
262.682714049 1
262.92697236 1
262.956005223 1
262.980162758 2
262.981562378 1
263.003757288 2
263.033352249 2
263.108079496 2
263.205320704 2
263.274074746 2
263.285343168 2
263.293902517 1
263.523488573 2
263.551116733 1
263.656600008 2
263.661439634 1
263.759199839 2
263.870122099 1
263.915317889 1
263.989131276 2
264.059724318 2
264.148104066 1
264.18683612 2
264.234697271 1
264.285516716 2
264.374751761 2
264.400224968 2
264.447291506 1
264.463638135 2
264.516794986 2
264.539048128 1
264.61399125 1
264.634229879 2
265.208259864 2
265.224127904 1
265.250791084 2
265.304094897 1
265.55074718 1
265.554038816 2
265.580826842 2
265.584864524 1
265.661336033 2
265.700768817 1
265.749517927 1
265.821324084 1
265.824398523 1
266.012683168 2
266.090081103 2
266.10777864 1
266.183095288 1
266.272869812 1
266.340247189 2
266.357889756 1
266.514372154 1
266.538399691 2
266.784446228 1
266.822183186 2
266.944314395 2
267.108457336 2
267.19522889 2
267.197365413 1
267.258252246 1
267.2616122 1
267.301724309 2
267.339688337 1
267.372233056 1
267.491502052 2
267.520318387 2
267.587122786 1
267.660954651 1
267.777584998 2
267.799879991 1
267.926290808 2
267.943972272 2
268.04128476 2
268.070893871 1
268.13084965 1
268.143322507 1
268.335684667 1
268.339690232 2
268.343664973 2
268.353970998 1
268.559171062 1
268.584328221 2
268.682389137 1
268.798572258 1
268.889064838 1
268.943052806 2
269.003865206 2
269.008058256 2
269.118128915 1
269.143802624 1
269.169934614 2
269.207885535 2
269.34874531 1
269.377975209 2
269.559815155 2
269.56911673 2
269.598869428 2
269.797986205 2
269.861185975 2
269.86343767 2
269.88621397 1
269.983020778 2
269.987486392 2
270.195162655 2
270.22762277 1
270.378438235 2
270.383530565 1
270.480494804 2
270.496440497 1
270.552343948 2
270.570873935 2
270.822348009 1
270.871422837 1
270.918013477 1
270.930636446 1
271.027355944 1
271.038290465 1
271.042104364 1
271.060669555 1
271.276215495 2
271.305395681 1
271.483153359 1
271.603525375 2
271.665450219 1
271.763020637 2
271.785752482 2
271.800872846 2
271.825946124 1
271.967422291 2
271.967607465 2
272.06723805 2
272.069825527 1
272.095051364 2
272.163494881 2
272.177668624 1
272.215415023 1
272.316785965 2
272.367011596 1
272.807703377 2
272.825761244 2
272.843453249 1
272.878288194 1
272.969263067 1
273.110997709 2
273.119636536 2
273.17227153 2
273.179720315 1
273.304538501 2
273.531598275 1
273.743101026 1
273.758320492 1
273.763433871 2
273.859558724 1
273.869915664 1
273.912024585 1
273.939147287 2
273.979405945 2
273.982279718 2
274.025793426 1
274.078720719 2
274.096505528 2
274.185246929 1
274.188434072 1
274.238504288 1
274.352219854 1
274.416005017 2
274.441326478 1
274.470717006 1
274.487268165 2
274.562737167 1
274.788500367 1
274.81951593 2
274.968300546 2
275.019805464 1
275.033647577 2
275.059423202 1
275.10793148 2
275.131703693 1
275.155575914 2
275.207663515 2
275.232503375 1
275.754995371 2
275.867350488 2
275.95392416 2
275.962287864 2
276.037097727 1
276.107644421 1
276.231160248 2
276.249040541 2
276.39905896 1
276.445850971 1
276.488098685 2
276.494417187 2
276.516255705 1
276.524860054 1
276.621961036 2
276.767298774 1
276.771815651 1
276.829184771 2
276.842335755 2
276.988233331 2
276.990726667 1
277.068544141 2
277.077209589 2
277.081184925 2
277.178391486 2
277.268915803 1
277.271697194 1
277.311085587 1
277.339487939 1
277.352888026 2
277.38692607 2
277.389123507 2
277.45646735 1
277.542056426 2
277.542657595 1
277.620170003 1
277.799702353 2
277.814694379 1
277.888125639 1
277.901496201 1
277.965580771 2
277.997894798 1
278.204074549 1
278.258887126 1
278.281681684 2
278.299903092 1
278.310958584 2
278.324140576 1
278.482326372 1
278.515493974 2
278.643528035 1
278.7758865 2
279.173047251 2
279.180987444 1
279.188220259 1
279.193185881 1
279.221663131 1
279.279212446 1
279.330614387 2
279.350915683 1
279.43053139 2
279.51228758 1
279.515872725 1
279.632054579 1
279.691076696 1
279.749025354 1
279.76119544 2
279.788716587 1
279.906422971 2
279.931033985 1
279.966584238 1
279.972684688 1
279.989343803 1
280.008015689 1
280.059618622 1
280.076312451 1
280.121382651 2
280.177349207 2
280.258545411 2
280.275673226 1
280.380463977 1
280.400410613 1
280.492325064 1
280.499535874 2
280.50582175 2
280.512450546 2
280.55655189 2
280.570721292 2
280.671963814 1
280.697910603 1
280.723736923 2
280.840669452 1
280.847554118 2
280.937923298 2
280.941926568 1
280.958021179 1
280.970131081 2
281.051105005 1
281.246409795 1
281.292297667 1
281.399897288 2
281.53107759 1
281.554763294 1
281.598705606 1
281.694502829 2
281.722266827 2
281.780307844 1
281.793960306 2
281.963542041 1
282.032751734 2
282.16449372 2
282.165641026 1
282.186516597 2
282.201260552 1
282.215909109 2
282.273871089 2
282.283836494 2
282.289589799 2
282.396628461 2
282.399708074 1
282.43167766 2
282.431846118 2
282.454296791 1
282.503304761 1
282.541131149 1
282.704528177 2
282.743970838 2
282.77938118 2
282.851713508 2
282.874840796 1
282.891641436 2
282.895599827 2
282.964319068 1
283.075839673 2
283.126958381 2
283.208576151 1
283.44655701 2
283.457468871 1
283.54922547 2
283.591391146 2
283.609187657 1
283.741510717 1
283.795646607 1
283.857794969 1
283.866773751 2
283.894194166 2
283.89782538 1
283.916900795 1
283.951224557 2
284.019384317 2
284.031398503 2
284.044473205 1
284.086915864 1
284.220809596 1
284.247780053 2
284.253608393 2
284.377379429 1
284.388907008 1
284.474361005 1
284.508814082 2
284.514019301 2
284.520489753 1
284.556913779 1
284.618813043 1
284.635784251 1
284.740732746 2
284.745180159 2
284.782583578 2
284.800642698 1
284.846641772 1
284.918894415 2
285.018095285 2
285.091496537 1
285.148038526 1
285.391898433 2
285.396305449 2
285.426551094 1
285.437073097 2
285.52463071 1
285.556625051 1
285.597901289 2
285.641322926 2
285.710234011 1
285.748037447 1
285.887918419 2
285.957640408 1
285.998967252 2
286.015096943 2
286.051786856 1
286.131070838 2
286.173587936 1
286.20085458 2
286.382029065 1
286.439439272 1
286.466013671 2
286.475270337 1
286.476037864 1
286.641013952 2
286.712681278 1
286.71405923 2
286.790092916 1
286.861908211 1
286.871726626 1
286.891679111 2
286.906359662 2
286.933939467 2
286.950479267 2
287.138855288 2
287.140366988 2
287.227288463 1
287.251412286 2
287.287054556 2
287.300691898 1
287.300863109 1
287.528527326 1
287.550940239 1
287.702231619 2
287.711878947 2
287.74380254 2
287.759011622 1
287.785552826 1
287.903417323 1
287.942764737 1
288.11013727 1
288.250848865 2
288.273780029 1
288.31147243 1
288.322296059 1
288.325900121 2
288.37320979 1
288.374447373 1
288.47793596 2
288.570988422 2
288.821252719 1
288.82504078 2
288.872519604 2
288.880411216 2
288.897175349 2
288.989558804 1
289.154534188 1
289.26720999 1
289.300357345 2
289.474454055 2
289.505731143 2
289.561782531 1
289.588210889 1
289.606654254 2
289.658632016 1
289.674659155 2
289.749693447 2
289.774395652 1
289.864468509 1
289.921273371 2
289.985140203 2
290.040538445 2
290.125025193 1
290.146727322 1
290.190833131 2
290.201582343 2
290.241910961 1
290.277359893 1
290.316557888 1
290.433650121 2
290.442784304 2
290.499212567 2
290.50313677 2
290.506095653 2
290.520692069 1
290.674653958 1
290.794138398 2
290.817188992 2
290.826639999 2
290.856101498 1
291.068718677 1
291.083065826 2
291.110386542 1
291.296233784 1
291.409028275 1
291.490176979 1
291.640731439 1
291.641449332 1
291.662132209 1
291.664048037 2
291.727689119 2
291.754709418 2
291.797833545 2
291.848076429 1
291.985845 1
292.284084357 2
292.728451288 1
292.807247286 2
292.883594386 2
292.915447164 1
292.932563326 2
292.949883526 1
292.959585183 2
292.998000861 2
293.091057698 1
293.184589751 2
293.362198839 1
293.522278239 2
293.527413953 2
293.616430875 2
293.628172656 2
293.690332763 2
293.733389937 1
293.958886354 1
294.057091356 1
294.102946606 1
294.140367258 1
294.28440664 1
294.671062608 2
294.684318203 2
294.726010522 1
294.72687636 2
294.806616462 1
295.04664032 2
295.156300679 1
295.256233641 1
295.366320972 2
295.465822772 1
295.495650294 1
295.567013522 1
295.600810551 1
295.60947232 2
295.631789759 2
295.653134953 1
295.726837797 2
295.857049796 1
295.913360264 2
296.112181159 2
296.152860864 1
296.276768565 2
296.287672568 2
296.307624126 2
296.337171902 2
296.34562299 2
296.382474221 1
296.389181892 1
296.414945617 2
296.478980981 2
296.503120929 2
296.505737527 1
296.582228198 2
296.605711261 2
296.640671143 1
296.67822256 2
296.713644374 2
296.851158214 1
296.855661192 1
296.889309045 2
297.238659469 2
297.289592339 1
297.379504897 1
297.395868998 2
297.62617021 2
297.639091613 2
297.750014042 2
297.782479464 1
297.836963444 2
297.861369074 1
297.873792626 2
297.891011323 1
297.898660317 2
297.915905729 2
297.939743002 2
298.054013487 1
298.056050559 1
298.161192841 2
298.364865373 1
298.388817482 1
298.41537221 1
298.421180516 1
298.497001573 1
298.563851164 2
298.57589776 1
298.615416843 1
298.640001092 1
298.811953709 1
298.894385284 1
298.911776248 2
298.987253521 1
298.999655771 1
299.018566795 1
299.049242549 2
299.111066384 2
299.115052876 2
299.19182276 2
299.205936764 1
299.242943854 1
299.342415777 1
299.530465246 2
299.585611616 2
299.723322987 2
299.782533333 1
299.792136744 1
299.884966097 2
299.904364325 1
299.922462996 2
300.08461134 2
300.188636853 2
300.355274357 2
300.486243648 1
300.508480106 1
300.549850478 2
300.567460022 2
300.6384186 1
300.766319466 2
300.998754973 1
301.002989613 1
301.020912894 1
301.049572425 1
301.084169543 1
301.139894122 2
301.16221307 2
301.192978812 1
301.2583453 2
301.321407015 1
301.331940511 1
301.366229531 1
301.400452279 1
301.412550455 2
301.59913509 2
301.648168683 1
301.675484741 1
301.908242701 2
301.918856681 2
301.939772917 2
301.960067647 2
301.990807085 1
301.996984395 2
302.05682377 1
302.059647406 2
302.242643584 2
302.28479739 1
302.450825998 2
302.505586892 1
302.545129433 2
302.547287194 2
302.596055302 2
302.703471117 1
302.726082835 1
302.967568177 2
303.186876312 2
303.225626549 1
303.46554693 1
303.517857849 1
303.521459813 1
303.530299431 1
303.650526685 2
303.6832375 1
303.881736102 1
303.882912113 2
303.892018124 2
303.897136429 2
303.987600857 1
304.00191581 1
304.101533401 1
304.210370351 2
304.333415062 2
304.382331638 2
304.444109628 1
304.552891574 2
304.554913532 1
304.594729166 2
304.664800473 1
304.667495744 2
304.746574513 1
304.762378675 1
304.815257175 1
304.818347713 1
305.168929793 2
305.276049083 1
305.283840682 2
305.297171254 2
305.448629868 2
305.521489453 2
305.525405651 2
305.561363245 1
305.602255317 1
305.639207396 1
305.664037251 2
305.785336357 2
305.849487137 1
306.137472274 1
306.167192238 1
306.170295493 1
306.196129832 2
306.22166185 2
306.237166893 1
306.266111395 2
306.280960222 1
306.343666459 2
306.369686175 2
306.383088384 2
306.524810907 1
306.629054467 2
306.647495725 2
306.856583015 2
306.921722281 1
306.962821735 2
307.084094686 1
307.13164391 2
307.22741948 2
307.258831689 2
307.364511752 2
307.456338226 2
307.507032505 2
307.548511297 1
307.606532992 1
307.643370055 2
307.720746325 2
307.839647551 1
307.880207474 2
307.895590594 2
307.965945631 2
307.998680368 1
308.01411208 2
308.270719403 2
308.271993482 2
308.29724407 2
308.394659608 1
308.395011136 1
308.475750492 1
308.51947803 1
308.57074598 2
308.604460777 2
308.627027968 2
308.749720444 1
308.756967437 1
308.895765119 2
308.92261264 1
308.951640368 1
309.025329683 2
309.099132706 2
309.215238508 1
309.222573597 1
309.223904375 2
309.283569134 2
309.411816303 2
309.473151081 2
309.527017508 2
309.537457806 1
309.540986925 2
309.608908877 2
309.61620997 1
309.745683256 2
309.766142977 2
309.799284529 1
309.814973577 2
309.930928402 2
310.037094717 2
310.182172717 2
310.316019359 1
310.394934033 1
310.468286628 2
310.520019859 1
310.669144248 1
310.73692692 2
310.838697772 1
310.863125654 1
311.001443798 1
311.07354491 2
311.089198831 1
311.12822672 1
311.149138661 2
311.158686657 1
311.2112882 2
311.266255593 1
311.285561261 2
311.337237032 1
311.350150618 2
311.356723651 2
311.492181695 2
311.501618304 2
311.537732306 1
311.548455568 2
311.593455724 1
311.609126836 1
311.65369904 2
311.899727187 2
311.912156368 1
311.920464255 2
311.98220735 1
312.189184929 1
312.35155677 2
312.359236651 2
312.359925918 2
312.379426664 1
312.401465742 2
312.580748144 1
312.660325078 2
312.661819076 2
312.670122765 1
312.742845308 2
312.782631438 2
312.955841586 2
312.956283411 1
313.01558885 2
313.156793345 1
313.18203464 1
313.308117233 2
313.321126961 1
313.3861839 2
313.398431971 2
313.420082974 2
313.426628235 2
313.475885507 2
313.513341379 1
313.558558138 1
313.569329081 2
313.57163093 2
313.579059157 1
313.704708887 1
313.750811827 2
313.807308651 1
313.87516877 2
313.944466258 1
314.120453749 1
314.179836456 1
314.191287004 1
314.279030488 1
314.472142187 2
314.493420759 1
314.564098934 2
314.620826195 2
314.659674653 1
314.668838649 1
314.675906895 2
314.713512231 1
314.767354465 1
314.816537724 1
314.842124888 2
315.079605395 2
315.157716263 2
315.209582646 2
315.223139279 1
315.242859345 1
315.291585639 1
315.322884259 1
315.473482709 2
315.477275011 2
315.48648747 1
315.518368397 2
315.542252929 2
315.59577244 1
315.636412258 1
315.641109384 1
315.694922754 2
315.713788155 1
315.729891394 2
315.736850777 1
315.823905827 2
315.840556668 2
316.02125151 1
316.084921455 1
316.291116964 2
316.418683844 1
316.419158177 2
316.549086235 1
316.550502274 1
316.611553902 1
316.671956017 1
316.737202456 2
316.780041051 1
316.811453682 2
316.86158413 1
316.90841626 2
317.047767226 2
317.141349279 2
317.231730018 1
317.436317648 1
317.54071826 1
317.606338459 2
317.608821966 2
317.631519228 2
317.743894671 1
317.784832211 1
317.834795848 2
317.901136031 1
317.945483129 2
317.97448547 1
317.991004495 2
317.995397843 2
318.032407017 1
318.035486183 2
318.110353196 2
318.132979263 1
318.162552639 1
318.211894411 2
318.354488742 1
318.481724716 2
318.50349407 1
318.507306852 1
318.861766678 2
319.078911388 2
319.092205471 2
319.092399226 1
319.209376273 2
319.49553703 2
319.505391164 2
319.617777438 1
319.632480535 1
319.70537647 1
319.712100258 2
319.846831699 1
319.878715834 1
320.038935557 2
320.16457776 2
320.182552318 1
320.186427354 1
320.20979613 2
320.453542104 1
320.454291604 2
320.52053126 1
320.53369491 2
320.5597679 2
320.594933273 2
320.661829482 1
320.667233105 1
320.709217097 2
320.904016603 1
320.940053033 1
320.970428285 2
320.977195803 1
321.034824442 1
321.04965664 2
321.059120672 1
321.144562072 2
321.243379955 1
321.483121145 2
321.6181409 2
321.644208144 1
321.718681908 1
321.719943445 1
321.728898785 1
321.730809655 1
321.771791832 1
321.977841832 2
322.182341632 1
322.369009821 2
322.402730265 1
322.426142184 1
322.470251342 1
322.49962765 1
322.635016494 2
322.635100659 1
322.635537484 1
322.652256867 1
322.685002807 1
322.704619505 2
322.97532104 2
322.984298161 1
323.054297948 1
323.068556854 1
323.455938744 2
323.596892784 1
323.600248249 2
323.610033489 1
323.687074254 2
323.720015788 2
323.782347844 2
323.796421322 2
323.837854921 1
323.875598116 1
324.00226186 2
324.080466217 1
324.095086806 2
324.100391776 2
324.113856016 1
324.124882013 1
324.236848415 1
324.32725195 2
324.55260303 2
324.626264736 2
324.688318538 2
324.712846071 1
324.796979475 2
324.935746202 1
325.112431437 2
325.198402504 1
325.202208649 2
325.204395126 2
325.224942418 2
325.232926407 1
325.384551131 1
325.396885836 2
325.524140641 2
325.535862499 2
325.599905191 1
325.61625312 2
325.643395598 1
325.659527108 2
325.683310642 2
325.741031258 2
325.869233395 1
325.909903083 2
325.973766494 1
326.029566198 1
326.107825725 2
326.18117654 2
326.254737136 1
326.262323352 1
326.331037727 2
326.414145048 2
326.466286571 2
326.582153005 2
326.608165597 1
326.683299525 1
326.72570312 1
326.737754038 1
326.830440628 2
326.889997669 2
326.985192381 2
327.003567612 2
327.037246209 2
327.113400452 2
327.169200556 1
327.182243055 1
327.24448178 2
327.252367573 1
327.297188177 1
327.321699292 2
327.390518249 1
327.415905644 2
327.416286182 2
327.419150522 1
327.464867953 1
327.522640971 2
327.589298373 1
327.785334362 1
327.818120773 1
328.137017838 2
328.152581837 1
328.221636519 1
328.232811138 2
328.305974518 2
328.353883274 1
328.761576702 1
328.763302708 1
328.83952443 1
328.920594021 1
328.99494275 2
329.001666846 1
329.085297442 2
329.099251257 1
329.114571021 2
329.390896082 2
329.515978414 1
329.516116388 1
329.54901706 2
329.566515663 1
329.588509616 1
329.694746366 1
329.946616894 1
329.947403591 2
329.980239576 2
330.110425063 1
330.175468704 2
330.306743911 1
330.321715516 1
330.419330672 1
330.510999798 1
330.511625416 2
330.537879951 2
330.573726609 1
330.611031422 1
330.629182826 1
330.858279988 1
330.901615826 1
331.103771811 1
331.230186818 1
331.345964525 1
331.552468212 2
331.723005896 1
331.807782911 1
331.948734041 1
331.999780207 1
332.009861109 2
332.021365647 2
332.355726752 2
332.400726105 1
332.606488679 2
332.687874309 1
332.70730231 2
332.819033752 2
332.830972692 1
332.89375868 2
332.992282065 2
332.995204431 2
332.997312049 1
333.016586826 1
333.084096333 2
333.236798335 2
333.275760832 1
333.344202228 2
333.397467152 1
333.425308951 1
333.504405777 2
333.546740576 1
333.608659452 1
333.727063407 2
333.784025573 1
333.846242314 2
334.076560911 1
334.162463099 1
334.174904672 2
334.266732435 1
334.282736036 2
334.292682373 2
334.43110584 2
334.479137305 2
334.563582077 2
334.591048437 1
334.639780145 1
334.724311743 1
334.8038982 1
334.868990727 2
335.035950696 1
335.202982284 1
335.212980113 1
335.405177745 1
335.418057362 1
335.616577973 2
335.64945776 2
335.662314557 1
335.737518541 1
335.740554413 2
335.860740468 2
335.876468766 1
335.888574807 1
335.96149356 2
335.989796949 1
336.03084472 1
336.034083857 1
336.219608748 1
336.276458711 1
336.355089118 1
336.407031049 2
336.477929016 2
336.535593672 1
336.537156267 1
336.650668781 1
336.654794721 1
336.669649844 1
336.72592097 2
336.807329721 2
336.816192588 1
336.998892692 1
337.043771973 1
337.092835132 2
337.200806976 1
337.299742451 2
337.373764324 2
337.394789368 1
337.463675944 2
337.503163685 2
337.510488423 2
337.566124302 2
337.616168988 1
337.806185905 1
337.890225041 1
337.985932212 2
338.134349007 2
338.142252157 1
338.237036329 1
338.253118151 1
338.30998347 1
338.310197098 2
338.320720963 2
338.4337938 2
338.439273153 2
338.447329903 2
338.448594842 2
338.454005815 1
338.460911797 1
338.539448676 1
338.619125488 1
338.63478035 2
338.72563079 2
338.797729767 2
338.983604998 2
339.021349075 1
339.06408904 1
339.245474983 1
339.265489383 2
339.362780777 2
339.519659035 2
339.591644196 1
339.698314211 2
339.809926104 2
339.891312252 2
339.987559407 1
340.034639627 2
340.123911034 2
340.271774231 2
340.310269979 1
340.369821651 1
340.372902451 1
340.489528274 1
340.532638075 2
340.546215783 1
340.646836128 2
340.722164724 2
340.761642885 1
340.798338332 1
340.810329458 1
341.054791129 1
341.255754518 2
341.258534764 2
341.311141837 2
341.347129697 1
341.376095852 2
341.449102075 2
341.498252216 2
341.501792881 1
341.6491034 1
341.649974732 2
341.695815858 2
341.729446086 2
341.753375952 1
341.760708434 1
341.773029274 1
341.796796262 1
341.900310961 1
341.947367793 2
341.969519389 1
341.977866326 1
342.113852797 1
342.360419883 1
342.386789405 1
342.404611474 2
342.517826865 2
342.539175943 2
342.738755675 1
343.067105269 2
343.071755082 1
343.098071103 1
343.196103447 2
343.197799368 1
343.270302277 2
343.279040804 1
343.281427288 1
343.302267932 1
343.332964755 1
343.364327713 1
343.446303512 1
343.459472299 1
343.517323351 1
343.58273329 2
343.584660401 1
343.590621737 2
343.605608563 1
343.609147452 1
343.62922077 1
343.664146358 2
343.75119128 2
343.76397743 2
343.839562566 1
343.856642536 1
343.890142598 1
343.95247959 2
343.954430481 2
344.12351262 2
344.214264083 1
344.363783198 1
344.425329253 2
344.474765429 2
344.480539695 2
344.51930044 2
344.52764434 1
344.604845379 2
344.618088985 1
344.736672725 1
344.806240985 2
344.862593005 2
345.022199267 2
345.121741092 2
345.213801173 1
345.253141085 2
345.29919338 2
345.366400728 2
345.5469118 2
345.564607457 1
345.797119623 1
345.903895297 2
345.970277416 1
346.089512873 2
346.430744602 1
346.531946118 1
346.629251758 2
346.65554869 1
346.688889554 2
346.721636406 2
346.880907115 2
347.008316001 2
347.10222693 1
347.129881753 2
347.286184572 2
347.291197104 1
347.420287971 1
347.555792891 1
347.632975679 2
347.653658622 1
347.700783619 2
347.890206279 2
347.965568337 2
347.971902586 1
348.18132362 1
348.354926523 2
348.46954858 1
348.532079634 1
348.827839348 1
348.861864876 2
348.86378241 2
348.893965146 2
349.08125893 2
349.125055258 2
349.164543603 2
349.182363914 1
349.224284402 1
349.317718904 2
349.321853187 1
349.332947252 1
349.343329143 2
349.349178265 1
349.423904191 1
349.463649503 1
349.467701459 2
349.504445439 1
349.545798285 1
349.584869865 1
349.639858342 1
349.713412476 1
349.727469281 2
349.76775038 1
349.922377055 2
349.980608988 1
350.125648318 1
350.19136035 1
350.212775446 2
350.272710388 1
350.327619561 2
350.348377458 1
350.366588333 2
350.419977742 1
350.442116852 2
350.491135886 1
350.553204533 1
350.564756872 1
350.572475873 1
350.651451952 2
350.729468014 2
350.751992509 2
350.804534243 1
350.824698716 1
350.859867106 1
350.912507203 1
350.914158771 1
351.185741833 1
351.334300623 2
351.349664037 1
351.3562665 2
351.398639047 1
351.50513404 1
351.527062203 1
351.562468111 2
351.581981942 2
351.684611988 1
351.88386703 2
351.941502998 2
352.19437775 2
352.226582573 1
352.328077008 1
352.361375297 2
352.383603007 1
352.414310476 2
352.46391828 2
352.628766935 2
352.763727495 2
352.857789905 1
352.971355668 2
353.001227312 2
353.019631515 1
353.059238442 1
353.075668641 2
353.217397203 2
353.33949588 2
353.482768892 1
353.535831371 2
353.703040418 2
353.767592688 1
353.815204995 1
353.819364158 2
353.850071412 2
354.039819821 2
354.121845804 2
354.17175871 2
354.172167588 2
354.238656815 2
354.518650231 2
354.575605392 1
354.592886635 1
354.649701383 1
354.656866993 2
354.824366595 1
354.839337737 2
354.943186718 1
355.010591103 2
355.03974647 1
355.168468361 1
355.256892736 2
355.30981698 2
355.329799844 2
355.346099531 1
355.439499264 1
355.463734277 2
355.509802606 1
355.553664149 1
355.606524754 2
355.620534571 1
355.699853289 1
355.701943846 1
355.718295137 1
355.727329735 1
355.810493226 2
355.839258752 2
356.023146642 1
356.081060236 1
356.201242544 2
356.296213897 1
356.473728856 2
356.528831418 2
356.552037132 2
356.596207893 1
356.61249146 2
356.696071486 1
356.733543971 2
356.77478178 2
357.109400223 1
357.132871672 2
357.153019779 2
357.201316835 2
357.215088054 2
357.301037508 1
357.301489745 2
357.315875176 1
357.322342834 2
357.45137259 1
357.498379914 2
357.622901042 2
357.660768447 2
357.672316535 1
357.722079555 1
357.949691449 2
358.003920832 2
358.006532984 1
358.021884422 2
358.045252889 2
358.103294132 2
358.122070164 1
358.146690284 2
358.324430733 1
358.399967983 2
358.465689666 2
358.476194574 1
358.488164589 1
358.526450053 2
358.599945295 2
358.621405694 1
358.891513799 1
359.102300812 2
359.197341337 2
359.300214594 1
359.337753889 2
359.492491401 1
359.532267412 1
359.597857978 2
359.855104353 1
359.856417473 1
359.902422673 2
359.919420498 2
360.098388333 2
360.154999391 2
360.180618014 1
360.393290702 1
360.512797409 2
360.645491925 1
360.666159488 1
360.768177364 1
360.857725899 2
360.926938961 2
361.055272656 2
361.107646087 1
361.177330455 2
361.197898559 1
361.413696501 2
361.430565523 1
361.462927126 1
361.49245733 2
361.533914675 2
361.594966102 1
361.67080222 1
361.731102118 2
361.896237737 2
362.044728978 1
362.17638385 2
362.215037519 2
362.329154271 1
362.338511759 2
362.34124733 2
362.407716853 1
362.409597326 1
362.468714157 1
362.473222292 2
362.609507147 1
362.659376339 2
362.666831568 2
362.721102558 2
362.796288819 2
362.808950822 1
362.909192649 1
363.005541048 2
363.021520883 2
363.059145923 1
363.09763258 1
363.313821865 1
363.801018956 2
363.960110118 2
364.015465567 1
364.024726539 1
364.063103507 1
364.079381517 1
364.14187596 1
364.142186096 2
364.198594052 2
364.351029151 1
364.428025194 1
364.535446755 1
364.680115435 2
364.789934646 1
364.926648218 2
364.991318311 1
365.050974182 1
365.060060296 1
365.080153154 2
365.125349206 1
365.144159269 1
365.188831453 1
365.209616064 1
365.515328186 1
365.548068083 2
365.76666291 2
365.831500724 2
365.958247939 1
365.988434126 1
366.068773667 2
366.080377543 1
366.136019256 1
366.250571648 1
366.513414923 2
366.536618349 2
366.56111993 2
366.568708396 2
366.591573661 1
366.738198714 2
366.762906327 1
366.765771033 2
366.807537633 1
366.875911803 1
366.883614011 1
367.073037784 2
367.245973359 2
367.249760468 1
367.35915836 2
367.425313136 1
367.565878629 2
367.606769991 2
367.619514303 2
367.641420477 2
367.73024786 2
367.841339748 2
367.989058833 2
367.996427846 1
367.998822966 2
368.051471516 1
368.0873687 2
368.163657125 1
368.297475266 2
368.311297213 2
368.328735019 1
368.357482688 2
368.459591604 1
368.629972355 2
368.64136714 1
368.732959692 1
368.744849903 2
368.811185869 1
368.847087194 2
368.864581107 1
368.956807952 1
368.974497492 2
368.979728246 2
368.986269145 2
368.991713615 2
369.023491946 2
369.064210563 2
369.089294001 2
369.1042336 2
369.133143646 1
369.147194546 1
369.314327679 1
369.346209407 1
369.550498891 1
369.568730465 2
369.645058875 2
369.684603671 2
369.697606381 2
369.739957837 1
369.742477218 1
369.743228925 1
369.794924968 2
369.821981504 1
369.83239786 1
370.011749108 2
370.131984486 2
370.183552689 1
370.211076049 1
370.220456939 2
370.264884372 1
370.314160116 2
370.321517348 1
370.348572419 1
370.370975035 1
370.423888134 1
370.606577047 2
370.638886718 1
370.652481158 1
370.686670086 1
370.797864109 2
370.818168531 1
370.872212425 1
370.902830247 2
371.039600312 1
371.065340421 2
371.162891379 1
371.190592896 2
371.334197834 1
371.345474285 1
371.450889542 2
371.60066188 1
371.77282678 2
371.803223747 2
371.8302813 1
371.890472238 1
371.967280178 1
372.177664813 1
372.255978236 1
372.285336677 2
372.394564516 1
372.470173517 1
372.796350073 2
372.797432379 1
372.87821686 2
372.902748549 2
372.959028291 1
373.051549729 1
373.072765708 1
373.08879643 2
373.225050569 1
373.329079437 1
373.452220786 1
373.634026559 1
373.653164392 2
373.670264952 1
373.951039725 2
373.961889732 2
373.986852809 2
374.032427254 1
374.12722434 1
374.167464783 1
374.244729805 2
374.245586012 2
374.391591278 1
374.397142067 1
374.40160126 2
374.424061389 2
374.461467588 2
374.510534759 2
374.557060945 2
374.738345025 2
375.093641478 1
375.151147427 1
375.21591397 1
375.25031047 1
375.313027649 1
375.345126724 1
375.482023616 1
375.635591174 2
375.64812947 1
375.70701244 1
375.754190441 1
375.847443677 2
375.892311224 1
375.91918126 1
375.92196397 2
375.950897817 2
375.982048794 2
376.048931724 1
376.184602712 1
376.298963921 2
376.308025261 2
376.372387112 1
376.387987304 1
376.494037552 1
376.510092516 2
376.520273963 1
376.569716682 2
376.617754665 2
376.658183836 2
376.700046452 1
376.779064313 2
376.820805046 2
376.866660337 1
376.87828945 1
376.965332106 2
377.005728846 1
377.102530908 1
377.13916452 2
377.233103397 2
377.395785338 2
377.4267985 1
377.46215075 2
377.520827888 2
377.637167235 2
377.669761834 1
377.734248767 2
377.815020389 2
377.885654586 2
377.890357144 1
377.94804232 1
377.96728415 2
378.015223253 2
378.077228385 2
378.08700564 2
378.357168392 2
378.415551408 1
378.461335016 2
378.531592103 1
378.538766814 1
378.611312936 1
378.699578681 1
378.726136636 2
378.753763781 2
378.836981937 1
379.072100346 2
379.142742912 1
379.160965399 1
379.266744671 1
379.270153092 2
379.347548469 2
379.347796439 2
379.411018994 2
379.620804177 2
379.746783628 2
379.82042625 2
379.905184818 2
380.150069391 2
380.16973012 1
380.204350214 2
380.319487431 1
380.475628816 1
380.487069805 1
380.507197538 2
380.592691159 1
380.684075005 2
380.824075553 2
380.889917496 2
380.92742541 2
381.003281333 1
381.189782489 2
381.425017501 2
381.451249898 1
381.45263704 2
381.476646034 1
381.488305574 2
381.531022146 1
381.675466252 2
381.738591429 2
381.947924929 2
381.965980558 1
382.016194705 1
382.017867163 1
382.041358889 1
382.101219578 1
382.164267846 1
382.216799888 2
382.222667345 2
382.250846678 1
382.406483849 2
382.422131457 1
382.457998284 1
382.530376438 1
382.646258616 2
382.706154732 1
382.734296122 1
382.750164098 1
382.912891744 2
383.062620688 1
383.100830945 1
383.104125967 1
383.221752328 1
383.23099422 1
383.321337882 2
383.609257419 2
383.668182353 2
383.67027815 2
383.674143275 1
383.689654486 1
383.704790512 2
383.723107227 1
383.729990391 2
383.751354054 2
383.78723472 1
384.023513119 1
384.057084523 2
384.164788815 2
384.275490802 1
384.308913411 1
384.314079241 2
384.442888664 1
384.450366129 1
384.48387858 2
384.759169477 2
384.761425751 1
384.832573931 1
384.945733717 2
384.94927247 2
385.031003773 2
385.041724841 1
385.055707795 2
385.086287784 1
385.141151279 2
385.145099359 2
385.155963189 2
385.215126445 1
385.242869944 1
385.373596049 2
385.440130748 1
385.444832187 2
385.446949807 2
385.461584515 1
385.536250943 2
385.640900355 1
385.716424676 2
385.766591159 1
385.771639199 1
385.844411662 2
385.935133634 2
386.014920443 1
386.070652862 2
386.130234823 1
386.135462441 2
386.23533418 1
386.239587973 2
386.321126855 1
386.334430332 2
386.356341246 2
386.501240936 2
386.586314791 1
386.612093194 2
386.699977115 1
386.788713146 2
386.856593707 1
386.883272547 2
386.896352371 2
386.907891597 1
386.927449817 2
387.250673157 2
387.499720737 1
387.510363601 2
387.527937285 1
387.64228085 1
387.656508662 1
387.787383034 1
387.794773856 1
387.795014527 2
387.812732243 2
387.847539883 1
388.009820066 1
388.206234388 2
388.283549481 2
388.317620743 2
388.366692006 2
388.374469027 2
388.493517893 2
388.634392403 2
388.65365826 2
388.737460327 1
388.813564814 2
388.81546484 1
388.843340338 2
388.871219906 2
389.210699339 2
389.216462037 2
389.234807993 1
389.255152802 1
389.343844447 2
389.351991312 2
389.616665084 1
389.631745951 1
389.660841694 2
389.746145393 1
389.824555011 1
389.855227799 2
389.863888387 1
389.889021975 1
389.901929059 2
389.924695637 1
390.033987339 1
390.048138999 1
390.147709033 2
390.15501454 1
390.192024208 1
390.313096955 2
390.579855453 1
390.618092617 2
390.624517549 1
390.727522786 1
390.878997783 1
390.971765104 2
390.988672692 2
391.05171888 1
391.07398063 2
391.095762109 1
391.09752261 1
391.153989154 2
391.196959905 2
391.555764033 2
391.617141903 2
391.717298285 1
391.724914146 1
391.894489059 1
391.966701221 2
392.071208913 2
392.101021581 1
392.136150938 1
392.20164145 2
392.31867242 1
392.471924232 2
392.60210416 1
