10005
0 1
0.01953595 2
0.045609501 3
0.046189233 1
0.122047717 3
0.149879337 3
0.151337395 2
0.153379349 1
0.177132615 3
0.183824621 2
0.18492607 2
0.241033119 3
0.262265359 3
0.430362731 3
0.477126785 3
0.558973761 3
0.593628681 1
0.714401011 3
0.726509075 1
0.7886814 2
0.79515265 1
0.796555223 1
0.838968285 3
0.866531662 1
0.876577591 1
0.910136358 1
0.912705336 2
0.983697267 1
1.007013901 2
1.007754157 1
1.011643548 1
1.076148519 2
1.081395275 1
1.091835478 3
1.098504313 1
1.101832185 3
1.126477177 2
1.161167881 1
1.169939022 3
1.236273349 3
1.243647109 3
1.24540947 3
1.28196629 2
1.290208215 1
1.294367528 2
1.300177387 2
1.358362951 2
1.431484574 3
1.489136859 2
1.500059735 3
1.50757489 3
1.601967555 1
1.633870642 1
1.641201072 1
1.716019066 1
1.750770504 2
1.84499721 3
1.845969249 1
1.881339569 1
1.918962279 3
1.962828927 2
1.964159773 2
1.980180974 2
1.997914558 2
2.028008486 1
2.050092112 1
2.056001462 2
2.077542783 2
2.080842274 3
2.083184782 2
2.091002264 1
2.093338952 1
2.099751513 2
2.135528986 3
2.144425221 2
2.19502867 3
2.210422806 1
2.273787895 3
2.300922289 1
2.322321832 2
2.442990793 3
2.446164569 1
2.478141459 1
2.479014262 3
2.516689296 1
2.561933613 1
2.579724488 1
2.585157705 3
2.685702798 2
2.702084876 2
2.791618219 3
2.847570052 3
2.860083455 3
2.919272087 1
2.924401826 3
2.981749162 3
3.022699275 3
3.03344739 1
3.052279824 2
3.06212164 1
3.09067105 3
3.103044314 3
3.143605157 2
3.1576502 1
3.164111314 1
3.165797093 3
3.297475937 3
3.299527506 3
3.322488111 2
3.330515202 2
3.366827051 3
3.491832632 2
3.600790884 3
3.626028556 3
3.628602236 1
3.648424331 2
3.660632253 2
3.668793749 2
3.679417664 3
3.708464381 3
3.729764883 1
3.763912466 1
3.772808348 1
3.786029722 3
3.819095934 2
3.900700323 2
3.906338938 2
3.90736928 3
3.924196367 3
3.956075179 3
3.964096409 1
3.986343634 3
4.022022528 1
4.029795664 3
4.073825945 3
4.091506304 3
4.116855402 2
4.165145089 1
4.191222483 1
4.238167095 3
4.243066968 3
4.319431498 3
4.322759708 1
4.361124333 1
4.489958562 2
4.495612772 1
4.503198038 2
4.531041966 1
4.531712545 2
4.591508165 3
4.613046263 3
4.623571092 2
4.639877256 1
4.663232552 3
4.676971932 1
4.677355041 3
4.685701513 1
4.713598156 1
4.742547581 3
4.785286105 1
4.849994977 3
4.902999391 3
4.903231722 2
4.959853036 1
4.965874533 3
4.972968397 2
5.127426128 2
5.130676585 1
5.213975371 2
5.268538152 3
5.297010923 2
5.308481404 3
5.313398078 3
5.316731851 3
5.361794745 1
5.368052835 1
5.393529517 2
5.435755038 1
5.436393315 2
5.436456305 3
5.465290718 1
5.506990553 1
5.523853073 2
5.540959759 1
5.585748824 3
5.668553847 2
5.6981976 1
5.775840322 2
5.804196182 2
5.829939175 3
5.848186016 3
5.862456763 2
5.887830028 1
6.010820869 3
6.062447912 1
6.068936862 2
6.070807125 2
6.084161368 3
6.090961928 3
6.094135279 3
6.13895955 1
6.14039345 1
6.153359943 2
6.169099773 1
6.204137184 1
6.246128976 1
6.249958953 3
6.279902042 3
6.320700489 2
6.334669935 3
6.377153633 1
6.378455759 2
6.391954523 3
6.422319469 3
6.42271662 1
6.426893773 2
6.450246601 3
6.478817722 2
6.503507868 3
6.521674574 2
6.546297187 1
6.604171606 3
6.633013865 2
6.634493091 1
6.661733881 2
6.671994016 1
6.673578496 1
6.706367737 2
6.715916239 3
6.851837906 2
6.856402429 1
6.859584927 1
6.859756519 3
6.882452643 3
6.963646017 2
6.967879751 2
6.978599441 2
7.00202388 2
7.004351836 1
7.008309374 3
7.012042051 1
7.045020651 3
7.066957843 3
7.149820709 2
7.157059389 3
7.161520154 1
7.174441918 2
7.181705772 3
7.18220237 3
7.290451152 3
7.311243685 1
7.341604363 3
7.386038509 1
7.413472147 1
7.465212482 3
7.466691991 3
7.489719764 2
7.555776605 1
7.56218382 1
7.572080524 3
7.675201611 3
7.73717492 1
7.832496081 1
7.881105265 1
7.915982601 2
7.922789186 1
7.926371764 2
8.012667777 3
8.041820945 3
8.046282454 2
8.075307528 3
8.083099368 2
8.093152794 1
8.13095411 3
8.181512442 3
8.203688335 3
8.230589554 2
8.282501149 3
8.295496077 3
8.345917131 2
8.348261775 1
8.349782434 2
8.377066833 3
8.389076527 3
8.441359123 1
8.475688471 1
8.484252856 3
8.516861705 1
8.547424882 1
8.568266268 2
8.596331697 1
8.624056434 1
8.626924234 1
8.667825691 3
8.722720296 1
8.752421433 3
8.752826475 1
8.760448968 3
8.778620695 2
8.79715203 3
8.835736281 1
8.837912833 2
8.862398011 1
8.920291769 3
8.971992561 2
9.018618368 1
9.052456125 2
9.111808266 2
9.125903092 3
9.172609087 3
9.198573793 1
9.215841042 3
9.24216378 3
9.251160023 3
9.279671069 1
9.293798503 2
9.300044127 1
9.382093425 3
9.39853741 2
9.401661942 3
9.432045797 3
9.531119191 3
9.537130163 1
9.560896799 2
9.589426611 3
9.626536705 3
9.631955197 1
9.763241992 1
9.791698443 2
9.837457053 1
9.852426141 3
9.923112795 2
9.935843492 1
9.967790685 2
10.014732889 1
10.015099296 3
10.052003494 2
10.0658425 3
10.106898277 2
10.115918532 2
10.132799269 1
10.165010191 3
10.190602151 1
10.204497295 2
10.205605017 2
10.248038716 2
10.24936943 3
10.252838489 2
10.2807037 2
10.330255259 3
10.348935864 1
10.373212269 3
10.38113906 2
10.38706796 2
10.468218865 1
10.532923462 2
10.567834896 2
10.619890083 3
10.639500276 2
10.646808788 3
10.666080648 1
10.66901343 2
10.679797206 2
10.700931416 1
10.787911704 2
10.788277527 1
10.858271476 2
10.864028975 1
10.87716837 2
10.883828597 2
10.950034971 2
10.970210048 2
10.992689026 2
11.054636258 2
11.059166839 3
11.076946553 2
11.118311746 3
11.139666638 1
11.14052027 1
11.208979679 3
11.25071347 3
11.267929533 1
11.310698011 2
11.335046638 3
11.382346246 2
11.386038411 3
11.400784099 3
11.40221151 1
11.412068261 1
11.463868885 3
11.512345177 2
11.554941065 2
11.594194539 3
11.599725366 3
11.612884351 1
11.621572183 2
11.6343077 2
11.644318771 3
11.667690112 3
11.679753857 3
11.682894892 3
11.695796647 3
11.711620316 2
11.711816502 1
11.736658379 1
11.743069519 3
11.808457254 1
11.810815197 2
11.835712615 3
11.856631464 1
11.878603944 2
11.891097247 2
11.892843607 3
11.937440555 1
11.961230767 3
12.006204055 3
12.01785053 2
12.038253333 2
12.040186381 1
12.081638184 1
12.094166385 1
12.096225837 2
12.120748726 1
12.137136594 2
12.243670409 1
12.263691796 2
12.264968128 1
12.306821097 3
12.344364114 1
12.407641674 3
12.428197365 2
12.435290048 1
12.441692217 3
12.446583178 2
12.450081969 2
12.487624085 1
12.526501075 1
12.548573227 2
12.582479583 3
12.617700026 2
12.626149997 3
12.633344571 1
12.637590272 3
12.649110637 3
12.649820127 1
12.657272948 1
12.692488873 3
12.692961243 1
12.697249917 2
12.763119692 3
12.7745205 2
12.794714074 1
12.859239713 1
12.875194493 2
12.911313788 2
12.912609256 2
12.924522458 2
12.983387188 2
13.017844235 2
13.019458791 3
13.058592344 3
13.06372047 3
13.098339885 2
13.242274374 1
13.263232658 3
13.265593697 2
13.283257194 2
13.309427366 1
13.326542571 2
13.331477 3
13.34256026 1
13.402735316 2
13.410946758 3
13.469139037 3
13.501070224 2
13.504949502 3
13.536746662 2
13.674787694 3
13.713266605 2
13.766584132 3
13.81013078 3
13.8567307 2
13.905112911 1
13.967019752 3
14.024645548 3
14.025301201 1
14.13885171 2
14.164380629 2
14.215733648 3
14.218298635 3
14.228266279 3
14.34541308 1
14.354521635 3
14.378919676 3
14.386075572 3
14.477673334 2
14.549839298 2
14.553592722 2
14.560796984 2
14.571171568 2
14.572175916 1
14.624931841 1
14.637877333 2
14.659566984 3
14.694142417 2
14.704755757 1
14.732883671 2
14.739040012 3
14.796728832 2
14.796879481 2
14.807086075 3
14.832964041 2
14.863627412 2
14.894453552 1
14.902643223 2
14.936724612 2
14.966483875 1
14.97490045 3
15.051284541 1
15.076161425 1
15.096386956 1
15.136340391 3
15.149075686 3
15.149297989 2
15.204370275 3
15.207156413 2
15.296348953 2
15.308047601 3
15.350831574 1
15.351596716 2
15.354348445 1
15.394053842 3
15.442548268 1
15.544623907 3
15.553949008 3
15.557491701 3
15.566812591 3
15.592574333 3
15.609814312 1
15.709147683 2
15.754676734 3
15.792652612 1
15.821202725 2
15.829652688 2
15.840967211 1
15.894385618 2
15.913689594 3
15.933787538 2
15.934303632 1
15.963759022 3
15.971545088 2
16.083299041 1
16.221798455 1
16.294868422 3
16.352029644 2
16.356413771 1
16.377196653 3
16.429068707 2
16.464009707 1
16.509067165 2
16.59370502 1
16.675821766 2
16.69011472 1
16.758306142 2
16.840218072 1
16.891055567 2
16.911433831 1
16.943057431 1
16.9584299 1
16.966644346 2
16.966975676 3
16.989088007 2
17.073277757 3
17.12914775 1
17.130751581 3
17.13689361 2
17.143252572 2
17.167234521 3
17.178680505 1
17.18236979 3
17.202979292 2
17.270642717 2
17.27977919 2
17.289678502 2
17.296981698 3
17.366588037 1
17.419966489 1
17.421888509 1
17.423741304 1
17.471422802 2
17.494672264 2
17.50077942 2
17.569981331 2
17.579693131 1
17.648468827 1
17.686532909 1
17.750559056 3
17.760495333 2
17.776226983 1
17.82083304 1
17.837478039 3
17.909419896 3
18.036259572 3
18.087669374 2
18.127024171 3
18.136409979 1
18.152251006 2
18.153429593 3
18.210965469 2
18.214508063 3
18.220849297 1
18.262555893 3
18.307794748 2
18.314987611 3
18.317267782 1
18.37317452 1
18.422525239 2
18.463085205 1
18.474024143 1
18.474575093 2
18.501934215 3
18.509686427 3
18.517893227 2
18.534492203 2
18.629527761 2
18.708034639 2
18.738329319 1
18.745347897 2
18.748866294 1
18.777251908 3
18.779181908 2
18.823507307 3
18.823722437 2
18.852775962 2
18.854628346 1
18.869998253 3
18.89377122 1
18.907271321 1
18.937074599 1
18.946380143 3
18.96679357 3
18.97188759 3
19.006728959 3
19.011149359 2
19.107691539 1
19.11991854 3
19.128363049 1
19.150272311 3
19.15532858 3
19.250768539 3
19.318562515 3
19.493753885 1
19.56885912 2
19.57432443 3
19.677317489 2
19.696544697 2
19.731697626 1
19.772583474 3
19.777165915 1
19.785543226 3
19.794291519 2
19.81051437 3
19.841291485 2
19.912767379 3
19.925966497 1
19.93262748 1
19.956782076 1
19.976179889 1
19.976421647 2
19.986453805 1
20.017662399 3
20.042617657 3
20.074934802 1
20.075831356 2
20.081993208 1
20.099749272 2
20.104779221 3
20.121548612 2
20.127614119 1
20.16437539 1
20.201376019 2
20.209632597 1
20.279626469 1
20.296286087 1
20.296520874 3
20.316505052 1
20.320836942 1
20.333516991 1
20.338953419 2
20.386326439 1
20.500225069 3
20.502529946 3
20.590211054 2
20.604631152 3
20.655854993 1
20.705338182 3
20.732003537 3
20.738449819 2
20.903912033 1
20.913812706 3
20.939248289 3
20.951159343 3
20.982112934 2
21.000375442 3
21.001678363 2
21.0051322 2
21.021683181 3
21.049283252 1
21.096777557 3
21.156978944 3
21.199328547 1
21.207714674 1
21.242231855 3
21.253368057 2
21.401169764 3
21.405321588 3
21.445415623 2
21.44764966 1
21.484987339 3
21.487676818 3
21.508380958 2
21.534702367 2
21.54546939 3
21.613643364 1
21.632491394 3
21.637668294 1
21.647602672 2
21.814542465 1
21.819706646 3
21.831942673 3
21.866279316 2
21.869867778 3
21.88506769 3
21.919325611 1
21.925068224 2
21.940860617 2
21.945203756 2
21.950048037 2
21.979137337 2
22.018450311 1
22.020503327 1
22.031930593 3
22.065213598 2
22.162287048 3
22.169858759 2
22.170210968 1
22.205006153 1
22.209286203 3
22.222716004 1
22.283832149 3
22.387375284 2
22.399169908 2
22.400606354 2
22.454131447 2
22.499570092 1
22.599996362 2
22.642668963 1
22.647951593 2
22.652803972 1
22.685216281 3
22.718053305 1
22.723313004 2
22.73162531 1
22.7668964 2
22.781181148 1
22.804981809 3
22.818591074 3
22.883180714 2
22.902862005 3
22.927375517 1
22.960629867 3
23.00518281 3
23.036110277 1
23.050233777 1
23.09520202 1
23.10631308 2
23.133463424 1
23.140005352 1
23.151655041 3
23.176170905 1
23.183230189 3
23.190914051 2
23.196614824 3
23.2202549 3
23.232148361 3
23.237304032 2
23.241903027 1
23.252187349 3
23.324480615 1
23.357478316 3
23.380127272 3
23.397505609 1
23.415000413 3
23.419271421 1
23.518430033 1
23.538956793 1
23.542892878 3
23.564458502 3
23.564712208 3
23.567084592 2
23.583593619 3
23.605532139 3
23.615323165 2
23.66869096 1
23.716680916 2
23.794159834 3
23.795869393 2
23.820894423 3
23.834147414 3
23.883557443 3
23.884928981 3
23.888902321 1
23.910360415 2
23.917377451 3
23.93804605 2
23.9858862 2
23.986005088 2
23.996122837 1
23.996374379 2
24.014141672 2
24.055722332 3
24.070350767 3
24.1027571 2
24.188250176 3
24.208187658 2
24.274534237 2
24.333390011 1
24.350485184 1
24.415106694 1
24.463153342 3
24.472256133 2
24.486843394 3
24.496692266 3
24.586189725 3
24.589929278 2
24.591554579 3
24.613716071 3
24.629956899 2
24.655292198 3
24.677926111 3
24.683289869 2
24.726936539 2
24.735058708 2
24.801728077 2
24.813892357 3
24.936855364 3
24.958988917 2
24.961840379 2
24.968010861 2
24.981671077 3
24.994486516 3
25.037908944 3
25.050137253 1
25.070470944 2
25.108152949 1
25.125960021 2
25.161815945 3
25.162570269 3
25.168989084 3
25.305855743 2
25.334446818 2
25.391946504 1
25.417302121 2
25.464534639 1
25.545544037 2
25.556521299 3
25.561364179 3
25.6076356 2
25.635394864 1
25.680982836 1
25.685567834 3
25.801141049 2
25.811322898 1
25.819994676 3
25.821283277 2
25.848795396 2
25.857832922 2
25.928564547 2
26.031915946 1
26.079575812 1
26.159621538 1
26.183583524 2
26.194502522 3
26.199680789 1
26.242748192 2
26.252178317 3
26.277391537 2
26.284225689 3
26.288677878 2
26.365108972 2
26.392351839 1
26.507397583 3
26.535181091 3
26.584854116 2
26.610106078 3
26.620475031 1
26.638920311 3
26.686434295 2
26.696059532 1
26.717231695 1
26.772384438 2
26.799226399 3
26.806261042 2
26.824045634 3
26.835662046 3
26.890130805 2
26.931372609 2
26.947556394 3
26.958130704 1
26.991871249 3
27.015295706 3
27.11562109 2
27.129963978 2
27.166300435 1
27.194911971 1
27.209069859 2
27.216312913 3
27.226996698 3
27.248404973 2
27.25719642 1
27.274105667 2
27.292167251 3
27.35252227 2
27.369591751 3
27.408624766 1
27.423139181 1
27.490675174 2
27.60972563 2
27.612164042 3
27.618637694 2
27.622313151 3
27.623923941 3
27.700471089 2
27.720621443 1
27.737026394 2
27.747907922 2
27.771186813 3
27.851523424 2
27.901552814 3
27.914498071 3
27.918067757 3
27.946084136 1
27.949248383 2
27.950075308 3
27.98197077 1
28.083942022 1
28.13435568 2
28.145537375 1
28.173804607 2
28.193793554 3
28.262916569 2
28.2651376 3
28.299636952 2
28.303228202 2
28.311933825 2
28.352183428 2
28.363435061 2
28.367686907 3
28.370087569 3
28.370186152 3
28.408671298 2
28.479693373 2
28.494564115 2
28.513603838 2
28.518378903 2
28.532069537 3
28.544661409 2
28.549818377 3
28.594475647 3
28.663954578 1
28.668472479 2
28.668624123 3
28.756225446 3
28.780191574 2
28.808091197 3
28.808167202 2
28.81059316 2
28.858627137 2
28.865315295 1
28.89814312 1
28.931259046 3
28.936539909 1
28.943965844 1
28.953233352 2
28.969967184 3
29.000357168 2
29.025527651 3
29.037979054 1
29.038610779 2
29.039601273 1
29.043681737 2
29.046428512 3
29.10163591 1
29.118585445 1
29.130839904 2
29.155907066 1
29.175707807 1
29.274027244 3
29.288619906 2
29.351851171 2
29.37683637 2
29.439174897 3
29.460725665 2
29.527567168 2
29.544742604 2
29.558752508 3
29.576120652 2
29.576479131 2
29.577903348 1
29.588152541 3
29.599095016 3
29.616320164 1
29.620715857 2
29.621768482 1
29.677810209 3
29.68311847 3
29.742156805 2
29.777229637 3
29.782962272 1
29.837929373 3
29.849058175 3
29.854149322 1
29.870754191 1
29.872996408 3
29.87537363 3
29.920363158 1
29.942584273 1
30.000444558 1
30.013450073 1
30.016110327 1
30.018122178 2
30.040490189 3
30.056220894 1
30.05723214 3
30.061022329 2
30.074254316 3
30.079069715 2
30.100293763 2
30.155179622 2
30.210842533 2
30.235246648 3
30.246671191 1
30.274325072 2
30.308581236 3
30.341562599 1
30.364907729 3
30.373328276 1
30.378974676 2
30.437249007 3
30.437986591 2
30.466920894 3
30.478384942 1
30.506906709 3
30.583354523 3
30.643299921 1
30.656122223 3
30.662741189 1
30.680768485 1
30.719932273 1
30.752213488 3
30.788247005 1
30.801803507 3
30.845739274 2
30.849280429 2
30.880024954 1
30.930726955 2
30.953523443 3
30.995796376 2
31.024848265 2
31.052709339 3
31.127041617 2
31.151292507 2
31.164041473 2
31.258073054 1
31.259285552 1
31.31789274 2
31.398232283 3
31.528149193 1
31.559637343 2
31.569609707 2
31.613543 1
31.641077769 1
31.642989524 1
31.690365692 1
31.762699076 1
31.763308691 1
31.76691694 3
31.807528952 3
31.842840733 2
31.871009509 2
31.8991797 3
31.907608282 3
31.96880104 1
31.981810838 3
32.032646569 1
32.051640004 2
32.051990597 3
32.054853202 3
32.078274356 2
32.099723943 1
32.163704545 3
32.224234526 2
32.27717276 3
32.317148027 2
32.375083315 1
32.38928341 2
32.409729925 2
32.437005659 1
32.442172616 3
32.469406344 3
32.481765545 1
32.483813651 1
32.53732583 2
32.606418657 1
32.676313063 2
32.682258559 3
32.685555356 1
32.695708283 2
32.718207729 1
32.800349186 1
32.85705695 1
32.858079054 3
32.977302018 2
33.008071302 3
33.020101096 1
33.049454974 2
33.26347313 3
33.265937684 1
33.280515006 2
33.324762197 1
33.402703806 1
33.454748906 1
33.517080985 1
33.547122211 2
33.571780398 2
33.596589544 3
33.621559026 3
33.651778805 2
33.663243404 3
33.691614625 3
33.701888625 2
33.724362867 3
33.725073664 1
33.76890732 3
33.775438549 1
33.8568114 1
33.881296235 3
33.924054251 1
33.937658702 3
33.977156996 2
34.02838416 1
34.029506116 2
34.032195803 3
34.035734027 2
34.074499283 3
34.103355559 1
34.128898922 1
34.142911947 1
34.145302608 2
34.147987381 1
34.148729685 2
34.183592922 1
34.186272308 3
34.188223406 3
34.191108666 2
34.208070501 1
34.231025676 3
34.242588966 1
34.300946607 3
34.340203239 2
34.344319904 1
34.379087442 3
34.398988605 2
34.402333615 3
34.40418049 3
34.416001184 1
34.453395926 3
34.549014355 2
34.580410704 3
34.582369562 2
34.597135466 3
34.597517854 3
34.606383606 2
34.661703911 2
34.675241694 1
34.68410749 3
34.705277887 3
34.76897734 1
34.77843394 2
34.845805912 1
34.86149933 2
34.881706528 2
34.999904829 1
35.008748034 3
35.009456297 2
35.084239838 2
35.17419311 3
35.194745719 1
35.19827889 2
35.198648865 3
35.264391015 1
35.294588802 2
35.311517475 3
35.327043966 2
35.410625606 1
35.417061154 2
35.441874273 2
35.459041286 3
35.68064972 2
35.683386906 1
35.725378059 2
35.739351999 3
35.795691869 2
35.804610971 3
35.835091426 3
35.844753846 3
35.875758864 3
35.88310662 3
35.88738524 2
35.909799486 2
35.918318063 2
35.972509867 2
35.976965016 1
35.978776529 2
36.051280808 3
36.138874195 1
36.151360719 1
36.171788856 2
36.202593674 1
36.237794811 1
36.242452007 3
36.255377602 2
36.261165002 1
36.284748169 1
36.291627002 3
36.310380525 3
36.328634213 3
36.328677571 1
36.339121128 3
36.342744296 1
36.36132827 3
36.384565994 1
36.405935818 3
36.43243391 1
36.463183486 1
36.487230191 2
36.493442362 3
36.494210801 2
36.503748467 1
36.530309577 1
36.556387961 1
36.591697807 3
36.611379549 3
36.61459749 3
36.631109746 2
36.659362864 2
36.682752559 3
36.716166727 3
36.723563742 1
36.75613894 2
36.838896532 1
36.849644889 2
36.853698794 1
36.85412748 2
36.863469448 3
36.87009665 3
36.9442629 3
36.947348548 1
36.977052958 1
37.013262365 2
37.051951058 1
37.070531549 3
37.095638408 1
37.096007329 3
37.121808958 1
37.207403735 3
37.239506711 2
37.25581419 3
37.313070985 3
37.326200412 1
37.35786806 1
37.377061914 1
37.390416376 1
37.430584182 1
37.458334195 3
37.460301121 1
37.463379825 2
37.484341357 3
37.532859622 2
37.554196518 3
37.571639058 2
37.591972275 1
37.620539073 2
37.628619233 2
37.639123143 3
37.654022435 1
37.706122067 3
37.72141305 3
37.726677592 1
37.745163867 3
37.808810368 3
37.847259323 1
37.850641712 2
37.852580609 3
37.895620353 1
38.007107121 2
38.036981987 1
38.050572504 2
38.061799825 1
38.063343777 3
38.068405601 2
38.091431482 1
38.09420921 3
38.094359415 2
38.141054639 1
38.141836673 3
38.146818741 2
38.149909474 2
38.154087904 2
38.159334824 1
38.183633743 3
38.19230678 1
38.203450737 2
38.236539709 3
38.261273102 3
38.265599068 2
38.274851913 2
38.291084624 3
38.301546571 3
38.342829152 1
38.416574818 1
38.467176996 2
38.471415003 1
38.473314019 2
38.514825246 1
38.546962492 1
38.637724272 2
38.639015131 3
38.644527631 1
38.649233375 3
38.669120593 2
38.681756872 2
38.699986033 3
38.798822774 2
38.820760533 1
38.853804272 1
38.864155466 1
38.932192515 2
38.969793592 3
38.982921827 1
38.988735409 3
39.025092012 2
39.037500504 3
39.043244689 3
39.085282005 3
39.104456135 3
39.145328959 3
39.154224388 1
39.173514402 2
39.227142972 1
39.240122606 1
39.252786822 2
39.266519457 2
39.277876835 1
39.281756818 2
39.310625054 2
39.315889862 1
39.322448355 2
39.344301326 1
39.355753782 1
39.359267756 1
39.363591 2
39.367664349 2
39.449875137 1
39.489815969 1
39.512093999 3
39.530316443 1
39.5424129 1
39.591510117 2
39.621068617 2
39.625149932 3
39.628637006 1
39.646580179 3
39.693535993 1
39.733742275 3
39.744888037 3
39.822749531 1
39.870720964 3
39.872022956 3
39.965691219 2
40.014778575 2
40.032791711 2
40.079444469 2
40.081414185 2
40.108404398 2
40.131005455 3
40.226900792 3
40.231597609 3
40.271156941 2
40.305375417 1
40.377652005 1
40.424107774 1
40.443837194 2
40.446840867 3
40.491040758 2
40.517600217 3
40.523032206 3
40.574891314 1
40.616182767 2
40.687686602 1
40.706106639 1
40.756890676 1
40.75731819 3
40.758767536 1
40.772849965 1
40.779074319 2
40.833372993 1
40.870201191 1
40.879884104 2
40.887268392 1
40.900287601 2
41.016777108 1
41.026070364 3
41.037638485 1
41.055684215 2
41.065273181 2
41.078981289 3
41.127566693 2
41.168901928 1
41.244819278 1
41.252661127 1
41.315395205 1
41.32696139 1
41.330929946 2
41.331148092 1
41.36656802 1
41.37838349 3
41.408978037 1
41.453652304 3
41.46139353 3
41.47740466 1
41.481650872 2
41.502191091 1
41.555692434 1
41.572562412 3
41.632658005 1
41.69040248 1
41.723308346 1
41.726972925 2
41.738254449 1
41.751549512 2
41.772922378 2
41.787462224 1
41.854606851 2
41.91625323 2
41.916349146 3
41.922898095 3
41.974867663 1
41.999658721 1
42.010519478 3
42.038294247 2
42.105744965 2
42.167219466 1
42.169481464 1
42.177712081 3
42.195311442 2
42.248098495 3
42.285851855 1
42.292681298 2
42.319305778 1
42.343006053 1
42.352983465 1
42.35782179 2
42.403230985 2
42.45894748 3
42.461278576 2
42.485258474 2
42.578083211 1
42.610618111 3
42.680583138 3
42.682475885 1
42.691555511 3
42.70833986 1
42.709220186 2
42.715939041 2
42.720341069 2
42.723568845 2
42.7703921 3
42.79779335 2
42.872058185 1
42.905481418 2
43.013114929 1
43.026141896 3
43.02794517 3
43.043590393 3
43.053936459 1
43.078974865 2
43.136682751 2
43.171873377 1
43.19763159 1
43.204701625 3
43.222319736 3
43.245877476 2
43.303609236 1
43.317078744 2
43.378276342 3
43.379775612 1
43.396836884 3
43.415059784 2
43.451467925 2
43.485036452 2
43.531044252 1
43.545664602 3
43.549776401 3
43.556089102 3
43.636971679 3
43.662466061 2
43.671158423 3
43.680561699 3
43.682770009 1
43.723342012 3
43.773324345 1
43.803408721 1
43.811117426 2
43.81477841 1
43.87687074 1
43.900443611 1
43.956974328 2
43.984074725 2
43.998847117 2
44.009744431 3
44.010396391 1
44.025264476 2
44.058756506 3
44.060389117 3
44.097364614 1
44.209868017 2
44.274157737 1
44.275568514 3
44.30978259 3
44.318216159 2
44.320053213 2
44.338599779 3
44.377810056 2
44.394341167 1
44.39695188 2
44.424386275 1
44.450983999 2
44.480697666 1
44.500263442 3
44.50531268 1
44.563298419 1
44.579904318 3
44.642542125 1
44.666529488 2
44.683146704 3
44.684137112 3
44.725539975 3
44.735583418 3
44.852051401 1
44.867035162 1
44.876174103 3
44.906043114 1
44.914711642 1
44.932729364 3
44.93863831 2
44.940258268 3
44.982338358 3
44.984333582 2
45.002154833 2
45.029204361 3
45.093409808 1
45.129782322 3
45.1708218 1
45.173679702 1
45.190372768 2
45.206215847 2
45.240763438 3
45.27989303 2
45.334609635 2
45.336503624 3
45.368180692 2
45.396918063 3
45.401236642 3
45.410564719 2
45.435051832 2
45.43590055 2
45.442636772 1
45.463045378 1
45.49225994 2
45.506067137 3
45.521993817 3
45.537590865 3
45.660171124 2
45.662609108 1
45.728108122 3
45.779425265 1
45.793451511 3
45.86481778 2
45.930231489 2
45.953734654 2
45.961910572 3
45.970182292 1
46.035120121 1
46.083857281 2
46.178728245 2
46.209359704 1
46.322834246 2
46.353635007 3
46.36826886 1
46.379896924 2
46.423606644 2
46.472314374 2
46.484725285 1
46.502800992 3
46.672541019 2
46.675486646 2
46.701712698 1
46.716458803 1
46.802173489 1
46.999137473 3
47.002989383 3
47.042875675 3
47.045197841 2
47.051222598 2
47.084142372 1
47.17223879 2
47.212156725 1
47.215051412 3
47.253541972 2
47.280439559 3
47.292951305 1
47.327180841 1
47.422321036 3
47.431035722 2
47.435441837 1
47.502163491 2
47.510129868 2
47.539317345 1
47.556711969 3
47.606560374 2
47.637975593 1
47.716110764 3
47.738387786 1
47.761945762 1
47.841766944 1
47.851003719 1
47.925057888 1
47.958892568 1
47.959665448 3
47.967786975 1
48.012104458 3
48.028943015 1
48.031655867 3
48.079791771 3
48.111954268 2
48.122496657 2
48.129719711 3
48.182192393 2
48.287192533 2
48.290152475 2
48.482777779 2
48.485554452 3
48.517825554 2
48.531528707 2
48.586857759 3
48.61262323 3
48.616125737 1
48.637456398 2
48.639460228 1
48.66170705 3
48.860431206 1
48.91334626 1
48.931723 3
48.953030235 3
49.030757754 1
49.055134869 1
49.104108065 3
49.147945047 3
49.287930747 3
49.324741072 2
49.348879442 1
49.400177594 1
49.410222161 2
49.412397825 1
49.420227624 1
49.430348128 3
49.472628155 2
49.47482291 2
49.615825538 3
49.706060157 3
49.741876018 1
49.78320844 3
49.802307584 2
49.817454289 2
49.861641024 1
49.865142166 2
49.880327229 1
49.9280049 1
49.977550124 2
49.993319704 1
50.030931029 1
50.076265176 1
50.136399282 2
50.136518826 1
50.153715759 3
50.174337274 1
50.223710287 3
50.308483972 2
50.345605204 1
50.351492263 2
50.393089387 1
50.436354136 1
50.458543155 1
50.543103403 3
50.56100666 1
50.584388736 1
50.634470081 1
50.636303908 2
50.640965645 3
50.762237035 1
50.763447249 2
50.787980335 2
50.856981215 3
50.864252166 2
50.90540489 3
50.917004946 2
50.939387106 3
50.943479791 1
50.959802922 3
50.973993773 2
50.981041861 2
51.036558657 2
51.05580181 1
51.082634903 3
51.160535784 1
51.183063581 1
51.216195724 3
51.222899815 2
51.251828489 2
51.252928275 3
51.256075895 2
51.258997842 1
51.299609505 3
51.305197647 1
51.308571158 2
51.309252719 2
51.327554894 3
51.356287602 3
51.360249064 1
51.37600609 1
51.379269095 2
51.443870437 2
51.461412612 1
51.486059951 1
51.517523465 1
51.522743732 1
51.550219879 1
51.564760011 2
51.62585981 3
51.654462666 1
51.656015479 1
51.662345188 3
51.692524596 2
51.730434414 1
51.747633294 2
51.755076336 2
51.796287936 2
51.809557515 2
51.825453089 2
51.841891333 2
52.032537186 3
52.047663301 1
52.058061256 2
52.061412846 3
52.08272812 1
52.122470912 1
52.13202043 2
52.178219875 3
52.250864231 2
52.251023674 1
52.292911638 2
52.312021991 1
52.317942446 3
52.425926644 2
52.439208098 3
52.454065646 3
52.459914309 2
52.482190189 2
52.490597895 2
52.508855983 2
52.51719068 3
52.53537324 2
52.555431586 3
52.623636832 2
52.63055885 2
52.669478231 3
52.696858282 1
52.752168626 1
52.762709773 2
52.771199292 2
52.817958489 1
52.838141349 3
52.844425925 1
52.849179877 3
52.852369989 1
52.876866077 1
52.88322779 3
52.962507216 3
52.964577001 2
52.974143602 3
53.021734472 3
53.081692475 1
53.132622736 3
53.141824452 3
53.1533492 2
53.161333412 3
53.162195067 1
53.215427697 1
53.229949273 1
53.343631461 2
53.347726078 1
53.356260536 1
53.378537559 3
53.410256122 1
53.417061684 3
53.469442756 3
53.471252419 2
53.478019572 3
53.480078066 1
53.484330118 2
53.536215853 1
53.563129057 2
53.571843285 2
53.614803566 1
53.624588273 2
53.637453553 2
53.648879492 3
53.65949506 3
53.711960364 2
53.723081628 2
53.783985044 1
53.849920824 2
53.858782056 3
53.863756093 2
53.865047931 3
53.894062363 2
53.897676226 2
53.910087052 2
53.910700593 2
53.959533458 2
54.046466035 1
54.056804044 1
54.074072563 3
54.124823813 2
54.156214704 1
54.19359299 3
54.197359016 1
54.221970481 3
54.223555662 3
54.237497167 2
54.26100547 2
54.291584436 2
54.354573271 3
54.359196121 1
54.389309447 2
54.436106494 1
54.442150771 1
54.46428058 3
54.522674854 3
54.599809386 2
54.614886 3
54.623065483 1
54.687837843 2
54.718930694 2
54.752041112 1
54.901984164 1
54.958457454 2
54.962724607 1
54.969884306 2
54.998919658 1
55.014130281 1
55.110177473 2
55.127610147 3
55.199742072 1
55.257740957 3
55.267813857 3
55.320725927 2
55.345382174 3
55.386477721 2
55.392246198 2
55.395591977 3
55.438259604 2
55.464463985 2
55.481160331 2
55.496048017 3
55.506530966 3
55.588235364 1
55.607197915 2
55.628088662 2
55.67858474 3
55.740367046 2
55.75941693 2
55.786665019 2
55.800276897 1
55.82814749 2
55.834773664 2
56.000212572 3
56.000713475 3
56.131732011 2
56.163954059 2
56.184840734 1
56.199919723 2
56.302265783 2
56.304822989 2
56.326337181 2
56.332586827 2
56.344534164 2
56.346491613 1
56.36493306 2
56.37809205 3
56.425087417 2
56.44191097 3
56.44752233 1
56.454575466 2
56.477622943 2
56.496522287 1
56.50536182 2
56.553428566 3
56.553843167 3
56.561832444 1
56.598336524 3
56.607487356 1
56.657713233 2
56.677272538 2
56.701034308 1
56.702298197 2
56.707347133 2
56.719682689 1
56.753696547 2
56.785607589 3
56.862360971 2
56.884589318 3
56.919221128 1
56.95416068 3
57.059829327 3
57.119506097 3
57.171302683 2
57.283067513 1
57.37960148 2
57.424540481 1
57.462558796 2
57.487762975 3
57.489666609 1
57.49465301 1
57.533239586 1
57.632362754 3
57.644278722 2
57.722193689 1
57.799781554 3
57.876108109 1
57.88602234 3
57.89785827 2
57.904677648 1
57.92434061 1
57.928355878 3
57.932012372 1
58.107029559 3
58.144451322 1
58.156904728 1
58.184669727 3
58.200542312 2
58.204799264 2
58.217280403 1
58.221338787 3
58.227079359 1
58.243520608 3
58.250714432 1
58.268051892 2
58.363441502 1
58.38237905 3
58.455198766 3
58.457630515 2
58.574130065 3
58.584055202 3
58.590728196 2
58.656910105 1
58.696815034 3
58.722496847 1
58.817697383 1
58.822604814 3
58.833358148 2
58.862685446 2
58.907109678 3
58.919092107 1
58.933798682 2
58.961157334 2
59.066563808 3
59.096897061 1
59.111727118 1
59.119724388 2
59.119908517 2
59.155491078 3
59.159451866 3
59.171201883 2
59.200935106 2
59.23467465 1
59.252431646 1
59.334056535 2
59.363223544 2
59.406862385 2
59.409529274 1
59.563816875 3
59.565163155 1
59.567696626 1
59.62521369 3
59.634200222 1
59.643897375 3
59.722102846 3
59.731516648 3
59.798569968 2
59.848793567 1
59.871234903 3
59.877582608 3
59.905973086 1
59.980144934 3
60.002094386 1
60.015822529 3
60.021080012 1
60.056845403 3
60.077763057 3
60.086007355 1
60.174054432 2
60.183470049 1
60.194067548 1
60.215562581 1
60.267784196 2
60.283143126 1
60.315120405 3
60.338702684 3
60.391789585 3
60.40281683 3
60.422930506 2
60.457117181 3
60.515585003 2
60.525020032 3
60.570834405 2
60.601172351 3
60.642330917 3
60.660288853 2
60.69413175 3
60.709168615 1
60.716664921 1
60.743029474 2
60.790301895 2
60.795357719 1
61.010178156 2
61.059921778 1
61.059995197 2
61.105078864 2
61.131210637 1
61.149646181 3
61.201284783 3
61.218471587 1
61.238213668 2
61.261406574 2
61.358192987 3
61.377382385 1
61.416152076 3
61.436718849 1
61.442992533 1
61.458143439 1
61.466839795 1
61.487616546 1
61.510401025 1
61.57310651 3
61.607121497 2
61.621933846 1
61.634893118 2
61.656512196 1
61.748147825 1
61.781228321 1
61.786401819 2
61.821698019 2
61.823570506 1
61.851407623 3
61.852247974 3
61.901532421 2
61.903244626 1
61.931640513 2
61.987118418 3
62.048568951 1
62.053608384 2
62.100985732 2
62.13429778 1
62.171970122 2
62.174581629 2
62.177126474 1
62.216894786 2
62.230474652 2
62.236711511 2
62.258687537 1
62.269265838 1
62.311107638 3
62.328115705 1
62.350413055 1
62.36481913 1
62.398180836 2
62.418201427 3
62.42122327 1
62.440255221 1
62.475438413 1
62.592783441 2
62.625533966 2
62.63363951 2
62.724820241 2
62.744685652 3
62.763037911 1
62.818939142 3
62.850215978 3
62.940325852 3
62.969739588 1
62.975734317 2
63.007949375 1
63.011863106 2
63.029934551 2
63.036138851 3
63.059578454 3
63.094300133 3
63.110162543 1
63.193121931 1
63.195164965 1
63.212016628 1
63.271555149 1
63.291219924 2
63.328678217 2
63.35509707 1
63.369621723 2
63.421446372 2
63.45653681 1
63.469303569 2
63.472125725 3
63.476434431 2
63.485143131 2
63.509562215 2
63.539607446 1
63.554109532 1
63.564920626 1
63.589339607 2
63.596951358 3
63.601669381 3
63.607120849 1
63.626376124 1
63.643184547 1
63.648238719 2
63.720906733 2
63.809305349 2
63.870533265 1
63.876481938 3
63.893948873 2
63.934185969 2
63.972740376 2
63.984578839 3
63.988278349 3
64.018717885 1
64.067437335 2
64.075049869 3
64.084908277 3
64.097598319 3
64.151306308 2
64.155916223 3
64.173897686 1
64.197639306 3
64.253789511 2
64.284144787 1
64.290932396 2
64.296627116 2
64.312856195 2
64.334740036 2
64.361425173 1
64.368950701 2
64.376923142 2
64.392431067 1
64.407833081 3
64.436655562 2
64.457510851 3
64.503264258 1
64.515514307 1
64.525626019 3
64.56510016 2
64.668890874 2
64.688123496 1
64.8056479 3
64.805805063 1
64.818924797 3
64.859893642 2
64.860303627 1
64.917643095 1
64.929182244 1
64.970954458 2
65.008317712 2
65.054095662 3
65.073772728 3
65.087278454 1
65.100084807 1
65.127851179 2
65.139163642 3
65.151323457 1
65.162002585 2
65.164612576 1
65.239955665 2
65.262474022 2
65.264770932 3
65.266133796 2
65.283780077 2
65.283921206 1
65.301127947 1
65.313482881 2
65.394264033 3
65.411989278 3
65.424142936 3
65.437693881 2
65.444221264 2
65.492650345 3
65.498133263 1
65.508761668 1
65.512534688 2
65.521466452 1
65.563613536 1
65.614148344 1
65.674985376 2
65.694798358 2
65.789092086 3
65.825543626 1
65.876794151 2
65.884666107 1
66.015892936 2
66.030046197 2
66.060362633 1
66.176813429 2
66.235219292 2
66.240852146 2
66.252946264 2
66.269227363 2
66.338068446 1
66.354707495 3
66.359807079 3
66.3755051 1
66.411095968 2
66.552797629 3
66.591560032 2
66.657850606 3
66.668253338 1
66.685070052 2
66.723234212 2
66.755389798 1
66.825239799 2
66.827016532 1
66.858445603 3
66.890750633 2
66.960590594 2
67.009159673 3
67.013783092 3
67.026962321 1
67.048806863 1
67.056104944 3
67.075973377 3
67.121414144 2
67.231957541 3
67.239282497 3
67.24455746 1
67.246718341 3
67.274861551 1
67.293114782 1
67.315423574 1
67.346672866 3
67.375591144 1
67.418471614 2
67.421545811 3
67.426158222 3
67.432947285 1
67.485007921 1
67.502361078 3
67.513000685 1
67.525565899 2
67.559462502 3
67.581314356 2
67.583653976 2
67.590865523 2
67.602025566 2
67.638132742 1
67.684724776 1
67.740547336 3
67.750918377 1
67.751510917 3
67.770852236 2
67.77936882 3
67.789476893 3
67.82952305 1
67.861362772 3
67.865959686 1
67.917016871 3
67.934332113 2
67.951660631 1
67.957791596 1
67.973833267 1
67.979518971 1
67.980916003 2
68.015083562 1
68.074747335 1
68.141684579 3
68.20433267 1
68.210731204 2
68.323258144 2
68.342624521 2
68.403303334 3
68.424053116 3
68.433414916 1
68.513679275 1
68.543309687 3
68.54503608 3
68.552395708 2
68.566833252 3
68.577972371 3
68.617235067 3
68.628114358 2
68.661807685 2
68.67386233 1
68.677301491 1
68.707249284 1
68.716781955 1
68.789724474 3
68.857015849 1
68.862207965 1
68.905526842 2
68.94387975 3
68.985160897 3
69.02300528 3
69.042210878 2
69.067500516 1
69.124802619 3
69.145015819 2
69.242832892 2
69.249069768 1
69.282817547 1
69.295809733 2
69.304745016 3
69.304770787 3
69.326364261 3
69.338551243 1
69.375126577 1
69.385325513 1
69.414380898 2
69.430854817 2
69.553500015 1
69.62446564 2
69.665718175 1
69.689378883 1
69.695592638 2
69.806639959 1
69.818877522 1
69.868451707 3
69.87084032 3
69.903493312 2
69.941604841 1
69.973204172 2
69.998261854 2
70.033429372 3
70.061112635 3
70.101430438 2
70.10331836 2
70.108579482 1
70.144302193 3
70.200328615 1
70.200362288 2
70.211154191 2
70.221637912 1
70.2620196 2
70.296226835 3
70.308512145 2
70.34891124 1
70.368464732 2
70.406173022 2
70.412529906 3
70.498092709 1
70.501090646 3
70.518315421 1
70.52572789 1
70.558962372 2
70.636743559 1
70.639004854 1
70.641321028 1
70.650918373 2
70.674448376 3
70.677913764 3
70.70161572 3
70.701897035 2
70.728416433 2
70.764000743 2
70.780835238 2
70.832577323 1
70.911378366 3
70.924684926 1
70.931984195 2
70.983554827 1
71.006827261 2
71.08429195 1
71.102676464 2
71.10819452 2
71.148471469 1
71.189213429 3
71.230847235 3
71.249929401 3
71.287424892 1
71.300068773 3
71.305195644 3
71.335528213 2
71.33701036 2
71.358533474 3
71.377937961 1
71.386490047 3
71.452254121 2
71.469265822 2
71.481502117 1
71.528939793 2
71.565116177 2
71.569457734 2
71.574316332 2
71.606785646 3
71.613250318 1
71.625994007 3
71.638356661 2
71.647384099 1
71.658531281 3
71.672915283 2
71.715280133 3
71.877068272 1
71.90041802 3
71.904864095 2
71.928114984 3
71.937114596 1
72.079592095 2
72.091428586 2
72.114428297 3
72.173555759 3
72.188340753 3
72.193661753 1
72.218093009 3
72.231781114 1
72.251094984 2
72.26468666 1
72.283966964 1
72.316568002 1
72.3218308 1
72.322779925 3
72.370065668 3
72.397120819 1
72.424639899 3
72.537704243 3
72.601522657 2
72.604185686 3
72.608842393 3
72.608900151 3
72.609068087 3
72.641754734 3
72.661278458 2
72.7117981 3
72.718979827 1
72.740494229 3
72.774777079 3
72.841734276 1
72.893027118 2
72.923549549 2
72.939292038 3
72.955518173 2
72.964720787 2
72.980277397 1
72.987557131 2
72.996281623 2
73.013962644 2
73.021575368 2
73.035226146 1
73.135700402 1
73.249225452 2
73.258956433 2
73.33435461 2
73.338797779 3
73.340877089 3
73.35859641 2
73.40228111 1
73.466467329 1
73.495381969 3
73.504462789 3
73.532199142 2
73.537152324 2
73.545559524 1
73.547724406 1
73.576414954 1
73.585076639 2
73.599479052 2
73.614690215 3
73.712844802 1
73.717934941 3
73.734963178 2
73.740057442 1
73.749766134 3
73.847533606 3
73.903224165 2
73.922960744 3
73.956572511 1
73.974658471 3
73.981905766 3
73.993555838 1
74.000553584 3
74.050789761 1
74.070200104 1
74.114227327 3
74.215989469 3
74.235090728 3
74.280884582 1
74.305748564 1
74.346078754 2
74.353390421 3
74.40657239 1
74.440118211 2
74.448324651 3
74.468400747 1
74.473317251 2
74.500597995 1
74.521520936 3
74.528505487 1
74.550040298 2
74.556975785 1
74.557067545 3
74.665356355 3
74.710387898 1
74.742907383 1
74.782913787 2
74.803581408 2
74.81905794 1
74.823981607 1
74.903114159 3
74.940847887 3
74.949250824 2
74.959585537 2
75.005441754 2
75.025821432 2
75.026430807 1
75.081766305 1
75.102318191 3
75.122354773 1
75.14161613 1
75.185116183 2
75.211522871 3
75.248418157 2
75.262984824 2
75.34382605 3
75.358835102 1
75.411179673 1
75.418058278 2
75.438768392 3
75.444480927 1
75.485332589 2
75.527749098 3
75.559437339 3
75.575645205 2
75.627526169 3
75.646458478 2
75.654858938 1
75.673468544 3
75.702916905 3
75.70914144 2
75.710308809 2
75.721825394 1
75.763860153 1
75.770116453 1
75.785702335 1
75.812435209 1
75.81649323 2
75.820643814 2
75.844436231 2
75.857732715 1
75.866634458 2
75.869066807 2
75.902489377 2
75.949284898 2
75.959812778 2
75.968048405 2
75.981443185 3
75.985238663 2
76.011452927 3
76.023355968 3
76.052309693 3
76.126249188 1
76.137320785 2
76.147997146 2
76.228364515 3
76.284833781 2
76.293229384 2
76.318643731 2
76.330170017 3
76.376330298 1
76.408359901 1
76.50899567 1
76.517431287 3
76.541585721 3
76.549114733 2
76.558458814 2
76.604135627 2
76.617493678 3
76.645058051 2
76.68141361 2
76.689103334 3
76.689643934 1
76.740736633 1
76.753826384 3
76.758015177 3
76.772592965 3
76.781528866 1
76.817278326 1
76.840291386 1
76.855214588 3
76.85843928 3
76.889922871 3
76.976334139 1
77.012758125 2
77.117465181 3
77.169281017 3
77.200049175 3
77.211505582 1
77.238399064 1
77.285446571 2
77.333720644 1
77.388192711 1
77.484615575 2
77.53021955 3
77.545025728 3
77.554787165 3
77.618722516 3
77.622770745 2
77.732090194 2
77.784740046 3
77.807175735 1
77.81572438 1
77.84639755 3
77.853677348 3
77.872216756 3
77.878860715 1
78.012786296 1
78.02180938 3
78.047812704 2
78.091864113 2
78.105805335 1
78.175176431 3
78.176140196 1
78.252429829 2
78.278780009 3
78.288679088 3
78.406902994 1
78.408899248 2
78.428147933 2
78.442183202 3
78.532337154 3
78.547161517 2
78.588029995 3
78.595341227 3
78.611317922 3
78.632883165 3
78.636855973 1
78.669525933 3
78.685742945 1
78.754567555 2
78.799364414 3
78.832233024 3
78.881503781 1
78.884627015 2
78.904740953 2
78.93755942 1
78.937804023 1
78.975389251 1
78.978557645 1
78.983917172 2
78.988547676 1
78.99810642 3
79.0385701 3
79.14577925 2
79.214099687 2
79.219584065 2
79.231367132 3
79.249436282 1
79.26889561 1
79.297902154 3
79.316955293 2
79.352869597 2
79.376988178 1
79.446109203 2
79.465788923 2
79.527714398 1
79.528433741 3
79.575845373 1
79.585197175 1
79.5928213 2
79.632707252 1
79.636384746 1
79.664150166 3
79.671002639 2
79.691358369 2
79.732888095 3
79.795755616 2
79.862091424 3
79.91706161 3
79.977891013 1
80.005945504 1
80.030048078 3
80.035703069 1
80.135049016 3
80.146504332 2
80.187292375 2
80.190085833 2
80.197077877 2
80.201113588 3
80.225703878 2
80.270803058 3
80.294006172 1
80.296491067 1
80.305600007 3
80.319372103 2
80.330152648 1
80.357828225 2
80.436686828 3
80.438710581 3
80.452743005 2
80.454345046 3
80.514152116 1
80.542135114 2
80.553595837 3
80.585018272 3
80.621766232 2
80.63446316 1
80.698860892 1
80.710388861 3
80.715019035 1
80.717114337 1
80.734943216 1
80.750214121 2
80.751232009 3
80.772450515 3
80.788252833 1
80.788842949 2
80.799619087 3
80.808065564 3
80.859887861 2
80.866819416 1
80.867063085 1
80.868415236 1
80.885690613 2
80.909390239 2
81.013056297 2
81.096479856 2
81.266755174 3
81.269414003 2
81.284767763 1
81.331972191 3
81.364119789 2
81.371170872 1
81.393854879 2
81.404897577 1
81.445308398 3
81.47993452 1
81.537401046 3
81.616733106 2
81.622897418 3
81.635975917 3
81.645884228 1
81.652961489 1
81.660152796 1
81.662169667 1
81.730589795 2
81.767688745 1
81.770246322 1
81.79318882 3
81.794319561 2
81.80110098 2
81.812453204 1
81.84802121 3
81.854394875 3
81.898764701 3
81.899147718 3
81.900902604 2
81.904636009 2
81.920058406 3
81.949151755 3
82.022030775 2
82.050049808 1
82.09132058 2
82.150742412 1
82.167283461 2
82.178821545 3
82.239437343 3
82.255204836 2
82.275720146 2
82.276268188 3
82.283335214 1
82.289894688 2
82.314654936 1
82.332749629 2
82.379866534 2
82.406908301 1
82.428736595 1
82.478859187 3
82.504940741 2
82.506349366 1
82.512504837 2
82.539955451 3
82.56656061 1
82.618520316 2
82.636200767 1
82.642464703 2
82.669607766 3
82.700480311 2
82.728583337 2
82.733097156 2
82.761986299 1
82.829700448 2
82.86816686 1
82.895212446 1
82.914033886 1
82.943395606 2
82.957151517 1
82.980995463 2
82.982307702 3
83.045229405 1
83.047687518 3
83.051418388 2
83.101724161 2
83.111874724 3
83.174575056 2
83.223823475 3
83.253544113 2
83.283737677 1
83.308483992 3
83.319341489 3
83.319844917 3
83.407264317 2
83.428463521 3
83.440807565 1
83.493701478 2
83.511824672 1
83.574513214 2
83.583610715 2
83.651022024 2
83.73459733 3
83.769378621 3
83.77091801 2
83.814012831 2
83.860937345 3
83.862841431 3
83.975659643 2
83.983299353 1
84.003391481 3
84.014220668 2
84.060216051 2
84.090185583 3
84.151776528 3
84.229031717 3
84.27589591 2
84.316989926 3
84.331086886 3
84.38397683 1
84.414897599 3
84.457035076 1
84.507976394 2
84.52893635 1
84.544715614 1
84.554259889 1
84.572796685 1
84.580799257 3
84.598577912 1
84.619679177 3
84.624108562 3
84.68259057 2
84.715672618 3
84.736470862 2
84.828921387 3
84.860675026 3
84.894123015 2
84.966908458 2
85.023428527 3
85.073786972 2
85.084814648 1
85.147905337 3
85.18804602 2
85.193094736 1
85.207252507 3
85.235433511 3
85.262301059 2
85.369943584 3
85.377544551 3
85.403561347 3
85.423481654 2
85.434280659 1
85.506025154 1
85.557307074 1
85.569737614 2
85.589930487 3
85.612121106 3
85.657656417 3
85.667615103 3
85.861558296 2
85.884094071 3
85.902282434 2
85.921906336 1
85.969152571 1
85.99054981 1
85.994113428 1
86.02220203 3
86.042191817 2
86.064832308 1
86.095869828 3
86.111464861 1
86.127451067 1
86.14851253 1
86.163810938 1
86.170176953 3
86.17818174 3
86.248124039 1
86.369088441 2
86.38750404 2
86.407734651 2
86.433768583 3
86.442970178 1
86.497144899 1
86.506313057 2
86.517550411 1
86.552327453 1
86.620579036 1
86.67474456 1
86.708178676 2
86.709075776 1
86.711599356 1
86.745975653 2
86.815197537 1
86.914934339 2
86.945604238 2
86.986403571 1
86.998748107 1
86.999959924 1
87.024481893 1
87.14353078 2
87.192281141 1
87.218374425 3
87.269794351 1
87.352454096 2
87.370811262 3
87.395416485 3
87.420193264 3
87.420715111 3
87.457724344 3
87.476201751 3
87.476382824 1
87.481551781 1
87.483170275 1
87.498427311 2
87.503918062 1
87.589079396 2
87.635912678 2
87.653030913 3
87.796446359 2
87.939537025 3
87.982029936 3
88.004105597 1
88.030527153 3
88.039897918 2
88.062120591 2
88.072140702 1
88.074985892 3
88.088778788 2
88.179850809 1
88.222055706 3
88.254006787 3
88.313761125 3
88.332532211 3
88.343767367 2
88.368109207 2
88.368925158 1
88.392110263 1
88.409673809 1
88.488048523 1
88.490079768 1
88.512586245 3
88.55244356 2
88.580707684 1
88.58651599 3
88.60738914 1
88.637363836 3
88.639673221 2
88.646032556 1
88.654011451 1
88.669102272 2
88.679845598 3
88.6948176 1
88.699551072 2
88.73188614 1
88.774677793 1
88.875783755 2
88.88393592 3
88.910031258 2
88.925106044 3
88.947402136 1
88.994813982 2
89.007218204 1
89.038964825 2
89.060839725 3
89.178762741 1
89.185770145 2
89.23005179 2
89.236337914 3
89.266276867 3
89.276041149 2
89.289391423 1
89.334739131 1
89.334888494 1
89.439960138 1
89.446646844 3
89.488565754 3
89.502312802 2
89.514185826 1
89.557801782 3
89.592216985 3
89.59757882 2
89.708944098 1
89.739107047 1
89.752416787 2
89.769387334 2
89.808713875 1
89.824097546 2
89.910794874 3
89.914789308 1
90.125228722 2
90.152025499 2
90.302876458 1
90.347342339 2
90.386599446 2
90.4182972 1
90.464563532 2
90.472646717 1
90.494400453 1
90.49747348 2
90.506278513 2
90.542237125 1
90.620332291 1
90.699271499 1
90.704506726 2
90.712362197 3
90.749850584 1
90.758352461 2
90.763992653 3
90.774458686 2
90.778558818 2
90.843805122 2
90.853704666 3
90.86185875 1
90.871083575 2
90.893887755 1
90.916157475 3
90.926544765 1
90.982575625 1
91.016874384 3
91.017841085 2
91.035343397 1
91.065905211 2
91.166952681 2
91.179732806 3
91.234472036 1
91.257946418 3
91.300927984 3
91.305517548 2
91.323458437 3
91.337137331 2
91.438219411 3
91.464398289 3
91.489970345 2
91.506731916 1
91.612044027 2
91.624281853 2
91.625495324 1
91.633184963 1
91.651587755 3
91.681242664 2
91.6857554 3
91.71886492 3
91.719583446 2
91.740735318 2
91.790929925 3
91.817887283 2
91.917078919 2
91.98007511 3
91.987586353 3
92.03040388 2
92.046165457 2
92.154392872 3
92.19545319 1
92.206146972 3
92.245569907 2
92.314402139 1
92.329888951 1
92.342501745 3
92.349793218 3
92.370263087 2
92.459345187 2
92.503240065 1
92.50759104 3
92.554641362 2
92.573982126 1
92.642339564 3
92.651057482 3
92.655581655 3
92.680784472 2
92.696672475 3
92.716076397 2
92.718000336 3
92.723804671 3
92.725736009 1
92.790423854 3
92.800049002 1
92.800295249 3
92.882347674 1
92.893803205 3
92.937492493 3
92.941323413 2
92.960600526 1
92.967023443 3
92.973210759 3
93.056281633 3
93.059329515 1
93.075084503 3
93.090210637 1
93.109665313 1
93.112350878 3
93.118024509 3
93.119724379 1
93.164866041 2
93.178779449 3
93.236371754 1
93.326950084 2
93.353327878 3
93.366029355 1
93.368180188 3
93.41991676 3
93.616741089 3
93.627373301 3
93.667582955 1
93.697946252 2
93.724963458 2
93.879225216 1
93.979816611 2
93.995962425 2
94.036810961 2
94.043822689 1
94.047500436 1
94.112572909 3
94.121529213 3
94.207355424 3
94.223984888 1
94.228662179 1
94.230565087 3
94.231230777 2
94.245622561 3
94.26979826 2
94.293255341 2
94.302733508 3
94.33307219 1
94.386740548 2
94.39311084 2
94.445607252 1
94.520925039 1
94.537333217 3
94.603133684 3
94.621566633 1
94.628794575 2
94.636148072 1
94.70591793 2
94.74409865 2
94.80469264 2
94.814099133 2
94.876110686 2
94.899413078 1
94.945163128 1
94.947705111 3
94.950292117 3
94.953662564 3
94.976674132 3
95.011686683 1
95.019272359 1
95.024913779 1
95.044984294 2
95.068313571 3
95.109492916 1
95.112859477 2
95.134640668 2
95.19185223 3
95.285813373 2
95.300681555 2
95.317944449 3
95.377875294 2
95.378457425 1
95.394845297 3
95.456943645 1
95.461508853 3
95.464141461 1
95.550604974 1
95.581546547 3
95.596297903 3
95.6058637 1
95.61757802 2
95.630186296 1
95.638122041 2
95.666212027 2
95.697419836 1
95.704514891 1
95.763390229 1
95.767987973 3
95.872973319 3
95.890071166 1
95.905168069 2
95.905553532 3
95.950923841 1
95.969775872 1
96.019491848 2
96.108056069 3
96.141084464 3
96.165201212 1
96.265568043 3
96.291490601 3
96.31795186 2
96.349892985 2
96.462607483 1
96.47418647 3
96.502613416 3
96.559988947 1
96.588844274 1
96.608230785 2
96.687796631 2
96.725630777 1
96.736594452 3
96.762382781 1
96.783055066 2
96.790536662 2
96.795795441 3
96.81898242 1
96.828391738 3
96.880093676 1
96.979249725 2
96.980252308 3
97.044486904 3
97.061753162 2
97.083265856 2
97.161836162 1
97.209928348 3
97.22672709 2
97.24189179 1
97.256615766 1
97.294634451 3
97.324652834 1
97.369820983 3
97.424311272 2
97.477410553 2
97.493394852 1
97.501924696 1
97.525164051 2
97.54160634 1
97.551321263 3
97.564194485 2
97.751816882 2
97.782480081 2
97.783880444 1
97.799320204 1
97.814277988 3
97.835767413 2
97.843498902 2
97.849860597 2
97.942086535 2
97.949583696 1
97.956719527 2
97.983583291 2
98.032277098 3
98.074652491 3
98.074863407 3
98.088442452 1
98.222113856 3
98.333308806 2
98.407296076 3
98.470384899 2
98.490928243 3
98.53606313 3
98.539200953 1
98.562219721 2
98.597472145 1
98.63726027 1
98.662568082 1
98.729921106 1
98.768265318 2
98.805942114 3
98.819364963 3
98.861214541 3
98.886638369 2
98.896229135 2
98.900621758 2
98.904604386 2
98.911041481 1
98.975136691 2
98.988915126 1
99.004216678 3
99.01545896 3
99.016175662 2
99.029770515 1
99.034667938 1
99.058681608 1
99.070431826 3
99.097274007 2
99.162658525 2
99.256082148 1
99.30662732 2
99.314519844 1
99.422533784 2
99.481599373 3
99.544828204 1
99.575261587 2
99.577432963 3
99.643981168 2
99.64723818 3
99.659367334 2
99.727658561 1
99.812898282 3
99.815143942 3
99.868660096 2
99.875743108 3
99.931332606 2
99.98797927 1
99.999829932 1
100.048796539 2
100.102797267 1
100.105476036 2
100.195809434 1
100.196666796 1
100.20807043 3
100.232323015 3
100.284317892 2
100.288841988 2
100.290780791 2
100.320550919 3
100.336435382 2
100.351211087 3
100.365569962 3
100.411102049 3
100.436492589 2
100.541453476 2
100.551611532 2
100.661914247 3
100.686157858 2
100.792634386 1
100.803074831 3
100.87554965 2
100.887784726 2
100.89469848 2
100.938075116 2
100.999539002 3
101.012078106 1
101.069014886 3
101.091712889 2
101.140512055 3
101.147856329 2
101.204699121 2
101.265945452 2
101.267902507 2
101.272557385 1
101.293595684 2
101.314640555 1
101.337968636 1
101.338073171 3
101.3598421 3
101.395676168 2
101.405953302 3
101.412664763 2
101.427026452 3
101.464267638 3
101.492986509 3
101.506512195 2
101.55576241 1
101.602971652 1
101.606714154 1
101.656830359 1
101.681704055 1
101.687041966 2
101.703898859 3
101.738351537 3
101.756994488 1
101.777231306 3
101.885983024 3
101.932002007 3
101.944888067 2
101.978754276 3
101.993788235 3
102.027003212 1
102.117336621 2
102.129978116 3
102.164601234 2
102.198412104 3
102.257338356 1
102.275477293 1
102.279792232 2
102.286937711 1
102.294671519 3
102.355853544 1
102.375733922 2
102.404067487 1
102.431379142 3
102.486908397 3
102.528303465 2
102.55268454 1
102.59532654 1
102.596015511 3
102.640793894 1
102.673581335 2
102.675768166 1
102.776096678 3
102.78026904 3
102.792474547 1
102.821486401 2
102.826013181 3
102.854594225 2
102.856421152 2
102.875672746 2
102.892847347 3
102.898246669 3
102.938161657 1
103.042525283 3
103.052419089 1
103.117865963 1
103.188685651 1
103.211536092 2
103.211939119 2
103.232255891 2
103.289394839 3
103.295148372 1
103.316179355 1
103.323934033 2
103.331600179 1
103.34647444 3
103.386128308 1
103.392678592 1
103.394058626 3
103.395829253 3
103.427872385 1
103.436895449 3
103.451712811 3
103.500999771 3
103.570673861 3
103.649704628 1
103.72895474 3
103.779116922 2
103.854902643 3
103.903037848 2
103.907138201 3
103.941782033 3
103.943848912 2
103.969293214 1
103.97131538 2
104.042347548 1
104.061144297 1
104.081524124 1
104.116857511 3
104.12788612 2
104.138790383 1
104.151063073 2
104.172227304 3
104.207045555 1
104.22934826 3
104.273920124 3
104.275620892 2
104.356256579 3
104.36801387 3
104.38033459 1
104.454705288 3
104.507868533 1
104.579700319 3
104.579985759 1
104.646048065 2
104.680400119 1
104.765939996 3
104.795409636 1
104.817668675 1
104.822641926 2
104.827660493 3
104.908242851 2
104.964333091 1
105.014076271 2
105.02050515 2
105.021706847 2
105.163819971 3
105.209978785 3
105.235906025 2
105.243428052 2
105.278086195 1
105.301366967 2
105.368206234 3
105.376246992 1
105.376720047 1
105.392131163 1
105.418148759 1
105.435356578 3
105.500463368 1
105.507325799 1
105.526548291 3
105.52809312 1
105.559771393 3
105.564550823 3
105.639234272 3
105.643913979 2
105.751723569 1
105.870215842 3
105.910144087 1
105.918703333 3
105.920792281 1
105.938647824 3
106.034199807 2
106.039522344 2
106.118686325 3
106.176840788 3
106.274236191 2
106.276412996 3
106.279988459 3
106.282409811 1
106.307835987 3
106.338367289 3
106.410338809 1
106.429061547 1
106.446599328 2
106.512559212 1
106.524399656 1
106.551046247 1
106.566517194 1
106.59018767 2
106.60416765 2
106.608264998 3
106.613670973 2
106.690698799 3
106.699735915 2
106.738271018 2
106.752784442 1
106.76505842 3
106.817414793 1
106.865971619 1
106.951584532 3
106.978327398 3
106.995111124 2
107.019002101 3
107.098676894 3
107.157565967 2
107.178657549 3
107.193817072 1
107.269067514 3
107.280150705 2
107.391443951 3
107.43122237 1
107.480575946 2
107.500171051 2
107.544442718 2
107.553079192 3
107.559624184 3
107.601003071 2
107.695260208 2
107.718589095 2
107.749568548 3
107.790631774 3
107.899428532 2
107.948668277 3
107.973587257 2
107.990287658 2
108.002068083 3
108.028363051 3
108.143921788 3
108.258225008 2
108.271437648 2
108.329978334 2
108.338809362 2
108.398622126 3
108.418737559 2
108.475670671 2
108.515388018 1
108.681993768 3
108.682569197 1
108.711288223 3
108.71882728 3
108.750277868 3
108.770475502 3
108.776247749 2
108.786473452 3
108.789319778 3
108.803552084 3
108.807848141 1
108.957955692 1
109.048830102 2
109.07289902 2
109.088461382 1
109.102165466 3
109.139798 2
109.14918961 1
109.193267786 2
109.203894206 1
109.215571679 1
109.235329598 2
109.238238869 1
109.254091885 2
109.291342737 3
109.294100747 1
109.32163637 1
109.358673609 2
109.365853296 2
109.389862742 2
109.394160892 2
109.436575336 1
109.43773543 2
109.448755002 1
109.475179183 1
109.525927859 1
109.537840798 1
109.558377334 1
109.57213587 1
109.578270732 1
109.666915882 3
109.667262327 2
109.718663479 3
109.734320422 3
109.737505471 2
109.806757988 3
109.821131451 1
109.826786219 3
109.896650637 3
109.905414054 2
109.908270379 2
109.93756783 2
109.938139701 2
109.949158898 1
109.972014378 1
109.979991591 1
109.981442819 2
109.983079509 2
109.985698401 3
110.097489403 1
110.136535334 1
110.142343853 1
110.148833884 3
110.151175909 2
110.173039072 1
110.193951723 2
110.210341364 3
110.228535483 1
110.270442508 1
110.274479701 3
110.296612376 3
110.350828742 3
110.400957116 1
110.45851762 1
110.519575503 3
110.52697826 3
110.542286271 1
110.546547667 1
110.560604764 2
110.640079271 3
110.659671526 3
110.745765443 2
110.761166507 1
110.768862852 1
110.863233199 2
110.911845335 3
110.947199244 3
111.003433168 1
111.013876771 3
111.017101971 1
111.024331584 2
111.052090005 1
111.052275925 3
111.059532299 3
111.082262921 3
111.08681022 3
111.116600666 3
111.11907239 1
111.120087671 3
111.133632192 3
111.165173522 3
111.174299285 3
111.191135588 3
111.207197059 3
111.237287168 3
111.250454894 2
111.263840782 3
111.311531203 1
111.365157712 2
111.421497965 1
111.533561496 3
111.593812533 3
111.602916991 1
111.609774625 2
111.611415305 3
111.657915612 1
111.660828211 3
111.681900276 2
111.682348744 2
111.705651635 3
111.717824768 2
111.721381891 1
111.725424189 2
111.749452055 1
111.755095423 1
111.777887111 2
111.80698655 3
111.833041844 2
111.835719325 2
111.841094602 3
111.846804205 1
111.858694306 3
111.989386713 1
112.000089619 1
112.001165762 3
112.026333035 1
112.036358206 1
112.053481501 1
112.056807366 3
112.072767693 1
112.091982657 2
112.107654863 3
112.130458092 1
112.13797917 2
112.149147283 1
112.182322678 3
112.248601661 3
112.290169819 1
112.307760573 3
112.346400353 2
112.359664427 1
112.385443202 3
112.386971821 3
112.395484734 2
112.399878779 1
112.42170968 3
112.463135774 2
112.474103066 2
112.497662176 3
112.507219856 1
112.545135267 2
112.592736014 1
112.594850055 2
112.632567268 2
112.667245646 1
112.689927908 1
112.724608139 3
112.72525481 2
112.738655045 1
112.755557316 2
112.758108835 2
112.797143464 2
112.834626453 3
112.894448791 2
112.931258699 1
113.05241505 3
113.065166381 1
113.076949789 1
113.079556351 3
113.136564123 3
113.183278374 3
113.228212595 3
113.242172251 3
113.283456192 3
113.41377841 3
113.486110828 1
113.537805393 2
113.579214222 3
113.655549523 1
113.700881892 2
113.710570654 1
113.74287974 2
113.746314638 3
113.746450661 1
113.758550779 2
113.881390479 1
113.902801889 3
113.912052397 1
113.93015518 1
113.968961498 2
113.978385187 2
113.980422994 1
114.035657902 3
114.084912915 3
114.097694243 2
114.14024584 1
114.14159867 2
114.162025737 3
114.216066154 1
114.216598636 1
114.256207412 1
114.279294092 2
114.295210717 3
114.305010556 2
114.30677897 3
114.517182634 2
114.537171107 1
114.562034002 1
114.567113511 1
114.618457798 3
114.656812707 2
114.66229857 2
114.671078775 3
114.684897544 3
114.686275976 2
114.69369668 1
114.699967211 2
114.73206029 2
114.799800613 2
114.821037589 1
114.824078325 1
114.855585406 1
114.856199221 1
114.934721273 3
114.952928501 3
114.976438132 3
115.009637616 2
115.043423261 1
115.048912567 1
115.049373726 3
115.064889877 2
115.078396117 3
115.213013077 2
115.224297829 2
115.269486031 3
115.286569898 3
115.30688447 1
115.335222838 2
115.387093052 2
115.419577466 2
115.47467214 1
115.486213661 2
115.498422845 1
115.529136196 2
115.538558017 3
115.570683246 3
115.664479698 1
115.670164669 1
115.786479866 2
115.788834582 1
115.844163475 1
115.849963798 1
115.919572855 3
116.056464601 1
116.07570119 1
116.113832102 2
116.166818455 1
116.199707124 2
116.205286703 3
116.329925162 1
116.335571046 3
116.341859149 2
116.397779355 3
116.444955646 2
116.479854894 2
116.505599333 1
116.513288059 3
116.517043088 3
116.522645547 3
116.537105414 2
116.570200937 2
116.598296922 3
116.608278947 3
116.677126131 2
116.680287531 3
116.723079395 2
116.725383606 3
116.733441664 1
116.739448869 2
116.770182002 2
116.800663359 1
116.807971862 3
116.836265096 1
116.868136686 3
116.883710377 3
116.89998859 2
116.91828871 2
116.939681818 2
116.945674963 1
117.0224024 2
117.028818237 3
117.051137105 3
117.066359266 2
117.076810125 2
117.13854795 2
117.171497865 3
117.203440264 1
117.206035687 1
117.267121358 3
117.398815195 2
117.409113521 1
117.422385685 1
117.501098998 3
117.536745816 2
117.637369197 3
117.639105831 3
117.664111404 1
117.728827734 2
117.754692224 1
117.809168415 1
117.831192702 3
117.878130463 3
117.893907973 3
117.901823764 3
117.922909183 2
117.925298341 2
117.989633601 2
118.042415321 2
118.068548667 2
118.175789735 3
118.18947075 1
118.21675577 2
118.220674437 3
118.221672732 2
118.247740302 1
118.25102225 3
118.274525531 3
118.293689384 2
118.360795248 1
118.364828967 2
118.370906034 1
118.423757362 2
118.489915494 3
118.50357265 1
118.511673835 2
118.517976233 2
118.576191186 2
118.595356856 2
118.612041442 3
118.666648485 1
118.688999883 2
118.709898451 2
118.722609491 1
118.803299962 2
118.808195149 2
118.838285277 3
118.857552882 3
118.876510244 2
118.946728317 3
118.973113824 3
118.981217766 3
119.018960714 2
119.153843405 2
119.229063363 3
119.259515918 1
119.259945524 1
119.260807577 3
119.307572095 3
119.313204202 1
119.318479466 3
119.327015522 3
119.339104087 1
119.366057644 3
119.424937839 3
119.42788533 1
119.461502222 2
119.505996701 3
119.540325381 1
119.55011274 2
119.599668802 2
119.620209323 1
119.665141253 2
119.669184156 1
119.676887411 3
119.693901888 1
119.74519168 1
119.751747168 3
119.76551162 1
119.781815747 3
119.797066703 3
119.808285677 2
119.823490549 2
119.880400961 2
119.927495268 3
119.934004906 2
119.953932177 1
119.987589328 3
120.033741495 3
120.037741817 3
120.054755548 2
120.077076367 2
120.129240662 2
120.143074788 1
120.191547731 1
120.278801241 3
120.286188092 2
120.328528333 3
120.393199334 1
120.407490652 2
120.428203783 1
120.448371055 1
120.459522239 3
120.459609591 3
120.468662993 2
120.474453351 2
120.577895915 1
120.588045378 3
120.596806154 2
120.59856773 1
120.63245031 2
120.681507703 3
120.791105066 2
120.800997976 1
120.834279056 2
120.919625821 2
120.962923695 1
120.965226059 1
120.978720907 1
120.981616716 2
120.99481143 1
120.999330318 1
121.013827239 2
121.060479136 3
121.064002101 1
121.080458714 3
121.102594825 3
121.120411415 2
121.120959687 3
121.228956597 3
121.245509743 2
121.26401661 1
121.294707263 3
121.305315209 2
121.411736671 2
121.440369242 1
121.452873604 1
121.496860066 1
121.503503957 1
121.518782189 3
121.524288241 2
121.548466765 1
121.611478565 1
121.693564288 3
121.736039293 3
121.792135436 3
121.795349202 1
121.833966647 1
121.849321683 2
121.879184305 2
121.886174846 1
121.905544402 3
121.90748987 3
121.919757637 3
121.920466934 1
121.926392896 1
121.970412118 2
121.979524109 1
121.9844295 2
121.990634843 3
122.045070887 3
122.053090985 1
122.056201842 2
122.058479212 3
122.066933573 2
122.072307156 2
122.212898768 1
122.213928873 2
122.2552551 3
122.266447865 2
122.31310575 2
122.381697175 2
122.388524903 3
122.42180541 3
122.628681292 3
122.68306883 3
122.77482292 1
122.790326481 2
122.821781476 1
122.855945159 2
122.87771588 2
122.966178116 2
122.987244729 1
123.041923582 3
123.044004024 2
123.050900649 3
123.063784034 3
123.077430349 2
123.080516209 2
123.083846399 3
123.099914269 1
123.131131784 3
123.134952182 1
123.218240967 3
123.231686154 2
123.248403666 1
123.263120718 1
123.288899131 2
123.325522245 2
123.344891405 1
123.42756986 1
123.437226529 2
123.454590586 2
123.49488621 1
123.516704293 2
123.691810521 2
123.756711376 3
123.826537595 3
123.831216987 2
123.856111959 1
123.895727689 1
123.913956997 3
123.91914949 1
123.959884394 3
123.987452734 3
123.993855077 3
124.056027898 2
124.092849109 3
124.142898069 1
124.145364656 1
124.146407143 3
124.156080666 1
124.212943368 1
124.244363201 3
124.257144912 1
124.290286576 3
124.345161951 2
124.42980866 3
124.431888899 3
124.462498677 3
124.479474039 1
124.494598403 2
124.52179003 2
124.536532882 3
124.577192786 1
124.614362027 3
124.632231886 3
124.659551162 1
124.713039759 2
124.716516836 2
124.742180452 2
124.825539911 2
124.873224812 2
124.886272548 1
124.908318274 3
124.931956957 2
124.938768205 3
124.942296079 2
124.949312647 1
124.952525828 2
124.971598653 1
125.049887776 2
125.135732208 1
125.234866205 1
125.235689654 3
125.245704328 2
125.284960271 2
125.323133479 3
125.333957662 1
125.336200677 2
125.402092692 3
125.411363755 2
125.42049406 1
125.423963602 2
125.433423425 1
125.436018884 1
125.448244035 1
125.474918951 2
125.486252552 3
125.542275917 3
125.558579839 1
125.577008243 3
125.600968527 2
125.613097414 3
125.754651161 3
125.778148265 1
125.803377668 2
125.817467317 2
125.835255762 2
125.850044266 2
125.892974338 3
125.89631074 3
125.924845933 2
125.93384975 1
125.946716557 2
126.012352079 1
126.089553327 3
126.129096871 2
126.199334896 3
126.257659511 1
126.293939934 3
126.305962144 2
126.357720112 1
126.395228159 3
126.419912909 1
126.438087142 1
126.438486773 1
126.463224885 1
126.491301052 1
126.5006346 3
126.544035953 3
126.555959251 2
126.572839419 1
126.636466679 1
126.717815941 3
126.758523782 2
126.769297389 3
126.78481077 3
126.81424208 2
126.81611932 3
126.864788003 3
126.877861735 2
126.887413072 3
126.908854181 3
126.928581639 2
127.023697241 2
127.056286552 1
127.083560076 3
127.132822905 2
127.148785538 3
127.163757374 2
127.201343493 1
127.265622294 1
127.271404242 3
127.285032457 3
127.404955937 2
127.418712423 3
127.448869948 1
127.484391369 2
127.509482443 2
127.512882459 1
127.520085984 3
127.529505018 2
127.561555955 2
127.571946494 3
127.592601796 2
127.610454793 2
127.614531988 3
127.617119061 2
127.626101758 3
127.670576958 1
127.736382275 2
127.785297465 1
127.85596279 3
127.949154128 3
128.019397876 3
128.08450478 3
128.106204006 1
128.165222701 2
128.177124177 1
128.186019633 1
128.202388358 1
128.223691089 2
128.236594998 2
128.27078228 3
128.294548451 1
128.342138666 3
128.356029998 1
128.389262767 1
128.393064693 3
128.414138127 1
128.434596196 1
128.439514937 1
128.465305005 3
128.466615451 3
128.48697067 2
128.556730295 3
128.562466981 1
128.606475961 3
128.646925372 1
128.734224402 3
128.738120005 2
128.753422922 3
128.760147039 3
128.791623051 2
128.803807656 2
128.847694337 2
128.862558369 3
128.870099596 2
128.887576522 2
128.922072696 1
128.929932313 1
128.941415921 2
128.946446868 3
128.966953604 1
128.973936782 3
128.995272101 1
129.006225433 3
129.048720354 2
129.063029654 3
129.091036337 2
129.126284651 3
129.132817726 1
129.177727529 1
129.194897081 3
129.207450367 3
129.229963823 1
129.235959288 2
129.461163227 3
129.474370715 2
129.474376977 2
129.490166006 3
129.512216018 2
129.517495813 3
129.550795435 3
129.582414412 3
129.651626062 1
129.700425128 3
129.727606932 1
129.748822905 2
129.848454058 3
129.867638706 3
129.884981165 3
129.894353511 2
129.897061998 3
129.966500027 3
129.968194294 1
129.983788875 1
130.060952289 2
130.072364324 1
130.074829361 2
130.087001094 2
130.135915779 2
130.137781317 1
130.143923756 2
130.150298541 1
130.187716174 2
130.204531749 3
130.237425599 2
130.300811009 1
130.357371951 3
130.395950161 2
130.403320549 1
130.403860331 3
130.450612634 2
130.562621764 1
130.562720437 3
130.587668051 2
130.598080003 1
130.603883603 1
130.60827933 2
130.626549075 2
130.646164436 1
130.653357465 1
130.731602256 2
130.770427652 3
130.80319338 1
130.824003464 2
130.936610472 1
131.07354278 2
131.09784892 3
131.197887752 2
131.207403267 3
131.207469132 3
131.212575488 1
131.232729668 3
131.266515611 3
131.281390421 2
131.290367131 2
131.325427589 2
131.457047735 3
131.525562235 3
131.529798096 3
131.535873117 3
131.552626747 2
131.621455184 2
131.659271664 3
131.698211514 3
131.769444036 1
131.7707948 1
131.776828111 2
131.783490224 3
131.82935418 1
131.85460062 1
132.005208992 1
132.038187158 2
132.186546516 3
132.187170833 2
132.187726237 2
132.208609561 1
132.213604625 3
132.217865402 3
132.222692331 3
132.272620149 3
132.454345868 2
132.479685444 2
132.503390209 2
132.521382837 3
132.525398946 2
132.55386502 3
132.571305595 1
132.579210169 3
132.622261452 2
132.627643831 1
132.647838427 3
132.657051962 3
132.668789692 2
132.669466118 1
132.671348886 2
132.726309736 2
132.786468414 3
132.816704078 1
132.894486201 2
132.904083653 3
132.909460476 3
132.964584728 2
132.969210306 1
133.011541838 3
133.019904585 2
133.133934767 2
133.148510981 3
133.161520302 3
133.161615628 2
133.245677867 1
133.275726895 3
133.286895615 1
133.323721201 2
133.331759063 1
133.36581761 1
133.393965222 2
133.405220303 1
133.419134431 2
133.43235921 3
133.478407087 1
133.48779083 3
133.515332341 1
133.534457312 3
133.541008784 3
133.772258424 2
133.79441626 2
133.852416399 1
133.881291734 3
133.939484299 2
133.98231258 2
133.982787342 2
134.064360116 2
134.121128149 2
134.148502789 3
134.173027563 3
134.280766736 3
134.28353473 2
134.298436525 3
134.324231969 2
134.325789896 3
134.338618209 3
134.442172159 2
134.455980681 1
134.517260302 1
134.566220132 2
134.568282872 2
134.613051145 3
134.616225461 3
134.722498695 3
134.762165048 2
134.772757678 2
134.839140481 3
134.957360596 2
135.037842371 2
135.136967049 1
135.14182987 1
135.150164612 2
135.184498492 2
135.23235047 2
135.237932892 1
135.241583637 3
135.348935387 1
135.374684072 2
135.39010656 3
135.431163956 3
135.451817552 2
135.490485938 2
135.495360904 2
135.52411765 3
135.579939121 3
135.59671868 1
135.602251692 1
135.653141944 1
135.694689246 2
135.696867466 1
135.702936689 2
135.759498059 3
135.78678082 1
135.805565 2
135.816753761 2
135.849785865 2
135.93751399 3
135.955154042 2
135.956024079 3
135.989785948 1
135.990373229 2
136.092266703 1
136.142598768 3
136.153674089 3
136.209545399 1
136.229474914 2
136.232452219 3
136.240356664 3
136.246607861 2
136.253871941 1
136.307888456 1
136.322549022 3
136.333904768 3
136.395031054 2
136.404262178 2
136.405283154 3
136.461673172 2
136.47816328 2
136.512316408 3
136.571853256 1
136.600140144 2
136.62545884 3
136.680103754 3
136.862455113 1
136.876758689 3
136.918374142 1
137.041551499 2
137.133219258 3
137.145653527 1
137.212247899 1
137.235570576 2
137.250812192 2
137.272640942 1
137.303425197 1
137.330260704 1
137.339047939 3
137.430946599 2
137.431588133 1
137.45544286 1
137.486331528 2
137.528969321 1
137.541712647 1
137.582874153 1
137.584235378 2
137.599107552 3
137.621893946 1
137.625841004 1
137.631692329 2
137.68803602 3
137.731754689 2
137.767133637 2
137.794710876 1
137.901617 2
137.952096714 1
137.959098023 1
137.971733693 3
138.009993093 3
138.019644858 1
138.069797748 3
138.078040154 3
138.091324138 2
138.255557962 2
138.357914486 1
138.363097562 2
138.419751705 1
138.437969387 2
138.49635754 1
138.561803408 2
138.57096352 3
138.574538607 3
138.588898416 3
138.611408966 2
138.632737068 3
138.638423943 2
138.787353451 3
138.806212054 2
138.835145414 1
138.835160838 3
138.853717516 1
138.869798482 3
138.874921771 2
138.896646585 3
138.914335991 3
138.93742433 1
138.960882973 3
139.023511117 3
139.055979988 2
139.07163013 1
139.161846913 3
139.168561855 2
139.171049886 3
139.201936491 3
139.228694355 3
139.276195468 1
139.283874959 3
139.360631443 1
139.403536864 1
139.430833672 3
139.435273627 3
139.437770371 2
139.439786163 3
139.47632839 3
139.482995663 1
139.492423102 1
139.537628795 3
139.605358272 2
139.609061396 2
139.613365698 1
139.647715246 1
139.767917151 3
139.791802542 3
139.795998316 2
139.801849569 3
139.861765869 3
139.865637794 1
139.89487653 1
139.900210847 1
139.928009237 2
139.961004971 1
139.992253051 3
140.093729923 3
140.237202775 2
140.278639752 2
140.282164448 1
140.289636929 2
140.371811654 2
140.441148516 2
140.460061892 2
140.518367537 1
140.518413315 1
140.559654031 3
140.593139217 1
140.595196758 3
140.604607447 3
140.607977997 1
140.650553485 2
140.738776992 1
140.795390789 3
140.82360329 1
140.847978955 1
140.864169142 2
140.869609133 1
140.893078177 1
140.920777802 2
140.928426372 3
141.033983359 3
141.074820546 2
141.102192605 3
141.125533514 3
141.153334052 3
141.18983983 2
141.198901099 1
141.246464154 1
141.292702838 1
141.295146824 1
141.308362321 3
141.347770495 3
141.381499359 3
141.410331187 1
141.440931686 3
141.468773924 1
141.489603396 3
141.498067433 2
141.524532733 1
141.566331825 3
141.575814358 1
141.675576571 3
141.690143998 3
141.691294861 3
141.723259946 3
141.821428031 3
141.857037168 3
141.862282676 2
141.869417114 2
141.961025814 3
141.974630167 3
142.001058902 2
142.104262256 2
142.107791621 1
142.120203217 2
142.145898873 2
142.149340876 3
142.17966603 3
142.232742217 1
142.273954262 1
142.342065267 3
142.414820243 2
142.426428547 1
142.507709093 1
142.51289007 3
142.54593511 1
142.610131699 2
142.622220317 2
142.649341233 1
142.668980942 1
142.792418908 2
142.825038073 3
142.849010494 1
142.872613595 2
142.889280926 3
142.938494026 1
142.951101648 1
142.957613253 1
142.999755598 1
143.017558636 3
143.029322176 2
143.030152912 1
143.055604956 2
143.073240847 1
143.110482701 2
143.117650046 2
143.143232113 2
143.157140965 3
143.209660605 1
143.227250056 3
143.257195664 2
143.270604009 1
143.288492755 3
143.326429875 3
143.327943744 3
143.364903696 3
143.382330517 3
143.392233902 3
143.465001553 2
143.510183274 1
143.517747197 1
143.530034023 2
143.533419822 3
143.537948168 2
143.548516443 3
143.658968482 1
143.671021986 3
143.697129696 1
143.765405416 1
143.815441932 2
143.894043425 1
143.926774423 2
143.960790854 2
144.039786027 3
144.048735788 2
144.081862786 1
144.099148958 1
144.107180384 3
144.13868548 2
144.153306111 2
144.212527036 1
144.268574184 2
144.278453957 2
144.280886208 1
144.282393122 3
144.324673317 3
144.333392264 2
144.349061023 3
144.376493696 2
144.421692828 3
144.442837835 3
144.452130545 3
144.485044556 3
144.502039383 3
144.554103362 1
144.648545718 1
144.669254711 1
144.689374541 1
144.709585997 3
144.724888379 2
144.728220045 3
144.762766242 2
144.826081212 2
144.888415487 1
144.907554667 3
144.911661361 3
144.915632799 1
144.934026157 2
144.960760263 2
144.961130888 3
144.988454015 1
145.028647097 1
145.115023616 1
145.127908206 2
145.136368092 3
145.201943089 3
145.254566867 1
145.295091975 3
145.324876869 3
145.356773636 2
145.452260976 2
145.557664487 1
145.627767161 2
145.631383526 1
145.645672448 3
145.691263071 1
145.811019975 2
145.853921213 2
145.991491417 3
146.139777642 2
146.140651096 2
146.174901685 3
146.19871568 3
146.226571801 1
146.230910475 3
146.245868235 3
146.303930696 1
146.306917131 1
146.350440923 3
146.370381097 3
146.417779447 2
146.433504977 3
146.443142547 3
146.463378406 1
146.521130613 3
146.620031259 3
146.63850466 2
146.690716284 3
146.719615254 2
146.797237119 3
146.813929289 3
146.867632872 3
147.080640813 3
147.082609319 3
147.120464201 2
147.188465605 3
147.191465412 1
147.206067101 2
147.266340495 1
147.317701016 3
147.329649964 3
147.358319433 2
147.383767244 2
147.387313881 3
147.392657355 2
147.419859904 3
147.424265567 3
147.443757498 1
147.455963842 2
147.477906173 3
147.49491418 1
147.545692913 3
147.547864148 3
147.571471654 1
147.618085365 2
147.632985647 3
147.636171901 3
147.651613968 3
147.664969078 2
147.668551022 3
147.758257551 2
147.82295888 2
147.874615134 2
147.888138227 3
147.897584453 2
147.930083561 1
148.143616953 1
148.265982314 3
148.297283727 2
148.307371667 1
148.316358967 1
148.330762656 2
148.37122692 2
148.380149547 2
148.384176985 1
148.400772403 2
148.417530318 3
148.503879995 1
148.690517193 3
148.698780891 3
148.711225998 1
148.743435082 3
148.752067852 3
148.87127126 3
148.881609649 1
149.021589179 3
149.02343404 1
149.031765379 1
149.059715893 2
149.11547178 3
149.166089446 2
149.17913044 3
149.200468327 3
149.208736746 2
149.212748038 1
149.225259294 1
149.293356949 3
149.29697034 2
149.36236749 2
149.370057699 2
149.43455815 2
149.482092825 2
149.53793049 1
149.556996872 1
149.602633962 1
149.603248081 1
149.640226431 2
149.654117406 1
149.665127353 1
149.752695943 1
149.763141527 2
149.806629828 3
149.874081498 2
149.922869706 1
149.924626422 2
149.943839963 2
149.94604911 2
149.958134768 3
149.968780794 1
149.984933904 2
150.022083953 2
150.048006901 1
150.087233385 3
150.095311272 3
150.179489013 2
150.205689714 2
150.222254595 2
150.229496666 2
150.249160906 1
150.264461222 2
150.299059901 2
150.301631467 1
150.306317039 1
150.3100513 1
150.373760137 1
150.489430695 2
150.509839497 1
150.570362163 3
150.58659644 2
150.622362268 2
150.623228767 3
150.660944197 1
150.707888842 3
150.744640957 3
150.748789317 1
150.757217392 3
150.768835115 1
150.798032567 2
150.804674253 1
150.813721637 2
150.938776222 3
150.953035457 1
150.956774379 1
151.053831342 1
151.056285136 2
151.058765683 1
151.120953787 2
151.149246808 2
151.17360822 1
151.184113242 2
151.190055903 1
151.235462228 3
151.243482625 3
151.283482984 2
151.313637989 1
151.3461331 3
151.438280351 3
151.443959325 3
151.492416068 3
151.494110578 2
151.497933986 3
151.501089929 1
151.53864893 2
151.651669865 3
151.683491634 2
151.696595421 3
151.737813817 3
151.757608872 3
151.833766718 2
151.875490415 3
151.879497698 2
151.911031158 3
151.922271025 2
151.952357602 3
151.993882177 2
151.998727717 3
