8734
0 2
0.010128256 2
0.112834252 1
0.169285393 3
0.181557652 2
0.242870167 2
0.247785927 2
0.29390673 3
0.392192925 1
0.407446206 2
0.428345995 1
0.450488985 2
0.578049095 3
0.587751842 2
0.634262726 1
0.684584362 1
0.699273857 2
0.730423385 1
0.792530381 2
0.837988171 2
0.848010081 1
0.851931067 1
0.957002807 1
1.016379637 1
1.068824 2
1.120540056 3
1.169283594 3
1.170893834 1
1.174214639 2
1.18605838 1
1.298975906 1
1.300492135 1
1.33355022 1
1.363357133 1
1.407850379 1
1.448743427 3
1.542916151 1
1.56028854 1
1.581301232 2
1.594564867 1
1.72296873 2
1.728063304 2
1.753162277 1
1.763268099 2
1.76569964 2
1.793662469 3
1.798002204 3
1.804539192 1
1.959366016 2
1.974582133 1
1.977589423 1
1.995190147 1
2.031374054 1
2.033542925 3
2.047517475 2
2.072414459 2
2.21360764 1
2.340928974 2
2.363505364 2
2.490901905 2
2.518967178 1
2.609245069 3
2.645647364 2
2.737008128 1
2.830702924 1
2.877564788 1
2.912675273 2
3.011837475 1
3.03592799 2
3.125548059 2
3.274347573 3
3.415499951 2
3.429675403 2
3.446255952 1
3.564930344 1
3.576582632 3
3.617463271 1
3.698118333 1
3.755552947 1
3.813638031 2
3.829858849 3
3.911066355 1
3.988912514 2
4.044240904 3
4.056047832 3
4.057042012 3
4.127496407 1
4.13020163 2
4.178486936 3
4.207767786 1
4.242897069 2
4.297315805 2
4.37242416 3
4.527519307 2
4.528959268 1
4.535028543 2
4.626796164 2
4.664784504 2
4.721402846 3
4.860677078 1
4.87762117 1
4.879535198 1
5.010476258 3
5.126630556 1
5.170399435 3
5.181523517 1
5.214942862 3
5.218241161 3
5.287572835 3
5.311034466 1
5.368454621 1
5.375903485 2
5.440354153 1
5.515713666 2
5.531141601 1
5.559255147 2
5.581876939 2
5.611720862 3
5.684186623 2
5.686658571 2
5.715478123 1
5.732789341 1
5.736575898 1
5.815639896 1
6.068910351 3
6.114099144 3
6.153696694 1
6.195497578 1
6.304642287 3
6.320309604 3
6.368625782 3
6.40207736 2
6.452135673 3
6.732034017 1
6.756777256 3
6.833925513 2
6.923931973 3
6.93483688 2
7.277911599 1
7.470120876 2
7.568771192 1
7.679002366 2
7.711704961 1
7.75754792 1
7.771872589 2
7.895693386 1
7.947907556 2
7.956655344 2
8.074431468 3
8.084506656 1
8.144488262 1
8.183210837 1
8.188654517 1
8.273606118 1
8.295446639 3
8.312596746 2
8.364283105 1
8.428317753 2
8.506279133 3
8.514090352 3
8.555165811 1
8.567533847 1
8.587474719 2
8.611936877 2
8.618388599 3
8.840691052 2
8.860811031 2
8.931967167 1
9.046911648 2
9.060554506 1
9.070719371 1
9.073689849 2
9.143846113 3
9.364362818 1
9.411392526 2
9.483531935 2
9.48805724 1
9.499691332 2
9.557213383 3
9.567933071 1
9.583715321 1
9.756696104 3
10.011442922 2
10.045505113 3
10.076662665 3
10.081267359 2
10.160801127 2
10.227259537 2
10.247697377 1
10.288954328 1
10.2896858 2
10.292718664 1
10.295821158 3
10.297425462 3
10.338086408 2
10.373909774 1
10.405715404 2
10.446872554 1
10.48556288 2
10.491139169 1
10.57705696 2
10.59427871 2
10.824332201 2
10.831624514 3
10.993531804 3
11.025981273 1
11.04977136 1
11.16317811 1
11.173084788 1
11.189059293 1
11.192727088 3
11.297929128 2
11.301942733 3
11.34658446 3
11.5137926 3
11.573223313 3
11.583607308 2
11.594430919 1
11.657799146 3
11.669817652 2
11.677859113 3
11.689828946 3
11.717023544 1
11.786040179 3
11.796123671 3
12.004764699 3
12.01051269 3
12.015787336 3
12.076769685 2
12.581573791 3
12.676759176 2
12.732114928 2
12.786228221 2
12.933433484 2
13.069996304 1
13.199489562 1
13.235287238 2
13.243003837 3
13.283028379 3
13.297822915 2
13.337162377 3
13.405739228 1
13.417849158 1
13.456417939 2
13.46829946 1
13.473288095 1
13.494394021 2
13.557097696 1
13.56982548 3
13.647333413 1
13.67231831 3
13.681945935 2
13.782034562 3
13.804743099 3
13.820034758 3
13.830098857 2
13.8624733 3
13.881046435 1
13.926185627 3
14.035510485 1
14.097936481 3
14.131355627 3
14.139784995 1
14.180334202 2
14.197439079 3
14.303282651 1
14.3599308 1
14.372537442 2
14.377368003 3
14.414551253 3
14.426134418 2
14.441082066 2
14.506118359 1
14.593251054 3
14.71824078 2
14.751389544 1
14.771277352 2
14.873928809 2
15.181853 1
15.205061665 1
15.213895089 2
15.321415802 3
15.329798808 3
15.39210135 1
15.519454153 3
15.535840731 1
15.584765848 2
15.643646726 1
15.688017689 2
15.767783418 2
15.78979841 2
15.817798713 1
16.048226503 3
16.058717297 2
16.070446136 1
16.169954356 3
16.25639819 1
16.276371639 3
16.294601438 3
16.328364585 3
16.328842359 1
16.332544293 1
16.363590519 1
16.42773532 3
16.488451934 2
16.504931541 2
16.619588415 3
16.62943663 2
16.720586849 1
17.011979898 3
17.041795058 2
17.063293009 1
17.151372093 2
17.156220257 2
17.204893957 1
17.275703769 3
17.349431433 3
17.450193958 3
17.549763884 1
17.657321914 3
17.668122015 2
17.816204944 2
17.852105096 1
17.922070923 1
17.94209755 3
17.951327675 3
17.960297508 1
17.976645631 3
17.99393759 3
18.174587948 2
18.201398598 1
18.214145222 1
18.329569221 1
18.484477023 2
18.587482159 3
18.688576733 1
18.814257469 1
18.959590587 3
18.963993535 3
19.019138633 3
19.078173936 1
19.085388056 3
19.103184687 2
19.214197543 3
19.239567381 2
19.248313326 1
19.253715585 1
19.274205361 1
19.400930551 1
19.453349702 1
19.462404115 3
19.510289881 3
19.588393531 1
19.616039851 1
19.634641734 1
19.663054408 3
19.721032482 1
19.764018546 1
19.766605322 1
19.774310499 3
19.784827162 3
19.80115098 2
19.927731281 1
19.982274183 3
20.015145655 1
20.04483535 2
20.103888957 2
20.116057274 2
20.191846235 1
20.205330895 3
20.26260108 2
20.297695397 1
20.299425662 1
20.307259433 3
20.362773055 3
20.391282985 2
20.439273156 3
20.472052353 2
20.472559039 2
20.535533973 2
20.540964925 2
20.569298191 3
20.651819285 1
20.66958093 3
20.825562729 1
20.854428728 3
20.996736669 1
21.023110875 3
21.12651134 2
21.152295971 2
21.236150362 2
21.346108728 2
21.351262422 2
21.399822409 1
21.514847902 1
21.515209659 1
21.527443904 1
21.579187278 2
21.676550907 1
21.677561393 2
21.702120209 2
21.70486346 1
21.814010102 2
21.908797533 1
22.039440648 1
22.103965744 3
22.114558348 2
22.227566653 3
22.408485716 1
22.597797882 3
22.623447508 2
22.661314634 3
22.72960021 2
22.74604473 1
22.818651705 3
22.839954592 2
22.853004122 1
22.914433327 2
23.051415358 2
23.060011454 2
23.247942735 1
23.248306003 2
23.259808245 3
23.287269634 3
23.296330804 3
23.318909159 3
23.319332707 3
23.322666049 1
23.333555076 2
23.340440363 2
23.358105584 3
23.368502673 2
23.40220393 1
23.407469926 3
23.471443833 1
23.49658977 2
23.536609742 2
23.553268632 1
23.556241203 1
23.634249278 1
23.699367257 1
23.701927315 1
23.740429315 2
23.774965493 3
23.775186756 2
23.779179364 3
23.783858604 2
23.939234116 2
23.994938435 3
24.008499332 3
24.041522397 2
24.141337321 2
24.168621504 3
24.180867136 2
24.196235254 3
24.216180516 2
24.283806721 3
24.284411672 3
24.307657215 2
24.419928463 1
24.565830334 3
24.571082291 3
24.626550752 1
24.683189093 1
24.740833319 2
24.920838618 1
24.921182337 1
24.923330875 1
24.928259052 2
24.995601026 1
25.024264914 2
25.115215719 1
25.136363064 2
25.274846599 1
25.295766184 1
25.365945333 3
25.419960706 1
25.433468951 2
25.47231196 1
25.55206925 3
25.592156321 2
25.697886362 1
25.714259229 2
25.845600227 1
25.853645452 2
25.891454466 2
25.960033028 3
25.989154586 3
26.056528579 2
26.120191619 3
26.199240904 3
26.290142834 2
26.326514422 2
26.367449349 3
26.409420122 1
26.481341562 2
26.498355346 1
26.508224946 2
26.61695404 3
26.645937169 3
26.692412066 1
26.817462522 1
26.868781448 3
26.945688073 1
26.955887921 1
26.960766606 3
27.164269294 1
27.189851139 3
27.203305891 3
27.258751287 3
27.298112991 3
27.344168099 2
27.388665581 3
27.393543861 3
27.47433599 2
27.483737212 3
27.542369412 2
27.554130012 1
27.57523251 3
27.600356254 1
27.870230361 1
27.929380105 1
27.934417743 1
27.961790312 2
27.975825793 3
27.994295452 3
28.001137336 2
28.052219145 3
28.075943881 2
28.085590203 2
28.157132396 3
28.176301194 1
28.241461642 1
28.265712371 3
28.395468261 3
28.409523683 3
28.409911813 1
28.524885581 3
28.635592258 1
28.705303425 1
28.781778346 1
28.783842361 3
28.789085245 3
28.813856495 1
28.850536813 1
28.868345018 1
28.954730033 3
28.95791643 1
29.012779197 2
29.02131581 2
29.176814685 1
29.296322792 3
29.31503632 2
29.362501667 3
29.543177901 3
29.639266122 3
29.6467416 2
29.722994033 3
29.726537082 1
29.795431391 1
29.860544781 2
29.863310226 3
29.906417952 3
29.914104289 3
29.939948403 2
29.945005299 2
30.005438195 3
30.007988155 3
30.018432287 1
30.049712604 3
30.077181498 2
30.100321302 3
30.110404949 2
30.198914245 1
30.220981161 3
30.27385813 1
30.313507494 2
30.326876217 2
30.36709639 1
30.450066556 1
30.535367075 1
30.547992795 1
30.550933532 1
30.552906248 2
30.585679521 1
30.640629072 2
30.64524673 2
30.646285164 3
30.776660161 1
30.817451812 2
30.861522307 3
30.871488332 2
30.88233943 3
30.925989529 3
30.949983496 3
31.076340389 1
31.103630513 2
31.145644933 2
31.150558327 1
31.169231743 1
31.1880517 3
31.301455874 3
31.376926302 3
31.382450837 1
31.496881319 1
31.563767685 2
31.586349151 1
31.588574327 3
31.600863753 1
31.638429674 2
31.676079243 3
31.676847334 2
31.693846463 3
31.763556005 3
31.763980634 1
31.782265832 3
31.788175259 1
31.909000429 3
31.96100207 3
32.031929879 2
32.091486457 3
32.108119305 1
32.117262778 1
32.134223622 2
32.151284194 3
32.203856907 2
32.208652448 1
32.307444807 3
32.326746582 1
32.391442002 2
32.624954015 3
32.688547762 2
32.7018751 1
32.75994824 3
32.81095024 2
32.825108337 2
32.845445021 2
32.898209238 2
32.9877711 1
33.078788962 1
33.150481403 3
33.250850511 2
33.340740065 3
33.410371975 3
33.543524591 2
33.614676921 1
33.634620165 3
33.712280956 1
33.796212639 1
33.799864823 2
33.815491421 2
33.861023794 1
33.962872807 1
34.116682729 1
34.130055648 1
34.18292017 2
34.183369838 2
34.195366332 2
34.232320799 1
34.257341371 1
34.259671595 2
34.269823781 1
34.353832512 3
34.405616359 3
34.409682795 2
34.442452043 2
34.527061223 1
34.616743505 1
34.632384862 2
34.733832754 2
34.833575222 3
34.854182072 1
34.913291247 2
34.973907291 2
35.017342512 3
35.127102614 3
35.152635909 3
35.191248448 2
35.224465866 1
35.303173757 1
35.313538648 1
35.423948257 3
35.441255606 2
35.50158204 1
35.595011594 3
35.601556089 3
35.609549332 2
35.614812951 2
35.649033842 1
35.662872266 2
35.720731874 2
35.856665904 3
35.884334972 3
35.918720439 2
35.984269973 1
36.060931294 3
36.248631716 3
36.327680656 1
36.362943237 1
36.38121326 1
36.400567122 3
36.450321312 3
36.479263 3
36.526021901 1
36.557497998 1
36.651352275 2
36.663242569 3
36.705081954 1
36.781597457 2
36.796260896 1
36.801013795 3
36.83905543 1
36.912408176 1
36.917250899 1
37.024015607 2
37.035862756 1
37.045471853 2
37.07174027 2
37.17882069 2
37.26108348 2
37.364512518 3
37.388170469 1
37.400151883 1
37.421939845 1
37.524773669 2
37.527735582 1
37.535004377 1
37.573795312 2
37.741292783 3
37.76512286 1
37.797620748 1
38.08706189 3
38.090216156 3
38.097375304 3
38.115259149 1
38.140393351 1
38.145616574 2
38.161383618 2
38.171363208 1
38.238330617 3
38.268657103 3
38.273543068 3
38.37265428 1
38.382337088 1
38.508106522 1
38.517370609 3
38.578686611 1
38.691658381 1
38.722748848 3
38.752821676 1
38.793802936 3
38.806070073 2
38.841427081 2
38.850092928 1
39.026144315 3
39.037362541 2
39.157273018 1
39.192751443 2
39.195471321 1
39.249184302 1
39.304768808 2
39.390235569 2
39.4033049 2
39.433693725 3
39.628453853 1
39.73346895 1
39.828368037 2
39.910201069 3
39.96888908 3
39.990855722 2
40.011814195 1
40.021737492 3
40.026324565 3
40.118766325 2
40.132199943 2
40.161904773 1
40.217351565 1
40.279830326 3
40.457561326 2
40.528397767 1
40.603265597 2
40.650805374 3
40.714173108 1
40.737656679 2
40.781391566 3
40.827397255 2
40.941504118 2
41.085524465 3
41.14589731 3
41.16442633 1
41.310961874 2
41.428327835 1
41.468911093 3
41.507559708 2
41.574013844 1
41.668431716 1
41.72496857 2
41.812266788 3
41.815535333 1
41.871891758 3
41.935832565 2
42.055782102 2
42.206663149 2
42.223709651 1
42.249340027 1
42.274090537 1
42.300904882 3
42.302125247 3
42.36172804 2
42.371457926 1
42.37321761 1
42.403278748 2
42.452449042 3
42.479764559 1
42.499187241 2
42.502262635 2
42.531665008 1
42.648863249 3
42.679070782 3
42.750948066 1
42.809564309 1
42.843252412 3
42.889595955 3
42.937423474 1
43.104958294 2
43.205288966 2
43.283183244 2
43.399298506 3
43.420555599 3
43.424775733 3
43.48938795 2
43.500750672 1
43.584758297 2
43.622643552 3
43.666381869 1
43.671048524 1
43.748316357 3
43.770678465 2
43.88945763 3
43.903734663 1
44.015384745 3
44.06267647 1
44.15160543 3
44.389298685 1
44.393129553 3
44.427097186 1
44.494638521 1
44.526114698 3
44.589860673 3
44.649361309 1
44.681174848 3
44.699284905 1
44.768212264 1
44.801580516 2
44.833680722 2
44.907532015 3
44.941748422 3
44.946459329 2
44.952080104 1
44.98240461 3
45.098918758 2
45.194899051 3
45.343830445 2
45.352098697 2
45.362923413 1
45.366010366 2
45.366225485 1
45.42314835 2
45.556390495 1
45.571667569 2
45.591416125 3
45.682454722 3
45.724632843 3
45.818204725 2
45.897788696 2
45.968557898 3
45.999775235 2
46.007360578 3
46.097804773 2
46.102127255 1
46.152493592 3
46.169791112 1
46.223375832 2
46.2751262 2
46.332102031 1
46.350744733 3
46.464465762 2
46.529720274 1
46.573521674 1
46.598145659 3
46.656977149 3
46.837575163 2
46.920070968 1
46.925898968 2
46.973871107 1
47.002197673 2
47.027266133 2
47.084435071 1
47.124698591 3
47.264184734 1
47.314324783 2
47.592881989 1
47.619920135 2
47.625267502 1
47.635291466 2
47.677885011 3
47.703503397 2
47.708268701 1
47.723911938 2
47.837787874 2
47.999632161 1
48.079853528 1
48.123393489 3
48.164557133 3
48.19942235 1
48.209576679 2
48.312232702 2
48.334048177 3
48.394187341 1
48.39955833 3
48.432931632 3
48.460593877 1
48.773757292 3
48.838141508 2
48.843224464 3
48.908595622 3
49.002354828 1
49.021126657 2
49.056281245 1
49.067039678 2
49.174490548 3
49.185828876 3
49.233097388 2
49.287780678 1
49.301041055 3
49.309048393 3
49.371606238 1
49.402845292 3
49.468064447 3
49.487731567 1
49.593035363 1
49.615443815 3
49.713561839 2
49.726320297 2
49.739307694 1
49.7844764 3
49.786891526 1
49.848424186 3
49.859851264 1
49.945668137 1
49.94997044 3
50.068250467 1
50.108438599 3
50.135992646 1
50.167824032 1
50.183270421 1
50.183696556 2
50.332594666 3
50.348790015 1
50.35052954 2
50.41779132 3
50.44183906 2
50.490360243 1
50.559134541 3
50.625774937 1
50.634553781 2
50.788972432 3
50.805006176 3
50.838681173 2
50.917784553 1
51.109039783 2
51.116493996 1
51.280914917 3
51.358177128 3
51.427830753 3
51.442468898 3
51.482612409 2
51.52570181 1
51.534289586 1
51.578783479 1
51.724005963 3
51.766946819 1
51.786479131 1
51.917553418 2
51.936638085 3
51.952768562 1
52.057309565 3
52.07152981 1
52.202099736 3
52.323482622 3
52.346783516 1
52.373364533 2
52.449665932 3
52.45155417 3
52.467399657 1
52.582179642 2
52.625268716 1
52.630363572 3
52.66946932 3
52.696207238 1
52.706121573 2
52.710354266 2
52.725070976 3
52.769984495 3
52.792999293 3
52.793543672 3
52.824957373 1
52.836573977 2
52.840013996 1
52.843621407 1
52.933198001 1
53.162398128 2
53.282321504 3
53.353510009 3
53.501525198 3
53.512927333 1
53.533649934 1
53.571388431 3
53.623138769 1
53.779415864 2
54.162560439 3
54.168266518 3
54.178279391 3
54.18699588 3
54.24305543 1
54.420505209 1
54.434913349 1
54.448542729 1
54.633517373 1
54.635675735 2
54.719518554 1
54.757933144 3
54.770699301 1
54.783383801 3
54.805154126 1
54.83607622 3
54.841818962 3
54.921138327 2
55.000947679 2
55.006196743 3
55.043456967 3
55.075092009 1
55.098868186 1
55.168595589 3
55.193337496 3
55.223153017 3
55.273455017 1
55.280616175 2
55.388046702 2
55.546756983 1
55.574825035 2
55.638535432 3
55.679379539 1
55.785666508 1
55.810461636 3
55.867124728 3
55.908459979 3
55.957905822 2
55.97739912 2
56.02505176 1
56.057921464 1
56.144562267 3
56.27791854 1
56.336476384 1
56.350880697 1
56.354355001 2
56.388869031 1
56.409782687 1
56.483266392 1
56.523415604 2
56.555432949 3
56.637941767 2
56.664207415 3
56.671273542 3
56.69211277 1
56.82117845 2
56.845543764 2
56.848948526 3
56.942914934 2
56.955671073 3
57.104226086 1
57.115862812 2
57.120183366 2
57.327589672 1
57.344769806 2
57.420280364 2
57.490071212 2
57.508863831 2
57.57523543 1
57.659716768 1
57.702443355 1
57.732540532 2
57.746959578 3
57.786924455 3
57.809715466 2
57.815891352 1
57.841505421 2
57.859111716 1
57.923486136 1
57.927795416 2
58.051356457 2
58.077239399 1
58.121813057 1
58.13894667 3
58.18301554 2
58.185521052 2
58.190507985 3
58.209927629 2
58.223974651 3
58.249897343 2
58.301845618 2
58.388078271 2
58.428132159 2
58.483310434 1
58.542303902 3
58.5653149 1
58.619637996 1
58.732703579 1
58.738194862 3
58.754618615 1
58.856555154 3
59.260354876 3
59.316038436 2
59.324376875 3
59.371936931 3
59.395178321 3
59.3953155 1
59.499263494 2
59.526529682 3
59.583317905 2
59.641331032 1
59.65490682 3
59.689969217 2
59.69570723 1
59.906426009 2
60.009530103 2
60.021515548 1
60.056050277 2
60.112668892 1
60.132152411 3
60.16996996 1
60.170963385 2
60.17919826 1
60.210198941 1
60.244166776 1
60.274904345 2
60.286581543 2
60.330905062 2
60.34381292 1
60.391166676 1
60.438226757 3
60.439340006 3
60.441008585 3
60.456753292 1
60.485595182 1
60.508455665 1
60.516350491 2
60.55845378 1
60.762673937 2
60.792094672 3
60.858654303 3
61.060912445 3
61.101154185 2
61.107782974 1
61.170314349 1
61.267222315 2
61.303781557 3
61.307368639 1
61.45470805 1
61.466910778 3
61.475791772 1
61.536248565 1
61.569363783 3
61.673156835 3
61.789453736 1
62.065403236 2
62.100024487 3
62.11284681 3
62.120638538 3
62.131320626 1
62.13528196 1
62.171605663 2
62.174931307 3
62.229185447 3
62.273318397 2
62.354568211 2
62.367594466 2
62.373417088 2
62.448624117 1
62.452503309 2
62.523733587 3
62.533019887 1
62.538914241 3
62.564738059 2
62.572051949 3
62.634435382 3
62.681792083 3
62.878457911 2
62.967084871 2
62.974936495 2
62.992217727 3
62.993678455 2
62.994435017 1
63.001908734 3
63.052936954 3
63.083281657 2
63.122648094 1
63.131734319 2
63.154088833 1
63.218161815 2
63.258198496 2
63.261175123 3
63.331540063 2
63.341315243 3
63.40817923 3
63.436577205 3
63.678754586 2
63.745124044 3
63.762608594 3
63.863824958 2
63.902082061 2
63.931132383 1
63.933412634 2
63.992924074 3
64.039551576 1
64.090748362 3
64.1729009 1
64.176501581 1
64.196583551 2
64.217554066 3
64.227809131 1
64.232831891 1
64.265908832 3
64.383540347 1
64.390206972 2
64.431762346 2
64.513191296 1
64.513618472 3
64.596341702 2
64.615450457 3
64.704550521 3
64.807890836 3
64.877592676 2
64.963847681 3
64.978361527 1
65.034345124 1
65.133496881 2
65.143108979 1
65.152967041 3
65.344836812 3
65.373671821 3
65.402391702 1
65.464554747 2
65.495138461 3
65.502687463 2
65.515302565 2
65.608065999 1
65.678712471 2
65.682623028 3
65.787469844 3
65.808898028 1
65.897585805 1
65.968472697 2
66.005958635 3
66.02050487 2
66.051826114 1
66.100908325 1
66.181605861 1
66.200388936 2
66.222938066 1
66.236541123 1
66.268439162 1
66.297767222 2
66.308383868 1
66.324578216 2
66.442946986 3
66.614913651 2
66.77334921 1
66.790462834 3
66.815023055 3
66.820785125 2
66.829555246 3
66.902416493 1
66.910706597 1
66.923790038 3
66.924442014 2
66.950641213 2
67.05539173 3
67.098781977 2
67.133634346 3
67.165814158 3
67.231049159 2
67.267753176 1
67.295457303 3
67.306448856 2
67.355513131 2
67.3582651 3
67.408621013 3
67.442709115 2
67.471995294 3
67.587920727 1
67.626122263 1
67.713064879 2
67.725037715 2
67.776838107 2
67.884930915 3
67.981160427 3
68.015819712 3
68.032053277 3
68.038006802 1
68.093470395 3
68.12233268 2
68.187932849 2
68.192491869 1
68.322214862 2
68.440595954 3
68.446939687 1
68.508445347 1
68.538300041 2
68.545676264 2
68.552326687 3
68.75347584 1
68.782339542 3
68.798999437 1
68.807390174 3
68.947865535 2
68.984929576 1
69.066541976 2
69.118914091 2
69.122465768 3
69.142113549 3
69.212630642 1
69.280322871 2
69.297035667 2
69.499881605 2
69.50522016 2
69.518481593 2
69.561332865 2
69.667811972 3
69.669052754 3
69.705555031 3
69.787023634 3
69.88086724 1
69.894112099 1
69.973936642 1
70.040442282 1
70.134076674 2
70.213536887 2
70.3021796 3
70.333017577 3
70.388922129 1
70.444062277 1
70.473238653 2
70.4987545 3
70.923617778 1
70.9380218 3
70.97107488 1
71.040908429 2
71.073191585 1
71.098304401 1
71.310296217 3
71.405747031 2
71.431778145 3
71.468266204 1
71.475775265 1
71.534489879 3
71.683365681 3
71.694157092 3
71.70609239 1
71.710890272 2
71.740275712 2
71.935727497 3
71.943361767 1
71.983951341 3
71.99474396 1
72.009202542 2
72.079327001 1
72.128114999 2
72.128714827 2
72.159514904 1
72.205701821 1
72.246438396 3
72.332647868 3
72.376469633 2
72.413842694 1
72.466203395 1
72.506144747 3
72.565963779 1
72.61098981 1
72.671582553 2
72.684121506 2
72.693180544 1
72.732193722 3
72.853087152 1
72.86081827 1
72.87972305 1
72.957578498 3
73.012505259 3
73.014386337 3
73.138893474 2
73.155266573 2
73.158801922 1
73.224138924 1
73.295786537 3
73.297745229 2
73.307953939 1
73.352671529 1
73.400848091 1
73.424111916 1
73.43679914 3
73.57111909 1
73.579515296 3
73.609535964 2
73.721145016 2
73.756174403 1
73.771584048 3
73.794049892 3
73.907291259 1
74.052286801 2
74.114837301 1
74.163679639 3
74.213731348 1
74.310176438 3
74.395975368 2
74.403456908 3
74.443229943 2
74.502013591 1
74.666184395 2
74.680259971 2
74.700722066 2
74.790458323 2
74.930392728 2
74.933334753 1
74.959197941 3
74.964148779 1
75.051405059 3
75.186126885 2
75.233205892 2
75.351349275 2
75.452266165 2
75.484450714 2
75.497047991 3
75.622861401 1
75.629611503 1
75.644442709 3
75.652504138 2
75.689443671 3
75.709092191 1
75.717463038 2
75.720827265 2
75.811221161 1
75.833676146 2
75.881173631 3
76.047789403 3
76.12384396 2
76.148175716 2
76.169306382 1
76.174768174 3
76.234099036 2
76.381624643 2
76.435960353 1
76.445144104 3
76.445423203 2
76.473322091 2
76.491402667 2
76.537746607 2
76.682494483 3
76.770443378 1
76.808157963 2
76.897781301 1
76.93793204 2
77.062229295 2
77.068077334 1
77.090863031 1
77.121786055 2
77.129836134 2
77.157492312 1
77.205264443 1
77.205802725 2
77.221186842 3
77.235879017 1
77.241094912 1
77.251410146 3
77.334557173 2
77.379589436 1
77.564442095 3
77.678878149 1
77.735549359 3
77.741915607 3
77.779090652 1
77.803972592 2
77.824369677 1
77.963453451 1
78.011880216 3
78.033840626 3
78.084504848 3
78.141636071 1
78.165594447 1
78.223953494 3
78.28915934 1
78.342717406 1
78.356375764 1
78.369051634 3
78.610484489 3
78.663623519 3
78.859493931 3
78.86163412 2
78.896368044 2
78.91429938 2
78.99100772 2
79.05904192 3
79.150324586 1
79.17703352 1
79.293998586 3
79.295281152 3
79.307505407 1
79.414444382 2
79.434062025 1
79.465035874 1
79.496421293 1
79.591737223 1
79.6728629 3
79.698259419 1
79.816750906 1
79.848516205 2
79.997192759 2
80.059952069 3
80.16071458 3
80.186813267 2
80.224121729 3
80.22451027 2
80.256273224 3
80.420234797 1
80.440246197 1
80.440543093 1
80.453485752 3
80.59136636 3
80.635323889 2
80.645367562 1
80.731378901 2
80.784535179 3
80.803413824 3
80.817596923 3
80.827703097 2
80.973646626 1
80.987599949 1
81.015370942 3
81.142544244 2
81.206207663 3
81.236297286 2
81.237937061 3
81.256282902 2
81.256460795 1
81.327625382 1
81.351294418 3
81.409719617 2
81.449093101 2
81.546546323 3
81.684980087 2
81.721118433 3
81.903788889 3
81.913123713 1
81.923651916 1
81.964163508 1
81.968951609 2
81.976988476 1
81.998783172 2
82.003910192 1
82.03676956 1
82.224144099 1
82.293735853 1
82.316123964 2
82.518317799 1
82.560633973 1
82.683679034 2
82.686182028 1
82.729317211 2
82.741884101 1
82.768348137 3
82.782927221 1
82.84457753 2
82.893390441 3
82.911452652 3
82.921827642 3
82.934854112 2
83.08828225 2
83.102951004 1
83.144612576 3
83.149909836 3
83.156117921 1
83.156695861 3
83.223202705 1
83.262806468 3
83.301805525 2
83.352585831 1
83.380060634 3
83.405142559 1
83.452648177 2
83.487694954 3
83.498726673 3
83.539084789 1
83.609570607 1
83.663663384 1
83.816416464 1
83.866961124 3
83.90538798 2
83.909144093 3
83.947578187 2
83.960530046 2
83.982746374 1
84.003624078 2
84.029539567 3
84.031276355 2
84.095944508 1
84.146921299 1
84.183464421 2
84.223375362 1
84.325554119 1
84.330936683 2
84.424800737 1
84.460487576 1
84.462888283 2
84.467455553 3
84.469382346 1
84.527507856 3
84.552774657 2
84.597747688 1
84.616358105 1
84.616398092 3
84.698036245 1
84.734204571 3
84.837558602 1
84.884714494 3
84.976231111 1
84.976971669 2
84.98829644 1
84.996563584 3
85.01471433 2
85.016545168 1
85.06639045 1
85.087072603 3
85.092015419 2
85.099683238 2
85.161149253 3
85.234513828 3
85.281068268 3
85.299140632 1
85.30594021 3
85.314617945 1
85.505942089 1
85.6445726 2
85.658568975 1
85.689089909 3
85.732005563 1
85.755343318 2
85.773532887 1
85.846110632 3
85.849597019 2
85.864842781 1
85.895019183 2
85.92637987 3
85.931471958 2
85.956198051 2
85.964788243 2
85.970804925 3
85.971833846 1
85.974085527 2
86.014556735 1
86.024768533 3
86.025370417 3
86.032259428 3
86.099224286 2
86.192537565 1
86.193670086 2
86.318268583 1
86.408472684 2
86.475773774 2
86.483702714 2
86.503290053 3
86.57498661 3
86.579008091 2
86.591084565 2
86.606797448 3
86.685594794 2
86.687960579 3
86.688743276 2
86.713226975 1
86.747753063 2
86.909925508 3
87.069010999 2
87.130107962 1
87.167167233 1
87.201401047 3
87.223519893 1
87.245330976 2
87.295412665 2
87.32575248 2
87.33306062 1
87.337516264 3
87.346329597 2
87.361428801 3
87.396001109 2
87.432766896 2
87.458625169 1
87.50756061 3
87.85519687 3
88.06444234 1
88.248174183 3
88.276626069 3
88.345379014 3
88.37096087 1
88.403036224 1
88.415044733 2
88.437531721 1
88.482481233 3
88.569926572 1
88.698547485 1
88.720990509 2
88.733712497 2
88.744475347 1
88.817043478 2
88.819271694 3
88.842651368 2
88.857625929 1
88.889998602 2
89.011633714 1
89.056258818 3
89.070246446 3
89.095919204 1
89.162253528 1
89.246688901 2
89.270373653 3
89.29234953 1
89.318785249 1
89.521950646 3
89.776695138 1
89.832498729 3
89.851420893 1
89.857218187 1
89.882391274 2
89.97161162 3
89.99752111 2
90.033046038 1
90.035022564 1
90.042167223 3
90.076628217 3
90.156255382 2
90.207337553 1
90.253631196 3
90.283333034 3
90.402462023 1
90.413809541 1
90.427377186 1
90.48651123 1
90.56450669 2
90.594748204 3
90.712049826 2
90.726995346 1
90.763649921 1
90.8198437 2
90.821894747 3
90.832197512 1
90.834623588 3
90.840792102 2
90.963855789 1
90.976367812 2
90.978616602 3
91.009296416 2
91.057264484 1
91.065707104 3
91.14457633 2
91.239638003 3
91.431948691 3
91.440163525 3
91.457417393 1
91.489261895 1
91.508659734 3
91.602280375 3
91.608807746 3
91.893085583 1
91.921551363 2
91.950701609 1
92.015374861 2
92.033218472 2
92.038713762 2
92.111066383 1
92.178745815 2
92.209075589 2
92.323008041 1
92.351347464 3
92.377772375 2
92.412887562 3
92.483516464 3
92.586937444 1
92.594974799 1
92.610505313 1
92.637324761 1
92.68193769 2
92.741600243 1
92.825263742 1
92.881290506 3
92.919845079 1
92.965043529 3
93.000518626 3
93.003168262 1
93.13477487 2
93.176654195 1
93.203385001 2
93.27027188 2
93.31140688 3
93.362495214 3
93.384041768 1
93.396512673 2
93.399347045 1
93.420374019 2
93.427415082 3
93.482160889 3
93.558498274 2
93.570415595 2
93.63724615 2
93.649197451 2
93.687609639 1
93.706768255 3
93.774743593 3
93.79844936 1
93.818968318 3
93.819152692 3
93.819424265 1
93.839268687 2
93.8618256 2
93.910418122 3
94.008224961 2
94.190882435 3
94.192929197 1
94.256073839 3
94.369168007 1
94.380417203 2
94.398023904 2
94.486866109 1
94.495565151 1
94.545649344 3
94.564599902 2
94.572824527 1
94.621705989 3
94.635597814 1
94.645598522 2
94.675818653 3
94.760242957 3
94.795531582 2
94.815436396 3
94.87376446 1
94.930959447 1
94.943087098 3
94.944089433 2
94.946951995 2
94.975696603 3
95.048193301 1
95.205502393 2
95.273757969 3
95.304862105 2
95.35645468 1
95.375291868 1
95.400940764 3
95.607370678 3
95.638440744 2
95.778074082 1
95.786659466 2
95.80014809 1
95.811043105 3
95.820502415 1
95.823563767 3
95.827369113 3
95.84190055 1
95.956269168 3
95.999507619 3
96.038998165 1
96.042692698 2
96.123140367 2
96.209396147 2
96.211891268 2
96.216814972 3
96.248724458 2
96.356158206 1
96.39077231 3
96.413609935 1
96.47392918 3
96.58536728 1
96.641941751 2
96.645323995 1
96.735042214 1
96.740792079 1
96.861235001 3
96.922728929 2
96.982340588 1
97.004044746 3
97.004167779 1
97.131371654 2
97.190344905 1
97.227500125 3
97.279807027 3
97.292594827 1
97.30282177 1
97.303874866 1
97.407221414 3
97.459703741 3
97.502181727 1
97.512787138 1
97.667778204 3
97.727995219 1
97.800590189 1
97.815835615 1
97.839074728 3
97.959800048 3
98.085700545 2
98.115948122 1
98.136507932 2
98.256511185 1
98.344710596 1
98.417283775 1
98.507704385 1
98.541221069 2
98.560780221 2
98.561026058 1
98.600500418 3
98.604489075 2
98.629449249 2
98.635404392 1
98.709386844 1
98.748364744 2
98.791775891 2
98.803104228 3
98.874636264 2
98.89195262 3
98.892529445 1
98.946881819 1
98.999443357 1
99.261311459 2
99.318989037 1
99.321671081 1
99.34503738 3
99.398130187 3
99.524063469 3
99.563310871 1
99.651877244 2
99.681835039 2
99.716220608 1
99.778913678 2
99.815818604 2
99.842190276 3
99.879920584 3
99.909851546 2
99.982708456 1
100.160862195 3
100.183493695 3
100.25040011 3
100.284821269 1
100.30024202 1
100.321484062 2
100.35805661 1
100.378214787 3
100.38932859 2
100.435761756 3
100.439464643 2
100.501322006 1
100.629929263 1
100.695934764 3
100.712694807 2
100.817805579 1
100.842888085 3
100.854662734 3
100.85739694 3
100.859237672 1
100.860637563 3
100.908813418 2
100.914209204 3
101.001289985 3
101.130524548 3
101.254668913 2
101.309841309 2
101.357394948 1
101.427457549 1
101.504071745 3
101.560084207 1
101.643996047 2
101.697725099 2
101.725393185 3
101.787499561 1
101.812720816 2
102.000131866 2
102.054240079 2
102.09142651 1
102.212848809 3
102.248745571 2
102.296370529 1
102.309065244 1
102.317793287 3
102.453671667 1
102.4603828 2
102.549862067 3
102.647948709 1
102.676383837 3
102.784792101 2
102.920974831 2
103.039268184 3
103.109443534 2
103.123003316 3
103.166009473 1
103.233514434 1
103.347327119 3
103.381264045 1
103.412210767 2
103.461324394 2
103.470884215 1
103.484567931 3
103.534797226 1
103.556381969 3
103.606928552 3
103.623117608 1
103.680186689 1
103.740839787 1
103.741306099 1
103.758236014 3
103.763287242 3
103.802036042 3
103.861961073 1
104.026478892 2
104.059653641 1
104.07231408 2
104.128694967 2
104.14798145 1
104.167691205 1
104.242991343 3
104.281590998 3
104.366541094 3
104.482895213 3
104.578304944 2
104.586897628 1
104.588444586 1
104.738786563 3
104.80552415 3
104.855041339 3
104.874562069 2
104.91596431 1
104.923143604 1
104.952080545 1
105.172489999 2
105.199282299 3
105.265592796 2
105.383886535 3
105.407395736 1
105.442794652 1
105.460307548 3
105.63495355 1
105.689311058 3
105.694303602 3
105.750360093 1
105.799074734 3
106.013433691 1
106.04859449 2
106.070696063 2
106.171535581 3
106.216142523 1
106.242650645 1
106.278807839 3
106.308706925 1
106.317148504 3
106.344661051 1
106.35673895 2
106.397950596 3
106.406209545 1
106.423439524 3
106.428845342 2
106.607965053 1
106.68444229 3
106.714220952 2
106.760727393 3
106.930182622 2
106.985116342 3
107.083822172 3
107.221163559 2
107.249077538 3
107.351979769 2
107.558947208 2
107.657081657 3
107.669251348 1
107.82973886 3
107.860504633 2
107.862903349 3
107.926253897 2
108.073314094 1
108.131216783 1
108.205143662 1
108.221655485 1
108.227747381 2
108.254483042 1
108.323379268 3
108.339725487 3
108.377770832 2
108.413226955 1
108.560992598 2
108.610807838 3
108.697476757 1
108.732892179 2
108.743965169 2
108.750387952 1
108.771611313 1
108.835258298 3
108.835922553 2
108.875400986 1
108.909938812 3
108.92055597 2
108.923600492 2
109.03568777 2
109.039775871 1
109.049859697 2
109.086314737 1
109.226695189 3
109.243835407 1
109.485796516 3
109.528569033 1
109.548173183 1
109.583498675 2
109.587432991 2
109.698610887 1
109.812226193 2
109.812970354 3
109.843766393 2
109.880811734 3
109.88681869 2
109.939479942 3
109.976501049 1
110.046782487 1
110.225694354 3
110.264988665 1
110.280425281 1
110.281369887 2
110.385088322 1
110.452401316 2
110.453167681 1
110.574613976 1
110.597516679 1
110.659118195 1
110.677681808 2
110.807746355 2
110.974267251 2
110.982178494 3
111.022361189 3
111.028852922 3
111.081156221 3
111.098284718 3
111.102356537 3
111.111027342 1
111.123938041 2
111.205349607 2
111.207692156 1
111.243173626 2
111.271899001 1
111.274060072 3
111.27915951 2
111.336336135 3
111.382024834 2
111.397908087 1
111.436863455 3
111.54473887 3
111.57649456 2
111.612197819 2
111.675063834 2
111.75499119 3
111.755107801 2
111.818987027 1
111.824869955 3
111.837252381 3
111.909964648 2
111.935296351 1
112.026046523 3
112.091351904 1
112.138181895 2
112.297328947 2
112.307515688 2
112.345621891 2
112.350298383 2
112.356818532 2
112.399666096 2
112.42225222 1
112.585409347 2
112.631536424 1
112.720910621 1
112.815947982 3
112.840184659 2
112.842666254 1
112.867877882 1
112.977718869 2
113.007697689 2
113.081452654 3
113.118485354 3
113.15854381 2
113.203085665 1
113.468603546 3
113.524274265 3
113.550262501 1
113.60271077 1
113.606502838 2
113.638897762 1
113.667805012 3
113.837750457 2
113.988559639 1
113.995812214 1
114.11321462 1
114.124726109 3
114.261521242 3
114.268927554 3
114.353866193 3
114.361189759 1
114.445052254 3
114.456018685 1
114.681804288 1
114.808718304 1
114.884683156 1
114.912788878 2
114.964684876 1
114.999257533 1
115.008828743 2
115.021840836 2
115.069825049 2
115.161153978 1
115.186233683 2
115.242627444 3
115.347284538 3
115.438532698 1
115.52774193 2
115.557885936 3
115.621674253 1
115.731633875 1
115.802154812 1
115.802748926 2
116.003393155 3
116.049362953 1
116.092735376 1
116.127879128 3
116.195395126 3
116.235698578 2
116.239860954 2
116.388318516 3
116.517304866 3
116.712654398 2
116.757688563 2
116.766593556 2
116.834050686 1
116.891055384 1
116.895303888 2
116.914878783 1
116.91969267 1
116.92552235 2
117.001192907 2
117.038254123 2
117.060175262 2
117.061014079 3
117.101476452 2
117.140006142 2
117.211178206 2
117.324720031 2
117.357322348 1
117.494290338 2
117.525620506 2
117.565669884 1
117.582690779 1
117.737965868 1
117.744985808 1
117.746482391 3
117.80260077 2
117.810056207 2
117.816167863 3
117.852390447 2
117.86453724 2
117.882813303 2
117.947283974 1
118.04969459 2
118.123629411 1
118.173918269 2
118.179915935 2
118.270892958 1
118.288968597 1
118.444066875 1
118.44895894 2
118.515207444 1
118.545652141 2
118.588593973 1
118.779215342 1
118.787901634 3
118.839750992 1
118.970209311 2
118.998647173 3
119.030053712 3
119.040937202 3
119.189240087 1
119.203488651 3
119.296794653 1
119.343470047 3
119.357696377 3
119.364486165 1
119.508178469 2
119.510276756 1
119.551103719 3
119.558320874 1
119.598780017 1
119.62058407 1
119.694086723 3
119.78653931 2
119.994133488 2
120.158579799 3
120.248907455 2
120.281905659 1
120.285667121 3
120.396177038 2
120.412952318 2
120.451178208 3
120.514069552 2
120.623179433 1
120.693448225 1
120.796893897 3
120.828192561 3
120.933873817 2
120.945432756 2
120.970835572 2
120.988652221 1
121.023957343 3
121.046526632 1
121.05446039 1
121.117510295 1
121.147474606 2
121.174281642 1
121.260160675 2
121.277945835 1
121.290801144 2
121.294182336 3
121.314766888 1
121.421609736 3
121.451993635 1
121.49158947 1
121.593651281 1
121.642275568 2
121.670041393 1
121.739518654 3
121.806517956 3
121.815128479 1
121.838474329 2
121.844884242 1
121.863198929 1
122.034727875 3
122.063506298 3
122.115916966 2
122.183864939 1
122.193878205 3
122.203126345 1
122.20900756 1
122.237803859 1
122.27833525 2
122.337222248 2
122.355565899 2
122.432200208 2
122.447648177 3
122.462906646 3
122.470051533 2
122.553115679 1
122.57341946 1
122.602205811 3
122.653234672 2
122.741489469 1
122.80327877 2
122.856092738 2
122.897262191 1
122.955506223 2
122.997770538 2
123.064434924 2
123.067878129 3
123.070948359 3
123.323462423 2
123.384982083 1
123.406219615 2
123.517656935 3
123.559867314 2
123.60799123 1
123.618813094 1
123.625880919 3
123.762029243 3
123.811712211 1
123.887908907 3
123.908194773 2
123.917077546 3
123.958796182 3
123.973470767 1
123.977736692 2
124.144611488 1
124.165960371 1
124.204174659 1
124.265947862 2
124.288985872 3
124.306493915 3
124.349507663 3
124.410804093 3
124.477608944 2
124.525367396 2
124.562450733 1
124.615574952 2
124.624690459 3
124.674753834 3
124.762880311 2
124.808680306 3
124.973866957 3
125.102888454 2
125.148804493 2
125.194813546 3
125.195348437 2
125.20811374 3
125.251318913 3
125.266566588 2
125.270232864 3
125.353948302 3
125.359412855 2
125.399390533 3
125.525104476 1
125.621549179 1
125.824724328 1
125.934446664 3
125.93632969 1
125.994107876 3
126.029972827 2
126.065943384 2
126.072746722 2
126.149001062 3
126.206345418 3
126.319141903 1
126.346380897 3
126.433888847 3
126.447501773 1
126.483703087 1
126.500239575 2
126.600340234 2
126.633835742 3
126.692446546 2
126.692640026 3
126.795705388 3
126.851225859 1
126.853494052 2
126.872954239 1
126.918542194 2
127.057599825 2
127.092158589 3
127.116629531 3
127.17508737 3
127.34588239 2
127.354867706 3
127.375622958 3
127.50802207 3
127.511253667 2
127.548050765 2
127.605353138 1
127.615473404 3
127.628441733 2
127.708852563 2
127.716254132 2
127.72789635 1
127.828477315 3
127.875415616 3
127.889619261 3
127.919117845 1
127.986309379 2
128.03226471 2
128.30030602 1
128.316091565 2
128.406305958 2
128.412403406 2
128.4282602 1
128.4733946 2
128.506625245 3
128.567199428 3
128.627080109 3
128.645851556 3
128.674202036 1
128.712454559 1
128.746188898 2
128.759224067 2
128.837259926 3
128.894478576 2
128.948988172 2
128.950258488 2
129.004033543 2
129.042737459 3
129.09361918 3
129.248038899 3
129.257273177 2
129.30131741 2
129.308924366 3
129.31960018 1
129.357644734 3
129.370083853 2
129.431854402 2
129.530892214 1
129.555255976 3
129.635451467 3
129.644087142 3
129.684210491 3
129.688456219 3
129.718606854 3
129.75778409 3
129.759510033 2
129.762783998 1
129.807750927 3
129.816247281 2
129.865817456 3
129.876786144 2
129.902948127 1
129.927113913 3
129.944788648 3
129.981432805 3
130.020174482 2
130.026723455 3
130.089250757 1
130.13038001 3
130.197748237 1
130.206951415 2
130.220144519 3
130.220206118 1
130.251014155 2
130.458840737 3
130.496717198 3
130.585505089 1
130.608645528 2
130.688253942 1
130.728128135 3
130.79648362 1
130.797802864 2
130.815373494 3
130.844025986 3
130.975952134 2
131.020996984 2
131.171930752 3
131.241230824 1
131.301463495 2
131.369582354 1
131.410409909 3
131.579753083 3
131.600881715 1
131.610413933 3
131.694166797 1
131.910754071 3
131.916998249 3
131.933776594 2
131.970158389 2
131.986862776 2
132.090980024 3
132.131976922 3
132.232887373 3
132.289789129 3
132.355654395 3
132.390351034 2
132.448739536 1
132.504265056 1
132.52913404 2
132.536264229 2
132.542630745 3
132.643669432 2
132.673613802 3
132.788653165 1
132.802175741 1
132.930473478 3
132.976180111 2
133.086076249 1
133.26356563 2
133.267598142 1
133.355893101 3
133.460474247 2
133.536103653 1
133.60928419 2
133.628548996 2
133.689934188 2
133.691996551 2
133.724426217 3
133.76139445 1
133.76142549 2
133.820339729 2
133.8861786 3
133.91197276 3
133.953023787 1
133.962699584 2
133.997509528 2
133.999715256 1
134.030587486 2
134.031752384 2
134.034942523 1
134.072874751 2
134.151946992 3
134.17341385 2
134.183107811 3
134.200795892 2
134.214520048 1
134.318740215 1
134.352126421 2
134.363284604 1
134.390782548 1
134.522690468 3
134.564180724 1
134.58431023 2
134.670476 2
134.71871875 3
134.821471559 2
134.853485888 1
134.938269967 1
134.960234293 3
135.036323907 3
135.133618046 1
135.135808169 2
135.200061835 1
135.250845357 1
135.313574793 1
135.3438197 3
135.425623472 3
135.439382048 3
135.44191715 1
135.498925748 1
135.51815622 2
135.576200263 3
135.581887313 3
135.584072497 1
135.640217346 3
135.671838774 2
135.675446485 2
135.685902109 1
135.698768339 3
135.702312532 1
135.747337873 2
135.776475553 2
135.803002955 1
135.81671475 3
135.842257229 3
135.955597208 1
135.963582296 3
136.004611336 3
136.045812428 3
136.199723105 1
136.207383516 2
136.217358558 3
136.232021882 2
136.248546993 2
136.313362535 1
136.498360936 3
136.544881213 2
136.795185864 1
136.842321764 2
136.908921755 1
136.916789909 2
136.951170292 3
136.974478274 1
136.981926062 2
137.023269811 1
137.089148994 3
137.137627333 1
137.229357213 3
137.245094707 2
137.259732091 2
137.270695994 3
137.330140222 1
137.41182003 2
137.415616867 2
137.490532146 3
137.542759483 2
137.547910234 2
137.552036057 3
137.564634877 3
137.663654956 1
137.673191767 3
137.683388737 1
137.701619983 3
137.720788699 2
137.73534283 2
137.839491354 2
137.858942721 1
137.863092626 2
137.8735636 2
137.912695717 1
137.921691775 2
137.94471836 3
137.960614265 1
138.005222741 3
138.021211971 3
138.05914132 1
138.103407452 1
138.141003073 2
138.17993437 3
138.200302318 3
138.220305796 1
138.272675539 2
138.276937697 1
138.279997467 2
138.290438021 3
138.32459053 1
138.389099735 1
138.399822528 3
138.454561144 1
138.456146363 3
138.490463076 1
138.547387166 3
138.563717005 1
138.566576545 1
138.595348656 2
138.779504451 1
138.806953607 1
138.851374069 2
138.85789411 3
138.902059101 3
138.921167529 1
138.929232804 2
138.967147688 1
139.088621039 1
139.121797986 2
139.174285279 1
139.242577226 2
139.283356864 1
139.407333933 2
139.559273322 2
139.567121134 1
139.6598504 3
139.698548795 1
139.789365361 2
139.856712264 1
139.991557812 3
139.99227434 3
140.245458842 1
140.322899828 2
140.348066342 2
140.392855946 2
140.394100772 3
140.521910838 1
140.537229203 3
140.560253265 1
140.70839519 3
140.722726309 3
140.780629611 2
140.840448811 3
140.861308339 1
140.862505578 1
140.873840607 3
140.958304737 3
140.97386884 2
140.998876214 1
141.079823378 1
141.14176323 2
141.15609041 2
141.209493128 1
141.265811165 2
141.351870606 2
141.409942939 2
141.522508291 2
141.612532132 2
141.63215199 2
141.64979274 3
141.685612041 1
141.723716002 2
141.731250997 3
141.900659731 3
141.982656094 1
142.079291399 3
142.112841048 1
142.148162264 3
142.151606331 3
142.16490422 3
142.168823844 2
142.180825217 1
142.207069449 3
142.257489474 1
142.259569683 3
142.294144001 1
142.379587286 2
142.404446339 2
142.475499382 3
142.672177462 3
142.672660994 1
142.72364534 2
142.726163943 3
142.774235935 3
142.839307381 2
142.901761963 2
142.904224835 2
143.009653676 3
143.010534747 3
143.026796847 3
143.090258035 2
143.092524706 1
143.12979757 1
143.182771926 1
143.246952218 1
143.316285392 3
143.329537452 2
143.342906215 1
143.344606443 1
143.345619507 3
143.413036771 3
143.5090378 1
143.514602978 1
143.709809505 3
143.848883155 1
143.908178059 3
143.938666355 2
143.953893066 2
144.005155593 1
144.021344275 2
144.027324833 3
144.145856444 1
144.166554868 2
144.176190122 3
144.195913366 2
144.223536363 2
144.484500278 2
144.48919639 1
144.515926519 3
144.556379107 3
144.581008914 2
144.607322312 3
144.674690883 3
144.752222633 1
144.794769019 1
144.881326211 1
144.893264585 2
144.900832063 1
145.072228907 1
145.181936529 1
145.242313302 3
145.296406726 2
145.298921284 2
145.31345038 3
145.433629114 3
145.468352939 2
145.597726688 3
145.645434511 3
145.666688656 3
145.697219593 2
145.782755431 3
145.853393613 2
145.856575297 3
145.896431501 3
145.990830191 1
146.007704099 2
146.017685958 3
146.199054249 2
146.200616601 1
146.215936737 1
146.254258112 1
146.319061868 2
146.355594843 2
146.355837108 3
146.473633938 3
146.623967525 1
146.635146941 1
146.653383419 1
146.655552345 3
146.671122031 1
146.689721962 2
146.702434093 3
146.774994482 3
146.858770312 1
146.878883772 3
146.922150656 3
146.924050677 2
147.048259657 2
147.066975026 1
147.077500391 1
147.197990641 2
147.199605494 1
147.238962633 3
147.241445652 2
147.24384464 3
147.401830034 1
147.427865474 1
147.47270756 2
147.552208379 2
147.557591579 1
147.577236228 3
147.623836302 1
147.660180702 3
147.738331304 3
147.786880244 1
147.831933487 2
147.909750823 3
147.953168387 1
147.963913992 1
147.96711626 2
147.981846317 1
148.000842749 3
148.078954135 1
148.094445261 1
148.168286653 1
148.291741974 2
148.293067203 1
148.37279813 3
148.563442548 3
148.584551103 3
148.615169579 3
148.651634821 2
148.677466149 3
148.690779618 1
148.762379934 1
148.768250849 2
148.874481716 2
148.977732543 2
149.243817453 3
149.246306143 3
149.474037216 2
149.540790535 3
149.577873153 3
149.638977605 1
149.647566383 1
149.812960714 1
149.888951257 1
149.928346071 1
149.988819638 3
150.211215966 2
150.254614155 2
150.30984636 3
150.327380206 2
150.368759986 3
150.37989116 1
150.686686885 3
150.696737745 3
150.706805557 3
150.711573529 1
150.743996885 2
150.762288293 1
150.765570693 3
150.78811294 3
150.792564496 1
150.837099074 3
150.840073476 1
150.861612262 3
150.867430981 2
150.932506448 3
151.043907346 2
151.071387172 3
151.074261001 2
151.16339316 1
151.218675627 1
151.26210066 3
151.34337769 2
151.351770095 2
151.451223879 2
151.460885062 1
151.461443869 1
151.473329358 2
151.482915049 2
151.492618075 3
151.498140639 1
151.689121893 2
151.713941195 2
151.748046179 2
151.831868637 2
151.892593007 1
151.950716668 3
151.970746889 1
152.058660556 2
152.128958106 2
152.139351004 1
152.199009591 2
152.221539344 3
152.237710986 1
152.250735552 1
152.285199189 3
152.497428423 2
152.521870284 3
152.570265019 3
152.719010215 2
152.73341843 3
152.845360496 2
152.921349017 3
152.970121732 1
153.027307899 2
153.052203345 2
153.121925187 3
153.175735744 2
153.213837391 2
153.344603556 2
153.376356347 2
153.467125248 3
153.56018514 3
153.666950804 2
153.722979339 2
153.900614923 2
154.090445888 2
154.103583923 2
154.123545381 2
154.160128321 2
154.168286366 3
154.170957076 3
154.17260088 1
154.212482301 2
154.242821759 2
154.274400583 2
154.466767012 1
154.467723379 3
154.520755291 3
154.565307982 2
154.569104838 2
154.615085427 3
154.697630015 2
154.714101702 2
154.723248548 2
154.742296099 2
154.750680493 1
154.813965363 1
154.831098627 2
154.868081107 3
154.920956064 1
155.030531186 3
155.085031603 1
155.085231102 1
155.189756182 1
155.20964319 3
155.210924875 1
155.282737665 2
155.359732853 2
155.39384146 3
155.41112876 2
155.430796287 3
155.521542086 2
155.57874223 1
155.644636344 2
155.684623809 1
155.708746498 2
155.766922444 2
155.822277477 1
155.905559983 3
155.946275699 1
155.958798415 3
156.01165255 3
156.071590373 2
156.071849275 3
156.106911828 2
156.133772481 1
156.160664126 1
156.169072397 3
156.310756108 1
156.363985322 2
156.370324343 3
156.443787678 2
156.456777327 2
156.496507221 1
156.650719514 2
156.756445028 2
156.813568208 3
156.830840436 3
156.831505784 2
156.894578128 3
156.923759253 2
156.930414798 2
156.962103887 2
156.977094029 3
156.982617835 2
156.984959172 3
157.183634977 1
157.247010151 1
157.346379839 1
157.55396191 3
157.578510414 3
157.622565987 2
157.706425698 3
157.723437925 3
157.749041982 2
157.820837146 2
157.822346326 2
157.905776192 2
157.92856131 1
157.963916423 3
157.993233771 1
158.016799901 3
158.044680233 1
158.066055326 2
158.146449132 2
158.233322343 1
158.251584436 1
158.257798433 1
158.288451355 3
158.354772913 2
158.400447253 1
158.43936341 1
158.452068962 1
158.453289815 3
158.456199938 2
158.472100878 2
158.475766502 1
158.543813485 3
158.70049891 3
158.725211144 3
158.837930106 1
158.887137314 3
158.890630901 3
158.901520357 2
158.921810613 2
158.973389974 3
158.981240419 3
159.077249324 3
159.156756846 2
159.243574483 3
159.286649815 2
159.346053036 2
159.377919988 2
159.425438917 1
159.439274038 2
159.448772841 2
159.47489702 3
159.490559286 2
159.528112988 2
159.708060979 3
159.735962626 2
159.791431289 1
159.793191102 3
159.831193639 2
159.943865815 1
160.006967624 2
160.016655264 1
160.043657795 1
160.053377313 3
160.077708166 3
160.090068368 2
160.229362657 3
160.233131772 3
160.296023649 3
160.318747824 1
160.33459224 1
160.457870203 1
160.458681524 1
160.54047722 1
160.586759734 3
160.597866974 1
160.608771104 1
160.639495027 2
160.660959649 3
160.67056813 2
160.673918804 1
160.755152699 1
160.792309996 3
160.849677915 2
160.862039556 1
160.869390084 2
161.039658648 2
161.048862891 3
161.062253086 2
161.15549409 3
161.159740817 2
161.232324786 3
161.262540166 3
161.316598804 3
161.320758419 1
161.351765683 3
161.414684813 2
161.426506286 1
161.433736918 3
161.492511146 2
161.514559642 3
161.572810859 2
161.611000695 2
161.677185969 2
161.702131343 3
161.752608782 1
161.760634758 2
161.851506658 1
161.88785373 2
161.930368383 1
162.022923481 2
162.099945206 3
162.159254664 1
162.201312642 3
162.244580088 1
162.329037155 3
162.397497317 1
162.922766096 2
162.939763626 2
163.044570484 3
163.054713173 2
163.123313004 1
163.332444963 1
163.346858612 1
163.386016521 1
163.400865825 1
163.475033334 2
163.48306619 2
163.582112933 3
163.587389945 3
163.640742557 2
163.772200445 1
163.830789809 1
163.882228962 3
163.90076192 3
163.917116132 2
163.973717904 1
164.027459777 1
164.127452578 2
164.130101136 3
164.133647273 1
164.197847113 3
164.22377983 1
164.234668348 3
164.320890015 1
164.356855016 3
164.386506426 1
164.403301529 2
164.514272862 1
164.544312564 2
164.567599925 2
164.589326386 1
164.743913403 1
164.807936556 2
164.839858094 3
164.978063705 3
165.014148531 2
165.145017188 3
165.151610149 2
165.170086526 2
165.214503504 1
165.268732118 3
165.27053192 1
165.335241369 1
165.377495787 3
165.426427596 1
165.601608405 3
165.605458551 1
165.643569896 2
165.706862228 3
165.753868393 3
165.757336444 1
165.779804801 3
165.789429236 2
165.790649626 1
165.8150099 1
165.82230635 2
165.848685196 2
165.864486665 1
165.927102789 3
166.094609196 1
166.180741605 2
166.308691298 3
166.569190754 1
166.59324277 2
166.605745235 2
166.623399508 2
166.654626978 2
166.782159788 3
166.784742251 3
166.872121579 2
166.883460736 1
166.967549359 3
166.983029649 3
167.152161291 1
167.159391339 3
167.263298681 2
167.352213874 2
167.420442452 1
167.652307588 3
167.770998167 2
167.849142955 1
167.869881885 1
167.944694706 1
167.959500531 3
167.976424916 3
167.984088989 2
167.990756951 2
167.991187968 2
167.991379309 3
168.033361266 2
168.135485042 2
168.200324423 1
168.245469908 1
168.304720721 2
168.382729986 2
168.409325752 2
168.558488805 3
168.601165795 2
168.601544616 3
168.696292763 1
168.748287584 1
168.810446699 2
168.829837994 1
169.015695056 3
169.030587065 3
169.1250467 1
169.19060204 1
169.37370104 1
169.432720451 2
169.478055956 3
169.486973611 1
169.502919337 3
169.554909731 1
169.584389282 3
169.603878199 1
169.71150743 2
169.724834151 1
169.72861238 1
170.051994678 3
170.110724792 3
170.14144031 1
170.210312616 2
170.231365212 3
170.322638751 3
170.334214069 1
170.36040743 1
170.468701599 1
170.54282403 1
170.608720425 2
170.634192079 1
170.63615941 2
170.672813863 1
170.67439288 3
170.81491091 2
170.841140613 3
170.857046029 1
170.980567927 1
171.131092575 2
171.183911912 3
171.208172558 3
171.236767705 2
171.249715029 3
171.288023216 1
171.288937291 1
171.317192301 3
171.3474355 1
171.362700271 3
171.389437802 2
171.409750902 2
171.437893229 3
171.457307872 2
171.516059711 2
171.580630423 1
171.603309163 2
171.611518334 1
171.623682325 1
171.643538013 2
171.725512073 2
171.735666295 3
171.794721735 2
171.85188173 3
171.919948399 2
171.931320779 1
172.052169087 3
172.109240827 2
172.21485141 1
172.262501592 1
172.294442856 2
172.300231657 2
172.46028972 3
172.462299968 1
172.581270933 3
172.584791453 1
172.585894128 3
172.655755417 2
172.702843363 1
172.706607073 2
172.804761719 2
173.009770429 2
173.090307813 1
173.28919892 2
173.300149061 1
173.351150321 1
173.379913969 2
173.416800258 3
173.424268919 3
173.442351603 1
173.488289208 1
173.505609093 3
173.508176455 1
173.524743376 3
173.564809007 2
173.572520724 1
173.66730292 1
173.710699596 1
173.71598822 2
173.950025382 2
173.987837578 2
174.093169989 3
174.151516864 3
174.201392127 2
174.248148549 1
174.315382931 1
174.334998726 2
174.403424777 3
174.453754784 3
174.494541395 3
174.603327288 2
174.607607353 3
174.636819238 1
174.693520361 2
174.733349795 3
174.740920956 3
174.770443257 2
174.801482565 3
174.814297855 2
174.864535277 1
174.911170137 2
174.922311008 1
174.925570481 3
174.944964873 2
175.028007009 2
175.13455219 1
175.149465446 2
175.192291031 2
175.52328743 3
175.523331293 1
175.681645181 1
175.69881743 3
175.734106428 3
175.797944517 1
175.906825672 2
175.922140468 2
175.952907373 3
175.965315726 3
176.005560385 3
176.08663774 1
176.128050975 1
176.256344413 1
176.31671774 2
176.357125034 1
176.43012838 3
176.451908572 2
176.538167544 1
176.544852073 1
176.640841266 2
176.706114997 3
176.738390861 2
176.791634018 3
176.841662667 1
176.888833193 2
176.985573917 1
176.98748472 2
177.017511257 1
177.068158748 2
177.146318459 2
177.170743911 3
177.18223155 3
177.258887822 1
177.319379616 1
177.332466888 1
177.347276753 1
177.377312495 1
177.384591788 3
177.419015385 3
177.492855637 2
177.516935761 1
177.713169403 1
177.769257067 2
177.812488821 1
177.834212841 3
177.899882498 3
178.014810295 1
178.055436922 2
178.161322191 1
178.228778925 1
178.312351034 2
178.397727386 3
178.444934254 1
178.479287502 2
178.496985292 2
178.641126719 1
178.666319068 3
178.716993067 3
178.735328858 2
178.809127551 2
178.875633909 2
178.884983962 2
178.916088769 1
179.011072662 3
179.011872914 3
179.014100013 3
179.026847229 3
179.109322253 3
179.130753984 1
179.152234882 3
179.155254388 1
179.170561216 1
179.175329004 3
179.187216166 1
179.285412755 1
179.354565777 3
179.459469701 3
179.510236712 1
179.536268689 3
179.644598283 3
179.709006863 3
179.7407347 1
179.784058671 2
179.87754711 3
179.926499105 2
179.94352647 3
179.953987265 3
180.024134847 1
180.033271191 3
180.072349189 3
180.111858846 2
180.118330646 2
180.123069721 1
180.168413362 2
180.174577972 1
180.417955025 1
180.563548213 3
180.567566919 1
180.579392551 2
180.584135497 2
180.594506657 3
180.610900148 1
180.652087774 3
180.657912573 2
180.728627278 1
180.810878051 3
180.820222326 2
180.823407816 2
180.892133086 3
180.984563862 1
181.037521622 2
181.183864005 2
181.4464207 2
181.464454391 2
181.468227271 3
181.473298763 1
181.50016622 2
181.500355217 2
181.502229235 1
181.552570719 2
181.570301699 3
181.570766336 2
181.595740297 2
181.617229888 2
181.617847047 2
181.677054354 3
181.800064513 3
182.006472033 3
182.011379045 1
182.052562126 3
182.077482957 1
182.089760569 3
182.118930671 3
182.129379392 1
182.174715143 3
182.204299168 1
182.208437114 3
182.380991461 1
182.404367119 2
182.409774503 3
182.496784891 1
182.510191631 1
182.574694953 1
182.753268258 3
182.804989724 3
182.821514495 2
182.850419135 1
182.855254919 3
182.888947581 3
182.914263225 3
182.955005329 3
182.959543852 1
183.126683065 3
183.188979339 1
183.331513207 1
183.396939282 3
183.519994291 2
183.542802512 1
183.544406563 2
183.59144492 2
183.636656079 2
183.714308206 3
183.74194184 3
183.791804414 1
183.803443687 1
183.816966648 1
184.038815575 3
184.092538501 2
184.152897027 3
184.18656216 3
184.25081335 1
184.27608364 1
184.355680915 3
184.394958333 2
184.523901884 2
184.529473126 2
184.549016891 1
184.583054908 2
184.605232887 3
184.614427539 1
184.723154627 1
184.751685868 2
184.818251241 3
184.856026095 2
184.929064173 1
184.95868214 3
184.992963575 1
185.102617558 1
185.152058016 1
185.161378462 1
185.19233727 1
185.328854978 1
185.343873632 2
185.355533408 3
185.417444665 2
185.45281017 1
185.50054411 3
185.69046307 3
185.69446033 2
185.704212486 1
185.797017159 2
185.908639878 1
185.917335583 1
185.926377655 2
185.943267458 1
185.948894212 3
186.013944586 3
186.040080154 2
186.052385219 1
186.084256285 1
186.089912418 3
186.099399223 2
186.101288497 1
186.21623397 1
186.303887132 2
186.353314203 1
186.401848354 3
186.409582227 3
186.441040813 3
186.443199926 3
186.465210844 2
186.516707246 1
186.528547157 3
186.56060175 2
186.568496661 3
186.585466852 3
186.612072916 2
186.644441485 2
186.697616021 3
186.726262592 3
186.729633603 3
186.78772224 3
186.788838102 1
186.857404014 1
186.866363775 3
186.921411787 3
187.018162678 1
187.031850412 1
187.083800922 3
187.096436595 1
187.219090644 2
187.221149482 3
187.237038945 2
187.278724795 3
187.407304448 1
187.473566523 1
187.551577293 2
187.564603944 2
187.679912244 2
187.693576811 3
187.895319112 1
188.066565457 3
188.112364536 3
188.204547887 2
188.283331124 3
188.306905203 2
188.330152082 2
188.332843359 3
188.37667864 3
188.560876303 3
188.615480081 2
188.684325713 2
188.73673459 3
188.796713922 2
188.855685705 2
188.873736831 2
189.243815728 1
189.244545083 3
189.369871986 1
189.373308613 1
189.37403263 3
189.433133735 3
189.465851534 3
189.623557232 2
189.636934036 2
189.825886047 1
189.857294519 1
189.865401506 3
189.89587427 1
189.952632817 2
190.008178638 3
190.043462318 2
190.18807249 1
190.280700381 2
190.284579404 2
190.363171153 1
190.45156152 2
190.531745073 1
190.534100309 2
190.536206342 1
190.57942479 1
190.580582983 2
190.618208348 3
190.634141628 3
190.658491711 2
190.677634422 3
190.721167622 2
190.750809649 1
190.784301408 3
190.830834872 1
190.863083655 2
190.946410546 3
190.95238373 1
191.118273224 1
191.11986586 3
191.208320625 1
191.275277946 2
191.355239098 3
191.37540438 3
191.378178125 2
191.743380591 2
191.86895408 2
191.874989444 2
191.98848523 1
192.120863706 2
192.15266304 2
192.216432648 1
192.226643499 1
192.237295953 3
192.280848683 3
192.500460939 1
192.528402428 1
192.670792348 1
192.700521472 1
192.745421205 1
192.752379796 2
192.786996185 2
192.94132762 3
193.082622355 1
193.130606753 3
193.166721476 2
193.169426211 2
193.228769086 2
193.245478601 3
193.290601896 1
193.296902044 1
193.343608712 2
193.377963392 1
193.38173373 2
193.395937203 3
193.427919449 1
193.431350989 3
193.461466546 1
193.535743309 1
193.537727022 2
193.641145597 2
193.704209365 2
193.710108372 1
193.744244567 3
193.876624046 3
193.920396466 2
193.960895319 2
193.96362803 2
193.967488829 1
193.969306623 3
194.015804756 3
194.100465236 1
194.104598141 1
194.165709439 3
194.278494713 2
194.303543432 2
194.304856894 1
194.329319545 3
194.356615032 1
194.362246026 1
194.462703655 3
194.53874122 2
194.616194184 3
194.645474625 2
194.827985698 2
194.853613014 2
194.945222295 2
195.017573522 2
195.036599691 3
195.101668654 2
195.160783346 1
195.173494152 2
195.195168585 1
195.319889127 2
195.406617187 1
195.494410329 3
195.496715053 2
195.569116104 1
195.67831924 1
195.850702308 2
195.879727962 2
195.942680766 2
195.971990704 2
196.017957638 3
196.080037173 3
196.101014181 3
196.152251282 3
196.198425755 2
196.265473994 2
196.322970626 3
196.365633513 1
196.43499228 2
196.447304781 3
196.46721401 1
196.47980174 3
196.607893755 2
196.629843171 1
196.641690304 2
196.67004482 2
196.704533303 1
196.807075169 2
196.827878574 1
196.898889989 3
196.99765683 1
197.230846435 2
197.236358331 2
197.241224359 1
197.312292531 3
197.369945616 1
197.3734048 1
197.503313836 3
197.535543681 1
197.775551677 1
197.883437026 2
197.943449239 1
198.022262502 1
198.08956827 3
198.109585789 1
198.118426852 3
198.254813096 3
198.293244605 2
198.351972548 3
198.438104491 3
198.44683896 1
198.452944414 2
198.4672704 2
198.549145848 1
198.565107097 1
198.623261469 1
198.633800698 1
198.665743043 2
198.728184922 3
198.736390567 1
198.871754703 2
198.874121148 2
198.925259451 3
199.001612468 3
199.04914039 3
199.086984915 1
199.100166015 1
199.112899771 3
199.125285813 1
199.258383374 3
199.27276622 3
199.35737429 2
199.372232171 1
199.459873472 2
199.525142037 3
199.533230339 1
199.564243012 1
199.576576051 3
199.833748023 2
199.928317787 2
200.010390783 1
200.033402465 3
200.046243038 2
200.078019213 1
200.083927074 3
200.138794503 3
200.205954088 2
200.206475685 1
200.215803161 3
200.232386114 1
200.236759382 3
200.319441322 3
200.367304751 1
200.373799557 1
200.374598116 2
200.404649556 3
200.478226238 2
200.593966441 1
200.61360512 1
200.720101884 3
200.746523584 1
200.750091753 3
200.888211783 1
200.909791137 2
200.935963171 1
200.995945257 3
201.019108014 3
201.024666384 2
201.064187436 3
201.113672992 1
201.114887798 2
201.277642477 2
201.459561983 1
201.499249659 3
201.50766599 1
201.546183073 1
201.613921237 2
201.724154227 3
201.7377045 1
201.797671102 3
201.868335554 2
201.910961403 1
201.976927619 2
202.020611517 2
202.04426125 1
202.098307685 1
202.10092971 1
202.121671925 2
202.159295819 3
202.189204944 3
202.220180548 1
202.251515826 1
202.320802403 1
202.385593842 1
202.393224856 2
202.46731277 1
202.46882938 1
202.497224472 1
202.51231734 2
202.513704723 3
202.533165503 2
202.543041096 3
202.677083522 1
202.694688969 3
202.69946588 1
202.717614356 3
202.831294611 1
202.845466668 1
202.92415456 2
202.949556056 1
202.955673147 1
203.016427022 1
203.216659243 2
203.236900185 2
203.265887307 3
203.309545144 3
203.31052632 1
203.520125916 3
203.560988969 3
203.589114633 3
203.692334485 1
203.763868651 1
203.836060548 1
203.967294977 3
204.043519832 3
204.125917413 3
204.133222009 1
204.192441832 3
204.26499951 1
204.316635631 3
204.368912227 3
204.395691981 3
204.496675796 2
204.550632046 3
204.646403717 2
204.722105871 3
204.859294055 1
204.979994669 2
205.053867703 1
205.081726772 3
205.085215804 3
205.116893496 3
205.153258619 3
205.240906851 3
205.269292137 1
205.276635993 3
205.297384185 3
205.424326883 2
205.513185543 2
205.610653426 1
205.636646794 3
205.691477661 3
205.718180879 2
205.721229562 1
205.727927971 1
205.744775979 2
205.810478487 2
205.854946232 2
205.924055645 1
205.931460504 2
205.977374761 3
206.086068873 3
206.131946456 2
206.185257174 1
206.199189795 1
206.22215649 2
206.259177317 1
206.298203426 2
206.504833539 1
206.516169937 3
206.520223808 3
206.550991766 3
206.57898367 3
206.592740653 3
206.630221514 2
206.634172356 3
206.68999596 3
206.744196138 1
206.753920635 3
206.842692917 1
206.916534625 3
206.933388466 1
206.955209719 3
206.988905261 3
207.044822996 3
207.113815955 1
207.133724132 2
207.32301555 2
207.324011647 2
207.476208362 3
207.500208976 1
207.519223825 1
207.572194385 3
207.757195358 1
207.819007997 3
207.826785135 1
207.864595527 3
207.888221436 2
207.917495562 3
208.077351681 1
208.077818515 2
208.09385781 3
208.140456748 2
208.171777742 3
208.216547581 2
208.223884216 2
208.285083129 3
208.298221686 1
208.364129659 3
208.372168709 2
208.529375345 2
208.595593056 3
208.676121188 1
208.694284555 1
208.727199357 2
208.743947661 1
208.753198362 2
208.758957349 1
208.788988046 3
208.817051725 3
208.854293118 3
208.91203523 2
208.977704834 1
209.096664371 3
209.10388474 2
209.108835094 3
209.140749445 2
209.179304509 2
209.258073509 3
209.276839127 1
209.302149377 1
209.373086694 2
209.44273248 1
209.449154714 2
209.461701888 2
209.49861348 1
209.528717331 1
209.533815535 1
209.652320273 1
209.661756899 3
209.68276093 3
209.70321926 3
209.75955222 1
209.857895112 2
209.892556434 3
209.932957489 1
209.952451417 3
209.968064502 3
209.990887326 1
210.022441025 3
210.237327856 3
210.25422111 2
210.299421927 3
210.465248757 3
210.499233421 3
210.540262355 2
210.607627777 2
210.654324971 3
210.675603285 3
210.79508968 1
210.813760456 1
210.847097445 2
210.958834734 2
211.003117301 3
211.039588218 3
211.140846973 3
211.194669944 3
211.260516879 3
211.295575603 2
211.477178152 1
211.49078151 2
211.526783819 3
211.53719604 2
211.595080657 3
211.603034306 3
211.621915121 1
211.680600078 3
211.695661309 2
211.702201353 1
211.732223159 1
211.775213017 3
211.987877063 2
211.996868785 2
212.095066091 1
212.097326659 1
212.264159149 1
212.29177626 1
212.300945528 1
212.304977814 2
212.390364771 2
212.491899802 1
212.549906377 2
212.67449006 2
212.695447723 1
212.767996503 2
212.778548811 2
212.893957102 2
212.944984029 1
213.123202989 2
213.170400934 2
213.326104095 3
213.339986232 1
213.417741956 1
213.515538621 2
213.5684384 2
213.604187545 1
213.604197339 2
213.610835581 3
213.711454099 2
213.721001413 2
213.751831708 3
213.756587717 1
213.824530259 2
213.826741963 2
213.909567131 1
213.942131363 2
213.993602295 3
214.001151476 2
214.019885404 1
214.042574767 1
214.122820918 1
214.135865855 2
214.160968679 1
214.170853039 2
214.199174174 3
214.217396935 3
214.245114707 2
214.32074249 1
214.399811047 2
214.466327964 2
214.472583426 3
214.475676422 2
214.486878106 2
214.53313543 1
214.68351377 1
214.698328988 2
214.705234091 2
214.761154439 3
214.79578805 2
214.839407725 1
214.862358074 2
214.937394934 3
214.937829524 1
215.043991502 2
215.057995798 1
215.109945043 1
215.159221126 3
215.193374256 3
215.203821887 1
215.327600484 3
215.362564814 1
215.422218893 3
215.430808326 3
215.637805941 1
215.641790855 3
215.782272394 3
215.83105564 1
215.901531559 3
215.905899936 3
215.90858525 3
215.935008316 2
215.93688314 2
215.971680499 2
216.042396288 2
216.074383298 2
216.157429722 2
216.242149605 3
216.251269916 1
216.369463649 3
216.426195153 1
216.455945911 3
216.478241165 3
216.539836526 1
216.544593068 3
216.632245205 3
216.645217629 1
216.659553385 2
216.698221507 2
216.744205563 1
216.793323047 1
216.86827501 1
216.900126791 2
216.917447765 3
216.922385834 3
216.925868564 2
216.945726642 3
217.269457788 3
217.275819619 2
217.281746635 1
217.358652435 2
217.3643504 1
217.377322011 3
217.397680645 3
217.40940022 3
217.466380875 3
217.519012737 2
217.598201523 2
217.661179762 2
217.75829353 3
217.881521606 3
217.92940715 2
218.003053603 3
218.051161714 3
218.108173414 3
218.190516776 2
218.227888686 1
218.281872 1
218.383083203 2
218.417296741 1
218.450117019 2
218.507639496 2
218.540766833 1
218.601036218 2
218.613347237 1
218.63086467 1
218.806577111 3
218.910123992 3
218.928537611 2
218.982097335 3
219.102391229 2
219.121140806 1
219.172476639 2
219.205020776 2
219.209625163 3
219.265457991 1
219.295775744 2
219.321430542 3
219.324080604 3
219.341331409 1
219.357401364 3
219.374923054 3
219.381408081 2
219.455585682 3
219.461665087 3
219.477545408 1
219.597670835 2
219.615946819 3
219.710534183 2
219.71420037 1
219.849831777 1
219.894009338 3
219.921273034 2
219.94206033 2
220.017016 2
220.049155718 3
220.103060876 3
220.155218011 2
220.224273193 1
220.225878849 1
220.248011452 1
220.266765021 1
220.354862802 2
220.364175276 1
220.409748946 2
220.555132713 2
220.636350872 2
220.691963742 1
220.813891018 1
220.824802891 2
220.856844133 2
220.857596538 3
220.891936587 3
220.964894772 2
220.981301583 3
220.989588967 3
221.012368068 2
221.021883345 3
221.024088154 3
221.073965195 2
221.088110251 2
221.185699059 2
221.199246473 2
221.254047421 2
221.263457074 1
221.59763718 3
221.708975107 3
221.774400003 2
221.898744611 1
221.972699211 1
221.984925524 1
222.013261883 2
222.224473317 2
222.243106695 2
222.318816473 1
222.326435892 3
222.576881862 3
222.601822496 1
222.655466223 3
222.850332125 1
222.877495529 3
222.894789934 1
222.897114448 2
222.963242487 1
223.017853734 3
223.045379347 1
223.314082979 3
223.341576684 2
223.464842487 2
223.465240796 3
223.482519299 1
223.538285114 1
223.548731368 1
223.563544242 1
223.655784568 3
223.828926382 3
223.890242666 3
223.90594538 3
223.923356905 3
224.073159272 2
224.132096266 2
224.167390076 2
224.279526793 2
224.291330986 2
224.340664863 1
224.341858559 2
224.386049345 3
224.399197012 1
224.455766418 2
224.499457895 1
224.500746137 1
224.596979275 3
224.641350196 1
224.655542963 3
224.686011829 3
224.822658277 3
224.848521011 2
224.894836712 1
224.934288154 1
225.018072654 1
225.036843126 3
225.091121381 1
225.167611963 2
225.189029471 1
225.243479961 2
225.438652425 3
225.655090111 2
225.673422792 1
225.694621737 1
225.705570119 3
225.873060421 2
225.883768088 2
226.206923987 1
226.216239067 3
226.231780105 2
226.252233083 2
226.274671972 2
226.342545347 3
226.348378159 1
226.350298061 2
226.534529802 2
226.543648224 2
226.57041806 1
226.576001417 1
226.671596649 2
226.718993731 1
226.727079229 3
226.730175097 1
226.739709288 2
226.765509606 3
226.768407843 1
226.863908802 1
226.901443643 2
226.932331679 2
227.051866128 2
227.057454297 3
227.186862399 2
227.188841794 2
227.222569561 3
227.243879532 1
227.249495842 3
227.310424538 3
227.479441396 1
227.49178047 2
227.556369467 1
227.606655175 3
227.614038407 2
227.739563302 2
227.800649071 3
227.851072565 3
227.899351338 3
227.921320593 2
227.95099367 1
