9936
0 3
0.035383784 2
0.067412021 3
0.201135333 3
0.356101974 3
0.475915029 3
0.869263962 1
1.046536832 3
1.186321767 1
1.193392317 2
1.328119085 1
1.331531197 3
1.564452681 1
1.566722919 1
1.714047794 1
1.867192826 3
2.106576273 1
2.244202462 3
2.318705591 1
2.385339948 2
2.42391878 2
2.617103364 3
2.701898461 1
2.759712875 1
2.906131064 3
2.957261524 3
2.976819926 3
3.032947486 3
3.251626347 3
3.462917818 1
3.544943431 1
3.560306473 1
3.68292434 2
3.764207326 2
3.927151156 1
4.026900118 3
4.128986042 2
4.368015199 2
4.42053441 2
4.515564058 1
4.644643394 1
4.666319232 3
4.708851667 1
4.728909737 2
4.750256008 1
5.069383241 1
5.082816728 3
5.215233151 1
5.378929899 1
5.577748328 1
5.604617137 3
5.636164054 3
5.641653051 2
5.679341841 2
6.015132138 2
6.311190161 2
6.344527269 2
6.404291983 1
6.51488325 1
6.761632587 1
6.886799543 3
6.920349767 2
7.233783109 2
7.652934925 2
7.774734675 3
8.340461832 3
8.425199629 1
8.45119971 1
8.487491466 2
8.513858608 3
8.683484851 2
8.767389819 1
8.851448693 1
8.851718703 2
9.178045137 1
9.32427021 2
9.33636933 2
9.487354085 2
9.54672061 3
9.594844882 3
9.725026967 3
9.860677238 3
9.869777139 3
10.067738373 3
10.088970738 1
10.162655736 3
10.223820255 1
10.245126044 2
10.374423952 3
10.393076134 2
10.473552893 3
10.549904121 2
10.736553949 1
10.832899172 1
10.874942552 3
10.880992184 3
11.003627085 2
11.187364906 3
11.526060485 1
11.645270575 2
11.680214201 1
11.693576457 2
12.192154826 3
12.286474832 3
12.368972905 2
12.42336877 1
12.433048625 1
12.582265773 3
12.58464625 3
12.673723053 3
12.95146394 3
13.003471825 1
13.054157714 2
13.070129635 2
13.363605413 1
13.429568909 3
13.45813339 2
13.470810598 3
13.530571524 2
13.545942836 2
13.702811175 3
13.92753422 3
13.956362453 3
14.029765744 3
14.134702922 1
14.354985608 1
14.438475947 1
14.473851168 2
14.589307891 1
14.750320786 3
15.087339167 1
15.244369479 2
15.307995688 3
15.387394626 3
15.448765251 2
15.496888172 3
15.612903663 1
15.628209182 1
15.705618823 1
15.768206726 3
15.847415953 1
15.891495289 2
15.91400022 2
16.088010797 3
16.129990373 3
16.18151253 2
16.214492597 2
16.442154235 3
16.448902127 2
16.524573058 1
16.686894926 2
16.944262491 1
17.110384381 3
17.185683595 1
17.187113913 2
17.210281922 3
17.285701612 3
17.342348784 1
17.484416562 3
17.505168438 1
17.54631837 3
17.645967023 1
17.651500552 3
17.682532295 2
17.790594076 3
17.989667272 1
18.012232916 2
18.067624919 2
18.171936134 3
18.198901498 2
18.339155703 3
18.531894789 2
18.568563581 2
18.596661954 2
18.77888171 1
18.944810638 3
19.052260761 2
19.172843408 1
19.255542258 1
19.473919979 2
19.563356538 3
19.57357302 2
19.580130641 3
19.607602503 1
19.754973323 3
19.772845874 2
19.817429697 3
19.861605219 1
19.868242107 2
20.03511738 2
20.084744387 2
20.214618512 3
20.280941988 3
20.295412693 2
20.369168945 1
20.371528831 1
20.43279974 3
20.433373333 3
20.517320821 3
20.546645508 3
20.626353715 2
20.750604903 2
20.765737912 1
20.789124595 1
20.930547478 3
20.957100434 1
20.976283721 1
21.185383913 3
21.259618569 2
21.312182648 3
21.33204292 3
21.356871506 1
21.662080755 3
21.703559742 3
21.737711102 3
21.764284788 1
21.877846918 3
21.91637153 1
21.926193379 2
22.051807009 1
22.073409115 3
22.416090522 2
22.505411882 1
22.547095985 1
22.569336813 1
22.637229362 2
22.867440876 1
22.965995446 1
23.110584622 1
23.1996047 1
23.319803292 3
23.340861972 3
23.350109517 3
23.438430895 1
23.468902097 2
23.721322879 2
24.007414686 2
24.141444182 3
24.183211784 3
24.354084422 3
24.372379586 1
24.403057596 1
24.413047203 3
24.439115532 3
24.447814091 1
24.486360404 1
24.651533059 1
24.971684138 2
25.267114642 1
25.320613075 2
25.550658039 1
25.688902496 1
25.699799597 1
25.752579736 1
25.784166651 2
25.813514982 2
25.835623617 2
25.899913482 1
26.050342293 1
26.06054635 2
26.117515628 1
26.269396153 1
26.300306326 2
26.36474741 2
26.521363076 1
26.553761965 3
26.57994975 2
26.683312702 2
26.721540911 1
27.234600585 3
27.383267793 3
27.461977178 2
27.585445976 2
27.914212876 2
28.014359889 3
28.020636928 2
28.111648877 3
28.133788421 3
28.147369172 1
28.172201286 1
28.234051092 2
28.254679366 2
28.392933556 2
28.68050382 3
28.783601823 1
28.926909619 2
28.959996262 3
28.996138218 2
29.180832096 1
29.253434136 2
29.295362777 2
29.330700474 3
29.359196115 2
29.444274362 3
29.535620837 3
29.539649007 2
29.6160727 1
29.778428376 1
29.94779765 2
29.977038319 3
30.115051749 2
30.175756536 3
30.308033647 2
30.333166711 2
30.536524387 3
30.541630035 1
30.817698884 3
30.849091406 1
30.884214828 3
31.025933582 1
31.146041987 2
31.27411907 3
31.395041126 1
31.566282351 2
31.60931044 1
31.668716187 3
31.755722956 3
31.798517151 3
31.809359967 3
31.864565239 3
31.907139636 3
31.919253905 2
31.982687299 2
32.126284129 1
32.145520236 1
32.303722813 3
32.82461669 2
32.900352957 2
33.06764936 3
33.173249699 2
33.275842943 1
33.320967748 3
33.436681457 2
33.559261202 2
33.598267652 2
33.852984857 3
33.877984775 1
33.891707387 2
33.908237779 1
34.055955319 2
34.291882079 2
34.373579342 3
34.409545943 2
34.562548307 3
34.610407732 1
34.621426093 3
34.829352758 3
34.922109602 2
35.023527639 3
35.179517807 3
35.228580332 2
35.547324608 1
35.573099953 1
35.958264133 3
35.992309638 2
36.522856349 2
36.576077496 1
36.65159038 3
36.791383987 3
36.929693807 3
36.981006315 3
37.028051665 3
37.157957508 3
37.3461984 1
37.640128839 2
37.650013157 1
37.667374166 1
37.731793406 1
37.779414327 1
38.177671273 2
38.244507185 2
38.255356341 2
38.447450595 1
38.505079103 3
38.522680794 3
38.679904178 1
38.722265839 3
38.964550281 1
38.976331186 2
39.078372493 3
39.102873141 2
39.116637215 1
39.19873209 3
39.446747298 1
39.458156621 2
39.497133153 2
39.615965865 3
39.802679347 2
39.825337475 3
39.997221892 2
40.108652035 1
40.198827994 1
40.242036684 3
40.331441109 3
40.355834787 3
40.450448164 2
40.457175669 2
40.763218175 1
40.771127992 2
41.189308472 1
41.244697054 2
41.261517257 2
41.262136554 3
41.676095573 3
41.923625742 1
42.083553 1
42.168888508 3
42.227123675 1
42.338448979 1
42.40945613 2
42.589494103 1
42.64400753 2
42.722894113 1
42.740043895 2
42.772507051 3
43.129476304 2
43.540657473 1
43.663347258 1
44.043823001 3
44.081832899 3
44.158606673 3
44.161919701 1
44.189107262 3
44.346909319 2
44.358685602 3
44.375433932 2
44.52780671 3
44.529898113 2
44.685232365 2
44.689559225 3
44.745051653 3
44.804548156 3
44.921922877 1
44.931192509 2
44.95919397 3
45.009364897 3
45.172979362 1
45.17881724 2
45.229082869 2
45.257702951 1
45.3192958 3
45.470903298 2
45.47247925 1
45.617716279 3
45.653490313 1
45.703859833 2
45.816162807 3
45.82243189 1
45.917661318 1
45.937752508 1
45.983059075 3
46.130503983 2
46.137828221 3
46.422060364 2
46.596688367 3
46.673727938 3
46.725516467 3
46.932579274 1
47.021584635 1
47.053369999 1
47.091195648 2
47.106448663 3
47.313208141 2
47.564005701 1
47.691085915 1
47.757713592 2
47.848208884 2
48.428386629 1
48.47053767 1
48.600015366 1
48.717002028 2
48.862339141 3
48.876790997 3
48.905789603 3
48.964551994 2
49.057968789 1
49.093325688 2
49.192211782 3
49.298199092 2
49.703251992 3
49.826783008 1
49.972479579 2
49.996813477 1
50.150302629 3
50.150472548 1
50.253339301 1
50.281248515 2
50.387527269 1
50.450397578 2
50.461552619 1
50.476868228 1
50.526345565 1
50.533974526 1
50.666462191 2
50.777310653 2
50.802804108 1
50.845805212 1
51.103974089 1
51.104449364 1
51.1560731 1
51.200607546 3
51.207129673 3
51.328061711 2
51.396325551 3
51.458957534 3
51.572871607 2
51.599075141 1
51.871009257 1
52.104141882 2
52.148263611 3
52.172220553 2
52.221805601 1
52.475820169 3
52.565434121 2
52.694073534 2
52.796098788 2
52.897921248 2
53.098652428 2
53.126077936 3
53.328035578 3
53.395809256 3
53.595494349 1
53.645654148 2
53.744901202 1
53.827701808 2
53.978039687 3
54.007982991 1
54.102364135 2
54.252537575 2
54.375727999 1
54.574580787 1
54.660024511 2
54.743543988 2
55.008764256 2
55.054282302 2
55.054361175 2
55.290453791 2
55.357993696 2
55.364032363 1
55.526035694 3
55.634852591 1
55.720146438 1
55.728847555 3
55.810919612 3
56.102741488 2
56.342972264 1
56.437276051 3
56.625264797 3
56.697457961 3
56.71087807 3
56.738544788 2
56.778350565 3
57.094621037 3
57.374681137 3
57.430652499 1
57.512068819 2
57.672186211 2
57.732411719 3
57.910408534 2
57.988408967 1
58.055795413 2
58.151220344 1
58.302781594 1
58.364279118 3
58.403271715 2
58.438338812 1
58.609127202 3
58.680356398 1
58.882211642 1
58.93130594 1
58.98293242 1
59.257719549 2
59.426912602 2
59.530145119 3
59.611443959 1
59.679585433 3
59.760497639 1
59.900634757 2
59.941205539 2
59.968662315 2
60.039845123 2
60.27716776 2
60.391328023 2
60.409619823 1
60.416534231 2
60.526404199 2
60.529086847 2
60.55546918 1
60.609624088 1
60.660087385 3
60.768035119 2
60.816570504 1
60.908131485 2
61.077527071 1
61.255051185 2
61.336864478 3
61.405011622 3
61.56007647 1
61.840410534 1
61.842116971 3
61.96070521 3
61.987937114 1
62.007537555 3
62.080176305 1
62.087441972 2
62.153840521 3
62.253382844 2
62.258885441 3
62.47099565 3
62.475118239 2
62.507216979 2
62.589025285 1
62.621080453 3
62.689235894 3
62.803264564 3
62.829885336 3
62.843712972 1
62.959102808 1
63.07342654 3
63.251091498 2
63.268136562 2
63.270097564 1
63.283784789 3
63.300362088 2
63.317592221 1
63.464523997 3
63.513549162 3
63.566389502 3
63.755034887 3
63.831609819 1
63.870116068 1
63.963263647 1
64.151079836 1
64.306600544 3
64.326773341 1
64.337275918 2
64.35968386 3
64.369810145 1
64.384868798 2
64.555166381 3
64.55961815 3
64.659136223 3
64.89428531 1
65.028819817 2
65.029376245 1
65.10475614 1
65.141446083 2
65.203216325 3
65.371195106 2
65.383110489 3
65.39251582 2
65.481301905 2
65.575843806 2
65.577008687 3
65.690742475 2
65.732628003 1
65.897733954 1
66.050280251 1
66.107058333 3
66.346771436 2
66.60616025 2
66.677633754 2
66.755706176 3
67.0236056 3
67.254497492 3
67.333583054 3
67.517736467 2
67.523199298 2
67.598942377 2
67.66759951 2
67.720094078 2
67.754837244 3
67.761456845 3
67.765401279 3
67.873958489 2
68.005710699 2
68.037201727 1
68.134882567 3
68.163982446 2
68.273207873 1
68.292561179 1
68.331449018 1
68.380442104 1
68.565385645 1
68.640764949 2
68.786153599 2
69.090419104 3
69.194252744 2
69.292363086 2
69.303942083 2
69.41135377 2
69.707678389 2
69.748257336 3
69.838650286 3
69.878283168 3
70.068965988 2
70.141479668 3
70.292999936 1
70.321959165 2
70.379233867 3
70.618129483 3
70.682648688 2
70.729324158 3
70.81511728 1
70.986238802 1
71.052794888 1
71.180435856 2
71.209965663 1
71.30583575 3
71.359913839 2
71.389343953 1
71.834581719 1
71.843096531 2
71.845373031 2
71.858835924 1
72.270587604 1
72.359453771 2
72.473675488 1
72.726156823 3
72.894918456 3
72.943483096 1
72.96693601 3
72.975018634 3
73.010692375 1
73.056079419 2
73.095003803 1
73.147148499 3
73.383609073 3
73.385094117 2
73.486361636 2
73.512880151 3
73.61789858 3
73.668330162 3
73.690680259 3
73.865304123 1
73.946543884 2
73.982299841 3
74.156821005 3
74.227673149 2
74.569099437 3
74.587726445 1
74.745859386 1
74.847163503 2
74.85356012 3
74.874290409 1
74.991220813 2
75.026285455 2
75.058697536 3
75.141897836 1
75.157140839 1
75.272112711 3
75.312159987 2
75.434618269 2
75.446968838 2
75.504709273 1
75.758197791 1
75.760876911 1
75.874039477 2
75.990499054 1
76.022467486 3
76.085001287 3
76.376772198 3
76.584173615 1
76.728468011 1
76.970840933 2
76.984866045 2
77.003378859 3
77.155201091 1
77.211393981 2
77.275794001 1
77.403165727 3
77.47750532 1
77.592097201 3
77.617654857 1
77.661976127 3
77.714299445 2
77.791189864 3
77.792654128 2
77.796821135 2
77.879697503 1
77.891671549 3
77.943677849 1
77.945321848 1
77.947901336 1
78.00296353 1
78.181236602 2
78.324324788 1
78.403470237 3
78.549562422 2
78.584864734 3
78.634112302 3
78.675569473 1
78.761442628 1
78.780348819 2
78.793348663 3
78.812261525 2
78.815605193 2
79.008554629 2
79.032453603 3
79.126582269 1
79.168794701 2
79.22429962 2
79.377091737 1
79.515771558 1
79.749113763 1
79.772350189 1
79.830763485 3
80.047084371 3
80.189928694 2
80.307204017 1
80.339781458 1
80.379742887 3
80.461062962 3
80.480413538 2
80.628156744 3
80.628766537 1
80.79614729 3
80.799114399 3
80.985515483 3
81.028394021 1
81.10432285 2
81.315359031 2
81.540840663 2
81.600870251 1
81.703738122 2
81.719832382 1
81.724804274 2
81.791315152 3
82.060512592 3
82.14833552 2
82.239927906 3
82.257421244 2
82.655166359 2
82.805850761 3
82.863473075 2
82.991246378 3
83.297983891 2
83.484823838 3
83.485957687 3
83.497918141 3
83.501422903 1
83.54069876 2
83.711996433 3
83.720536033 2
83.875918782 3
83.930487117 2
83.976637717 3
84.207801184 2
84.220647517 1
84.253036942 1
84.304333174 1
84.368713404 2
84.643978347 3
84.73982268 3
84.831089328 3
84.883099079 2
85.037481655 3
85.142840502 2
85.157318214 1
85.182818494 2
85.187797332 1
85.190969883 1
85.230098436 2
85.412778276 3
85.4349568 3
85.561459093 3
85.614899759 2
85.626217554 1
85.650415199 1
85.808839052 1
85.854681864 1
85.889760431 3
85.913364374 2
85.995849864 1
86.023272965 3
86.299267683 1
86.345953957 3
86.477384014 2
86.897420676 3
86.934578377 3
87.002981386 1
87.148666822 2
87.15415284 1
87.252439276 3
87.459295535 3
87.578559245 1
87.582294686 2
87.606264685 1
87.846954476 3
87.893632787 2
87.99664913 2
88.006157509 3
88.038331558 3
88.574213798 3
88.781882279 3
88.845072648 2
88.855921906 1
88.916663478 1
89.060544158 1
89.066577469 3
89.080614187 3
89.089824457 1
89.112086464 3
89.189371335 3
89.692639556 3
89.746297247 1
89.854914295 2
89.868898362 3
89.933874594 3
89.940433277 2
90.150433491 1
90.160950502 3
90.379263022 3
90.668670284 1
90.987607468 2
91.211093629 3
91.283663473 1
91.405879023 1
91.461426265 2
91.480311524 2
91.5944086 1
91.623656178 3
92.108838026 1
92.12800758 1
92.196254585 2
92.309336336 3
92.405508419 1
92.469742773 1
92.735595488 3
92.895379743 2
92.920534592 2
92.994034477 3
93.108810643 3
93.132657117 3
93.185468209 2
93.324678847 1
93.393741172 2
93.406706204 2
93.50672577 3
93.548939166 2
93.549055349 1
93.582654469 3
93.647427506 3
93.663164925 1
93.668330046 2
93.734014641 1
93.842054778 3
93.880670233 3
94.030235447 1
94.238341988 2
94.252696543 3
94.396755771 2
94.411041548 1
94.49099841 3
94.608042374 2
94.613086359 2
94.672680225 3
94.690588776 2
94.774114359 2
94.813710626 2
94.952821036 1
94.982924524 3
95.024470882 2
95.059276726 2
95.120325892 1
95.152319303 2
95.253625431 2
95.298929219 2
95.307852769 2
95.352595475 2
95.408504838 3
95.428739323 3
95.646539356 1
95.721553842 3
95.867728684 2
95.877499733 1
95.900619775 3
95.937710636 3
96.036057833 1
96.320865519 3
96.342223698 3
96.34881081 3
96.451868052 2
96.488231673 2
96.543359644 2
96.592069184 2
96.632922388 1
97.003405073 1
97.137025605 1
97.463715456 1
97.718441945 3
97.78402183 3
97.85610448 1
97.867902488 3
98.031159999 3
98.084806332 3
98.253086243 1
98.459648382 1
98.771843746 1
98.881281248 3
98.93724885 2
99.126179056 2
99.211769059 2
99.253835099 3
99.401939536 1
99.792657749 3
99.807813759 2
99.835803459 1
99.880960545 3
99.919416871 1
100.149139165 3
100.209437214 1
100.221351 1
100.364354657 3
100.428313682 3
100.489409689 1
100.513448068 1
100.612978369 2
100.767330052 2
101.043832076 1
101.057850253 2
101.063240825 3
101.342530358 3
101.363749469 3
101.366086488 2
101.560294218 2
101.607059737 2
101.67872434 2
101.774325547 1
101.775962711 2
101.79181342 2
101.895167126 1
101.906621032 2
101.997028733 2
102.200138191 1
102.287799036 1
102.295003547 3
102.920095693 3
103.029570288 3
103.16667227 1
103.193832692 2
103.31105641 2
103.37311576 2
103.884156131 1
104.077685413 2
104.335807667 3
104.382057114 3
104.538075822 2
104.569313684 1
104.591085858 1
104.594103638 1
104.896434703 1
104.97318952 1
105.17767056 2
105.18255396 1
105.32574688 3
105.667695418 2
105.777755198 1
105.794450106 3
105.874230381 3
106.084570661 2
106.126266388 1
106.293194156 1
106.293883893 2
106.459525109 1
106.661505566 3
106.664517911 3
106.851189889 2
107.076463505 2
107.116472238 1
107.155511806 1
107.472378909 1
107.476656852 3
107.606550404 2
107.610126797 1
107.657295997 1
107.734502915 3
107.857177948 2
108.109408951 1
108.196223667 2
108.317148949 2
108.330873136 3
108.33090801 1
108.353209196 2
108.495722973 3
108.529896363 1
108.601635855 3
108.757730522 2
108.960466528 2
109.014763689 2
109.027988354 1
109.152634332 1
109.200733561 2
109.25288567 1
109.495297439 3
109.637738914 3
109.824567105 2
109.839243827 3
109.852604779 3
109.930657065 2
110.126872745 2
110.248855481 2
110.328891578 2
110.509413541 2
110.75846287 3
110.848339132 3
110.856744372 2
110.93882388 2
111.202633588 2
111.229536056 2
111.235159061 2
111.260772491 3
111.434610999 3
111.495947556 3
111.645676961 3
111.715742418 1
111.752883602 2
111.763373033 2
111.775166296 2
111.780120792 2
111.910566024 1
111.955174075 1
111.960877053 1
112.085865327 2
112.171288694 2
112.278931581 2
112.352249217 3
112.357199049 1
112.365401809 1
112.376026476 2
112.400629054 1
112.466423363 2
112.556849955 3
112.629255155 2
112.746378803 2
112.801318479 2
112.939181646 3
113.006291403 2
113.133213413 3
113.144478031 3
113.17853925 2
113.190834909 1
113.253146985 3
113.294896982 1
113.525241825 2
113.584404902 1
113.685659511 3
113.71046723 1
113.750758333 3
113.784851175 3
113.958911652 1
114.026018538 1
114.059608981 1
114.108617812 1
114.325268572 3
114.537376421 1
114.670790976 3
114.675505549 1
114.685932376 1
114.709596956 3
114.7109397 3
114.790722102 1
114.945688491 3
114.964292226 3
115.198777899 2
115.241794095 2
115.259378842 1
115.454896562 1
115.55458332 2
115.635974713 2
115.681935771 2
116.111339439 3
116.151994708 3
116.176300487 3
116.281721413 3
116.507137743 3
116.56093611 1
116.639286669 3
116.657751828 2
116.760505021 2
116.95220769 2
117.331227216 3
117.445057982 1
117.636974897 3
117.643102379 2
117.657718173 1
117.664814979 2
117.699160968 3
117.951056037 1
117.968518243 1
118.023129071 1
118.139037987 1
118.186253798 2
118.215974696 2
118.319277712 1
118.423017112 2
118.610071886 3
118.621993493 1
118.717162616 1
118.786330961 2
118.808420376 1
118.80885664 2
119.015622788 1
119.060688508 1
119.319913397 2
119.473438683 1
119.543664912 2
119.630248435 1
119.655753326 2
119.980030313 2
120.1843202 3
120.317087618 3
120.325692308 3
120.381617073 3
120.428521803 2
120.437002829 2
120.463409736 2
120.538810968 1
120.675453854 3
120.692936142 1
120.93186779 1
120.948963641 2
121.062930144 1
121.298914229 3
121.632761715 2
121.932817511 2
122.007274731 3
122.234943623 3
122.241906999 1
122.37246757 1
122.41387879 1
122.61685055 2
122.685535253 1
122.797793686 2
122.81953578 3
122.886637701 3
123.153125089 3
123.820445034 1
123.868960173 3
123.87634708 3
123.896276895 2
123.938092097 1
124.295676825 1
124.30084036 3
124.342539897 2
124.540466525 3
124.673942467 1
124.779619591 3
124.811694233 2
124.910664222 3
124.949360595 3
125.017918103 2
125.058075047 3
125.092963397 2
125.136241359 2
125.184752059 1
125.296328208 2
125.546515561 3
125.607115465 1
125.688787492 3
125.709292341 1
125.803138699 1
125.822601757 3
125.90101735 1
126.038910113 2
126.105782042 2
126.107415612 1
126.158639018 2
126.170575524 3
126.211810365 2
126.21412985 1
126.61486606 2
126.75148606 2
126.817322571 1
126.849637836 1
126.862791104 1
126.956161243 1
127.097928682 2
127.196013954 3
127.231092881 2
127.236674667 3
127.260526186 1
127.337740268 3
127.337893502 3
127.347623984 1
127.435622412 2
127.568287324 1
127.580537997 2
127.765536118 2
127.858550726 2
127.868496324 1
127.941912807 3
128.105372441 2
128.228984131 3
128.300968107 2
128.443286339 3
128.457277494 2
128.791629799 2
129.125710797 1
129.194960755 1
129.201445249 1
129.304217489 2
129.321262492 2
129.421865872 3
129.430441997 1
129.540253495 3
129.64197904 2
129.86636561 1
130.047352108 1
130.125175528 3
130.169523177 1
130.420533798 1
130.475002378 2
130.521782224 3
130.785239159 3
131.045944678 2
131.08572876 1
131.099910838 1
131.121934022 3
131.163592955 3
131.236242522 3
131.472172214 3
131.473020486 1
131.708985935 2
131.805606683 2
131.927293227 1
131.934931836 3
132.062032299 3
132.092540626 1
132.151857847 3
132.171294771 2
132.399208778 2
132.429800796 3
132.470134322 2
132.812479394 3
132.972040449 3
133.126401183 2
133.205086248 3
133.405871588 1
133.509625851 1
133.742193007 3
133.835257692 2
133.954533865 2
134.146022181 3
134.307571643 2
134.64125943 2
134.784440804 1
134.811380406 2
135.05802398 2
135.081577187 3
135.302502279 1
135.430728679 2
135.442256539 3
135.580370172 1
135.823726464 1
135.831996959 3
135.873046378 1
135.873256495 1
135.909045308 1
136.02843709 2
136.105474246 3
136.158248648 2
136.574404103 3
136.658236373 1
136.670528432 2
136.865309873 1
137.147556882 2
137.19433116 2
137.232430142 2
137.260404085 3
137.371068809 3
137.457918258 1
137.556746156 3
137.632612338 1
137.6595579 3
137.662040733 1
137.690806905 3
137.690915273 3
137.829185342 3
137.950867069 3
137.955437653 2
138.055217795 2
138.074045829 2
138.324970507 3
138.505177856 2
138.717949955 2
138.719170579 3
138.744157436 2
139.130491646 1
139.174578188 2
139.28889595 2
139.292821455 2
139.313944837 1
139.374178419 3
139.52892172 3
139.585111082 2
139.648037385 3
139.691694328 1
139.739535434 2
139.956937462 2
140.16675647 3
140.324049626 2
140.348209868 3
140.366338063 3
140.539124567 3
140.600173234 3
141.00355427 3
141.02876966 2
141.193422532 2
141.275148625 3
141.394727547 3
141.555187529 2
141.565823692 2
141.590847425 3
141.594493317 1
141.737263732 1
141.824489204 2
141.965148695 3
142.06737888 2
142.145751925 3
142.303298963 1
142.340524953 2
142.51946415 2
142.541970379 2
142.588931015 3
142.65311921 1
142.707896369 2
142.921115051 2
143.180389898 2
143.389425355 1
143.443060411 2
143.56157953 2
143.653432768 2
143.681856727 1
143.714169004 3
143.813528859 2
143.871649977 3
143.900047746 3
143.914291849 1
144.04527099 2
144.101584322 1
144.226842396 2
144.271051317 2
144.309370018 2
144.358118188 1
144.395361573 3
144.412504883 3
144.585669941 3
144.665476504 2
144.682174922 2
144.731762776 1
144.848180856 1
144.853356503 1
144.956376775 1
145.048545104 2
145.088461367 3
145.111330518 1
145.123786466 3
145.403899825 3
145.439071314 3
145.508103557 3
145.567231427 3
145.660930412 3
145.706118992 1
145.719954245 2
145.757126672 3
145.815961096 3
146.048776176 3
146.269630858 3
146.40504114 3
146.894589357 1
146.975761045 3
146.983510171 2
147.097491289 2
147.310090115 2
147.31781194 2
147.372512588 1
147.468514439 1
147.565197219 1
147.580351149 3
147.596750641 3
147.620092927 3
147.626359526 1
147.663371672 2
147.683256755 2
147.783209851 2
147.790415219 1
147.877060768 2
147.943720593 3
147.952989945 2
147.975619249 2
148.010410405 2
148.052683139 3
148.102605065 2
148.222947182 1
148.264978191 3
148.474853289 2
148.518311795 2
148.559387775 1
148.825708774 2
148.851978435 2
149.045805367 3
149.065757499 2
149.142039316 1
149.394579562 3
149.592317901 3
149.612995049 1
149.74891425 2
149.776315637 1
149.780816495 1
149.817346445 1
149.871425634 2
150.01776845 3
150.050695217 1
150.225287303 1
150.265254978 3
150.425882369 3
150.719056193 1
150.817285156 3
150.899263473 1
150.956287615 3
151.093989953 2
151.154031237 3
151.158752255 3
151.281594715 2
151.324624906 1
151.337177203 1
151.361290736 3
151.493594403 1
151.521693668 3
151.685658031 2
151.688740144 2
151.833858464 1
151.858467919 1
151.89465308 1
152.09144738 1
152.342676399 1
152.403730738 2
152.474938303 2
152.580346222 3
152.581232672 1
152.648100715 3
152.787041246 2
152.983125464 3
153.028049768 2
153.058709813 3
153.200983139 3
153.379874879 2
153.409593445 1
153.423371581 1
153.430832962 3
153.55808476 3
153.623635697 2
153.70405878 1
153.839257006 2
153.860786557 1
154.153852501 1
154.187382568 1
154.298285346 3
154.446051296 1
154.600173102 2
154.619738177 1
154.788663965 1
154.793820018 3
155.113403738 1
155.142629442 3
155.22828026 1
155.310370684 3
155.339996249 2
155.483000648 2
155.598627832 2
155.605656659 3
155.656872954 2
155.810846694 3
155.918008053 1
155.953690099 3
155.993216409 1
156.029103458 1
156.085001047 3
156.149622128 1
156.299105886 1
156.490977086 2
156.535614033 1
156.589488406 1
156.758613848 3
156.776212109 1
156.891459009 1
156.895704895 3
157.410896442 3
157.422604343 2
157.44280758 2
157.465601753 2
157.536675836 1
157.64787212 3
157.984157189 1
158.126626843 3
158.181203832 3
158.343832871 2
158.480824832 3
158.71561489 2
158.906706109 2
158.958552436 3
159.389755662 2
159.437525361 3
159.457991898 3
159.645566012 3
159.730915301 2
159.812885655 3
159.814218016 3
159.895537181 1
159.933964618 3
159.949690153 1
159.987372852 2
160.057015332 1
160.073792094 3
160.080804394 1
160.339892839 2
160.367057187 3
160.416397144 3
160.623435992 2
160.63213071 1
160.786244278 3
160.831596058 3
160.894774644 3
160.972344992 2
161.008696371 2
161.038847 2
161.265127702 3
161.375688345 1
161.378379255 2
161.423599772 1
161.500445876 1
161.531180992 3
161.5949166 2
161.790870569 2
161.826513853 1
162.098243725 1
162.106278368 1
162.371160734 1
162.378146011 1
162.402861448 3
162.511087867 2
162.658471695 3
162.730178935 1
162.968403688 2
163.108609124 1
163.166996202 3
163.281123352 2
163.399889064 1
163.415221942 1
163.730372798 2
163.836466385 3
164.05043022 3
164.183605633 2
164.2823387 1
164.407376702 2
164.516371489 2
164.576225943 2
164.68697027 1
164.791621561 3
165.083082765 1
165.413735841 2
165.633750329 1
165.841829346 2
166.229786513 2
166.324606826 3
166.388633718 2
166.417410615 1
166.436678392 1
166.624404741 1
166.934931185 2
167.222109068 1
167.656046823 3
167.695753125 1
167.810230483 3
167.850629019 1
167.887161596 2
167.897887806 3
167.939773189 1
168.005754942 3
168.033998684 1
168.076184079 1
168.136734502 2
168.174904842 3
168.343634009 3
168.749612849 1
168.927033975 1
169.174393262 2
169.297847722 3
169.358531186 1
169.365898626 2
169.684641943 3
169.80059783 3
169.806569707 1
169.865155058 1
169.870789798 2
170.110687221 1
170.302273259 1
170.409002875 3
170.841150363 1
170.980480436 1
171.063296432 1
171.0849266 2
171.136442042 2
171.281255688 3
171.294638588 1
171.382372401 3
171.466568193 1
171.659353599 2
171.660716309 1
171.75199469 1
171.817898552 3
171.881599943 2
172.040673886 2
172.055100752 3
172.122834921 2
172.130331276 3
172.211353218 2
172.281961139 2
172.371245362 3
172.733192632 2
172.799937729 1
172.897805993 3
173.273205671 1
173.304100168 2
173.318043188 1
173.325230978 1
173.326847135 2
173.417243985 2
173.568347461 1
173.586014959 2
173.66660077 2
173.717667881 2
173.758177149 2
173.863285916 1
173.926409787 1
174.053789484 3
174.114352511 3
174.215571385 3
174.316583013 1
174.355824439 3
174.417329248 2
174.56432768 3
174.640396638 2
174.651001981 1
174.834967368 3
174.872116633 3
174.971990967 1
175.204697468 2
175.225082108 3
175.580123469 2
175.627923381 2
175.83725886 3
175.853547713 1
175.875692456 1
175.914951086 2
176.035546885 3
176.036037932 2
176.138934861 3
176.158275877 3
176.200271788 3
176.318619415 1
176.321105289 2
176.341137755 2
176.406342201 1
176.722458253 1
176.799547491 2
176.902591704 3
176.975136735 2
176.98135718 3
177.039606811 1
177.191416583 1
177.483743197 1
177.521651635 2
177.54461892 1
177.675723641 1
177.846291491 2
177.856907167 1
177.877042781 3
177.961315167 2
177.965650361 2
178.020046349 1
178.048258014 2
178.064609631 2
178.107623228 2
178.121752651 3
178.178328899 3
178.183956429 1
178.226535758 2
178.315530942 1
178.326565469 2
178.446725509 1
178.620952951 2
178.782750458 3
178.888004724 1
178.894341447 1
179.022727086 1
179.050535233 2
179.176500557 2
179.284471422 1
179.508500573 2
179.52755054 1
179.581384918 1
179.598020678 3
179.634274048 1
179.668610479 1
179.850579486 3
179.903856662 3
179.913574284 3
179.920013372 3
179.930073585 1
179.930433897 3
180.217987907 2
180.395619212 2
180.422376245 2
180.508956209 2
180.886107886 2
180.889028785 2
180.896063317 1
180.96067081 1
180.986443824 2
181.033007295 1
181.165446971 1
181.238798577 1
181.390684088 3
181.570442864 1
181.599604112 3
181.60152724 3
181.755166195 3
181.756374096 3
181.960245552 1
182.175162136 2
182.208149661 3
182.757802182 2
182.808354805 3
183.039483121 3
183.071330714 3
183.126590341 1
183.195760557 1
183.450181062 2
183.624653811 1
183.697501652 3
183.774703388 1
183.924342614 1
184.194502358 2
184.207016461 2
184.280043162 1
184.317126464 3
184.320940887 2
184.433564841 1
184.545501721 2
184.581156324 1
184.629499022 1
184.637468418 3
184.720266954 3
184.769886665 3
184.773666629 3
184.777805008 1
185.002502341 2
185.118756536 3
185.370704772 2
185.429804526 3
185.451846773 2
185.638594151 2
185.668193367 3
186.055139758 2
186.421963102 2
186.540671227 1
186.639149823 3
186.660825018 1
186.661676995 1
186.872651214 1
186.988554497 2
187.010863353 3
187.030293764 3
187.055594851 3
187.066800098 2
187.078145985 3
187.082035342 2
187.13183713 3
187.247941772 1
187.277860877 2
187.313019559 1
187.334422826 2
187.457743475 3
187.473168272 2
187.50623243 3
187.515464104 1
187.519142513 3
187.53075007 3
187.700049346 3
187.715976689 2
187.849299817 3
188.031461904 2
188.070818088 3
188.255300862 3
188.276484317 1
188.433559099 2
188.440140131 1
188.498626919 2
188.559363619 3
188.662755254 2
188.68129653 3
188.682404043 1
188.68312483 2
189.044019705 2
189.067572213 3
189.133281613 2
189.234051844 1
189.367856546 1
189.454210383 2
189.573023592 3
189.686202929 3
189.702369581 3
189.75208393 3
189.821639024 3
189.828153453 3
189.931840962 3
190.063607523 3
190.142056673 1
190.184239469 1
190.28205109 3
190.307486566 3
190.314053534 3
190.612952984 2
190.695638496 1
190.81632327 1
190.820053158 2
190.926304692 1
190.93725363 1
191.012799442 2
191.048186453 1
191.062255922 3
191.220948721 2
191.368171801 2
191.526558637 2
191.678965956 3
191.700097858 2
191.868786552 1
191.881312503 2
191.965249047 2
192.018973824 2
192.337700512 1
192.702943689 2
192.785847374 2
192.901902032 3
192.924642353 2
193.007749854 2
193.579510266 1
193.691981242 2
193.750488777 2
193.771587834 1
193.835227331 1
193.836751771 2
193.837929151 2
194.027304421 1
194.070544382 2
194.15437512 1
194.18133238 3
194.236969555 2
194.305094726 2
194.338403853 2
194.355155534 3
194.412997416 1
194.445632775 1
194.44735383 1
194.46816667 2
194.475234385 1
194.590803913 2
194.78751345 2
194.862101262 2
195.003542981 1
195.218379942 1
195.237789745 1
195.362917862 2
195.534146192 2
195.540127463 2
195.65219123 3
195.676421642 3
195.713346146 3
195.721026237 3
195.902353037 3
195.937570362 1
195.95083179 1
196.163688536 3
196.169838277 3
196.2784278 2
196.338462797 3
196.480483269 1
196.518245971 1
196.558167824 3
196.5740035 1
196.586578214 2
196.878410407 1
196.946108201 3
197.037821983 3
197.102986413 3
197.180107989 2
197.348729593 1
197.392449471 2
197.607648542 3
197.82584907 3
198.179284165 2
198.283942004 1
198.284964035 2
198.292664059 1
198.380975313 2
198.608819875 3
198.753807216 1
198.795235136 2
198.8120875 2
198.842540201 1
198.871359126 1
199.466966763 1
199.521230506 1
199.541889105 3
199.716460025 3
199.741362991 2
199.864849671 2
199.910874571 1
200.065843592 1
200.154691865 2
200.342614103 2
200.402787547 3
200.541697986 1
200.566504586 2
200.577408611 2
200.577520165 2
200.606584504 3
200.64561615 3
200.816093675 3
200.847543024 1
200.930893088 3
200.948873068 1
201.348040352 3
201.439451885 2
201.540420226 3
201.801392959 2
201.880143439 3
201.996345086 3
202.000892257 1
202.035654132 2
202.06328168 1
202.079620677 1
202.118811551 3
202.143524044 2
202.198090684 2
202.269635053 1
202.360563168 2
202.554483622 1
202.681489436 3
202.848574464 3
202.852437871 3
202.924274855 2
203.005657545 2
203.293461122 1
203.30715464 1
203.458671896 2
203.514222125 2
203.575420645 1
203.637470268 2
203.66434615 2
203.720733154 2
203.752678082 1
203.769987308 2
203.947685623 3
204.018304755 1
204.073997309 2
204.435704691 2
204.866062329 2
204.910029067 2
205.001939414 3
205.005412224 3
205.076459757 2
205.335696031 3
205.370835018 2
205.445241017 2
205.511203862 1
205.567459078 1
205.606919798 2
205.620447035 1
205.638673733 2
205.682657464 3
205.699879933 2
205.890260662 1
206.093237682 1
206.161504123 3
206.201790005 1
206.392785709 1
206.548274738 3
206.696365593 1
206.702000966 3
206.756723445 3
206.87207846 2
206.893998114 1
206.897625619 3
207.030438334 1
207.039711065 1
207.177463352 3
207.179991436 1
207.254733864 3
207.389308457 3
207.495796381 3
207.636315413 1
207.803631083 2
207.805931156 3
207.865427169 1
207.935285362 2
207.98457884 1
207.989492224 2
208.036458276 2
208.043234434 2
208.423140865 3
208.613343524 1
208.627889984 2
208.692779262 3
208.70323844 3
208.710426994 3
209.042225048 2
209.466964828 1
209.589071849 1
209.649916859 1
209.721215005 1
209.847777106 2
209.941545225 2
210.04224113 3
210.075488642 2
210.215699253 1
210.237376522 3
210.647131641 1
210.730111423 2
210.75338222 3
210.844217213 2
210.858848465 2
210.882633438 3
210.955519542 1
211.127156629 3
211.200210107 1
211.201505049 1
211.229295262 1
211.615679324 1
211.698162885 1
211.721563163 3
211.998074663 3
212.020564601 1
212.095906194 1
212.206017631 3
212.296362064 1
212.324437611 2
212.467016256 1
212.518254248 2
212.691629134 1
212.747853011 2
212.752962426 2
212.754222724 1
212.906012233 2
212.931784012 1
212.972204775 2
213.126931802 2
213.241542545 3
213.307996524 2
213.321245346 3
213.435677621 2
213.477084025 3
213.550012087 1
213.714672949 2
213.853771172 1
213.878549699 2
214.005610521 2
214.013245978 2
214.071289251 1
214.10632932 2
214.197253925 3
214.209984534 2
214.329972746 1
214.420878687 3
214.544333928 2
214.549938052 1
214.865468696 2
215.007699748 3
215.02360168 2
215.192333512 1
215.410472271 1
215.453636943 3
215.556484247 1
215.572198081 2
215.658668417 3
215.706567699 3
215.988581662 3
216.128068632 2
216.223487577 3
216.225557074 3
216.490306474 1
216.606393122 1
216.644778909 3
216.858604864 1
217.035536002 1
217.054216752 1
217.180698885 2
217.235363003 2
217.617400532 3
217.62313056 2
217.630804007 2
217.821948253 1
217.836198853 3
217.86702209 3
217.888639839 3
218.092270287 2
218.206798836 3
218.459657792 3
218.574346743 3
218.64753742 3
218.649790142 2
218.683775051 1
218.854460838 2
218.926284943 3
219.001116047 3
219.185129095 3
219.44653584 3
219.483278615 3
219.621908425 1
219.801694876 2
219.998842207 2
220.238412635 3
220.277681893 3
220.544677806 1
220.637155052 1
220.988328651 1
221.014894139 3
221.110290411 3
221.218600678 2
221.221760945 1
221.298037422 1
221.322608801 1
221.334233864 1
221.453536921 2
221.47496954 2
221.529738584 3
221.640589366 2
221.689601713 1
221.727006646 2
221.900731495 1
221.917485708 1
222.289167376 3
222.373554158 1
222.397254459 3
222.404034173 2
222.418834094 2
222.500065821 1
222.585657488 3
222.696517793 3
222.75608668 1
222.826383469 1
222.836926246 3
222.838724873 1
222.925599943 2
223.154579234 1
223.383980024 1
223.513628654 2
223.56144364 1
223.608831621 3
223.671772492 3
223.733227647 3
223.790819412 1
223.807524801 3
224.186688503 3
224.213379249 3
224.258900914 3
224.265951078 2
224.345388458 1
224.398153986 3
224.491550093 2
224.796721459 1
224.799182438 1
224.810477671 1
224.869425994 2
224.87861567 3
224.907892243 2
224.948241811 3
225.095076234 2
225.09549018 3
225.16663464 2
225.186547883 1
225.676902798 1
225.795421796 2
225.903092071 2
225.95717531 2
226.017972212 3
226.019198968 2
226.216737178 3
226.379370792 3
226.459329296 2
226.80736677 3
226.966023627 2
226.973222993 1
226.988046527 2
227.163965149 1
227.310615956 1
227.422663307 3
227.428964696 2
227.802359375 2
227.934323269 1
228.158956575 3
228.228490535 2
228.454104463 2
228.525055666 3
228.607564978 3
228.752720899 1
228.77241409 2
229.049353207 3
229.0641032 2
229.210552651 1
229.315586866 3
229.512347962 3
229.531766433 3
229.582064981 1
229.607632829 1
229.790185136 1
229.798878449 3
229.804907723 3
229.859592172 2
229.914697242 3
230.388036232 3
230.436477504 3
230.456116097 3
230.569538474 2
230.617276969 1
230.871213893 2
230.895452067 1
231.088521122 2
231.23465139 1
231.272712311 1
231.386301189 3
231.534830314 1
231.58535267 2
231.59634053 3
231.655099077 3
231.808541059 3
232.00220778 2
232.05179208 1
232.061771269 2
232.199601378 3
232.294625257 3
232.307251655 3
232.477824403 2
232.536912608 3
232.633592394 3
232.703773561 2
232.726031855 2
232.83499787 3
232.885660233 3
232.927151514 1
232.972223981 1
232.975403938 2
233.015104526 1
233.151856486 1
233.203080683 3
233.393477119 2
233.395281759 2
233.396314361 3
233.43564632 1
233.535284144 2
233.54478408 2
233.76610981 2
233.905448127 1
234.138285477 1
234.239729824 1
234.352579506 2
234.360122209 2
234.365886165 2
234.537289582 3
234.901327716 2
234.949786536 3
234.98433837 1
235.163792492 2
235.176730376 2
235.205080734 3
235.217870159 2
235.314929582 2
235.453399164 2
235.506373439 2
235.518964455 3
235.567774452 3
235.726594115 2
235.742826142 2
235.887305704 3
235.932444509 2
236.071583497 3
236.076688134 3
236.127038867 3
236.213596753 3
236.23402668 1
236.2881571 2
236.437094422 1
236.441200872 1
236.47943614 3
236.645849281 2
236.709456755 2
236.725115752 2
236.752168337 2
236.940151675 3
236.975787379 2
237.208163324 1
237.47935627 3
237.498432305 1
237.500731343 3
237.691964473 2
237.856417672 2
237.887409877 2
237.906227467 2
237.91006603 2
237.93223458 1
237.993134059 3
238.034623459 3
238.122520894 3
238.234410074 3
238.347098419 3
238.457514902 3
238.489546136 3
238.594865261 3
238.647210214 3
238.732065083 3
238.800253586 2
238.841723286 1
238.942020548 2
239.626861354 1
239.718096377 1
239.79101764 2
239.832691583 3
239.982662347 2
239.989061475 1
240.095307221 2
240.25306293 1
240.304868598 1
240.388008733 2
240.438564434 3
240.610410544 2
240.655129018 2
240.736118543 3
240.831519693 1
240.957543243 1
241.003196484 1
241.01773009 2
241.079283223 2
241.180797161 1
241.247276166 2
241.252519582 3
241.255237407 2
241.261043307 2
241.322440683 3
241.370168369 3
241.674262377 1
241.899477369 2
241.995766967 1
242.017576959 1
242.131276739 1
242.201747984 3
242.216374046 1
242.356038696 3
242.534953075 2
242.766027291 1
242.837974426 1
242.887945019 2
242.926621339 2
242.927523882 1
243.026884362 2
243.209999276 2
243.281098726 3
243.418668124 2
243.420103756 3
243.611566123 2
243.615416105 3
243.716653487 1
243.940781816 2
244.204308587 2
244.234251639 3
244.261285212 2
244.437453082 2
244.466805833 3
244.542756133 1
244.577130859 2
244.678009327 1
244.751734731 3
244.763663141 2
244.825763795 3
244.834589173 1
244.885433408 1
244.984579048 1
245.0651076 3
245.216644443 3
245.224328636 1
245.421278973 3
245.474848829 1
245.969011918 1
245.996142538 3
246.033700269 2
246.068505978 2
246.30350309 3
246.464456002 2
246.53799305 2
246.599035723 2
246.698478324 2
246.939002907 2
247.20052165 1
247.230822295 3
247.292710735 1
247.567737661 1
247.581471981 1
247.587428271 1
247.621051486 3
247.665309766 1
247.700413659 1
247.752247349 2
247.8684116 2
247.909785408 1
248.28398177 1
248.506522278 2
248.578387912 1
248.739052316 3
248.796541246 3
248.81291692 3
248.831818232 1
248.898213451 2
248.968745318 1
248.998999877 2
249.034732773 3
249.037352581 2
249.04954094 2
249.203914962 1
249.444188533 3
249.54925887 1
249.559054089 2
249.88419414 2
249.922735551 2
250.036958144 3
250.082631871 3
250.11119487 3
250.162015983 1
250.236831119 2
250.258409018 3
250.288422623 2
250.314570347 2
250.37103507 1
250.461491587 3
250.485825705 1
250.61151401 3
250.65997738 2
250.705557986 3
250.87538153 3
250.917096044 3
251.128766003 3
251.181957448 3
251.253661629 2
251.682457413 3
251.751467081 2
252.139685414 2
252.166433357 3
252.394820439 2
252.40518098 3
252.463766637 3
252.478896228 2
252.514914466 3
252.611607222 2
252.676659077 2
252.679853749 2
252.738684731 3
252.860217131 2
252.86743165 1
252.881369683 2
252.912650085 2
253.060620722 3
253.104353855 2
253.123097558 1
253.314253553 2
253.356121295 1
253.42910187 2
253.443260702 3
253.595544279 1
253.654482948 3
253.730994985 1
254.045831945 2
254.236380829 3
254.313494577 1
254.515509514 2
254.590960767 2
254.595403147 1
254.60247018 1
254.628523171 2
254.792209762 1
254.848727183 3
254.878070167 3
254.918550074 2
254.969691198 1
254.971504469 1
255.139214264 2
255.168140236 3
255.362479439 1
255.446557111 1
255.592419548 1
255.630410587 3
255.747888617 3
256.042337426 2
256.091894206 1
256.130186969 1
256.132247624 1
256.174579228 2
256.301993775 1
256.362094195 3
256.378598666 3
256.464627437 3
256.466730242 1
256.589525616 2
256.662984877 1
256.66472489 2
256.727291319 2
256.818212137 2
256.919968841 2
256.976326819 3
257.166423002 1
257.377958482 1
257.42207703 2
257.438036177 2
257.566221919 1
257.605250726 1
257.607975065 2
257.72250946 1
257.909307072 2
258.0898541 1
258.508873784 2
258.571769408 2
258.730255873 2
258.734548718 1
258.916717763 3
258.994924922 2
259.053381401 3
259.081323835 1
259.082718569 3
259.181818216 3
259.195134091 2
259.46028458 3
259.506427749 2
259.549164572 2
259.812526024 1
259.97167285 2
260.004873506 3
260.15424896 1
260.308392654 1
260.376419652 2
260.780632181 2
260.913283463 3
260.938520886 2
260.967477117 1
260.969431165 3
261.148396593 2
261.179178497 2
261.209410821 1
261.359079798 2
261.363378107 1
261.710317866 2
261.805609632 2
261.852240471 1
261.866450731 2
262.030179355 1
262.182928321 1
262.294307524 2
262.366976111 3
262.683863348 1
262.909855504 3
262.912785951 2
262.957260004 3
263.062672484 1
263.079820162 2
263.139077479 2
263.51896011 3
263.552478645 3
263.553102184 3
263.802125997 1
263.833489907 1
263.860499446 3
263.86093989 3
263.914074961 2
263.963817634 1
264.03354595 3
264.40884713 1
264.554564023 1
264.573841301 2
264.761473721 3
264.762981098 1
264.886061579 2
264.982432626 1
265.239388236 3
265.246752276 3
265.282434967 2
265.29550763 1
265.307546939 3
265.465426339 1
265.698320476 2
265.931881115 2
265.932085986 3
265.971213916 3
266.054766378 1
266.093988257 1
266.446051344 1
266.486607737 1
266.545353441 1
266.581254862 1
266.602151453 3
266.775161035 2
267.45430724 3
267.628650712 2
267.875070638 3
267.892083912 3
267.897878611 1
268.099489571 3
268.318134154 3
268.529773669 2
269.111791124 1
269.112962909 2
269.363172663 2
269.480086947 2
269.503889939 1
269.57497006 3
269.640033327 1
269.669854712 1
269.687645869 3
269.764423228 2
269.920032465 1
270.079878647 1
270.203786824 2
270.268912463 2
270.504175726 2
270.542353497 3
270.58790647 1
270.666475775 2
270.72640888 3
270.82761712 3
271.107977354 1
271.209941486 3
271.259237263 3
271.322925756 2
271.379602539 1
271.53241088 2
271.542970418 2
271.645601305 1
271.659928071 1
271.663249357 3
271.7883679 1
271.884188906 1
271.920787456 1
272.135078624 3
272.282343175 1
272.304801842 1
272.407813395 3
272.550280579 2
272.611275263 1
272.737216616 2
272.748402927 3
272.889865199 2
273.006214436 2
273.171208663 3
273.193083553 1
273.350480106 2
273.503125527 1
273.634242831 2
273.652301812 3
273.789532872 1
273.816188397 1
273.906690742 2
273.978201419 2
274.321182989 1
274.373999528 2
274.398616944 2
274.716378221 1
274.751964153 1
274.992444461 2
275.047344448 2
275.07467819 1
275.093344515 3
275.30147674 3
275.31053949 2
275.374923454 3
275.37793093 1
275.402324597 2
275.523389742 2
275.685610304 2
275.854660887 2
275.909892851 3
276.028055802 3
276.117591226 1
276.129422867 1
276.228619486 2
276.308989959 3
276.320608427 3
276.398719176 1
276.523081303 3
276.650381181 3
276.871667518 2
276.882212204 1
276.898056649 3
276.899701584 1
276.902562732 3
277.111386733 2
277.151667372 1
277.344750239 1
277.403498636 2
277.523950999 2
277.552311751 1
277.568145615 3
277.822788059 2
277.845336223 2
277.903121276 3
278.020001404 3
278.095538957 1
278.195182762 3
278.238864353 1
278.278391041 2
278.288485892 2
278.340537296 1
278.34536348 2
278.561280745 3
278.614828984 2
278.630072857 3
278.638521129 3
278.751639124 2
278.936678967 3
278.992258928 3
279.021202992 1
279.256838489 1
279.262283414 1
279.287596121 2
279.62714402 2
279.769629888 1
279.947079277 1
280.057939112 2
280.181853239 2
280.188895899 1
280.254926043 2
280.366955465 2
280.387886782 3
280.397622619 3
280.568923437 3
280.593700026 1
280.687955066 1
280.926441155 1
280.980250644 1
281.157859239 3
281.173229652 3
281.186986154 1
281.266139586 2
281.423588333 2
281.50143686 2
281.563633014 3
282.174087742 2
282.209713249 3
282.217032033 3
282.286252802 3
282.388710471 1
282.4114023 3
282.673824504 3
282.691539956 2
282.729257418 2
282.767176169 2
282.77678861 3
282.814348443 1
282.887332487 3
282.92845039 2
283.070262747 1
283.146834033 3
283.177065988 1
283.178649454 2
283.202964867 1
283.238620933 1
283.408303304 1
283.552006191 3
283.59864309 2
283.600934101 2
283.680681928 1
283.758250047 3
283.845530297 2
283.938906325 1
283.96112025 2
283.987693971 2
284.181033768 1
284.348220165 2
284.600561614 2
284.61927021 1
284.63184058 2
284.791601556 3
284.894090877 3
284.970053237 1
285.033104612 2
285.126517749 3
285.209769425 3
285.325861943 3
285.525526669 3
285.575588223 3
285.587921991 1
285.605776648 3
285.668580897 2
285.699912596 3
285.789181325 3
285.9189076 1
285.96323964 2
286.296048959 2
286.411398571 3
286.551992609 3
286.56847266 1
286.597330534 1
286.614008112 2
286.773329332 2
287.017169584 1
287.067816518 3
287.201957802 2
287.412777733 2
287.419990397 2
287.768359196 1
287.860050595 1
287.975985478 2
288.149904541 1
288.153416513 1
288.166108455 1
288.16740143 1
288.230978328 2
288.246301026 2
288.249380462 1
288.277766583 1
288.381028499 3
288.384165908 2
288.47694231 1
288.486095115 1
288.577426799 3
288.636107474 1
288.713880327 2
288.825496124 2
289.125465262 3
289.167691657 1
289.434653327 2
289.470126685 1
289.48307198 1
289.683618546 1
289.821793168 2
290.05984629 3
290.402593273 1
290.452224063 1
290.508241464 2
290.57998565 2
290.588442125 1
290.673147896 1
290.765737595 1
291.040475074 2
291.068498131 3
291.41309276 1
291.413657878 1
291.704190398 3
291.74048109 2
291.778594505 3
291.818444456 2
291.828837552 2
291.974147925 2
292.01212934 2
292.087020611 3
292.0974794 1
292.185667126 1
292.203557403 3
292.245969174 1
292.270074341 2
292.460725234 1
292.516838295 2
292.560992871 3
292.656420568 1
292.802556858 2
293.027506529 3
293.168542932 1
293.186112517 3
293.362276498 1
293.53578136 2
293.571603112 1
293.636178564 2
293.712264041 3
293.783002237 3
293.893357177 2
294.062304449 2
294.174628043 1
294.271122337 3
294.298725958 2
294.315840905 2
294.415225355 2
294.471602643 1
294.59718508 3
294.627847643 1
294.665500582 3
294.745104102 3
295.060284786 1
295.099413926 3
295.256299428 2
295.459739511 1
295.46005109 1
295.490400717 2
295.614787028 1
295.663176533 3
295.780572501 3
295.822268445 3
295.870440576 1
296.232024857 3
296.340350214 3
296.541026183 2
296.549056698 2
296.576398627 3
296.629912057 3
296.74057772 1
296.850282208 2
297.041213841 1
297.400002342 2
297.438640674 1
297.553642202 2
297.721701849 2
297.885821983 3
298.076799222 1
298.330258831 3
298.344913762 1
298.469817156 2
298.485761224 3
298.508161169 3
298.640208663 1
298.642334215 2
298.890467327 1
298.921735936 3
298.946028869 2
298.956567851 3
299.091656759 1
299.091845836 2
299.14932157 1
299.402521755 3
299.608787919 3
299.661060368 3
299.679600637 2
299.711165455 1
299.865013914 1
299.922255972 2
300.086775925 3
300.184239011 1
300.212866633 1
300.438961915 3
300.558462141 2
300.633736321 3
300.675768668 2
300.725595144 3
300.757802163 3
300.867634037 2
300.921750922 3
300.993698172 1
301.051646366 1
301.194941985 3
301.262183896 1
301.29988835 2
301.42583158 2
301.712100684 3
301.745575298 3
301.766469158 2
301.783131039 1
301.866664319 1
302.024611415 3
302.032443187 1
302.107662374 1
302.17845988 1
302.35763176 3
302.358177035 3
302.367645588 1
302.379007178 2
302.407498235 3
302.538409718 2
302.572451135 1
302.655630902 1
302.676992389 3
302.764374255 2
302.78335471 3
302.88746011 3
302.959536685 1
302.969364101 2
303.038551026 1
303.061162497 1
303.065546414 1
303.083506346 3
303.099873913 1
303.108064508 3
303.13268521 2
303.202945573 3
303.355718931 1
303.491848617 3
303.706518248 2
303.79059871 3
303.813904521 1
303.950742367 2
304.021532764 1
304.034662765 1
304.041538823 1
304.055499728 1
304.061374905 2
304.077856867 3
304.196261565 1
304.238367848 2
304.331160569 1
304.434045662 1
304.442989411 3
304.679943009 2
304.707587541 1
304.85532693 2
304.892504443 1
304.896809594 2
304.950317205 1
304.950887417 1
305.127973392 3
305.221756505 1
305.283430694 3
305.332851508 1
305.455888811 3
305.869158563 3
306.040268401 3
306.286565607 1
306.413202113 2
306.48503445 3
306.911080513 1
307.062791989 2
307.101983641 2
307.153680024 1
307.217436583 3
307.350440971 3
307.417273437 1
307.426688862 1
307.44228541 1
307.510108628 3
307.513842962 1
307.615810456 2
307.722355488 2
307.88782625 1
307.888649014 2
307.921998214 2
308.042408066 3
308.082729369 2
308.082751886 3
308.148741691 2
308.195446474 2
308.703551934 3
308.742334324 3
308.782089128 2
309.008088805 2
309.044357329 2
309.12427247 1
309.177620569 3
309.191975547 3
309.199193249 3
309.348492342 3
309.419243689 3
309.636504551 2
309.752998147 1
309.834750497 2
309.857983332 3
310.000892034 2
310.047972737 2
310.120406968 2
310.17481539 1
310.236855045 1
310.355691969 1
310.55381103 1
310.588103173 3
310.795508572 3
310.841856469 3
310.848067559 1
310.881704811 2
311.213794153 3
311.223260611 1
311.241800875 1
311.342798627 2
311.375302399 2
311.43623057 3
311.437524861 2
311.451676886 3
311.697657402 1
311.788526678 1
311.799696175 3
312.046200874 1
312.157711263 3
312.185731172 1
312.20707715 3
312.264052302 1
312.28753673 1
312.369116494 1
312.391323019 2
312.567885916 1
312.715043116 1
312.72272368 1
313.029100231 1
313.044632738 3
313.10489549 2
313.286871517 3
313.328896886 1
313.52192489 3
313.536274646 2
313.570096535 1
313.677673913 3
313.82654831 2
313.835675006 1
314.200451731 2
314.252627924 2
314.33921021 3
314.363164966 2
314.586923886 3
314.863267955 3
314.94035133 3
315.232361673 3
315.255962149 1
315.437846041 3
315.469633461 3
315.598868593 1
315.613914173 2
315.670364215 2
315.716946998 3
315.859709849 1
316.021495762 2
316.066891016 2
316.17995174 1
316.202156673 3
316.3916231 3
316.432155709 3
316.449289417 2
316.467315047 1
316.470833853 1
316.588580302 3
316.638367623 3
316.774570966 2
317.085965464 1
317.184763387 3
317.203211898 2
317.468015442 3
317.550680933 2
317.576704814 2
317.92729285 1
318.078505154 1
318.158039812 3
318.355415192 3
318.421909089 3
318.430782036 3
318.606863449 1
318.677486339 3
318.681847632 1
318.736661678 1
318.841515132 2
319.246644637 3
319.719454244 1
319.74656937 2
319.803693962 1
319.902946262 2
320.012037625 2
320.186184173 2
320.429409328 2
320.469235062 1
320.578840269 2
320.662429385 3
320.692777617 2
320.849837105 1
320.930713064 2
321.048921496 1
321.217472995 2
321.244107924 1
321.265367723 1
321.422218635 2
321.475810194 3
321.659953365 2
321.676742056 2
321.677447066 2
321.740047981 1
321.768865719 3
321.855594895 2
321.876811951 2
321.950086141 1
322.015125199 3
322.037383124 1
322.09151773 3
322.344135233 1
322.642556956 3
322.667487433 2
322.78188658 2
322.834890955 2
322.841446465 2
323.041015741 1
323.060254309 2
323.302156085 3
323.302989006 3
323.373211937 2
323.530478527 2
323.585251536 2
323.745118992 1
323.968690745 1
324.153698961 1
324.386327395 2
324.461579715 2
324.867574137 1
324.871443746 2
324.947241008 2
325.017962786 2
325.028203748 2
325.137018683 2
325.21803502 1
325.346528457 2
325.438443135 1
325.477806196 3
325.669869579 2
325.778425639 3
325.919926508 3
325.97006701 1
326.046142949 2
326.070375002 3
326.364306107 1
326.470699265 2
326.919203049 1
327.065159007 1
327.094845163 1
327.172352642 2
327.269100489 2
327.298922527 2
327.437084322 1
327.46689447 2
327.664183672 1
327.950260207 2
327.970490065 3
327.989698527 3
327.990354614 3
328.361754033 2
328.634470175 1
328.652135596 1
328.675779158 3
328.895029556 1
329.053263954 3
329.070553272 2
329.085131881 2
329.125843461 2
329.160848028 2
329.201589424 3
329.246695275 1
329.26606409 2
329.387279431 3
329.886971324 1
329.91728791 1
329.931392207 2
329.943714392 2
330.229380749 1
330.287840545 2
330.342285095 2
330.390103731 3
330.504830131 2
330.618266986 2
330.785152348 3
330.820204495 3
330.853254069 2
331.027456188 2
331.035309959 1
331.124610384 2
331.125733526 3
331.321169261 1
331.431195612 1
331.527893267 3
331.537885162 2
331.678466152 1
331.733328781 1
331.746636641 2
331.792338755 3
331.958448972 3
332.10751289 2
332.202358822 2
332.355768606 1
332.404575857 3
332.440079677 3
332.531234343 3
332.775001527 3
333.14007264 3
333.318157706 2
333.349471224 3
333.468132736 3
333.603782898 2
333.644721354 3
333.743323663 2
333.934935101 1
333.980454405 3
334.052429192 3
334.197131389 2
334.258972059 3
334.305177182 3
334.478573823 1
334.789520847 2
334.896901501 1
334.924208161 3
335.207608766 2
335.229224528 1
335.295419315 3
335.501383974 2
335.689831238 2
335.765622123 1
335.766615706 2
335.811841734 3
335.904507519 2
335.943666748 3
336.01338561 2
336.245818438 1
336.546123451 3
336.60725957 3
336.91071337 2
336.910807757 2
336.939020938 2
337.004164968 3
337.05305183 3
337.157536316 1
337.203468184 2
337.211404681 1
337.270976992 2
337.30832899 2
337.335078775 2
337.41205857 1
337.432897409 2
337.509299037 3
337.705725337 1
337.902471723 1
337.986505987 1
338.187758758 1
338.516685105 1
338.659106865 3
338.680978778 3
338.724133389 1
338.795465072 2
338.797777303 1
338.839658423 1
338.843066237 1
338.996689999 1
339.167689153 3
339.191065196 1
339.237736004 1
339.354880711 2
339.555462643 1
339.62973526 1
339.959112942 3
340.019189982 1
340.036337718 3
340.059361442 2
340.141304191 2
340.155101028 2
340.167995256 3
340.193092455 1
340.240583029 3
340.243117545 2
340.255811855 1
340.264821656 3
340.456526913 3
340.66802887 1
340.954153505 2
340.98305475 1
341.382000776 3
341.403790696 2
341.672724492 1
341.724173542 2
341.799602986 3
341.969776378 1
342.005744531 2
342.057779721 3
342.06868964 2
342.131369584 1
342.235699892 3
342.283755855 1
342.304878903 3
342.345301998 1
342.439010013 1
342.572699003 2
342.598544343 3
342.632383688 3
342.752112183 3
342.820423751 3
342.824885249 3
342.837377962 3
342.870863977 3
342.881746401 2
343.019393031 3
343.054259929 3
343.10858758 2
343.221795428 2
343.378023387 2
343.531606927 3
343.805484267 1
343.890513691 3
343.957042607 3
343.992208904 2
344.176652459 1
344.304736805 2
344.431998967 2
344.468681905 1
344.68793226 3
345.013943339 3
345.059721135 3
345.341617357 2
345.364223061 1
345.394573818 1
345.538957042 3
345.553120795 3
345.735900336 2
346.092569654 1
346.128630065 1
346.150143699 2
346.307518036 2
346.561446504 3
346.778099027 3
346.878108006 3
346.944642178 2
347.458735879 3
347.523583674 2
347.662926432 2
347.663997813 1
347.784200059 3
347.823488111 1
347.877880446 1
347.994938361 1
348.00660707 3
348.076942137 1
348.115219955 3
348.265688375 1
348.272453331 2
348.43858697 1
348.589708943 1
348.659224661 2
348.722925643 1
348.770331483 1
348.805826137 2
348.970795258 1
349.062946582 1
349.158629816 2
349.180754117 3
349.257978985 2
349.375331076 3
349.566791694 1
349.613849976 2
349.704691305 2
349.756500958 1
349.773467742 2
349.89024897 2
349.904502004 3
349.917258052 2
350.048654192 3
350.352676617 1
350.692590109 3
350.75971126 3
350.788741744 2
350.83388999 3
350.855532379 2
350.984103369 1
351.00303665 2
351.040515211 2
351.290203335 2
351.620060327 3
351.889946806 1
352.271298812 3
352.313089053 2
352.63215057 2
352.672924553 3
352.711652742 3
352.717272031 3
352.719587333 2
352.740885105 2
352.82320458 3
353.345869112 2
353.417419873 2
353.49603363 1
353.524402531 1
353.615496352 2
353.773744979 3
354.074225939 2
354.116838804 2
354.228360968 2
354.261572558 2
354.315509098 3
354.320967523 3
354.396675583 2
354.424912843 3
354.465418637 1
354.491388453 3
354.68427204 1
354.744512276 3
354.792714574 1
354.908043829 2
354.96629588 3
355.032259203 1
355.109952528 3
355.139011019 1
355.271344913 1
355.564421707 2
355.82082537 3
355.836078327 1
355.926735633 2
356.04527915 2
356.052826243 3
356.172383866 1
356.429674057 1
356.568696183 3
356.602404046 2
356.760850632 1
356.910331299 3
357.323304374 3
357.550867171 3
357.648675455 2
357.650163819 1
357.686336482 2
357.686857062 2
357.709169691 2
358.003219655 2
358.042316299 1
358.085485289 1
358.239196837 2
358.579181249 3
358.964783432 1
359.07718037 1
359.254825876 2
359.390163572 1
359.705156825 2
359.706217784 2
359.792337277 1
360.022028193 3
360.117261495 3
360.169365556 1
360.691239599 1
360.757355568 2
361.074541003 1
361.100287744 1
361.279845388 2
361.325486621 1
361.450699418 2
361.626609565 2
361.712578886 1
361.86996228 2
361.92843852 1
361.955765422 1
362.157164383 3
362.311588672 2
362.312398149 1
362.330205603 3
362.358473058 1
362.550118226 1
362.636282998 1
362.79473385 3
362.956828567 2
363.148536589 2
363.157976274 1
363.188430245 1
363.206079185 1
363.230016851 3
363.306561964 3
363.389110208 3
363.567748355 1
363.579836946 2
363.643981143 1
363.735004753 1
363.815119026 1
363.824987212 3
363.864901302 1
363.96404092 1
363.97351117 3
363.973638731 3
364.190504809 2
364.190812457 1
364.205631502 3
364.26411775 1
364.349223902 2
364.368948831 2
364.549102267 3
364.638634619 1
364.658328572 3
364.739667237 2
364.956696141 3
365.062301827 1
365.12033834 3
365.189379421 2
365.198443571 3
365.245115224 1
365.36393769 3
365.420605486 1
365.439491835 1
365.518929335 2
365.839115411 1
365.970294009 2
365.992624092 2
366.176283457 1
366.198076087 2
366.201368486 1
366.320079049 1
366.328643834 3
366.338205174 2
366.372085486 3
366.437877734 1
366.520754245 3
366.533273805 3
366.643924126 2
366.709717253 1
366.783634533 2
366.809110231 2
366.814211376 3
366.830869728 2
367.050884753 2
367.224920146 1
367.383343559 3
367.480624406 3
367.498562112 2
367.56231688 2
367.663688493 2
367.76616771 3
367.770036161 3
367.942382792 3
368.484400373 3
368.539329763 3
368.549427325 2
368.551183838 3
368.606459849 2
368.893660424 1
369.028553667 2
369.033993086 3
369.284056142 2
369.455226052 1
369.528666934 1
369.561367101 2
369.913982039 3
369.959570335 1
369.99575013 3
370.029577135 2
370.03130138 2
370.036772437 2
370.095592001 1
370.149838337 2
370.358625946 1
370.514511271 2
370.776784721 1
371.091014508 2
371.099097547 3
371.108072446 1
371.209619217 3
371.418452311 2
371.498634865 2
371.957897642 1
372.02480423 3
372.062257344 2
372.076015282 3
372.163537327 2
372.168434928 3
372.1708503 2
372.362150712 2
372.480536606 2
372.512156218 2
372.569249202 3
372.673083977 2
372.97180698 2
373.033583721 2
373.05927388 2
373.199613413 3
373.237876617 2
373.498837506 2
373.548293683 1
373.577416771 2
373.751578993 1
373.814377598 3
373.941479995 1
374.033575354 1
374.077478315 1
374.316336633 3
374.366540848 3
374.390384673 2
374.481067066 3
374.670130583 3
374.696886047 1
374.770360912 2
374.959637831 1
374.967276738 2
375.098422693 2
375.275689114 2
375.347780311 3
375.436192579 1
375.493093175 1
375.531467382 3
375.580421113 3
375.638939793 3
375.947913092 3
376.131230008 2
376.153492562 1
376.379482443 1
376.675946726 1
376.770233162 3
376.81207865 1
376.837161248 2
376.864850687 1
376.928762483 2
376.935466425 2
377.066562676 3
377.08968645 3
377.168325271 1
377.312122947 2
377.345168964 2
377.595784244 1
377.694106895 1
377.818700568 3
377.861054064 2
378.034398106 1
378.08209977 2
378.086679737 3
378.098462149 1
378.312600824 3
378.391670199 2
378.398719494 2
378.49049751 3
378.544874933 1
378.598759815 3
378.608322283 1
378.630054509 2
378.640583459 2
378.815404235 2
378.950042345 3
378.953088907 3
379.136858781 1
379.162987126 1
379.261514086 3
379.27130629 1
379.360223609 1
379.381765062 3
379.383170088 1
379.535267209 1
379.673180138 3
379.716635849 1
379.76969847 3
379.837468813 1
379.844343283 2
379.940181625 2
379.949773731 3
380.11483233 1
380.448785756 1
380.469426298 2
380.493697926 3
380.531075878 1
380.543294675 1
380.995032417 2
381.060952425 2
381.342756224 1
381.418662116 1
381.574289289 1
381.687234861 1
382.048175874 2
382.547660194 3
382.553082454 2
382.569728899 3
382.573352766 1
382.591317821 1
382.600312716 2
382.694022401 3
382.703434021 3
382.755186915 3
382.921014778 1
382.966850507 3
383.085208534 3
383.18070161 3
383.221669031 2
383.257083546 1
383.314705168 1
383.502769843 1
383.529185145 2
383.545133016 3
383.587645617 1
383.999977819 1
384.273345077 2
384.351766196 1
384.474029742 3
384.560489577 3
384.769956928 2
384.8808344 1
385.09834163 3
385.11830203 2
385.297836539 3
385.361921183 2
385.658793702 1
385.697562936 2
385.711575218 1
385.819250324 3
385.82442175 3
385.845197145 2
386.152135812 1
386.229277399 1
386.248822846 2
386.29018045 3
386.332480782 3
386.57640935 1
386.627512666 2
386.720431496 2
386.751895092 2
386.826664802 1
387.00783873 3
387.059345731 2
387.079194906 1
387.338857168 1
387.489790902 1
387.49119379 3
387.617857659 1
387.669056564 3
387.698873157 2
387.717406301 2
387.892380818 3
387.937728078 3
388.172913879 2
388.226265611 1
388.28741754 3
388.357702383 3
388.471625683 1
388.583207954 3
388.721165921 2
388.765013096 3
388.85873115 3
388.956087784 1
389.045317908 1
389.185869527 1
389.343897864 3
389.435941999 1
389.488049608 2
389.513423271 1
389.525037403 1
389.597965899 3
389.629406051 3
389.884876914 3
389.971701026 2
390.026812625 1
390.277132998 2
390.323159303 2
390.389174455 2
390.437239355 1
390.556334435 1
390.655409953 1
390.695588369 1
390.744040506 1
391.130634619 3
391.174773838 2
391.222381453 2
391.288435622 2
391.371449063 2
391.440296336 1
391.54512605 2
391.689600006 2
391.868825271 3
391.966505798 2
392.046860028 1
392.069723554 3
392.201905158 1
392.268574038 2
392.345398958 2
392.439876952 2
392.443452196 1
392.536052385 2
392.728610871 2
392.819254455 1
392.915332098 2
393.011888682 3
393.021453032 2
393.094198678 2
393.195773282 2
393.214081257 2
393.249874011 3
393.271236546 2
393.400421272 3
393.407944332 1
393.593245631 1
393.622375648 3
393.73054616 1
393.855079401 3
393.92463677 3
394.018701759 1
394.095907545 2
394.096941306 2
394.380947672 1
394.597976628 2
394.724095508 3
394.786767966 1
394.905197376 3
395.017383759 3
395.111874216 3
395.148071362 3
395.210606192 2
395.219334754 3
395.284738577 2
395.293193343 3
395.425742559 2
395.426598064 3
395.440690416 2
395.48769959 2
395.496995789 3
395.588266722 3
395.658113348 3
395.735326805 3
395.965119219 3
395.977651333 3
396.073735598 2
396.227948408 3
396.360126151 3
396.374655907 1
396.485684173 2
396.539818449 1
396.597264336 3
396.663832977 3
396.677922296 2
396.7689451 3
396.819555385 1
396.820327736 1
397.022670246 1
397.033101234 3
397.041306666 3
397.13909848 3
397.195618917 1
397.211870736 1
397.224609065 1
397.392948375 3
397.409223454 1
397.545967956 2
397.551850718 2
397.730804996 3
397.90533432 2
397.932808939 3
397.962623241 1
397.972162324 2
398.086979768 2
398.112594576 1
398.134576865 3
398.333876352 1
398.349826074 3
398.37322705 3
398.39915163 2
398.556463291 3
398.62902257 2
398.809090679 2
398.814712168 2
398.9649552 3
399.068551177 1
399.113854821 2
399.207113948 2
399.407835802 1
399.483516458 3
399.491655028 1
399.569077551 3
399.748843868 1
400.028646911 3
400.038046608 2
400.1007038 3
400.162836635 3
400.207241174 2
400.240130317 1
400.355804429 3
400.471854511 3
400.478232301 3
400.485552822 2
400.649868541 3
400.692025641 2
400.726975447 1
400.940381069 3
400.952011346 2
400.961353194 2
400.982743455 1
401.106005918 3
401.283155174 2
401.393831836 1
401.408103644 2
401.473337459 3
401.574258878 1
401.685485742 2
401.860577561 3
401.884562356 3
401.921507639 3
401.924616467 1
402.059982514 2
402.167010624 1
402.22830698 2
402.30157274 1
402.559027874 3
402.601724418 2
402.691927027 2
402.723240622 1
402.9010467 2
402.917960017 2
402.952290032 3
402.965161343 1
403.178011924 1
403.624020675 3
403.749219381 3
403.809767079 2
403.848898749 2
403.94708871 3
404.057804959 2
404.097882642 3
404.209737526 3
404.337910732 2
404.359131374 3
404.373348254 3
404.38052422 3
404.474458881 3
404.632744965 3
404.710191626 3
404.841412062 1
404.908530076 3
405.013042963 3
405.414862076 2
405.453894937 2
405.491687712 1
405.615413073 3
405.950494173 2
406.098665555 1
406.21694779 1
406.252828381 1
406.274356454 3
406.379378645 3
406.435782035 2
406.456202608 1
406.520518078 3
406.690638128 1
406.737698057 2
406.773140306 2
406.821531906 3
406.965615305 3
407.132699638 2
407.161081471 1
407.255647751 2
407.495977644 2
407.517830824 3
407.629842524 1
407.659095466 2
408.00131998 1
408.207133733 2
408.409882931 3
408.517955382 3
408.569562611 3
408.583776468 2
408.60139461 3
408.725157492 2
408.817581259 2
408.819192413 3
408.874922753 3
408.939111451 2
409.162661531 3
409.208102191 1
409.247124113 1
409.253056706 2
409.280976062 2
409.301390644 1
409.532735772 3
409.723473218 3
409.72869408 2
409.763924238 2
409.785089667 3
409.828622139 3
410.085402673 3
410.116075425 1
410.231631464 3
410.536528563 3
410.555471197 3
410.581232865 2
410.658861643 1
410.781273255 3
410.845616598 3
410.96109497 3
411.199121936 3
411.284452419 1
411.464455475 3
411.558285167 3
411.603808361 3
411.806566332 3
411.923684084 2
412.130737159 2
412.159905229 3
412.281986015 1
412.360321551 3
412.423545202 2
412.468704295 1
412.574366878 3
412.665954179 3
412.954113489 1
413.312395651 2
413.347988634 1
413.427759987 2
413.635734677 1
413.65875727 3
413.706878868 3
413.712002598 2
413.960096888 2
413.967964258 2
414.121292211 3
414.477623698 3
414.562138254 3
414.962041026 3
414.990422082 1
415.024110515 1
415.106639234 3
415.21840522 2
415.230602148 2
415.271526279 3
415.374213262 3
415.60058779 2
415.861431707 1
416.119119879 3
416.177412056 3
416.330133985 3
416.350637783 1
416.403905216 2
416.507338712 1
416.737978379 3
416.843064477 3
416.895008771 1
416.966258829 2
417.197128433 3
417.220251658 1
417.231169807 3
417.242268247 1
417.308190001 1
417.338418264 1
417.454852276 1
417.546413709 3
417.581761619 1
417.677359198 3
417.789787522 3
417.856922692 2
417.867407702 2
417.872398851 3
417.889176888 2
417.900551496 2
417.977680827 3
418.006764845 2
418.202990009 2
418.341570974 1
418.39381348 3
418.411174805 1
418.735470337 1
418.892496478 2
419.165565668 1
419.201231938 2
419.313780007 3
419.39140442 1
419.393719577 2
419.455064214 3
419.508777385 2
419.60967296 3
419.731057469 1
419.748488836 1
419.779956432 1
419.815708196 3
419.860379771 1
419.893384025 3
420.052355142 2
420.144770747 1
420.168339669 3
420.522120767 3
420.529043354 3
420.646554689 2
420.755594198 2
420.847406015 3
420.878394709 1
421.003089458 1
421.195277165 1
421.557782088 3
421.578186211 2
421.767848064 3
421.787701355 3
421.867685459 2
421.896128142 1
422.172221449 3
422.270190045 2
422.276770032 1
422.439899679 2
422.588417817 2
422.924251527 1
422.970489169 2
423.82596533 3
423.931576463 3
423.981751679 3
424.045834144 2
424.081914905 1
424.152666538 2
424.156418785 2
424.182818962 3
424.476338728 1
424.493472505 1
424.497602339 3
424.512257072 1
424.518852321 1
424.538036671 2
424.540874208 2
424.642722011 3
424.671476213 3
424.711681609 1
424.755862814 3
424.781005081 1
424.918429015 3
425.045922512 2
425.08501777 2
425.319262081 1
425.478989695 1
425.515886549 2
425.526071518 2
425.559268386 1
425.62793756 1
425.802420659 1
425.956623382 2
426.387398314 1
426.505401937 3
426.562141847 1
426.760418151 1
426.799347459 1
427.199874577 3
427.253023784 2
427.530249307 3
427.64923192 2
427.78016495 2
427.864297461 2
427.96099047 2
428.167591168 2
428.292269586 1
428.617419687 1
428.747821059 2
428.774632722 1
428.791687564 1
428.82782127 3
428.852205628 1
428.88433861 1
428.951102874 3
429.025451833 1
429.131938787 3
429.316373717 1
429.377803082 2
429.395121251 3
429.404655684 3
429.571699934 1
430.023313519 1
430.059334263 1
430.08814976 2
430.106443004 3
430.345566126 3
430.406469002 3
430.520995838 3
430.590922309 1
430.730492112 1
430.789368702 3
430.817455321 3
430.836245622 3
430.852036494 1
430.864074101 3
431.05388045 2
431.139893649 2
431.33687052 1
431.348529494 2
431.41342896 2
431.441671901 1
431.71683585 3
431.769883839 2
431.819195319 3
431.878311565 3
431.889293527 2
431.93952107 1
431.986232445 1
432.026809494 1
432.032404192 2
432.057891945 1
432.126990961 2
432.205588148 1
432.250079466 2
432.431624593 2
432.514319372 1
432.6042187 2
432.652734101 1
432.653134884 3
432.714577907 2
432.934439699 1
433.07923252 1
433.225599444 2
433.323136077 1
433.342999728 1
433.346344565 2
433.547828292 3
433.560042523 1
433.605519205 3
433.613363092 1
433.629532774 3
433.805711765 3
433.90792808 2
434.003070384 2
434.007578542 2
434.109889525 3
434.136277299 1
434.173981545 3
434.567073828 3
434.594945444 3
434.630889401 2
434.762473372 3
434.931145545 2
435.021391249 3
435.185998317 3
435.219811236 3
435.352790512 2
435.365516171 1
435.425881724 3
435.443058936 1
435.716596021 3
435.974881601 3
436.023788446 1
436.1518453 1
436.381916804 3
436.38406451 2
436.516158352 3
436.591933103 3
437.027950004 1
437.120822257 2
437.163520759 2
437.233124754 1
437.416864859 1
437.425039513 2
437.426743128 1
437.523834103 2
437.55069251 1
437.562854774 2
437.58048014 1
437.696028297 3
437.950980649 1
438.021037459 1
438.052000916 3
438.16035434 3
438.285776288 1
438.298480792 2
438.364762235 3
438.483649631 1
438.558458021 3
438.621373057 2
438.909208832 2
439.005445644 3
439.051142356 2
439.090088167 3
439.32315274 2
439.373719781 2
439.411215672 1
439.460533868 1
439.460888012 1
439.469530917 1
439.635057263 3
439.678010016 3
439.893820109 1
439.968197125 1
440.098529349 1
440.11080644 3
440.194486055 1
440.204711482 1
440.225854754 2
440.275437218 2
440.780467777 1
440.944411389 1
441.06075389 2
441.15319892 1
441.20193376 1
441.548412679 2
441.600827603 1
441.698348619 2
441.975032261 2
441.986412179 2
442.137653448 3
442.141989701 1
442.161957197 3
442.209384938 2
442.342568817 3
442.395555134 2
442.47741827 3
442.922571815 3
443.053851723 3
443.182730417 2
443.196948201 1
443.225372351 2
443.548641686 1
443.577138215 3
443.678135926 1
443.704187027 2
443.741515655 2
443.91411985 2
443.991316407 1
444.074081956 1
444.123659952 3
444.216483912 2
444.333364875 3
444.510205549 2
444.724552946 2
444.768674923 3
445.173714883 3
445.220255832 3
445.323177058 3
445.496825358 1
445.595646214 3
445.739856644 1
445.870989175 1
445.937481538 1
446.435404108 2
446.486092935 1
446.531707568 1
446.569789765 1
446.739654717 2
446.84148489 3
446.846471037 3
446.855406683 1
447.087207899 2
447.09743945 2
447.116283523 1
447.133593489 1
447.235611982 1
447.322532342 1
447.367798347 2
447.407476887 3
447.415487565 3
447.565592257 2
447.602777521 3
447.605430783 2
447.640009248 1
447.740644338 3
447.783440139 2
447.885072894 1
448.150881642 2
448.162002219 3
448.635232574 3
448.919468262 3
448.95067857 1
449.014522004 3
449.039391538 2
449.064707174 2
449.10311901 2
449.115095948 3
449.297188697 3
449.35406258 3
449.633206938 3
449.752854471 1
449.849568886 1
449.939170075 1
449.995072434 3
450.134277314 2
450.158739614 3
450.169129544 2
450.179826693 3
450.250266418 3
450.398125513 3
450.684974903 2
450.717186503 1
450.739213226 2
450.818292834 2
450.872127307 3
451.078048592 1
451.165820358 3
451.226628404 1
451.247443226 2
451.478486852 1
451.577780378 2
451.840729411 2
452.017289099 1
452.115565068 2
452.197975873 1
452.430826796 2
452.464020388 2
452.535532971 1
452.677621581 2
452.823086549 2
452.838051788 2
452.847083735 3
452.926556557 1
453.030602729 2
453.230217037 1
453.259568825 2
453.274269196 1
453.38496948 2
453.407820983 1
453.42080924 3
453.422878101 3
453.437434087 3
453.623134406 3
454.119427656 2
454.459806909 1
454.485365676 2
454.487402893 3
454.512559547 1
454.514427978 3
454.535999863 2
454.579876899 1
454.612838019 2
454.786374885 2
454.829612491 1
454.877200605 2
455.017359579 3
455.24092614 2
455.293718959 1
455.387603887 3
455.48206226 1
455.634840604 1
455.730162948 1
455.775063593 2
456.076520908 3
456.173760142 1
456.336843034 3
456.362473464 3
456.367373416 1
456.941692978 1
456.988984014 2
457.149030752 2
457.245312533 1
457.317560066 1
457.622725345 3
457.629059423 2
457.630081497 1
457.692524347 2
457.693316551 1
457.713189591 3
457.722989781 1
457.881141966 2
457.977861053 2
458.063778976 1
458.136110195 3
458.260344921 1
458.340607271 1
458.453839809 3
458.578888878 1
458.675140549 3
458.832664973 2
458.939147433 3
458.95003848 1
459.131009299 2
459.206417775 1
459.212591374 1
459.27704768 1
459.304599706 1
459.416458871 1
459.558104523 3
459.628983326 3
459.651690269 1
459.794510258 1
459.8390965 1
459.884702207 2
460.151197318 1
460.152701133 2
460.247526147 1
460.313222547 3
460.529543377 1
460.695985517 1
461.130944954 1
461.351340065 3
461.384774484 2
461.509521928 1
461.554118124 1
461.849356463 3
462.113705461 3
462.136253938 2
462.600281346 2
462.713172524 1
462.730106566 2
462.800243162 1
462.850140694 1
462.880702525 3
462.883567414 1
462.920284868 2
463.024078659 1
463.035907456 2
463.100873773 3
463.109824326 1
463.168793381 2
463.23070803 1
463.275187667 1
463.449166476 3
463.500046788 2
463.504789194 1
463.610958397 1
463.846579072 3
464.044552549 3
464.160253228 2
464.265701096 3
464.59533681 3
464.711996767 3
464.75558302 1
465.045011537 3
465.275158703 3
465.566761607 2
465.692941645 3
465.73535845 2
465.77029859 1
465.815891031 2
465.850325737 2
465.914932838 3
466.026971885 3
466.154512762 2
466.178685392 3
466.589945818 2
466.800218418 3
466.976037424 1
467.031451639 1
467.148368937 2
467.523448146 3
467.732276078 3
467.832296563 2
467.933711122 1
467.938419661 2
468.092817149 1
468.173770323 2
468.400262893 3
468.464910212 1
468.65378871 3
468.655513396 2
468.735016845 2
468.86294292 1
468.891096184 3
468.943762682 3
469.425838655 3
469.528479513 2
469.531206816 3
469.616745032 1
469.663471949 1
469.75785232 3
469.900053132 1
470.147262866 1
470.22346161 1
470.238577186 2
470.355176186 2
470.372983688 1
470.37432882 1
470.413320469 3
470.708326392 1
470.811905359 2
470.968946922 1
471.082264446 3
471.151556843 3
471.262745005 2
471.563607295 3
471.771320425 2
471.793503058 3
472.000865583 3
472.005061349 2
472.133882982 3
472.213642676 3
472.222053196 3
472.226165578 1
472.41484089 3
472.415048038 3
472.457851328 3
472.537629745 3
472.72362383 1
472.739513253 2
472.770004719 3
472.942832012 2
472.960980033 1
473.181806133 2
473.283007491 2
473.373115886 3
473.402842359 2
473.546664995 1
473.660240067 3
473.761178868 1
473.814188958 3
473.881168784 3
473.884576134 3
473.895454092 2
474.136139375 2
474.217420853 2
474.379318618 2
474.418104751 1
474.418903792 3
474.483790902 1
474.503502998 2
474.5568663 2
474.574820065 1
474.819257707 2
474.892134962 3
475.062845353 3
475.136949335 1
475.227643691 3
475.299022805 1
475.372496289 2
475.37261137 1
475.381564575 1
475.534511768 3
475.612287416 2
475.634624688 3
475.643336481 2
475.700301796 3
475.79257742 2
475.859371584 3
475.864573321 3
475.913964926 1
475.984585027 2
476.136155539 3
476.165234471 3
476.230693532 3
476.289780461 2
476.360411337 1
476.550203569 2
476.852547435 2
476.89322444 2
476.903043537 3
476.914468406 2
477.086608705 3
477.52251464 2
477.643361481 2
477.728246635 1
477.868408822 1
478.118666806 3
478.191930196 3
478.291676079 2
478.481339293 3
478.677014449 2
478.97919452 3
479.067508257 3
479.236331352 1
479.318393387 2
479.34651055 3
479.63585918 2
479.764435132 1
480.119628122 2
480.185492476 3
480.20079087 2
480.247410689 3
480.256356802 1
480.26822172 2
480.334673892 2
480.680227878 2
480.86339626 2
481.011144639 1
481.094599953 3
481.133779187 1
481.301035921 1
481.370348313 3
481.551472954 3
481.616432428 3
481.617478627 3
481.866321131 2
481.870166499 3
481.901744781 3
481.943791175 1
481.978287457 3
482.005804645 2
482.063979316 3
482.069622454 2
482.10519854 1
482.294301772 1
482.312504121 3
482.330374543 1
482.541494744 1
482.781131459 1
482.856245535 3
483.005043933 1
483.013288114 1
483.060942104 3
483.105020841 2
483.286324944 1
483.350227082 1
483.403763572 1
483.434629403 3
483.742406586 3
483.7555905 3
484.066802133 3
484.138850536 2
484.181071709 3
484.358143164 2
484.378032814 1
484.668572502 2
484.694723572 2
484.755214073 2
484.873052347 3
484.908799352 3
485.012116633 3
485.148952493 2
485.177969714 3
485.179059913 2
485.186410428 3
485.392612821 2
485.451586759 2
485.458714441 1
485.634891165 2
485.855232214 1
485.866267372 2
486.060504131 1
486.070417473 3
486.510742963 2
486.575801083 2
486.594120893 3
486.735297266 3
486.900496982 3
487.040386785 3
487.291912625 1
487.426422536 1
487.468402877 3
487.569166571 1
487.575539727 1
487.925097257 2
487.974597813 2
488.354660911 1
488.428672782 2
488.533175491 3
488.815010978 1
488.848304943 3
488.942341998 2
489.138803212 1
489.225406091 3
489.374981403 3
489.456666643 2
489.464898314 1
489.64212989 3
489.770872658 1
489.790215781 1
489.822512333 3
489.840953409 1
489.876588804 3
489.891883728 3
490.05386118 2
490.42143454 1
490.484229527 1
490.492849984 3
490.609985538 3
491.190386429 1
491.202853187 2
491.344457396 1
491.83443226 1
491.842323049 2
491.868126684 2
491.889846297 3
491.976876939 3
492.160935248 2
492.347451929 2
492.62954318 3
492.726785516 3
492.729071729 1
492.922172014 2
492.929028185 3
493.118700114 3
493.452396077 3
493.595289049 2
493.595815256 1
493.628968527 1
493.675930957 1
493.7394637 2
493.740182436 2
493.79153097 1
493.963858356 2
494.064342964 2
494.094824607 1
494.154555945 3
494.174216144 1
494.499031779 1
494.530584748 1
494.565352973 2
494.568269477 3
494.644783876 3
494.651430989 2
494.815801793 1
494.83625453 2
