8264
0.0 231
1.9073486328125e-06 282
0.06446695327758789 224
0.0644679069519043 269
0.09630608558654785 277
0.09837198257446289 101
0.13066697120666504 216
0.13066792488098145 282
0.19717907905578613 212
0.19718194007873535 265
0.19718313217163086 293
0.2640681266784668 238
0.2640690803527832 256
0.30121397972106934 277
0.33203601837158203 233
0.33203697204589844 260
0.38493800163269043 52
0.3973860740661621 239
0.3973870277404785 245
0.40037012100219727 277
0.41535305976867676 101
0.46405696868896484 235
0.46405792236328125 243
0.5008080005645752 277
0.5252289772033691 251
0.5252299308776855 240
0.554563045501709 52
0.5936520099639893 234
0.5936529636383057 249
0.6043450832366943 277
0.658764123916626 240
0.6587650775909424 251
0.7024369239807129 101
0.7024381160736084 293
0.7409899234771729 240
0.7409911155700684 251
