8278
0.0 197
0.06204485893249512 204
0.12594199180603027 205
0.19289898872375488 223
0.25781989097595215 229
0.28394293785095215 101
0.3239729404449463 234
0.3914639949798584 219
0.45479488372802734 204
0.520845890045166 208
0.5885748863220215 224
0.602323055267334 101
0.6540589332580566 225
0.7203760147094727 218
0.7209138870239258 52
0.7841129302978516 216
0.8510839939117432 219
0.91811203956604 101
0.9181129932403564 212
0.9835278987884521 207
1.0530970096588135 206
1.1156930923461914 193
1.18206787109375 200
1.2197818756103516 101
1.2492930889129639 199
1.3163659572601318 191
1.379572868347168 195
1.448322057723999 196
1.5138609409332275 201
1.5163888931274414 101
1.5773849487304688 209
1.6472299098968506 207
1.708669900894165 206
1.7756788730621338 201
1.8199388980865479 101
1.843498945236206 185
1.91330885887146 187
1.9778659343719482 165
2.04183292388916 181
2.1095120906829834 183
2.119230031967163 101
2.173701047897339 186
2.237046003341675 184
2.3030340671539307 202
2.3691859245300293 198
