8216
0.0 173
0.10178303718566895 444
0.1578819751739502 472
0.21297883987426758 440
0.21501898765563965 149
0.2679879665374756 317
0.323976993560791 316
0.38016605377197266 362
0.4360170364379883 459
0.4908769130706787 536
0.5467910766601562 221
0.6032679080963135 478
0.657883882522583 308
0.713871955871582 524
0.7138729095458984 86
0.7692339420318604 85
0.824955940246582 383
0.8831989765167236 211
0.9365849494934082 368
0.9930758476257324 330
1.0499279499053955 383
1.1027510166168213 467
1.160222053527832 354
1.2167599201202393 350
