8408
0.0 101
0.019476890563964844 178
0.019476890563964844 249
0.019476890563964844 246
0.0834801197052002 249
0.0834810733795166 261
0.09023809432983398 277
0.14864110946655273 198
0.14864301681518555 234
0.14864397048950195 287
0.192612886428833 52
0.19261407852172852 277
0.22204089164733887 178
0.22204089164733887 234
0.22204208374023438 301
0.2829899787902832 187
0.2829909324645996 242
0.282991886138916 273
0.2944660186767578 101
0.2944669723510742 277
0.34784698486328125 163
0.34784793853759766 242
0.34784793853759766 283
0.39325904846191406 277
0.41660308837890625 183
0.41660404205322266 283
0.41660499572753906 248
0.4836890697479248 283
0.4836900234222412 269
0.4954800605773926 293
0.5458900928497314 262
0.5458910465240479 313
0.5952310562133789 277
0.599276065826416 101
0.6135470867156982 224
0.6135480403900146 305
