8227
0.0 225
0.049488067626953125 101
0.06658196449279785 221
0.12088990211486816 165
0.13430309295654297 214
0.20010900497436523 223
0.2672739028930664 52
0.2672750949859619 221
0.34129905700683594 211
0.3494699001312256 101
0.3985919952392578 203
0.4639298915863037 193
0.5146100521087646 149
0.5306990146636963 205
0.5948159694671631 211
0.6529619693756104 101
0.6594970226287842 211
0.725787878036499 202
0.7335939407348633 52
0.7912969589233398 189
0.8583910465240479 183
0.9233019351959229 204
0.9727070331573486 165
0.972707986831665 101
0.9897279739379883 223
1.055614948272705 231
1.1224079132080078 236
1.188704013824463 210
1.2542099952697754 219
1.2694060802459717 101
1.3201909065246582 222
1.3867449760437012 224
1.4521269798278809 203
1.5179970264434814 212
1.5706629753112793 101
1.584320068359375 207
1.6453790664672852 165
1.651582956314087 211
1.7168951034545898 217
1.7864620685577393 215
1.849073886871338 217
1.8963019847869873 101
1.9036390781402588 165
1.9150218963623047 219
1.9800059795379639 225
