8256
0.0 539
9.5367431640625e-07 181
0.053987979888916016 55
0.11204910278320312 49
0.16581010818481445 50
0.16581106185913086 539
0.16581106185913086 539
0.22181916236877441 196
0.2780461311340332 539
0.2780470848083496 539
0.2790679931640625 240
0.33266496658325195 40
0.3907811641693115 40
0.44377803802490234 539
0.44377803802490234 539
0.44440698623657227 207
0.49860501289367676 40
0.5546340942382812 61
0.5546350479125977 539
0.5546360015869141 539
0.5546360015869141 149
0.6105301380157471 40
0.6666841506958008 40
0.7229130268096924 48
0.7229139804840088 539
0.7229151725769043 539
0.7229151725769043 201
0.7777249813079834 40
0.8339881896972656 539
0.833989143371582 111
