8467
0.0 245
1.9073486328125e-06 101
0.01586294174194336 245
0.05174589157104492 254
0.0972280502319336 261
0.11899495124816895 270
0.18026185035705566 295
0.19330406188964844 165
0.24796295166015625 296
0.29511094093322754 325
0.31369996070861816 101
0.31370091438293457 286
0.38196492195129395 290
0.39502692222595215 133
0.4492790699005127 289
0.4960010051727295 325
0.51161789894104 129
0.511620044708252 294
0.57651686668396 308
0.5989818572998047 325
0.6142270565032959 101
0.6424670219421387 141
0.6424679756164551 299
0.6970570087432861 277
0.7094578742980957 152
0.7094590663909912 288
0.7752230167388916 299
0.8427169322967529 309
0.9111878871917725 314
0.9321339130401611 101
0.9726510047912598 307
1.0293219089508057 52
1.0389199256896973 141
1.0389208793640137 299
1.1176090240478516 118
1.117609977722168 332
