8422
0.0 101
0.06314396858215332 229
0.06314492225646973 258
0.11074399948120117 52
0.12604093551635742 248
0.12604212760925293 233
0.19322991371154785 229
0.19322991371154785 264
0.2559630870819092 208
0.2559640407562256 266
0.303041934967041 101
0.3225870132446289 165
0.3225879669189453 268
0.38773012161254883 161
0.38773107528686523 282
0.4593510627746582 169
0.4593520164489746 300
0.5226719379425049 173
0.5226719379425049 302
0.6069159507751465 180
0.6069159507751465 293
0.606917142868042 101
0.6558089256286621 180
0.6558101177215576 298
0.7195029258728027 169
0.7195041179656982 296
0.7850661277770996 224
0.7850661277770996 273
0.8568110466003418 195
0.8568120002746582 288
0.9054019451141357 101
0.9155189990997314 213
0.9155189990997314 268
0.9819769859313965 173
0.9819779396057129 283
1.051482915878296 177
1.051482915878296 263
1.114743947982788 179
1.1147451400756836 259
