8207
0.0 96
0.057778120040893555 89
0.11220097541809082 85
0.1684560775756836 99
0.22281694412231445 119
0.2784590721130371 89
0.3339829444885254 93
0.3898811340332031 97
0.4451169967651367 83
0.5010759830474854 89
0.5564451217651367 70
0.6130609512329102 101
0.6682190895080566 197
0.7234580516815186 88
0.7787909507751465 77
0.8349909782409668 105
0.8902390003204346 79
0.946152925491333 89
1.001418113708496 99
1.056778907775879 74
1.112786054611206 96
1.1691670417785645 97
1.2243149280548096 77
1.2793829441070557 129
1.3350551128387451 490
1.3350560665130615 447
1.335057020187378 318
1.3906590938568115 108
1.445807933807373 86
1.5020411014556885 61
1.5574860572814941 90
1.6137521266937256 73
1.6690409183502197 73
1.7246909141540527 55
1.7799460887908936 86
1.8355159759521484 55
1.8929460048675537 85
1.948641061782837 44
2.002700090408325 182
2.0581319332122803 52
2.1139750480651855 88
2.172060012817383 62
2.2252390384674072 97
2.2808260917663574 41
2.3366119861602783 87
2.3918650150299072 63
2.4494900703430176 96
2.503257989883423 46
2.5590879917144775 80
2.614323139190674 44
2.6707959175109863 113
2.725865125656128 44
2.7822070121765137 86
2.8368189334869385 41
2.892688035964966 95
2.9482290744781494 44
3.0059409141540527 378
3.064253091812134 41
3.118304967880249 95
3.1716201305389404 52
3.226623058319092 111
3.2821550369262695 44
3.338253974914551 137
3.394012928009033 80
3.460176944732666 56
3.5048060417175293 102
3.5606439113616943 67
3.6160080432891846 383
3.671747922897339 41
3.727602005004883 97
3.782970905303955 41
3.8380589485168457 95
3.893800973892212 41
3.949333906173706 86
4.005260944366455 56
4.060666084289551 106
4.1164469718933105 44
4.172576904296875 116
4.227330923080444 52
4.283529996871948 96
4.339396953582764 41
