8341
0.0 193
0.06728291511535645 180
0.11243486404418945 101
0.132066011428833 181
0.20047402381896973 188
0.2633519172668457 194
0.3304150104522705 194
0.3948938846588135 188
0.41055989265441895 101
0.46102094650268555 194
0.5275650024414062 195
0.5951910018920898 207
0.6592028141021729 207
0.7162699699401855 101
0.7291429042816162 213
0.7915949821472168 214
0.8582589626312256 212
0.924170970916748 212
0.9896268844604492 210
1.0427978038787842 101
1.0565040111541748 218
1.1249268054962158 205
1.1785979270935059 52
1.1881840229034424 206
1.2547008991241455 208
1.3198049068450928 213
1.3293159008026123 101
1.3875160217285156 219
1.4524648189544678 218
1.520758867263794 217
1.585096836090088 207
1.6336348056793213 101
1.649634838104248 205
1.7146148681640625 212
1.781869888305664 217
1.8486130237579346 220
1.9147059917449951 227
1.9469478130340576 101
1.9807817935943604 216
2.0530998706817627 213
2.1112868785858154 209
2.178109884262085 198
2.243957996368408 201
2.251703977584839 101
2.2710587978363037 52
2.3109939098358154 218
