8298
0.0 86
0.055882930755615234 148
0.1118619441986084 124
0.1685929298400879 219
0.22306299209594727 106
0.27887582778930664 147
0.33386778831481934 87
0.39025282859802246 139
0.4461519718170166 145
0.5002570152282715 103
0.5560269355773926 149
0.611595869064331 84
0.6669859886169434 145
0.7226829528808594 104
0.7781119346618652 121
0.8339548110961914 144
0.8901939392089844 127
0.9450898170471191 136
1.0008068084716797 117
1.0566399097442627 144
1.1118268966674805 114
1.168179988861084 184
1.2233178615570068 81
1.2797338962554932 175
1.334455966949463 97
1.3905789852142334 154
1.4455950260162354 129
1.5014309883117676 152
1.5570149421691895 190
1.6124179363250732 103
1.667937994003296 145
1.7237939834594727 142
1.7795147895812988 93
1.8353300094604492 182
1.8909718990325928 90
1.9463260173797607 181
2.0021560192108154 214
2.05850887298584 206
2.1140389442443848 107
2.1690268516540527 221
2.2249348163604736 186
2.280080795288086 123
2.335852861404419 120
2.39164400100708 142
2.4468438625335693 106
2.502476930618286 126
2.558292865753174 90
2.6141610145568848 164
2.6692848205566406 77
2.725430965423584 142
2.7807538509368896 125
2.836228847503662 191
2.8920888900756836 77
2.9473979473114014 164
3.0030758380889893 114
3.0628108978271484 135
3.11445689201355 150
3.1699647903442383 168
3.2254228591918945 104
3.2812340259552 126
3.3367388248443604 133
