8207
0.0 245
0.06487298011779785 184
0.06487393379211426 262
0.06487488746643066 277
0.13084697723388672 52
0.13108277320861816 229
0.13108396530151367 240
0.1313469409942627 244
0.18208980560302734 125
0.19783782958984375 198
0.19783878326416016 240
0.19783878326416016 265
0.19783997535705566 101
0.22627592086791992 125
0.2643887996673584 201
0.2643899917602539 239
0.2643909454345703 257
0.2647838592529297 125
0.32875490188598633 181
0.32875585556030273 179
0.32875585556030273 272
0.32875585556030273 263
0.3959219455718994 204
0.3959228992462158 239
0.3959238529205322 255
0.46030282974243164 176
0.46030282974243164 261
0.46030378341674805 276
0.500065803527832 101
0.527411937713623 164
0.5274128913879395 252
0.5274128913879395 277
0.5936119556427002 170
0.5936129093170166 258
0.593613862991333 248
0.6596570014953613 179
0.6596589088439941 251
0.6596589088439941 268
0.7277028560638428 124
