8230
0.0 216
0.05537891387939453 209
0.11098408699035645 104
0.16754889488220215 167
0.22220802307128906 99
0.27823400497436523 196
0.3333868980407715 96
0.38925790786743164 161
0.44512391090393066 102
0.5003540515899658 167
0.5564460754394531 137
0.6115660667419434 165
0.6677200794219971 41
0.6677210330963135 539
0.6680169105529785 185
0.7228260040283203 120
0.7788379192352295 242
0.8716189861297607 273
0.9252040386199951 113
0.9813508987426758 248
1.0363330841064453 98
1.0925788879394531 262
1.147765874862671 174
1.204232931137085 227
1.2590489387512207 163
1.3152799606323242 285
1.370581865310669 187
1.426145076751709 291
1.4815678596496582 103
1.5391900539398193 246
1.593756914138794 106
1.6485109329223633 257
1.7051138877868652 111
1.7599499225616455 225
1.8153200149536133 165
1.8711609840393066 164
1.9268090724945068 212
1.982269048690796 226
2.0380420684814453 102
2.0949440002441406 229
2.148967981338501 113
2.2046139240264893 258
2.2603609561920166 118
2.3158459663391113 226
2.371994972229004 102
