8239
0.0 200
9.5367431640625e-07 275
0.0201261043548584 101
0.0672919750213623 205
0.06729292869567871 271
0.13250303268432617 213
0.13250398635864258 279
0.1975259780883789 197
0.1975269317626953 295
0.2628350257873535 245
0.2628359794616699 245
0.3225419521331787 101
0.3269660472869873 249
0.3269660472869873 260
0.3933250904083252 274
0.3933260440826416 237
0.46175193786621094 259
0.46175312995910645 266
0.5278761386871338 240
0.5278770923614502 279
0.596498966217041 255
0.5965001583099365 261
0.6224710941314697 101
0.660236120223999 260
0.660236120223999 262
0.7238719463348389 246
0.7238731384277344 276
0.791417121887207 274
0.7914180755615234 280
0.8590021133422852 256
0.859004020690918 270
0.92576003074646 161
0.9257609844207764 257
0.9257609844207764 288
0.9257619380950928 101
