8268
0.0 51
0.055518150329589844 298
0.055518150329589844 539
0.055738210678100586 49
0.11125302314758301 295
0.11145901679992676 514
0.16845703125 35
0.23140406608581543 352
0.23140501976013184 539
0.23164606094360352 52
0.2788090705871582 70
0.33469700813293457 345
0.3349461555480957 534
0.39003920555114746 349
0.44496703147888184 351
0.4450240135192871 539
0.4452791213989258 145
0.5012950897216797 38
0.5568690299987793 415
0.5568702220916748 415
0.5568702220916748 415
0.5569090843200684 417
0.5569100379943848 303
0.5569460391998291 304
0.5569460391998291 300
0.5570240020751953 300
0.5570461750030518 304
