8248
0.0 182
0.055052995681762695 175
0.11156201362609863 122
0.16651511192321777 189
0.22281193733215332 105
0.27796196937561035 196
0.3330070972442627 68
0.3887920379638672 182
0.44461798667907715 54
0.5004401206970215 146
0.5557489395141602 138
0.6118769645690918 108
0.6670000553131104 152
0.7226870059967041 124
0.7939169406890869 161
0.8337140083312988 145
0.8894870281219482 107
0.9453299045562744 197
1.000675916671753 72
1.0562150478363037 142
1.1119201183319092 84
1.1676011085510254 124
1.2253220081329346 41
1.2789669036865234 176
1.334115982055664 52
1.3906970024108887 128
1.4464070796966553 141
1.5008881092071533 105
1.5566790103912354 72
1.6123559474945068 111
1.6678979396820068 130
1.7245569229125977 124
1.779149055480957 132
1.8349261283874512 177
1.8901169300079346 77
1.9462320804595947 133
2.0018210411071777 112
2.0580360889434814 163
2.1127259731292725 77
2.1687779426574707 187
2.2241899967193604 41
2.2807199954986572 121
2.3359060287475586 98
2.3911490440368652 159
2.446545124053955 87
2.5029780864715576 124
2.5578019618988037 103
2.6136701107025146 108
2.6689560413360596 77
2.7248549461364746 116
2.780255079269409 74
2.83605694770813 145
2.891345977783203 71
2.9472320079803467 154
3.0027101039886475 57
3.058784008026123 149
3.1141669750213623 92
3.170893907546997 121
3.2258529663085938 71
3.281312942504883 121
3.3367531299591064 55
3.393127918243408 210
3.4479191303253174 60
3.5035340785980225 124
3.55914306640625 141
3.615077018737793 108
3.6706700325012207 99
3.7263870239257812 119
3.78239107131958 132
