6608
0.0 190
0.053689002990722656 314
0.10908102989196777 98
0.1784830093383789 310
0.23168492317199707 160
0.286729097366333 311
0.3426690101623535 99
0.3979799747467041 298
0.45362210273742676 128
0.5096280574798584 291
0.5652399063110352 240
0.6206960678100586 310
0.6762139797210693 140
0.734360933303833 269
0.791417121887207 185
0.8444709777832031 277
0.9007220268249512 189
0.9745240211486816 271
1.0288739204406738 213
1.0827360153198242 269
1.1379849910736084 132
1.1948249340057373 249
1.2490129470825195 182
1.3046231269836426 249
1.3600220680236816 181
1.4157581329345703 252
1.4711830615997314 188
1.526973009109497 190
1.5825629234313965 233
1.6387460231781006 190
