8268
0.0 251
0.06591796875 215
0.06591796875 258
0.13170409202575684 201
0.13170504570007324 261
0.19729995727539062 192
0.19730114936828613 237
0.2262401580810547 101
0.26453709602355957 224
0.264538049697876 224
0.34546613693237305 235
0.34546709060668945 224
0.3950481414794922 239
0.3950490951538086 219
0.46300506591796875 222
0.46300601959228516 235
0.5079300403594971 101
0.5266220569610596 192
0.526623010635376 261
0.5935161113739014 204
0.5935170650482178 269
0.6596071720123291 202
0.6596081256866455 261
0.7251060009002686 203
0.725106954574585 273
0.791672945022583 219
0.7916741371154785 271
0.808380126953125 101
0.8582949638366699 202
0.8582961559295654 293
0.9231259822845459 243
0.9231281280517578 274
0.9887681007385254 241
0.9887690544128418 287
1.0539171695709229 242
1.0539171695709229 290
1.1048400402069092 101
