8248
0.0 276
9.5367431640625e-07 539
2.1457672119140625e-06 539
3.0994415283203125e-06 209
0.05111098289489746 44
0.10602903366088867 335
0.16362905502319336 531
0.16362905502319336 92
0.21686911582946777 444
0.21761417388916016 141
0.27316904067993164 426
0.32756805419921875 463
0.3828411102294922 358
0.4400501251220703 476
0.49375200271606445 320
0.5501799583435059 246
0.606795072555542 533
0.6067960262298584 365
0.6607780456542969 296
0.71555495262146 368
0.7718291282653809 382
0.8265750408172607 178
0.8835840225219727 467
0.9400031566619873 220
