8199
0.0 109
0.01776719093322754 101
0.5177791118621826 101
0.9641971588134766 109
0.9747960567474365 125
0.9747979640960693 109
0.9747979640960693 125
1.02590012550354 109
1.0307691097259521 101
1.0353481769561768 125
1.0380210876464844 109
1.0393400192260742 125
1.0417191982269287 94
1.1100871562957764 101
1.1723849773406982 180
1.2388720512390137 182
1.3062419891357422 181
1.370920181274414 179
1.380951166152954 101
1.4377470016479492 106
1.5035481452941895 106
1.5685720443725586 106
1.6357150077819824 106
1.6859500408172607 101
1.7015061378479004 106
1.7674140930175781 106
1.8548331260681152 106
1.898705005645752 106
1.966689109802246 106
1.9946041107177734 101
2.031541109085083 106
2.0967190265655518 106
2.1624341011047363 106
2.229114055633545 106
2.29284405708313 101
2.2956299781799316 106
2.361572027206421 106
2.4269440174102783 106
2.4945080280303955 133
2.5596680641174316 132
2.6053521633148193 101
2.623854160308838 132
2.690998077392578 131
2.7571749687194824 106
2.8231351375579834 106
2.889816999435425 106
2.904431104660034 101
2.9571139812469482 106
3.021559000015259 106
3.088587999343872 106
3.154344081878662 106
3.2043700218200684 101
3.218759059906006 106
3.2862441539764404 106
3.3520500659942627 120
3.4188060760498047 120
3.4833950996398926 120
3.501059055328369 101
3.5485830307006836 118
3.61684513092041 118
3.6817421913146973 122
3.7479970455169678 122
3.802239179611206 101
3.812615156173706 120
3.8948140144348145 116
3.9446821212768555 117
4.013550043106079 117
4.055668115615845 52
4.07735800743103 130
4.1033501625061035 101
4.143212080001831 130
4.209221124649048 124
