8300
0.0 254
0.06667113304138184 250
0.13191008567810059 249
0.13335299491882324 277
0.19513511657714844 261
0.19513607025146484 101
0.19513607025146484 101
0.19904303550720215 235
0.19904398918151855 255
0.21636104583740234 181
0.2642521858215332 230
0.2642531394958496 254
0.26485610008239746 52
0.33001708984375 226
0.3300180435180664 251
0.3504641056060791 125
0.3504650592803955 125
0.3969230651855469 217
0.3969230651855469 254
0.4311380386352539 125
0.43543410301208496 125
0.4642171859741211 235
0.4642181396484375 251
0.5002131462097168 101
0.5310189723968506 218
0.5310211181640625 274
0.5950820446014404 213
0.5950829982757568 279
0.6617779731750488 224
0.6617791652679443 280
0.7270970344543457 223
0.7270979881286621 269
0.7919421195983887 206
0.7919430732727051 286
0.8580260276794434 215
0.8580269813537598 272
0.8612880706787109 101
0.8612890243530273 245
0.9241220951080322 260
