8329
0.0 101
0.0475459098815918 144
0.0475459098815918 262
0.11311006546020508 146
0.11311101913452148 280
0.18004798889160156 166
0.18004894256591797 270
0.24630308151245117 186
0.24630403518676758 274
0.3060719966888428 101
0.31174302101135254 184
0.31174397468566895 281
0.37930893898010254 196
0.37931108474731445 269
0.4445919990539551 207
0.4445960521697998 260
0.5102729797363281 202
0.5102739334106445 256
0.5765979290008545 167
0.57659912109375 284
0.6059720516204834 101
0.6432549953460693 147
0.6432559490203857 281
0.7095489501953125 154
0.709550142288208 260
0.7763950824737549 287
0.8402731418609619 158
0.8402731418609619 262
0.9076569080352783 158
0.9076581001281738 257
0.9201231002807617 101
0.9722321033477783 152
0.9722330570220947 259
1.041275978088379 135
1.0412769317626953 266
1.1069951057434082 158
1.1069960594177246 266
1.1722660064697266 159
1.172266960144043 272
1.2210230827331543 101
1.2366409301757812 159
