8332
0.0 241
0.03541994094848633 101
0.06653785705566406 186
0.06653881072998047 243
0.13461089134216309 193
0.1346118450164795 252
0.15103602409362793 52
0.1993269920349121 198
0.1993269920349121 232
0.2639448642730713 197
0.2639458179473877 232
0.306459903717041 213
0.3307349681854248 207
0.33447885513305664 101
0.39646482467651367 222
0.46179699897766113 218
0.5308008193969727 217
0.5954959392547607 214
0.6370649337768555 101
0.6592979431152344 213
0.7265338897705078 214
0.7951798439025879 216
0.8592278957366943 228
0.9274089336395264 221
0.9570808410644531 101
0.9918639659881592 241
1.0562059879302979 242
1.1228828430175781 255
1.1913459300994873 274
1.2523808479309082 101
1.257429838180542 255
1.32098388671875 246
1.3866188526153564 234
1.4634499549865723 231
1.5184729099273682 240
1.5549888610839844 101
1.5836420059204102 236
1.6543049812316895 216
1.7202348709106445 221
1.7857048511505127 210
1.8524529933929443 216
