8249
0.0 169
0.05154895782470703 101
0.06618404388427734 169
0.11969113349914551 197
0.13149213790893555 191
0.15389013290405273 197
0.1989591121673584 205
0.25452494621276855 229
0.27649807929992676 215
0.3285529613494873 189
0.35266709327697754 101
0.3564469814300537 245
0.39667201042175293 239
0.4605550765991211 245
0.46581506729125977 251
0.5280330181121826 257
0.5563769340515137 309
0.5943031311035156 261
0.6536810398101807 101
0.6572670936584473 325
0.6613790988922119 264
0.7265009880065918 277
0.7302579879760742 52
0.7930829524993896 325
0.7933089733123779 274
0.8560850620269775 274
0.891510009765625 149
0.9264421463012695 283
0.939263105392456 52
0.9551451206207275 149
0.955146074295044 101
0.9889061450958252 244
1.0547001361846924 236
1.1051480770111084 181
1.1210949420928955 232
1.1882820129394531 221
1.2055370807647705 165
1.253999948501587 281
1.286553144454956 293
