8425
0.0 277
0.05971193313598633 183
0.05971193313598633 289
0.10021591186523438 277
0.12237691879272461 204
0.12237787246704102 264
0.18905997276306152 166
0.18905997276306152 272
0.20329499244689941 261
0.2552609443664551 156
0.2552609443664551 272
0.30351805686950684 245
0.32000088691711426 267
0.38592004776000977 273
0.40660905838012695 277
0.45232486724853516 274
0.5073299407958984 277
0.5311229228973389 270
0.5868439674377441 281
0.6090450286865234 261
0.6516029834747314 144
0.6516039371490479 273
0.6516039371490479 229
0.6516039371490479 101
0.718904972076416 143
0.7189059257507324 303
0.7397699356079102 52
0.7830820083618164 179
0.7830820083618164 291
0.7948908805847168 293
0.8144989013671875 277
0.8507139682769775 248
0.8507139682769775 295
0.9154620170593262 268
0.9154620170593262 283
