8211
0.0 213
0.05540585517883301 213
0.0822908878326416 101
0.10381889343261719 213
0.11984491348266602 219
0.18663501739501953 215
0.20189690589904785 181
0.25075197219848633 224
0.30059099197387695 213
0.31930994987487793 220
0.38344597816467285 222
0.4002838134765625 213
0.4520249366760254 221
0.4987819194793701 101
0.5030989646911621 261
0.5164759159088135 219
0.5824708938598633 226
0.605975866317749 213
0.6476128101348877 227
0.7013850212097168 245
0.7013859748840332 101
0.7146849632263184 236
0.77376389503479 181
0.7815678119659424 248
0.8447248935699463 260
0.9034538269042969 181
0.9118499755859375 261
0.9715409278869629 229
0.9778168201446533 273
1.0111730098724365 245
1.0111730098724365 101
1.0295679569244385 261
1.0428388118743896 269
1.1023929119110107 245
1.108597993850708 280
1.176604986190796 271
1.2032949924468994 277
1.2409899234771729 132
