8244
0.0 211
2.1457672119140625e-06 299
0.053359031677246094 293
0.06546902656555176 207
0.06547021865844727 298
0.07179903984069824 293
0.10171818733215332 101
0.13268113136291504 242
0.13268113136291504 275
0.1749861240386963 261
0.19739699363708496 244
0.19739818572998047 271
0.2632181644439697 223
0.26322007179260254 305
0.27561211585998535 293
0.33033108711242676 214
0.33033204078674316 296
0.3769681453704834 293
0.3978710174560547 219
0.3978722095489502 305
0.4088311195373535 277
0.4088320732116699 101
0.4306001663208008 261
0.46013712882995605 217
0.46013712882995605 312
0.5263121128082275 217
0.5263121128082275 306
0.5945801734924316 216
0.594581127166748 304
0.6526730060577393 261
0.6596310138702393 227
0.6596322059631348 301
0.707496166229248 101
