8291
0.0 101
0.05853700637817383 182
0.05853700637817383 250
0.1237030029296875 186
0.1237039566040039 258
0.18984198570251465 203
0.18984293937683105 244
0.2571558952331543 163
0.2571580410003662 263
0.2991788387298584 101
0.3210630416870117 158
0.3210630416870117 259
0.3901638984680176 151
0.3901638984680176 270
0.45367884635925293 174
0.45368003845214844 259
0.5263040065765381 142
0.5264449119567871 263
0.5866889953613281 150
0.5866909027099609 275
0.5944068431854248 101
0.6517319679260254 151
0.6517329216003418 262
0.7185919284820557 282
0.7840089797973633 283
0.8502638339996338 282
0.8968210220336914 101
0.9173018932342529 269
0.9827899932861328 253
1.0483520030975342 286
1.1147429943084717 284
1.1816270351409912 280
1.1963510513305664 101
1.2477288246154785 285
1.3119659423828125 299
1.379861831665039 293
1.4447689056396484 274
1.458441972732544 52
1.4985449314117432 101
