8414
0.0 277
0.018141984939575195 293
0.039279937744140625 253
0.03928112983703613 279
0.03928112983703613 197
0.06739997863769531 101
0.10568594932556152 251
0.10568809509277344 259
0.17163705825805664 261
0.17163705825805664 260
0.23792099952697754 263
0.23792099952697754 248
0.28710198402404785 229
0.3022761344909668 233
0.36690402030944824 243
0.3885209560394287 101
0.42227911949157715 261
0.43409299850463867 272
0.49788999557495117 286
0.5520291328430176 197
0.5643789768218994 183
0.5643799304962158 279
0.5983250141143799 293
0.6304070949554443 218
0.6304090023040771 275
0.6848890781402588 101
0.695457935333252 218
0.6954591274261475 287
0.6993880271911621 293
0.7634789943695068 216
0.7634799480438232 288
0.8024201393127441 245
0.831017017364502 240
0.8310210704803467 291
0.8969459533691406 223
