8327
0.0 101
0.021844863891601562 197
0.02923893928527832 208
0.09548592567443848 230
0.16422104835510254 232
0.22726702690124512 217
0.29217100143432617 218
0.35816407203674316 209
0.39928603172302246 261
0.4243500232696533 217
0.4901089668273926 225
0.5003199577331543 261
0.5003209114074707 101
0.5003218650817871 101
0.5204939842224121 165
0.555203914642334 205
0.5552048683166504 259
0.6242918968200684 214
0.6242918968200684 246
0.6880490779876709 184
0.6880500316619873 257
0.7531418800354004 190
0.7543890476226807 249
0.8202719688415527 205
0.8202729225158691 248
0.8447380065917969 261
0.8854160308837891 148
0.8854160308837891 244
0.9033269882202148 101
0.9552159309387207 162
0.9552159309387207 242
1.0189459323883057 252
1.0844669342041016 141
1.0844669342041016 246
1.1292479038238525 52
1.1517219543457031 147
1.1517229080200195 245
1.2091338634490967 101
1.2160940170288086 154
1.216094970703125 242
1.2832980155944824 152
1.2832980155944824 237
