8371
0.0 101
0.011131048202514648 161
0.011132001876831055 306
0.08072185516357422 160
0.08072400093078613 310
0.14397096633911133 169
0.14397192001342773 296
0.2110600471496582 168
0.2110600471496582 295
0.2760000228881836 127
0.2760009765625 316
0.29636597633361816 101
0.3429288864135742 149
0.3429298400878906 304
0.4072389602661133 160
0.4072389602661133 292
0.4738929271697998 184
0.4738929271697998 256
0.5387299060821533 154
0.5387308597564697 277
0.6085410118103027 141
0.6085419654846191 258
0.6133439540863037 101
0.6714029312133789 122
0.6714029312133789 253
0.6839368343353271 181
0.7018868923187256 181
0.7416579723358154 193
0.8061480522155762 194
0.8715548515319824 194
0.9125089645385742 101
0.9357638359069824 198
1.0014288425445557 218
1.0688269138336182 215
1.1327838897705078 52
1.1367828845977783 219
1.1990368366241455 212
1.2290089130401611 101
1.2669599056243896 202
1.3359458446502686 207
1.3760640621185303 165
1.3986239433288574 185
1.4647190570831299 192
