8226
0.0 154
0.04723095893859863 96
0.10277295112609863 56
0.15862107276916504 68
0.21451687812805176 92
0.26959705352783203 59
0.325469970703125 61
0.38112592697143555 69
0.4365198612213135 54
0.4929990768432617 201
0.4930000305175781 384
0.5509228706359863 79
0.6033289432525635 60
0.6596040725708008 191
0.7149820327758789 69
0.7707340717315674 359
0.826556921005249 54
0.8813459873199463 69
0.9374289512634277 57
0.9933099746704102 68
1.048292875289917 57
1.1039700508117676 69
1.1599900722503662 54
1.2160470485687256 41
1.2712810039520264 91
1.3268399238586426 107
1.382267951965332 54
1.437474012374878 98
1.494940996170044 54
1.5487339496612549 41
1.6050400733947754 88
1.6600289344787598 38
1.715972900390625 54
1.7716460227966309 103
1.8268680572509766 41
1.8830008506774902 54
1.9386529922485352 57
1.9937798976898193 83
2.0495848655700684 54
2.1052379608154297 57
2.1610469818115234 88
2.216446876525879 85
2.276149034500122 69
2.328342914581299 52
2.3839468955993652 62
2.4394068717956543 75
2.49462890625 70
2.5500710010528564 54
2.605712890625 72
2.661426067352295 95
2.717082977294922 57
2.7730159759521484 87
2.8286190032958984 54
2.884021043777466 54
2.939755916595459 75
2.9952259063720703 65
3.050644874572754 41
3.1067419052124023 57
3.1628129482269287 190
3.2178070545196533 49
3.2736430168151855 88
3.3293609619140625 94
3.3848049640655518 85
3.453641891479492 247
3.4959490299224854 119
3.551748037338257 77
3.607045888900757 44
3.662621021270752 57
3.7181739807128906 72
3.77860689163208 66
3.8300318717956543 54
3.885396957397461 85
3.9411768913269043 57
3.9976248741149902 298
4.052267074584961 72
4.108259916305542 38
4.164906978607178 205
4.219685077667236 88
4.274680852890015 56
4.330473899841309 61
4.386857986450195 80
4.442008018493652 57
4.497660875320435 65
4.552720069885254 88
4.608367919921875 75
4.664247035980225 41
4.719970941543579 54
4.788038015365601 100
4.831322908401489 41
4.942731857299805 88
4.998205900192261 52
5.053674936294556 54
5.109267950057983 75
5.16516900062561 54
5.22058892250061 41
5.2763378620147705 88
5.3318469524383545 164
