8293
0.0 229
0.02780008316040039 101
0.06722521781921387 239
0.13320016860961914 239
0.2005460262298584 241
0.2639780044555664 238
0.3270130157470703 101
0.3308842182159424 238
0.39505505561828613 237
0.46152806282043457 233
0.5301570892333984 227
0.593609094619751 222
0.6317670345306396 101
0.663250207901001 218
0.7308640480041504 218
0.7921090126037598 237
0.8683030605316162 239
0.9230270385742188 238
0.934683084487915 101
0.9899160861968994 246
1.0571320056915283 252
1.121779203414917 251
1.1880221366882324 264
1.240828037261963 101
1.2537100315093994 266
1.295882225036621 52
1.3221330642700195 240
1.3863592147827148 257
1.4522051811218262 261
1.5177171230316162 265
1.5407001972198486 101
1.5835301876068115 261
1.6502602100372314 269
1.7147800922393799 271
1.7826480865478516 135
1.782649040222168 269
1.833921194076538 101
1.8462409973144531 124
1.8462421894073486 269
1.9141449928283691 141
