8331
0.0 293
0.023611783981323242 216
0.08823800086975098 231
0.1042478084564209 149
0.15648984909057617 235
0.20508980751037598 293
0.21926188468933105 257
0.23632287979125977 277
0.23632287979125977 101
0.2568368911743164 149
0.2858099937438965 262
0.35214686393737793 270
0.35703277587890625 157
0.3651759624481201 165
0.41738390922546387 276
0.43318986892700195 157
0.4831969738006592 280
0.5462548732757568 101
0.5522849559783936 281
0.6141819953918457 280
0.6821417808532715 262
0.7470479011535645 255
0.814680814743042 241
0.8758599758148193 165
0.8758609294891357 101
0.8811218738555908 177
0.9451858997344971 172
0.9690029621124268 149
1.0154597759246826 196
1.0768969058990479 190
1.103083848953247 149
1.1448578834533691 221
1.1585159301757812 229
1.1585168838500977 101
1.2087268829345703 220
1.2325339317321777 133
1.2746708393096924 254
1.2746717929840088 277
1.3427889347076416 260
1.3765249252319336 149
