8240
0.0 238
0.06540989875793457 233
0.12462496757507324 52
0.13201284408569336 229
0.17876100540161133 101
0.19811487197875977 231
0.26592278480529785 241
0.33006787300109863 147
0.33006882667541504 256
0.3955538272857666 140
0.395554780960083 275
0.4615449905395508 131
0.4615459442138672 286
0.4812028408050537 101
0.5284907817840576 140
0.5284907817840576 290
0.593836784362793 137
0.5938379764556885 285
0.6597268581390381 140
0.6597278118133545 278
0.7253677845001221 165
0.7253689765930176 240
0.7795329093933105 101
0.7926018238067627 253
0.8572208881378174 240
0.9241149425506592 234
0.9903488159179688 237
1.0562238693237305 244
1.079854965209961 101
1.123884916305542 248
1.1879799365997314 248
1.2535347938537598 252
1.320349931716919 146
1.3203508853912354 234
1.3842628002166748 101
1.3868179321289062 247
1.4533889293670654 254
1.518488883972168 256
1.585352897644043 253
1.6516549587249756 255
