8421
0.0 164
0.0 257
0.06413102149963379 163
0.0641319751739502 258
0.1258988380432129 101
0.12890386581420898 145
0.12890386581420898 269
0.19601202011108398 158
0.1960129737854004 243
0.26172494888305664 152
0.26172590255737305 250
0.32686781883239746 151
0.32686781883239746 249
0.3921988010406494 160
0.3921988010406494 248
0.4204099178314209 101
0.46164393424987793 138
0.46164488792419434 265
0.5271148681640625 163
0.5271158218383789 258
0.5909910202026367 163
0.5909919738769531 261
0.6593589782714844 151
0.6593608856201172 281
0.7235898971557617 156
0.7235918045043945 288
0.7361369132995605 101
0.7891209125518799 172
0.7891209125518799 274
0.8550360202789307 145
0.8550369739532471 275
0.9207088947296143 162
0.9207098484039307 268
0.9872620105743408 167
0.9872629642486572 268
1.0289158821105957 101
1.0545339584350586 182
1.054534912109375 248
1.1187419891357422 161
1.1187429428100586 280
1.1865129470825195 145
1.186513900756836 279
