8281
0.0 131
0.05553793907165527 131
0.11116194725036621 108
0.1681060791015625 67
0.22263598442077637 169
0.2786290645599365 82
0.334028959274292 122
0.3896660804748535 65
0.44499707221984863 164
0.500560998916626 77
0.5585930347442627 249
0.6115739345550537 84
0.6678500175476074 269
0.7274959087371826 53
0.7789030075073242 186
0.8344309329986572 77
0.8901290893554688 123
0.9453539848327637 106
1.0014839172363281 128
1.056938886642456 123
1.1121139526367188 122
1.1684179306030273 110
1.2234210968017578 124
1.2788469791412354 44
1.3346929550170898 117
1.390697956085205 84
1.4461710453033447 91
1.5019159317016602 119
1.5691568851470947 74
1.613020896911621 109
1.668531894683838 114
1.7243900299072266 180
1.7805709838867188 155
1.8356420993804932 155
1.8913140296936035 101
1.9470620155334473 160
2.0024008750915527 99
2.0578598976135254 77
2.1135940551757812 155
2.1691958904266357 141
2.2253000736236572 87
2.280564069747925 201
2.336308002471924 163
2.3920209407806396 133
2.4472579956054688 175
2.503100872039795 83
2.5788540840148926 175
2.616708993911743 181
2.6717519760131836 114
2.727400064468384 119
2.7834808826446533 185
2.8393778800964355 142
2.8943350315093994 133
2.9501729011535645 157
3.0069029331207275 136
3.0610780715942383 129
3.117089033126831 128
3.172839879989624 149
3.2281970977783203 126
3.284153938293457 133
3.3394320011138916 109
3.395366907119751 143
3.4503469467163086 157
3.5069289207458496 178
