8205
0.0 101
0.002588033676147461 237
0.0684049129486084 245
0.13443398475646973 244
0.1984560489654541 240
0.2664511203765869 247
0.301685094833374 52
0.3036160469055176 101
0.33175110816955566 244
0.3967020511627197 240
0.4625539779663086 256
0.5318069458007812 259
0.5683169364929199 101
0.5968339443206787 257
0.6615738868713379 282
0.7280919551849365 282
0.7959530353546143 270
0.8616809844970703 267
0.9283409118652344 264
0.9646589756011963 293
0.9917809963226318 259
1.0596320629119873 169
1.0596320629119873 279
1.066545009613037 293
1.1256189346313477 191
1.1256189346313477 260
1.1256189346313477 101
1.1697869300842285 213
1.1914029121398926 133
1.191404104232788 101
1.1914050579071045 166
1.1914050579071045 282
1.2559471130371094 155
1.2559480667114258 264
1.3249049186706543 169
1.3249061107635498 260
1.390542984008789 176
1.3905439376831055 252
