8307
0.0 223
0.06624197959899902 222
0.12984609603881836 230
0.1980440616607666 204
0.23392200469970703 101
0.26469993591308594 205
0.32785797119140625 206
0.3947329521179199 229
0.46082401275634766 222
0.47263097763061523 101
0.5279450416564941 223
0.5961039066314697 215
0.6619551181793213 227
0.7255759239196777 220
0.7905681133270264 197
0.8596439361572266 207
0.8728389739990234 261
0.9196679592132568 165
0.9196689128875732 101
0.9257481098175049 226
0.9906249046325684 225
1.0547211170196533 226
1.0687859058380127 101
1.123553991317749 237
1.1885828971862793 232
1.2526988983154297 229
1.320688009262085 223
1.3845031261444092 246
1.3905889987945557 101
1.4521000385284424 233
1.5199809074401855 243
1.5839779376983643 240
1.649622917175293 243
1.713973045349121 233
1.7528769969940186 229
1.7528769969940186 101
1.7835819721221924 245
1.8485660552978516 244
1.912627935409546 239
1.9806320667266846 252
