8319
0.0 253
0.07068300247192383 258
0.1319730281829834 253
0.17325615882873535 101
0.1781930923461914 213
0.19883108139038086 245
0.26580309867858887 269
0.3306159973144531 240
0.39485716819763184 232
0.4617459774017334 246
0.49041008949279785 101
0.5275311470031738 231
0.5934569835662842 249
0.6608421802520752 259
0.7264940738677979 242
0.7798051834106445 101
0.7917170524597168 244
0.8588299751281738 254
0.9240741729736328 251
0.9905750751495361 245
1.011871099472046 101
1.0546531677246094 245
1.1216211318969727 250
1.1915440559387207 227
1.252655029296875 244
1.3234679698944092 237
1.34135103225708 101
1.3868811130523682 234
1.451444149017334 237
1.5192601680755615 251
1.530785083770752 52
1.5837900638580322 261
1.6508960723876953 268
1.6533360481262207 101
1.7187461853027344 260
1.7848069667816162 252
1.8465662002563477 255
1.9139580726623535 256
