8212
0.0 107
0.023686885833740234 128
0.028378963470458984 100
0.04509401321411133 130
0.045094966888427734 95
0.06796407699584961 100
0.09196090698242188 126
0.1128849983215332 102
0.13318705558776855 131
0.15597200393676758 120
0.17923903465270996 196
0.20352911949157715 166
0.2171640396118164 267
0.23741412162780762 192
0.2645890712738037 255
0.2645890712738037 107
0.28342509269714355 175
0.30587005615234375 240
0.32216596603393555 183
0.3470430374145508 267
0.3470439910888672 203
0.36806201934814453 293
0.3891439437866211 205
0.41344308853149414 267
0.4299960136413574 191
0.45057201385498047 254
0.47238898277282715 179
0.49211907386779785 242
0.5152630805969238 183
0.5384120941162109 253
0.5571599006652832 195
0.5908219814300537 295
0.5993978977203369 216
0.6212849617004395 303
0.650784969329834 199
0.6718559265136719 269
0.6718571186065674 179
0.6931300163269043 224
0.7082719802856445 173
0.7301959991455078 257
0.784538984298706 174
0.8024730682373047 271
