8242
0.0 201
0.07004594802856445 273
0.07004690170288086 193
0.08777189254760742 253
0.08777284622192383 62
0.08777284622192383 198
0.10676288604736328 285
0.1067650318145752 208
0.14385294914245605 284
0.14681482315063477 213
0.19823503494262695 300
0.19823694229125977 207
0.21143794059753418 276
0.23235797882080078 179
0.2716038227081299 219
0.27341580390930176 165
0.3148679733276367 218
0.35047101974487305 178
0.35047197341918945 274
0.35047197341918945 123
0.36289095878601074 193
0.40688490867614746 252
0.40688586235046387 180
0.4230978488922119 214
0.4282538890838623 152
0.4416019916534424 194
0.48535680770874023 144
0.48706483840942383 204
0.5108888149261475 151
0.5351369380950928 194
0.555156946182251 155
0.5712859630584717 215
0.6152667999267578 142
0.6152667999267578 184
0.6391439437866211 135
0.6629748344421387 151
0.6830189228057861 115
0.7014119625091553 146
0.7194068431854248 108
0.7420659065246582 149
0.7462739944458008 95
0.7462739944458008 110
0.7494778633117676 105
0.7910089492797852 139
0.7910099029541016 106
