8291
0.0 302
9.5367431640625e-07 229
0.022062063217163086 292
0.0433039665222168 221
0.06410598754882812 298
0.0874030590057373 235
0.10735297203063965 345
0.12828302383422852 227
0.14960598945617676 307
0.17539095878601074 212
0.19620013236999512 258
0.21506714820861816 192
0.23765015602111816 268
0.2596299648284912 201
0.2762451171875 273
0.301069974899292 191
0.321382999420166 246
0.3213839530944824 188
0.3421649932861328 253
0.3650209903717041 182
0.3835020065307617 242
0.4068300724029541 208
0.4274611473083496 321
0.4481699466705322 222
0.4731290340423584 279
0.491008996963501 181
0.5119731426239014 211
0.535146951675415 180
0.5561881065368652 267
0.5750761032104492 206
0.6246039867401123 312
0.6446430683135986 220
0.644644021987915 305
0.644644021987915 217
