8204
0.0 134
0.02251601219177246 109
0.05954599380493164 127
0.09125089645385742 98
0.09125185012817383 104
0.15821099281311035 86
0.1631457805633545 102
0.1631457805633545 85
0.16776800155639648 102
0.1677689552307129 85
0.2405529022216797 119
0.2405538558959961 96
0.24946093559265137 146
0.24946188926696777 108
0.27373290061950684 132
0.29303598403930664 101
0.32751893997192383 125
0.337615966796875 104
0.36722278594970703 125
0.39545178413391113 94
0.4167947769165039 117
0.5808219909667969 95
0.5808229446411133 117
0.5808229446411133 95
0.5808238983154297 112
0.5808238983154297 90
0.5808238983154297 95
0.5808238983154297 62
0.5808238983154297 102
0.5808248519897461 85
0.5808248519897461 107
0.5808248519897461 88
0.6074337959289551 117
0.6180119514465332 90
0.6378707885742188 124
0.6578648090362549 94
0.7037949562072754 115
0.7037949562072754 96
0.7410237789154053 118
0.7605059146881104 123
0.7984859943389893 97
0.7984859943389893 119
0.7984859943389893 92
0.7984859943389893 121
0.7984869480133057 107
0.8072419166564941 92
0.8219709396362305 112
0.8533458709716797 90
0.8630609512329102 105
0.9748289585113525 88
0.974829912185669 113
0.974829912185669 91
0.9873368740081787 117
1.0131988525390625 91
1.0131988525390625 115
1.0176270008087158 99
1.0437419414520264 125
1.1146597862243652 101
1.1146609783172607 121
1.1146609783172607 92
1.1146609783172607 114
1.142507791519165 99
1.1528239250183105 125
1.1775059700012207 99
1.2156867980957031 118
1.2169418334960938 97
1.247600793838501 144
1.2577099800109863 123
1.2777597904205322 173
1.3031988143920898 123
1.3280048370361328 126
1.3577489852905273 98
1.3622307777404785 119
1.3875868320465088 100
1.4075369834899902 129
1.4075369834899902 105
