8250
0.0 126
0.021117210388183594 146
0.049247026443481445 110
0.07771706581115723 130
0.10805320739746094 103
0.1271810531616211 126
0.14626407623291016 92
0.1657412052154541 117
0.17545413970947266 92
0.1940770149230957 99
0.2131350040435791 62
0.22293305397033691 83
0.24225616455078125 99
0.2615010738372803 83
0.2819020748138428 99
0.30187320709228516 88
0.30187416076660156 95
0.3213510513305664 148
0.33052921295166016 161
0.3513460159301758 322
0.3611280918121338 232
0.3899240493774414 309
0.4030790328979492 222
0.4240081310272217 291
0.44303011894226074 209
0.4662032127380371 123
0.4662041664123535 262
0.4662051200866699 203
0.48981499671936035 267
0.5062320232391357 184
0.5134069919586182 107
0.5277562141418457 202
0.5503990650177002 148
0.5747501850128174 153
0.5957791805267334 117
0.6148672103881836 173
0.6666660308837891 127
0.681016206741333 244
0.6810171604156494 203
0.7042660713195801 317
0.7229180335998535 232
0.7460880279541016 332
0.7651870250701904 225
0.7874300479888916 319
0.787431001663208 223
0.8066980838775635 266
0.8256070613861084 179
