8204
0.0 123
0.008767127990722656 191
0.01907801628112793 252
0.038607120513916016 206
0.054388999938964844 301
0.11481213569641113 220
0.11481308937072754 296
0.11865115165710449 205
0.13917207717895508 306
0.13917207717895508 107
0.16501903533935547 215
0.18337202072143555 313
0.20826506614685059 207
0.3178751468658447 281
0.31787610054016113 200
0.31787610054016113 250
0.31787610054016113 187
0.31787610054016113 279
0.31923508644104004 211
0.33392810821533203 315
0.35898709297180176 223
0.37508702278137207 300
0.404400110244751 211
0.4194331169128418 279
0.438931941986084 199
0.45957493782043457 260
0.5099270343780518 185
0.5099279880523682 227
0.553926944732666 156
0.5588140487670898 200
0.5638761520385742 164
0.588921070098877 233
0.6390380859375 183
0.6441249847412109 262
0.6441259384155273 187
0.6536951065063477 270
