8260
0.0 111
0.025049924850463867 88
0.03560996055603027 107
0.050024986267089844 111
0.05002593994140625 88
0.06501889228820801 111
0.09034895896911621 88
0.11537289619445801 111
0.1405470371246338 88
0.31119608879089355 111
0.31119704246520996 88
0.31119704246520996 111
0.31119704246520996 88
0.31119704246520996 111
0.31119799613952637 88
0.31119799613952637 111
0.31119799613952637 88
0.31653308868408203 111
0.3763558864593506 88
0.3763570785522461 111
0.3763570785522461 88
0.3917551040649414 111
0.4056260585784912 88
0.42606210708618164 111
0.4727029800415039 88
0.48030591011047363 111
0.4953949451446533 88
0.5413210391998291 111
0.5518310070037842 88
0.5518319606781006 111
0.7099740505218506 88
0.709975004196167 111
0.709975004196167 88
0.7811040878295898 111
0.7811050415039062 88
0.7811050415039062 111
0.7841808795928955 88
0.7841808795928955 111
0.7841808795928955 88
0.7841808795928955 111
0.7915740013122559 88
0.7915749549865723 111
0.8132638931274414 88
0.8351190090179443 116
0.8351190090179443 95
0.8605771064758301 88
0.8827250003814697 111
0.89044189453125 88
0.9152109622955322 111
0.9363539218902588 88
0.9842450618743896 111
0.9842450618743896 88
1.010425090789795 111
1.0216150283813477 88
1.0348620414733887 111
1.0410170555114746 107
1.0679130554199219 88
1.0706729888916016 111
1.1048460006713867 88
1.1122889518737793 111
1.12015700340271 62
1.1305739879608154 88
1.1700530052185059 111
1.17557692527771 88
1.3551130294799805 111
1.3571419715881348 88
1.3571419715881348 111
1.3571419715881348 88
1.3571419715881348 111
1.3571419715881348 88
1.3571419715881348 111
1.3571419715881348 88
1.3610498905181885 111
1.361051082611084 88
1.38149094581604 123
1.535233974456787 111
1.535233974456787 88
1.5352349281311035 111
1.5352349281311035 88
1.5352349281311035 111
1.5352349281311035 88
1.53523588180542 111
1.5372350215911865 88
