8198
0.0 228
0.02207207679748535 345
0.023534059524536133 107
0.040566205978393555 223
0.06213498115539551 309
0.08614015579223633 206
0.10636401176452637 274
0.10636401176452637 200
0.1290431022644043 280
0.14943599700927734 220
0.16022205352783203 123
0.17163920402526855 329
0.19283008575439453 233
0.2166740894317627 311
0.2373950481414795 225
0.25618815422058105 311
0.2804901599884033 230
0.29639315605163574 321
0.3206000328063965 227
0.34406018257141113 297
0.364591121673584 221
0.38164401054382324 306
0.4040560722351074 221
0.4252040386199951 294
0.4252049922943115 215
0.4542081356048584 289
0.47109317779541016 217
0.4887080192565918 295
0.5134100914001465 231
0.5290141105651855 347
0.5560572147369385 233
0.5760149955749512 330
