8245
0.0 210
0.019246816635131836 148
0.06325888633728027 160
0.08090901374816895 123
0.10787081718444824 155
0.11433196067810059 111
0.12886285781860352 151
0.1788029670715332 113
0.19545984268188477 116
0.1988530158996582 99
0.2064828872680664 124
0.2064838409423828 103
0.36414194107055664 139
0.3790109157562256 108
0.3816218376159668 141
0.3816218376159668 95
0.38539886474609375 99
0.3897089958190918 117
0.3897089958190918 98
0.39428281784057617 105
0.3995659351348877 129
0.404217004776001 100
0.49008989334106445 120
0.4949469566345215 97
0.4949479103088379 108
0.499769926071167 88
0.5154368877410889 105
0.5204470157623291 85
0.5204470157623291 111
0.525108814239502 88
0.5487380027770996 108
0.5699849128723145 62
0.5802810192108154 91
0.5991029739379883 108
0.6315338611602783 88
0.6665878295898438 105
0.6665878295898438 85
0.6952729225158691 111
0.7052609920501709 93
0.7397198677062988 119
0.7548928260803223 90
0.7812509536743164 118
0.7898600101470947 93
0.8028249740600586 106
0.8052859306335449 87
0.8102529048919678 123
0.9150068759918213 102
0.9150078296661377 85
0.9150078296661377 102
0.9150078296661377 85
0.9417319297790527 102
1.0075609683990479 85
1.0158028602600098 102
1.0187969207763672 85
1.0187969207763672 102
1.0187969207763672 85
1.0560798645019531 102
1.0757129192352295 85
1.084993839263916 102
1.1308050155639648 85
1.1350438594818115 102
1.135044813156128 85
1.141448974609375 102
1.1755309104919434 85
1.209704875946045 102
1.2194428443908691 85
1.2404940128326416 102
1.2507970333099365 85
1.3015120029449463 102
1.3224568367004395 90
1.3224599361419678 95
1.3401968479156494 102
1.3636889457702637 85
1.3701038360595703 105
1.375213861465454 102
1.375213861465454 85
1.4250988960266113 102
1.4409089088439941 85
1.4440038204193115 102
