8252
0.0 105
0.032837867736816406 85
0.055162906646728516 120
0.055162906646728516 113
0.07092404365539551 166
0.07092595100402832 110
0.11002492904663086 133
0.12064409255981445 99
0.13892292976379395 108
0.15125203132629395 88
0.17871904373168945 105
0.2081139087677002 123
0.21808195114135742 85
0.21808290481567383 108
0.2483069896697998 88
0.2679898738861084 105
0.2819230556488037 85
0.3932819366455078 108
0.3932819366455078 88
0.3932819366455078 105
0.3932819366455078 85
0.3932819366455078 113
0.3932819366455078 95
0.3970310688018799 88
0.41324400901794434 105
0.4417898654937744 85
0.45734596252441406 108
0.48105502128601074 87
0.4954109191894531 106
0.5210158824920654 88
0.540320873260498 114
0.6371140480041504 90
0.6371140480041504 110
0.6371140480041504 89
0.6371140480041504 102
0.6371140480041504 107
0.6762778759002686 85
0.6762790679931641 102
0.7142090797424316 85
0.7142090797424316 110
0.7180678844451904 91
0.7329869270324707 123
0.7830438613891602 92
0.7931199073791504 113
0.8037459850311279 90
0.8334009647369385 107
0.8554670810699463 92
0.8728699684143066 134
0.8830289840698242 108
1.0484910011291504 150
1.0484919548034668 105
1.0484919548034668 118
1.0484919548034668 93
1.0484929084777832 102
1.0484929084777832 85
1.0533859729766846 102
1.053386926651001 85
1.0533878803253174 102
1.0834009647369385 85
1.0881879329681396 102
1.1186840534210205 102
1.1438238620758057 140
1.1849188804626465 103
1.1942439079284668 110
1.2368559837341309 89
1.2368569374084473 102
1.2808680534362793 85
1.2808690071105957 102
1.2934629917144775 85
1.3234469890594482 102
1.4400179386138916 85
1.440018892288208 102
1.440018892288208 85
1.440018892288208 102
1.440018892288208 90
1.440018892288208 95
1.4400200843811035 102
1.4437859058380127 86
1.495790958404541 109
1.4957928657531738 93
1.5136020183563232 123
