8248
0.0 119
0.04097485542297363 120
0.04097604751586914 119
0.07180094718933105 117
0.07738089561462402 120
0.09701800346374512 120
0.1495680809020996 128
0.14956903457641602 122
0.15936589241027832 127
0.1891160011291504 132
0.1891160011291504 129
0.20177388191223145 124
0.22195887565612793 116
0.2537989616394043 120
0.26671290397644043 112
0.31611084938049316 122
0.3161129951477051 141
0.34862303733825684 137
0.35469985008239746 146
0.37140989303588867 152
0.3986799716949463 156
0.4163939952850342 162
0.4632608890533447 153
0.46326208114624023 152
0.48220396041870117 130
0.4822049140930176 125
0.5154469013214111 123
0.5221068859100342 119
0.5688419342041016 125
0.568842887878418 126
0.6138269901275635 127
0.6138279438018799 121
0.655458927154541 132
0.6554598808288574 135
0.6726129055023193 127
0.6726138591766357 95
0.6739389896392822 105
0.6939160823822021 125
0.7331409454345703 124
0.7375929355621338 138
0.7791330814361572 163
0.7791340351104736 158
0.7992279529571533 166
0.8020639419555664 161
0.8383700847625732 138
0.8446309566497803 138
0.8749570846557617 124
0.8861088752746582 119
0.9239699840545654 130
0.9449028968811035 147
0.9601519107818604 186
0.9843690395355225 195
0.9936020374298096 192
1.028994083404541 195
1.0381360054016113 220
1.0579700469970703 226
1.0936758518218994 228
1.1307990550994873 239
