8275
0.0 92
0.019025087356567383 121
0.03954195976257324 94
0.06838512420654297 125
0.0895230770111084 101
0.10470795631408691 118
0.1444079875946045 91
0.15890216827392578 114
0.33763909339904785 92
0.33764004707336426 115
0.33764004707336426 97
0.33764004707336426 124
0.33764004707336426 96
0.33764100074768066 107
0.33764100074768066 86
0.33764100074768066 116
0.33764100074768066 95
0.34877610206604004 120
0.3717830181121826 91
0.4096510410308838 121
0.4096529483795166 95
0.41464900970458984 100
0.434283971786499 124
0.469588041305542 99
0.469588041305542 116
0.47968506813049316 92
0.4948310852050781 102
0.518064022064209 85
0.5298211574554443 102
0.5654640197753906 85
0.581650972366333 109
0.5949649810791016 92
0.6150269508361816 117
0.7308690547943115 107
0.7308690547943115 92
0.7308700084686279 104
0.7308700084686279 91
0.7308700084686279 113
0.7308700084686279 90
0.7451181411743164 104
0.764268159866333 86
0.7894101142883301 102
0.7894110679626465 85
0.8217501640319824 102
0.8301491737365723 85
0.8489129543304443 110
0.8795650005340576 95
0.8907890319824219 130
0.9494600296020508 98
0.9543361663818359 120
0.9643340110778809 91
0.9794659614562988 107
0.9995479583740234 93
1.0497241020202637 115
1.0497241020202637 94
1.0597879886627197 108
1.0847251415252686 88
1.1161270141601562 102
1.1191990375518799 88
1.1241891384124756 108
1.1545610427856445 88
1.2088301181793213 102
1.2088310718536377 88
1.2144150733947754 108
1.3881070613861084 88
1.3881080150604248 102
1.3881089687347412 88
1.3881089687347412 108
1.3881089687347412 95
1.3881101608276367 118
1.3881111145019531 92
1.3949940204620361 110
1.3949949741363525 95
1.39957594871521 62
1.410336971282959 91
1.4392671585083008 115
1.4392671585083008 100
1.4567010402679443 139
1.4745161533355713 102
1.4944641590118408 137
1.521489143371582 105
