6094
0.0 97
0.3267529010772705 131
0.3267538547515869 124
0.3267538547515869 197
0.3267538547515869 127
0.3267538547515869 193
0.3267550468444824 137
0.3267550468444824 134
0.3267550468444824 111
0.3267550468444824 95
0.3267550468444824 133
0.32675600051879883 104
0.32675600051879883 133
0.32675600051879883 100
0.32675695419311523 133
0.32675695419311523 97
0.32675695419311523 131
0.3639540672302246 99
0.36510705947875977 109
0.37484288215637207 88
0.3800649642944336 107
0.4051680564880371 86
0.42488694190979004 108
0.42488694190979004 91
0.44034600257873535 108
0.45955801010131836 88
0.4800889492034912 105
0.5152578353881836 85
0.5279560089111328 111
0.5279569625854492 107
0.5462470054626465 88
0.5914878845214844 108
0.5914888381958008 62
0.5945210456848145 91
0.6096248626708984 108
0.850106954574585 88
0.8501088619232178 105
0.8501100540161133 85
0.8501100540161133 111
0.8501110076904297 88
0.8501110076904297 108
0.8501110076904297 91
0.8501119613647461 108
0.8636009693145752 123
0.994243860244751 88
0.9942450523376465 105
0.9942460060119629 85
0.9942460060119629 111
0.9942460060119629 88
0.9942469596862793 108
0.9942469596862793 91
0.9942469596862793 108
0.9942469596862793 88
0.9942479133605957 105
0.9942479133605957 85
1.0214319229125977 111
1.0397889614105225 88
