8427
0.0 129
9.5367431640625e-07 100
9.5367431640625e-07 134
0.02975296974182129 106
0.035080909729003906 126
0.06113290786743164 96
0.09938693046569824 110
0.10451292991638184 89
0.14116692543029785 102
0.14116811752319336 85
0.17574310302734375 102
0.1890261173248291 86
0.21410894393920898 144
0.2359011173248291 94
0.26715993881225586 182
0.26716089248657227 125
0.26716089248657227 105
0.3916440010070801 106
0.3916440010070801 176
0.3916440010070801 107
0.3916449546813965 121
0.3916449546813965 179
0.3916449546813965 150
0.42027997970581055 182
0.4247400760650635 127
0.4441230297088623 183
0.5051870346069336 175
0.5101690292358398 312
0.5376501083374023 218
0.5399260520935059 269
0.5598850250244141 211
0.6809659004211426 314
0.6809670925140381 219
0.6809670925140381 338
0.6809680461883545 226
0.6809680461883545 328
0.6809680461883545 221
0.712738037109375 288
0.7127389907836914 62
0.7127389907836914 217
0.7374720573425293 321
0.7485771179199219 220
0.7644639015197754 305
0.7948439121246338 215
0.8148849010467529 274
0.8299510478973389 195
0.8554809093475342 253
