8378
0.0 161
0.029675006866455078 118
0.0428769588470459 156
0.16072297096252441 117
0.16222500801086426 137
0.16222596168518066 105
0.16222596168518066 62
0.16222596168518066 124
0.16222691535949707 99
0.25751805305480957 108
0.257519006729126 92
0.257519006729126 121
0.257519006729126 109
0.2757420539855957 157
0.280750036239624 120
0.2851829528808594 144
0.31082892417907715 120
0.33550310134887695 161
0.3506591320037842 124
0.37534308433532715 154
0.38370394706726074 123
0.39535999298095703 128
0.4250149726867676 184
0.4461700916290283 149
0.4461700916290283 95
0.555898904800415 212
0.5559000968933105 187
0.5559000968933105 292
0.5559000968933105 206
0.555901050567627 250
0.555901050567627 105
0.555901050567627 169
0.5610511302947998 214
0.5868539810180664 170
0.6071228981018066 252
0.619987964630127 173
0.6470870971679688 238
0.666964054107666 175
0.6977949142456055 214
0.7013399600982666 133
0.7419910430908203 176
0.7470059394836426 141
0.7670860290527344 173
0.8090250492095947 124
0.8268749713897705 198
0.852790117263794 154
0.852790117263794 209
0.8568599224090576 153
0.8925831317901611 190
0.9053261280059814 145
0.9364631175994873 201
0.959352970123291 149
0.9602699279785156 207
