8253
0.0 225
9.5367431640625e-07 142
0.045228004455566406 181
0.045228004455566406 120
0.04941916465759277 120
0.060317039489746094 123
0.074066162109375 118
0.08720898628234863 225
0.10221600532531738 178
0.1277451515197754 305
0.1421060562133789 201
0.17277908325195312 249
0.1925370693206787 182
0.2136240005493164 234
0.23267006874084473 176
0.2839851379394531 251
0.2839851379394531 183
0.31818413734436035 259
0.31818509101867676 178
0.31818509101867676 95
0.34281396865844727 223
0.3428151607513428 176
0.3778879642486572 246
0.39270615577697754 175
0.4255039691925049 230
0.43712711334228516 171
0.4523200988769531 220
0.46767401695251465 161
0.5044770240783691 218
0.5051889419555664 107
0.5125341415405273 146
0.5347030162811279 226
0.5578610897064209 175
0.5826170444488525 259
0.5977251529693604 206
0.6183841228485107 287
0.6504800319671631 199
0.6773159503936768 221
0.6773171424865723 166
0.6832990646362305 226
0.7075331211090088 188
0.7230801582336426 282
