8287
0.0 310
0.004374980926513672 210
0.029168128967285156 273
0.05893397331237793 195
0.08918213844299316 249
0.08918309211730957 184
0.10431909561157227 260
0.12390804290771484 208
0.162492036819458 123
0.17938709259033203 302
0.17938709259033203 223
0.19434905052185059 289
0.1988239288330078 212
0.21515297889709473 285
0.2537100315093994 207
0.2734360694885254 286
0.2734360694885254 206
0.31390810012817383 278
0.3239169120788574 167
0.33378005027770996 211
0.36374711990356445 177
0.37403011322021484 228
0.41536712646484375 177
0.43891191482543945 271
0.4743161201477051 212
0.47926998138427734 314
0.47927093505859375 230
0.4987480640411377 308
0.5911250114440918 217
0.5911259651184082 294
0.5911259651184082 210
0.5957479476928711 285
0.5957491397857666 195
0.619178056716919 285
0.6653649806976318 206
