8266
0.0 113
0.1943368911743164 93
0.1943368911743164 122
0.1943378448486328 91
0.1943378448486328 113
0.1943378448486328 90
0.1943378448486328 99
0.1943378448486328 83
0.1943378448486328 108
0.1943378448486328 88
0.20927882194519043 118
0.23401689529418945 92
0.23401784896850586 101
0.25894784927368164 84
0.25894904136657715 99
0.30950403213500977 88
0.31524205207824707 123
0.349092960357666 108
0.36943602561950684 151
0.37943196296691895 114
0.40894484519958496 139
0.40894603729248047 95
0.4293529987335205 114
0.45942187309265137 139
0.4594228267669678 101
0.4605109691619873 105
0.5853378772735596 116
0.585338830947876 95
0.585338830947876 108
0.585338830947876 91
0.5853400230407715 118
0.5853400230407715 93
0.5893068313598633 124
0.6322200298309326 104
0.640902042388916 127
0.6694190502166748 99
0.7045028209686279 122
0.7045040130615234 114
0.7286989688873291 176
0.7391769886016846 144
0.7791130542755127 214
0.8070180416107178 152
0.8316290378570557 208
0.8316290378570557 146
0.8316290378570557 182
0.8693430423736572 130
0.8693430423736572 152
0.8986828327178955 114
0.9091079235076904 128
0.9498929977416992 110
0.949894905090332 150
0.9804978370666504 115
1.0196199417114258 150
1.0196208953857422 109
1.0503180027008057 131
1.06715989112854 125
1.2461249828338623 165
1.2461249828338623 114
1.2461259365081787 116
1.2461259365081787 92
1.2461259365081787 102
1.2461259365081787 87
1.2461268901824951 131
1.2461268901824951 166
1.2461268901824951 337
1.2697370052337646 238
