8271
0.0 196
0.00747990608215332 268
0.04264092445373535 192
0.045915842056274414 243
0.07599782943725586 173
0.09139084815979004 214
0.1111910343170166 134
0.1631770133972168 162
0.1631779670715332 118
0.18616390228271484 108
0.21546602249145508 91
0.2658510208129883 108
0.2658519744873047 91
0.2658519744873047 108
0.2658519744873047 91
0.2808418273925781 108
0.3253288269042969 91
0.36112499237060547 108
0.3709068298339844 91
0.38626885414123535 62
0.3957860469818115 108
0.39578700065612793 91
0.42737293243408203 108
0.44251203536987305 91
0.46884703636169434 108
0.46884799003601074 91
0.6546609401702881 108
0.6546618938446045 91
0.6546618938446045 108
0.6546628475189209 91
0.6546628475189209 113
0.6546628475189209 95
0.6546628475189209 91
0.6546628475189209 108
0.6546640396118164 90
0.6546640396118164 116
0.6665358543395996 123
0.6759910583496094 100
0.686255931854248 132
0.7061619758605957 113
0.731583833694458 135
0.7518949508666992 100
0.790010929107666 111
0.8432838916778564 88
0.8432848453521729 107
0.843487024307251 111
0.8451399803161621 88
0.8657288551330566 111
0.8657300472259521 88
0.8826119899749756 111
0.9001150131225586 88
0.9453120231628418 111
1.0619299411773682 88
1.0619308948516846 111
1.0619308948516846 88
1.0619308948516846 111
1.061931848526001 88
1.061931848526001 111
1.1062159538269043 88
1.1110289096832275 111
1.1110289096832275 88
1.136141061782837 111
1.1872620582580566 88
1.1973779201507568 111
1.1973788738250732 88
1.200866937637329 111
1.2212648391723633 88
1.2456839084625244 111
1.288996934890747 88
1.288996934890747 111
1.3107938766479492 88
1.3308720588684082 111
1.3559188842773438 88
1.3704349994659424 111
