8282
0.0 286
0.02028799057006836 204
0.04293203353881836 257
0.06324291229248047 194
0.08691000938415527 260
0.10355687141418457 186
0.12822794914245605 247
0.15243983268737793 182
0.1712648868560791 259
0.19874787330627441 186
0.21053099632263184 250
0.21053290367126465 95
0.224592924118042 166
0.2245938777923584 105
0.2425098419189453 223
0.2528519630432129 154
0.27724599838256836 214
0.29845190048217773 175
0.3198678493499756 270
0.36647796630859375 196
0.38564300537109375 286
0.38564395904541016 215
0.40452003479003906 284
0.4325590133666992 193
0.44707489013671875 238
0.46835994720458984 184
0.4919300079345703 237
0.5113210678100586 184
0.5306799411773682 261
0.5345609188079834 196
0.5552568435668945 270
0.5751879215240479 182
0.5950779914855957 239
0.6219918727874756 180
0.6429288387298584 221
0.6617648601531982 155
0.6800198554992676 205
0.7044730186462402 141
0.7230958938598633 174
0.7431058883666992 128
