8362
0.0 123
9.5367431640625e-07 135
9.5367431640625e-07 105
9.5367431640625e-07 133
1.9073486328125e-06 104
1.9073486328125e-06 131
2.09808349609375e-05 62
2.09808349609375e-05 104
0.0037119388580322266 131
0.03293180465698242 106
0.06393289566040039 125
0.0639338493347168 94
0.0639338493347168 107
0.10864996910095215 87
0.10865092277526855 99
0.1433718204498291 93
0.1532759666442871 123
0.1799769401550293 93
0.21350884437561035 107
0.21876287460327148 87
0.21916699409484863 123
0.4598360061645508 99
0.4598369598388672 83
0.4598369598388672 123
0.4598369598388672 130
0.4598379135131836 259
0.4598379135131836 201
0.4598379135131836 310
0.46146178245544434 223
0.46146297454833984 294
0.46146297454833984 201
0.46146392822265625 271
0.463411808013916 190
0.4694027900695801 262
0.543975830078125 184
0.5553879737854004 239
0.5634939670562744 169
0.5634939670562744 226
0.5746638774871826 164
0.6241428852081299 208
0.6284549236297607 195
0.6439568996429443 310
0.6729519367218018 226
0.6881868839263916 302
0.6936450004577637 222
0.7079358100891113 310
0.7282769680023193 211
0.748093843460083 281
0.791018009185791 197
