8230
0.0 323
0.0 217
0.11941194534301758 280
0.11941289901733398 212
0.11941289901733398 293
0.13208293914794922 225
0.18024897575378418 341
0.20411181449890137 236
0.2390730381011963 319
0.2390730381011963 228
0.2390739917755127 287
0.24402093887329102 202
0.24402093887329102 285
0.24402093887329102 204
0.24920988082885742 307
0.24921083450317383 211
0.2552509307861328 298
0.2552518844604492 227
0.2552518844604492 312
0.2552518844604492 214
0.2552518844604492 273
0.2628209590911865 200
0.26282191276550293 279
0.26282191276550293 95
0.26282191276550293 200
0.2659280300140381 269
0.2659289836883545 187
0.2659289836883545 223
0.2659289836883545 158
0.2659289836883545 105
0.2685418128967285 193
0.268543004989624 135
0.2708859443664551 155
0.2708868980407715 122
0.2708868980407715 148
0.2708878517150879 113
0.2708888053894043 154
