8348
0.0 197
0.020817995071411133 246
0.05496501922607422 175
0.05999398231506348 231
0.09546709060668945 167
0.12087011337280273 233
0.1253340244293213 161
0.1253349781036377 95
0.1510021686553955 230
0.17070698738098145 176
0.20493102073669434 267
0.20493102073669434 196
0.21083498001098633 270
0.23526906967163086 203
0.255216121673584 289
0.28545308113098145 196
0.3003511428833008 275
0.3009011745452881 107
0.32117605209350586 166
0.35530519485473633 221
0.38536810874938965 176
0.39548611640930176 228
0.39548707008361816 165
0.43537402153015137 230
0.4551961421966553 175
0.4704010486602783 251
0.4904170036315918 179
0.5255181789398193 264
0.5255181789398193 193
0.53497314453125 231
0.5601000785827637 162
0.574951171875 183
0.6052601337432861 152
0.6052610874176025 62
0.6150929927825928 219
0.6501719951629639 160
0.6849360466003418 240
0.6900351047515869 174
0.6900370121002197 209
0.7202391624450684 175
0.765300989151001 254
0.7653021812438965 165
