8285
0.0 200
0.0 261
0.01722407341003418 186
0.03052687644958496 258
0.050093889236450195 212
0.07114005088806152 332
0.0909879207611084 243
0.0948328971862793 107
0.11349296569824219 346
0.1134939193725586 249
0.13535690307617188 331
0.15574407577514648 223
0.17828798294067383 299
0.20257091522216797 211
0.2192850112915039 269
0.24150705337524414 192
0.26216888427734375 261
0.28003787994384766 190
0.3063669204711914 283
0.3276388645172119 200
0.3484220504760742 275
0.36759185791015625 198
0.3871018886566162 279
0.413100004196167 211
0.434689998626709 316
0.4346909523010254 226
0.4563870429992676 302
0.4786660671234131 212
0.499614953994751 285
0.5172479152679443 199
0.539931058883667 294
0.5559439659118652 204
0.5776710510253906 254
0.599621057510376 177
