8379
0.0 300
0.008843183517456055 219
0.008844137191772461 290
0.0144500732421875 211
0.03990602493286133 302
0.05755805969238281 207
0.08330321311950684 312
0.08330321311950684 220
0.1045072078704834 286
0.12450408935546875 208
0.1486680507659912 301
0.16761112213134766 217
0.1900160312652588 303
0.2088611125946045 207
0.2324512004852295 302
0.2519850730895996 214
0.251986026763916 95
0.3011782169342041 290
0.31598401069641113 196
0.3200831413269043 279
0.3378410339355469 173
0.3619050979614258 267
0.38103318214416504 189
0.3970201015472412 194
0.3998579978942871 133
0.4181480407714844 140
0.4459102153778076 116
0.44756507873535156 107
0.46593713760375977 147
0.4877791404724121 110
0.507775068283081 134
0.5329852104187012 111
0.5526580810546875 156
0.5711860656738281 130
0.5966031551361084 185
0.616523027420044 144
0.635127067565918 202
0.6549091339111328 150
0.6792771816253662 231
0.7045471668243408 170
0.7239861488342285 231
