8205
0.0 210
0.023830890655517578 318
0.0444338321685791 223
0.06330084800720215 301
0.08868789672851562 220
0.10563397407531738 308
0.12729406356811523 223
0.15153884887695312 310
0.16985392570495605 216
0.19526290893554688 289
0.21054291725158691 205
0.23665189743041992 275
0.25403404235839844 200
0.2799558639526367 274
0.2799558639526367 199
0.29973602294921875 278
0.32214784622192383 191
0.34158897399902344 253
0.3630359172821045 176
0.38320398330688477 209
0.40755486488342285 175
0.4253978729248047 235
0.4484579563140869 167
0.4680929183959961 190
0.488541841506958 145
0.5120799541473389 198
0.5303330421447754 175
0.5303339958190918 95
0.5354540348052979 62
0.5571980476379395 253
0.5762670040130615 159
0.596747875213623 196
0.6041860580444336 148
0.6202478408813477 195
0.6412479877471924 154
0.6603748798370361 240
0.6840589046478271 179
0.702470064163208 254
0.7024710178375244 107
