8230
0.0 108
9.5367431640625e-07 91
0.04272007942199707 108
0.0789949893951416 91
0.07899594306945801 108
0.07899594306945801 91
0.07899594306945801 108
0.2810051441192627 91
0.2830851078033447 108
0.28308606147766113 91
0.28308606147766113 108
0.28308606147766113 91
0.28308606147766113 108
0.28308701515197754 91
0.28308701515197754 108
0.28665900230407715 91
0.3069131374359131 108
0.318619966506958 91
0.3499269485473633 108
0.37167906761169434 91
0.39203310012817383 108
0.39203405380249023 91
0.4138009548187256 108
0.436722993850708 91
0.45232701301574707 108
0.485828161239624 91
0.49210500717163086 108
0.6880929470062256 91
0.6880941390991211 108
0.6880950927734375 91
0.6880950927734375 108
0.6880950927734375 91
0.6880960464477539 108
0.6880960464477539 96
0.6913881301879883 95
0.6913890838623047 108
0.706618070602417 91
0.7066190242767334 108
0.7066190242767334 91
0.7446961402893066 108
0.744697093963623 91
0.9378659725189209 108
0.9378671646118164 107
0.9378671646118164 91
0.9378681182861328 108
0.937870979309082 91
0.937870979309082 108
0.937873125076294 91
0.937873125076294 108
0.9378740787506104 91
0.9378740787506104 108
0.9819011688232422 91
1.0019011497497559 108
1.0019021034240723 91
1.0072531700134277 108
1.0476889610290527 91
1.0569391250610352 108
1.061812162399292 91
1.0901660919189453 108
1.1326680183410645 91
1.137012004852295 108
1.1666381359100342 91
1.1925041675567627 108
1.1973450183868408 91
1.2216811180114746 108
1.3307440280914307 91
1.3307440280914307 108
1.3307440280914307 91
1.330744981765747 108
1.330744981765747 91
1.3466861248016357 108
1.3466861248016357 91
1.3810460567474365 108
1.381047010421753 91
1.422469139099121 108
1.4420440196990967 91
1.4672770500183105 108
1.467278003692627 91
1.5172500610351562 108
1.5172500610351562 62
1.545485019683838 91
1.5468151569366455 108
1.5619361400604248 92
