8374
0.0 317
0.0 95
0.002649068832397461 107
0.031503915786743164 228
0.04352998733520508 302
0.0589909553527832 212
0.08457589149475098 290
0.10724806785583496 213
0.1282799243927002 304
0.14779305458068848 210
0.16830801963806152 320
0.1884000301361084 226
0.21192097663879395 303
0.240401029586792 217
0.26978206634521484 288
0.2782149314880371 207
0.2782149314880371 62
0.2994658946990967 280
0.2994670867919922 196
0.3296818733215332 246
0.33856701850891113 167
0.36620187759399414 220
0.3862459659576416 175
0.4052870273590088 257
0.42261409759521484 175
0.44389796257019043 229
0.46590089797973633 182
0.48797607421875 255
0.5091850757598877 192
0.5357480049133301 277
0.5515899658203125 201
0.5545940399169922 123
0.5801329612731934 281
0.5940210819244385 204
0.6149430274963379 292
0.6184320449829102 211
0.6399428844451904 310
