8314
0.0 252
0.011417865753173828 179
0.027719974517822266 249
0.048889875411987305 180
0.07293105125427246 250
0.09245705604553223 184
0.11216402053833008 270
0.13753890991210938 193
0.15594792366027832 280
0.1607658863067627 201
0.22597599029541016 191
0.2278919219970703 250
0.24289202690124512 179
0.2608909606933594 225
0.2837948799133301 164
0.3160538673400879 196
0.32456207275390625 153
0.3523240089416504 208
0.3680288791656494 154
0.39255785942077637 209
0.4108588695526123 156
0.43288302421569824 201
0.4568290710449219 159
0.4779379367828369 217
0.4779388904571533 162
0.49690794944763184 223
0.5197279453277588 167
0.5409760475158691 237
0.5650339126586914 169
0.5814480781555176 230
0.6048898696899414 160
0.6261160373687744 217
0.6539618968963623 174
0.6703000068664551 241
0.6888399124145508 178
0.7149550914764404 225
0.7303159236907959 163
0.7522380352020264 212
0.7733979225158691 158
0.7968580722808838 201
0.7968590259552002 137
0.816417932510376 160
