8376
0.0 210
0.00524592399597168 284
0.02504587173461914 201
0.04001283645629883 267
0.06503891944885254 189
0.08504891395568848 254
0.19748592376708984 196
0.19748687744140625 261
0.19748783111572266 190
0.19748783111572266 250
0.19748878479003906 188
0.21517491340637207 295
0.23518896102905273 206
0.2452249526977539 320
0.2603797912597656 222
0.27242493629455566 107
0.29524993896484375 281
0.3047809600830078 190
0.32265186309814453 310
0.34354496002197266 200
0.36966800689697266 304
0.3850409984588623 210
0.4242269992828369 261
0.4242279529571533 195
0.4754509925842285 260
0.4803938865661621 186
0.4803948402404785 239
0.5094897747039795 176
0.5493819713592529 243
0.5493829250335693 189
0.5600779056549072 273
0.5797879695892334 217
0.5947668552398682 311
0.6255128383636475 218
0.6398580074310303 266
0.6759278774261475 207
