8256
0.0 85
0.0 102
0.006102085113525391 85
0.01993703842163086 102
0.029662132263183594 85
0.0547029972076416 102
0.07924699783325195 85
0.09876799583435059 102
0.09876894950866699 85
0.11480998992919922 102
0.13898396492004395 85
0.1602339744567871 102
0.17908000946044922 85
0.21389508247375488 102
0.22888898849487305 85
0.24863815307617188 102
0.2698049545288086 85
0.29385805130004883 102
0.30935001373291016 85
0.32923007011413574 102
0.349045991897583 85
0.38419198989868164 102
0.39492011070251465 90
0.3991060256958008 95
0.4287450313568115 102
0.42874598503112793 85
0.4549379348754883 102
0.4549379348754883 105
0.4588470458984375 85
0.47919607162475586 102
0.49889111518859863 85
0.5351059436798096 102
0.5435540676116943 85
0.5637900829315186 102
0.5946509838104248 85
0.6154360771179199 102
0.6236929893493652 85
0.6603929996490479 102
0.6841380596160889 85
0.6988730430603027 102
0.7191059589385986 85
0.7352869510650635 102
0.7441799640655518 85
0.7777011394500732 121
0.7903461456298828 103
0.803987979888916 144
0.8604700565338135 104
0.8663790225982666 113
0.8697669506072998 89
0.9045131206512451 111
0.9045140743255615 87
0.9392471313476562 116
0.9602329730987549 98
0.9747791290283203 120
0.9899871349334717 95
1.02537202835083 102
1.0451879501342773 85
1.0936450958251953 102
1.098879098892212 85
1.1040680408477783 102
1.1488780975341797 85
1.2103910446166992 102
1.2103910446166992 85
1.2151241302490234 102
1.2200860977172852 85
1.224501132965088 102
1.224501132965088 85
1.2818081378936768 102
1.2842259407043457 85
1.4348130226135254 102
1.4348139762878418 85
1.4348139762878418 102
1.438979148864746 85
1.4439749717712402 102
1.4439759254455566 85
1.4497931003570557 107
1.449794054031372 95
1.4645459651947021 85
1.4645469188690186 102
1.4653129577636719 105
1.4700040817260742 85
1.5197410583496094 102
1.5197420120239258 85
1.539492130279541 102
1.558722972869873 85
1.5897350311279297 102
