8254
0.0 117
0.010601997375488281 107
0.049681901931762695 146
0.06054210662841797 120
0.09035992622375488 145
0.1270589828491211 101
0.1270589828491211 127
0.3168809413909912 96
0.3168818950653076 108
0.3168818950653076 88
0.3168818950653076 105
0.3168818950653076 85
0.3168818950653076 108
0.3168830871582031 88
0.3168830871582031 105
0.3168830871582031 85
0.3168830871582031 108
0.3417799472808838 98
0.37683701515197754 140
0.37873291969299316 101
0.392117977142334 145
0.43635010719299316 103
0.4378340244293213 116
0.46808695793151855 95
0.47451305389404297 108
0.5710508823394775 88
0.571052074432373 105
0.571052074432373 85
0.571052074432373 108
0.571052074432373 88
0.5933949947357178 105
0.5978639125823975 85
0.7209300994873047 127
0.7209300994873047 125
0.7209300994873047 210
0.7209300994873047 131
0.7209300994873047 169
0.7535219192504883 141
0.7535231113433838 95
0.7582581043243408 153
0.789788007736206 118
0.8034000396728516 149
0.8038079738616943 101
0.8451991081237793 145
0.8452000617980957 108
0.9032618999481201 168
0.905095100402832 139
0.9080159664154053 214
0.9113819599151611 107
0.9477639198303223 149
0.9593040943145752 192
0.9761550426483154 123
0.9983658790588379 133
1.0346310138702393 100
1.035857915878296 122
1.0500540733337402 97
1.0938398838043213 133
1.0938410758972168 109
1.1245028972625732 122
1.1245040893554688 95
1.1477138996124268 102
1.1734709739685059 85
1.179744005203247 101
1.3663699626922607 88
1.3663709163665771 110
1.3663721084594727 100
1.3663721084594727 129
1.3663721084594727 97
1.366373062133789 108
1.366373062133789 62
1.366373062133789 88
