8215
0.0 85
0.011992931365966797 102
0.02674388885498047 85
0.0803518295288086 102
0.080352783203125 85
0.09699797630310059 102
0.11779189109802246 85
0.15767288208007812 102
0.15767383575439453 85
0.16767477989196777 102
0.17205286026000977 85
0.17205381393432617 107
0.20258378982543945 102
0.2265479564666748 85
0.2444169521331787 102
0.2631969451904297 85
0.287139892578125 102
0.32652997970581055 85
0.3417549133300781 102
0.3517489433288574 85
0.40271592140197754 102
0.40271687507629395 85
0.4376487731933594 102
0.4425637722015381 85
0.4771299362182617 102
0.4771308898925781 85
0.4869987964630127 102
0.5015978813171387 85
0.5223789215087891 102
0.5620307922363281 97
0.5769639015197754 134
0.5917549133300781 100
0.6165189743041992 118
0.6775879859924316 96
0.6811718940734863 108
0.6811728477478027 91
0.7116348743438721 108
0.7116367816925049 91
0.7673599720001221 108
0.7673618793487549 91
0.7969329357147217 108
0.7969338893890381 91
0.8017549514770508 108
0.8356339931488037 96
0.8356339931488037 95
0.8406548500061035 108
0.8764088153839111 91
0.8875939846038818 108
0.9068019390106201 91
0.9219648838043213 108
0.9793767929077148 91
0.9793779850006104 108
1.0166559219360352 91
1.031599998474121 108
1.0425729751586914 91
1.0675458908081055 108
1.0827608108520508 91
1.1247739791870117 108
1.1247749328613281 91
1.1247749328613281 108
1.1549367904663086 91
1.1879467964172363 108
1.1879467964172363 107
1.2000279426574707 91
1.2073729038238525 108
1.2269668579101562 91
1.2539918422698975 114
1.277512788772583 95
1.3083159923553467 116
1.327096939086914 92
1.361764907836914 62
1.3617658615112305 102
1.3679208755493164 85
1.3718538284301758 102
1.4276278018951416 85
1.4276278018951416 102
1.4379808902740479 85
1.4568219184875488 102
1.4827349185943604 89
1.5846428871154785 116
1.5846428871154785 96
1.5846428871154785 116
1.5846428871154785 92
1.5969128608703613 102
