8432
0.0 310
0.031683921813964844 213
0.04310894012451172 269
0.08000302314758301 205
0.0883779525756836 279
0.1090400218963623 201
0.12843704223632812 302
0.16786694526672363 219
0.17144489288330078 327
0.20772004127502441 227
0.20772004127502441 95
0.21550703048706055 297
0.21550798416137695 207
0.23256897926330566 311
0.25852489471435547 217
0.2783329486846924 321
0.30260396003723145 230
0.30260491371154785 62
0.34181904792785645 302
0.34182000160217285 226
0.34182000160217285 107
0.3625180721282959 298
0.3861820697784424 212
0.4072270393371582 277
0.4302830696105957 207
0.450347900390625 298
0.4823110103607178 214
0.4901249408721924 303
0.5201289653778076 214
0.5545499324798584 308
0.5545508861541748 231
0.5545520782470703 304
0.5755839347839355 222
0.5821709632873535 123
0.598567008972168 294
