8232
0.0 108
0.015380144119262695 88
0.019726991653442383 105
0.0697021484375 85
0.0801229476928711 111
0.08990001678466797 94
0.11977696418762207 114
0.12980103492736816 91
0.1803750991821289 102
0.1803750991821289 85
0.19835710525512695 123
0.23025012016296387 102
0.23025012016296387 85
0.23927903175354004 102
0.28069496154785156 85
0.28069496154785156 102
0.28487610816955566 85
0.3393070697784424 102
0.3393070697784424 85
0.34969115257263184 102
0.38988614082336426 85
0.3995640277862549 102
0.3995640277862549 85
0.45285701751708984 102
0.45285797119140625 85
0.4994211196899414 102
0.4994220733642578 85
0.5496909618377686 102
0.5496909618377686 85
0.5597050189971924 102
0.5996980667114258 85
0.5996980667114258 102
0.6098201274871826 85
0.6600329875946045 102
0.6600339412689209 85
0.6695470809936523 102
0.7100059986114502 85
0.7197949886322021 107
0.7197971343994141 95
0.7298309803009033 85
0.7597999572753906 102
0.7727210521697998 85
0.8206610679626465 102
0.8206610679626465 85
0.8797130584716797 102
0.885138988494873 85
0.8897120952606201 102
0.8897130489349365 85
0.910006046295166 107
0.9296081066131592 102
0.9296081066131592 85
0.984935998916626 102
0.984935998916626 85
0.995197057723999 102
1.0143239498138428 85
1.059973955154419 102
1.064669132232666 85
1.0697009563446045 102
1.0898220539093018 85
1.1399590969085693 102
1.1399600505828857 85
1.1949081420898438 102
1.199470043182373 85
1.204646110534668 102
1.2097890377044678 85
1.270862102508545 102
1.270862102508545 85
1.2792880535125732 102
1.289952039718628 85
1.3194389343261719 102
1.3296120166778564 85
1.3813159465789795 102
1.3813159465789795 85
1.3906080722808838 102
1.4305810928344727 85
1.4400250911712646 102
1.479607105255127 85
1.4796080589294434 102
1.52012300491333 85
1.52012300491333 102
1.560014009475708 85
1.560014009475708 102
1.5743961334228516 85
1.5945830345153809 102
1.6048190593719482 85
1.6450729370117188 102
1.6697461605072021 85
