8238
0.0 145
0.02122187614440918 218
0.04741096496582031 171
0.06902098655700684 253
0.08486294746398926 171
0.10548996925354004 241
0.11058592796325684 167
0.12781500816345215 180
0.1526048183441162 147
0.170881986618042 206
0.1946549415588379 152
0.21750783920288086 223
0.23222088813781738 155
0.2531599998474121 219
0.2765648365020752 167
0.29680705070495605 230
0.31833696365356445 172
0.3452129364013672 255
0.36838793754577637 177
0.3882789611816406 234
0.40609002113342285 162
0.4252619743347168 208
0.4348428249359131 146
0.45192694664001465 161
0.46806883811950684 116
0.47806501388549805 62
0.49570393562316895 142
0.5139398574829102 106
0.5300838947296143 131
0.5565838813781738 100
0.5746228694915771 127
0.595228910446167 102
0.6217079162597656 124
0.6522200107574463 100
0.6522209644317627 95
0.6601359844207764 126
0.6795699596405029 104
0.7080848217010498 145
0.7288858890533447 111
0.7460918426513672 146
0.7509670257568359 110
0.7610549926757812 123
0.769150972366333 129
0.7889139652252197 104
0.8097889423370361 122
0.8311688899993896 94
0.8779950141906738 105
0.8924360275268555 86
0.8969728946685791 99
0.8998239040374756 107
0.9153168201446533 83
0.9394638538360596 111
0.9599208831787109 138
0.9823429584503174 250
1.002586841583252 180
