8281
0.0 215
0.021867990493774414 147
0.045140981674194336 174
0.04514193534851074 129
0.06677985191345215 146
0.06804394721984863 107
0.08687090873718262 116
0.10467004776000977 150
0.1262340545654297 111
0.1508798599243164 149
0.1723480224609375 111
0.18957304954528809 147
0.2121260166168213 110
0.2336108684539795 143
0.25551891326904297 112
0.2798478603363037 139
0.2977008819580078 110
0.3231019973754883 140
0.34358787536621094 108
0.36785101890563965 133
0.36785101890563965 108
0.3847479820251465 131
0.4014708995819092 104
0.43440890312194824 128
0.4496338367462158 106
0.46813201904296875 141
0.5107018947601318 118
0.5107028484344482 187
0.5518178939819336 159
0.55181884765625 258
0.5736000537872314 171
0.630457878112793 231
0.6502468585968018 173
0.6502480506896973 226
0.6628439426422119 169
0.6826949119567871 212
0.6826958656311035 144
0.7043118476867676 158
0.7240569591522217 112
0.7452669143676758 135
0.7688460350036621 105
0.7893788814544678 127
0.8093650341033936 101
0.8323619365692139 123
0.8541829586029053 102
0.8770148754119873 134
0.8972179889678955 136
0.9201149940490723 235
0.9201159477233887 95
0.9386069774627686 193
0.9609379768371582 312
0.985651969909668 230
1.003859043121338 316
1.0038609504699707 204
