8203
0.0 154
0.019006013870239258 200
0.042253971099853516 136
0.06257891654968262 150
0.08685493469238281 151
0.10449814796447754 225
0.12809205055236816 158
0.15099191665649414 153
0.1668720245361328 119
0.171828031539917 95
0.1755070686340332 105
0.19226503372192383 162
0.21185898780822754 155
0.2334280014038086 251
0.233428955078125 203
0.28763294219970703 268
0.30330801010131836 203
0.30330896377563477 293
0.3195810317993164 213
0.3386409282684326 310
0.3610091209411621 220
0.3827841281890869 307
0.4043920040130615 221
0.4280540943145752 301
0.44686198234558105 228
0.47185492515563965 323
0.49082207679748535 231
0.5129330158233643 310
0.5306079387664795 218
0.5513529777526855 300
0.556887149810791 209
0.57796311378479 267
0.5965590476989746 192
0.6182069778442383 254
0.6407020092010498 186
0.6608419418334961 264
0.6843540668487549 198
0.7028970718383789 270
