8263
0.0 182
0.022614002227783203 231
0.04295206069946289 165
0.06463003158569336 248
0.08470916748046875 163
0.10760998725891113 208
0.1259920597076416 154
0.14977717399597168 239
0.14977812767028809 173
0.1764230728149414 223
0.19242405891418457 162
0.23461198806762695 204
0.2527451515197754 144
0.2527461051940918 95
0.2527461051940918 135
0.2527470588684082 105
0.27591395378112793 130
0.3059661388397217 212
0.3176870346069336 143
0.34087109565734863 219
0.35895609855651855 181
0.3844480514526367 258
0.40183115005493164 170
0.42340517044067383 251
0.4443540573120117 185
0.4681110382080078 243
0.47361016273498535 151
0.4881610870361328 199
0.5153501033782959 156
0.5299711227416992 175
0.5611319541931152 137
0.5740721225738525 173
0.5966429710388184 130
0.5966441631317139 62
0.6172101497650146 174
0.639894962310791 131
0.6624951362609863 202
0.6846890449523926 134
0.7119641304016113 187
0.7283689975738525 135
0.7452449798583984 165
0.7656619548797607 165
0.7887451648712158 277
0.7887461185455322 203
0.8129081726074219 274
0.8273789882659912 210
