8394
0.0 133
0.029570817947387695 148
0.029572010040283203 129
0.03902482986450195 201
0.057843923568725586 158
0.07961082458496094 262
0.07961201667785645 95
0.12799596786499023 176
0.12799692153930664 263
0.15308499336242676 188
0.1692948341369629 209
0.18992280960083008 123
0.18992280960083008 141
0.2105720043182373 176
0.2374708652496338 130
0.25348591804504395 159
0.27255797386169434 118
0.2967250347137451 147
0.3178539276123047 131
0.31937193870544434 107
0.3382689952850342 197
0.3382689952850342 161
0.36047887802124023 234
0.3846588134765625 161
0.42971301078796387 222
0.4494948387145996 160
0.4494960308074951 221
0.4680368900299072 153
0.49362683296203613 204
0.5115878582000732 159
0.5327029228210449 227
0.5492749214172363 178
0.5761978626251221 250
0.610083818435669 183
0.617264986038208 227
0.6591110229492188 132
0.6591119766235352 160
0.6622018814086914 116
0.6955089569091797 108
0.7010369300842285 87
0.7265398502349854 126
0.7438869476318359 106
0.7769219875335693 169
0.8045728206634521 118
0.8102648258209229 164
0.8352999687194824 114
0.8612968921661377 147
0.8733928203582764 127
0.9013838768005371 211
0.9309418201446533 157
0.935175895690918 221
