8248
0.0 136
0.022298097610473633 150
0.04034709930419922 113
0.061431169509887695 156
0.0614321231842041 95
0.06670808792114258 105
0.08690595626831055 122
0.10559916496276855 169
0.1268010139465332 122
0.15079402923583984 164
0.16985607147216797 123
0.19204211235046387 140
0.19204211235046387 105
0.21153807640075684 132
0.23186612129211426 105
0.2521631717681885 124
0.2751171588897705 100
0.2970609664916992 123
0.31974005699157715 97
0.3401520252227783 123
0.35953807830810547 98
0.3849160671234131 127
0.40332818031311035 100
0.42644309997558594 138
0.4480171203613281 118
0.4676811695098877 167
0.47289514541625977 62
0.49256014823913574 151
0.51273512840271 227
0.51273512840271 150
0.5324001312255859 203
0.5521471500396729 149
0.5758171081542969 174
0.5993940830230713 130
0.6159930229187012 154
0.6372811794281006 119
0.6601650714874268 147
0.6801860332489014 108
0.7309479713439941 130
0.7349259853363037 123
0.7349281311035156 102
0.7473399639129639 117
0.7679061889648438 93
0.789107084274292 120
0.8066611289978027 98
0.8268551826477051 118
0.8317210674285889 99
0.8497951030731201 125
0.87186598777771 98
0.8929450511932373 124
0.9159400463104248 98
0.940216064453125 126
0.9612560272216797 101
0.9816989898681641 123
0.9997050762176514 99
1.0196561813354492 121
1.0433640480041504 97
1.0666840076446533 129
1.0666849613189697 95
1.0666861534118652 105
1.0821740627288818 101
1.1084210872650146 124
1.1330370903015137 100
1.1524600982666016 122
1.157149076461792 100
1.173048973083496 131
1.1950640678405762 103
