8356
0.0 195
0.021246910095214844 260
0.045699119567871094 204
0.06263899803161621 291
0.08403205871582031 209
0.10953712463378906 276
0.1268160343170166 198
0.14795398712158203 274
0.15085911750793457 198
0.17338013648986816 304
0.1922159194946289 224
0.21238207817077637 316
0.23378992080688477 228
0.25116705894470215 62
0.25647997856140137 312
0.27904701232910156 234
0.27904701232910156 95
0.3008239269256592 308
0.3222980499267578 227
0.34064698219299316 308
0.36446595191955566 228
0.38406991958618164 319
0.4041149616241455 232
0.42754602432250977 324
0.4478321075439453 223
0.46907496452331543 310
0.46907591819763184 213
0.4889030456542969 282
0.49474501609802246 107
0.5133531093597412 211
0.5312480926513672 295
0.5372109413146973 123
0.5542800426483154 229
0.5758790969848633 316
0.5959000587463379 221
