65583
0.0 54
0.023031949996948242 115
0.04464983940124512 54
0.0464169979095459 116
0.05113792419433594 70
0.05113792419433594 82
0.06438589096069336 116
0.07240700721740723 177
0.07976484298706055 1131
0.07976484298706055 1130
0.07993698120117188 54
0.08130979537963867 116
0.08559298515319824 1130
0.08616089820861816 1130
0.08671998977661133 54
0.09265899658203125 54
0.09265899658203125 54
0.09265899658203125 54
0.0997929573059082 116
0.10952496528625488 1070
0.10976099967956543 1069
0.11070799827575684 1069
0.11070799827575684 1069
0.11070799827575684 1069
0.11070799827575684 54
0.11070799827575684 1069
0.11070799827575684 1069
0.11070799827575684 1069
0.11070799827575684 1069
0.11758995056152344 54
0.12012887001037598 118
0.13107895851135254 70
0.13899588584899902 115
0.1582779884338379 118
0.17441487312316895 54
0.17441487312316895 54
0.17915081977844238 116
0.1882028579711914 177
0.1947329044342041 54
0.19539880752563477 1012
0.19545793533325195 1011
0.19799184799194336 115
0.2009449005126953 1011
0.2009449005126953 1011
0.2009449005126953 1011
0.2038419246673584 54
0.21102285385131836 70
0.2172999382019043 116
0.23938679695129395 116
0.2399599552154541 54
0.24208998680114746 177
0.24727392196655273 984
0.24727392196655273 983
0.24727392196655273 983
0.24727392196655273 983
0.24910497665405273 54
0.25415682792663574 54
0.25415682792663574 54
0.25415682792663574 54
0.2579197883605957 116
0.2791769504547119 118
0.29204297065734863 70
0.3004298210144043 118
0.3020789623260498 54
0.3020789623260498 54
0.31018590927124023 177
0.31754589080810547 54
0.31754589080810547 872
0.3178110122680664 871
0.31832098960876465 871
0.31832098960876465 871
0.31936001777648926 116
0.32415080070495605 54
0.33733201026916504 116
0.36132287979125977 118
0.371135950088501 66
0.37723278999328613 177
0.38205599784851074 116
0.38205599784851074 54
0.38226795196533203 868
0.3826889991760254 867
0.3828108310699463 867
0.3829038143157959 867
0.3851659297943115 54
0.38918280601501465 54
0.3892538547515869 54
0.39782285690307617 116
0.4179668426513672 116
0.4398338794708252 118
0.4414238929748535 177
0.44677186012268066 54
0.4497499465942383 54
0.4497499465942383 855
0.4497499465942383 854
0.4497499465942383 854
0.4497499465942383 854
0.4512598514556885 70
0.45657801628112793 54
0.45911383628845215 145
0.4793109893798828 147
0.4992539882659912 143
0.5064198970794678 177
0.5091648101806641 54
0.511542797088623 849
0.5115699768066406 848
0.5115699768066406 848
0.511793851852417 848
0.513267993927002 54
0.5179178714752197 132
0.5183730125427246 54
0.5314629077911377 70
0.5380358695983887 122
0.5519750118255615 82
0.5640809535980225 119
0.5731778144836426 54
0.5778028964996338 177
0.5800108909606934 119
0.5852868556976318 54
0.5859179496765137 914
0.5863378047943115 913
0.5863378047943115 913
0.5864717960357666 913
0.5930349826812744 54
0.593113899230957 54
0.593256950378418 54
0.5983679294586182 121
0.6151688098907471 70
0.619271993637085 118
0.6380939483642578 54
0.643225908279419 121
0.6510188579559326 177
0.6561238765716553 855
0.6561238765716553 854
0.6561238765716553 854
0.6561238765716553 854
0.6581149101257324 54
0.6588950157165527 121
0.663165807723999 54
0.678778886795044 119
0.6912670135498047 70
0.6981229782104492 118
0.7044389247894287 54
0.715569019317627 177
0.7208437919616699 118
0.7214179039001465 895
0.7214179039001465 894
0.7214179039001465 894
0.7214179039001465 894
0.7222299575805664 54
0.7281630039215088 54
0.7378489971160889 119
0.7503437995910645 168
0.7582018375396729 118
0.7651128768920898 54
0.7651128768920898 54
0.7714087963104248 70
0.7791638374328613 120
0.7832989692687988 177
0.7907090187072754 854
0.7909049987792969 54
0.7909049987792969 853
0.7909049987792969 853
0.7909049987792969 853
0.7972898483276367 54
0.7979857921600342 118
0.8174469470977783 118
0.8381679058074951 118
0.8404679298400879 177
0.8450579643249512 54
0.8464999198913574 846
0.8468928337097168 845
0.8470909595489502 845
0.8470909595489502 845
0.8470909595489502 54
0.8517458438873291 70
0.8534448146820068 54
0.8534448146820068 54
0.859461784362793 118
0.8789269924163818 117
