66115
0.0 744
0.0 102
0.005733966827392578 744
0.010753154754638672 744
0.015977144241333008 85
0.12356209754943848 76
0.12356209754943848 102
0.12356209754943848 85
0.12356209754943848 102
0.12356209754943848 740
0.12356305122375488 740
0.12356305122375488 740
0.12356305122375488 85
0.12356400489807129 740
0.12356400489807129 740
0.12356400489807129 740
0.1235649585723877 740
0.1235649585723877 102
0.1235649585723877 740
0.1235649585723877 740
0.1235661506652832 1150
0.1235661506652832 1150
0.1235661506652832 1150
0.12356710433959961 1150
0.13005805015563965 1150
0.13005805015563965 90
0.13005805015563965 95
0.13013195991516113 132
0.13807916641235352 1150
0.13807916641235352 1150
0.14422106742858887 1150
0.1517021656036377 1150
0.1517031192779541 102
0.1678621768951416 85
0.20846796035766602 102
0.21476197242736816 603
0.21548914909362793 603
0.21548914909362793 603
0.21548914909362793 85
0.2222461700439453 603
0.23494505882263184 102
0.24957513809204102 690
0.24957513809204102 85
0.24957513809204102 690
0.2543940544128418 690
0.2773900032043457 102
0.29946398735046387 85
0.31932497024536133 102
0.3247389793395996 636
0.3421511650085449 636
0.3421511650085449 85
0.34215211868286133 636
0.34618496894836426 636
0.3631160259246826 102
0.371549129486084 85
0.371549129486084 1038
0.3715500831604004 1038
0.4021329879760742 1038
0.4021341800689697 1038
0.4021341800689697 102
0.4035210609436035 85
0.44005799293518066 102
0.4637610912322998 1228
0.4637620449066162 1228
0.4637620449066162 1228
0.4637620449066162 1228
0.4637629985809326 85
0.4637629985809326 1228
0.4637629985809326 1228
0.4740750789642334 1228
0.48081207275390625 102
0.48081302642822266 1228
0.48081302642822266 1228
0.49138307571411133 85
0.5066461563110352 1056
0.5066471099853516 1056
0.506648063659668 1056
0.5094990730285645 1056
0.5095000267028809 102
0.533627986907959 85
0.5850000381469727 102
0.5850009918212891 615
0.5850009918212891 615
0.5850021839141846 85
0.5850021839141846 615
0.5900909900665283 615
0.5955510139465332 102
0.781203031539917 85
0.7812039852142334 102
0.7812039852142334 620
0.7812051773071289 620
0.7812051773071289 85
0.7812051773071289 620
0.7812051773071289 620
0.7812061309814453 102
0.7812061309814453 85
0.7812061309814453 619
0.7812070846557617 619
0.7812070846557617 102
0.7812070846557617 619
0.7812080383300781 619
0.7812080383300781 85
0.7812080383300781 62
0.7812080383300781 682
0.7812089920043945 102
0.7812089920043945 682
0.78121018409729 682
0.78121018409729 682
0.78121018409729 682
0.7812111377716064 85
0.7812111377716064 682
0.7812120914459229 682
0.7812120914459229 682
0.7854499816894531 682
0.7892370223999023 102
0.8102750778198242 85
0.8289279937744141 1284
0.8289279937744141 1284
