66344
0.0 1167
0.00615692138671875 1167
0.011451959609985352 216
0.011459112167358398 1167
0.016448020935058594 84
0.03319597244262695 225
0.04025101661682129 994
0.04523491859436035 994
0.050399065017700195 994
0.05465197563171387 227
0.05468893051147461 91
0.057257890701293945 994
0.06188511848449707 994
0.06456995010375977 91
0.06739306449890137 994
0.0721590518951416 994
0.07698607444763184 994
0.08197808265686035 994
0.0871880054473877 247
0.0872800350189209 994
0.09241890907287598 939
0.09757208824157715 939
0.10236501693725586 939
0.10755801200866699 227
0.10756206512451172 608
0.11269903182983398 608
0.11773109436035156 608
0.12251496315002441 608
0.12776589393615723 227
0.12777209281921387 608
0.15129494667053223 122
0.17058897018432617 297
0.17324209213256836 1074
0.17849302291870117 1074
0.19211196899414062 282
0.20424509048461914 1292
0.20929598808288574 1292
0.21415400505065918 282
0.21425294876098633 1292
0.22628092765808105 112
0.22897601127624512 1132
0.23413300514221191 1132
0.24528288841247559 292
0.26611900329589844 286
0.266124963760376 994
0.27089691162109375 994
0.27821898460388184 994
0.2833840847015381 994
0.29026007652282715 292
0.2902669906616211 994
0.30947399139404297 109
0.33119702339172363 273
0.33872509002685547 1197
0.3444490432739258 1197
0.34957194328308105 1197
0.3519289493560791 265
0.367840051651001 946
0.37291407585144043 262
0.37303996086120605 946
0.3780241012573242 946
0.383105993270874 87
0.3831460475921631 946
0.3886539936065674 946
0.39383602142333984 946
0.3986220359802246 946
0.4033670425415039 946
0.405656099319458 223
0.409761905670166 946
0.41475391387939453 944
0.41983699798583984 944
0.4242720603942871 944
0.42675089836120605 242
0.43390393257141113 772
0.4412500858306885 772
0.4462110996246338 772
0.44891810417175293 238
0.4527449607849121 772
0.45752906799316406 772
0.4702780246734619 80
0.4914400577545166 215
0.4940938949584961 866
0.4990360736846924 866
0.5135359764099121 217
0.5330719947814941 209
0.5330760478973389 998
0.5392301082611084 998
0.544226884841919 77
0.5442318916320801 998
0.5508570671081543 998
0.5578498840332031 998
0.5631260871887207 998
0.5652949810028076 176
0.570328950881958 998
