66298
0.0 147
0.005637168884277344 74
0.02430415153503418 149
0.02855515480041504 54
0.03721904754638672 1186
0.037473201751708984 1185
0.037696123123168945 1185
0.04187202453613281 151
0.04322218894958496 54
0.053588151931762695 168
0.059565067291259766 54
0.060758113861083984 152
0.06141018867492676 174
0.06645607948303223 54
0.08056902885437012 155
0.08537101745605469 70
0.09273719787597656 54
0.10346102714538574 148
0.10616207122802734 872
0.10616207122802734 871
0.10647010803222656 871
0.10647010803222656 871
0.11446404457092285 54
0.11446404457092285 54
0.11446404457092285 54
0.1199181079864502 54
0.1212151050567627 174
0.12140917778015137 136
0.12724900245666504 54
0.12724900245666504 54
0.14089417457580566 116
0.16016411781311035 54
0.16071414947509766 135
0.1648881435394287 70
0.1722412109375 845
0.1722412109375 844
0.1722412109375 844
0.1722412109375 844
0.17831206321716309 54
0.17831206321716309 54
0.17831206321716309 54
0.18046903610229492 124
0.18697118759155273 174
0.19297409057617188 54
0.1993870735168457 118
0.22144508361816406 116
0.23636507987976074 54
0.23746705055236816 834
0.2378230094909668 833
0.2378230094909668 833
0.23804020881652832 833
0.2405261993408203 119
0.24331903457641602 54
0.24331903457641602 54
0.24557018280029297 70
0.25397610664367676 174
0.25992417335510254 54
0.2616231441497803 117
0.26547908782958984 82
0.2808651924133301 116
0.3006441593170166 54
0.30558204650878906 116
0.30570411682128906 1168
0.30570411682128906 1167
0.30570411682128906 1167
0.31142711639404297 54
0.31142711639404297 54
0.3204810619354248 116
0.3213951587677002 174
0.32528018951416016 70
0.32743406295776367 54
0.34050416946411133 117
0.34473514556884766 54
0.34473514556884766 54
0.3601510524749756 116
0.36486220359802246 54
0.36547422409057617 54
0.3717210292816162 1176
0.37185001373291016 1175
0.3725090026855469 1175
0.3773322105407715 54
0.37735915184020996 54
0.38324403762817383 118
0.38689208030700684 174
0.38880014419555664 54
0.3925762176513672 54
0.4006021022796631 116
0.4052770137786865 70
0.42116713523864746 117
0.42760705947875977 54
0.42760705947875977 54
0.4379861354827881 1168
0.4379861354827881 1167
0.44038820266723633 116
0.4423041343688965 453
0.4423041343688965 1167
0.4433290958404541 54
0.44835400581359863 54
0.45508623123168945 174
0.45981907844543457 116
0.46076107025146484 54
0.48169803619384766 116
0.48653101921081543 66
0.49247121810913086 54
0.49247121810913086 54
0.5035061836242676 868
0.5035061836242676 867
0.5035061836242676 867
0.5036771297454834 867
0.5037901401519775 116
0.5093510150909424 54
0.5197131633758545 118
0.5197131633758545 168
0.5254051685333252 54
0.5272421836853027 174
0.5416011810302734 116
0.5565171241760254 54
0.5567240715026855 54
0.5614500045776367 115
0.5652711391448975 70
0.5704591274261475 829
0.5704591274261475 828
0.5704591274261475 828
0.5704591274261475 828
0.575707197189331 54
0.5757691860198975 54
0.5806360244750977 116
0.5856831073760986 168
0.5911722183227539 54
0.5936000347137451 174
0.600377082824707 118
0.6207911968231201 54
0.6211512088775635 116
0.628000020980835 54
0.6369562149047852 54
0.6373660564422607 832
0.6373660564422607 831
0.640451192855835 115
0.6417381763458252 831
0.6417381763458252 831
0.6432130336761475 54
0.6454870700836182 70
0.6521940231323242 168
0.657844066619873 54
0.6603450775146484 116
0.6603450775146484 174
0.6664690971374512 54
0.6806201934814453 118
0.700430154800415 54
0.7043311595916748 885
0.7043311595916748 884
0.7043311595916748 884
0.7043311595916748 884
0.7073931694030762 116
0.7102751731872559 54
0.7191410064697266 174
0.7208030223846436 115
0.724628210067749 54
0.72542405128479 70
0.7405490875244141 116
0.7607481479644775 118
0.7646021842956543 54
0.7653701305389404 82
0.7714550495147705 834
0.7714550495147705 833
0.7714550495147705 833
0.7714550495147705 833
0.7770791053771973 54
0.7795801162719727 116
0.7884581089019775 174
0.7941761016845703 54
0.7998452186584473 115
0.8048322200775146 70
0.8211860656738281 116
0.8290250301361084 54
0.8376810550689697 876
0.8376810550689697 875
0.8376810550689697 875
0.8376810550689697 875
0.8405771255493164 118
0.8435811996459961 54
0.8462181091308594 54
0.8462181091308594 54
0.855525016784668 174
0.8617491722106934 116
0.8853151798248291 66
0.8911311626434326 115
0.8957841396331787 54
0.8975110054016113 54
0.9054460525512695 116
0.9065520763397217 1185
0.9065520763397217 1184
0.9065520763397217 1184
0.9123270511627197 54
0.9123270511627197 54
0.9197020530700684 168
0.9205770492553711 118
0.9265620708465576 54
0.9315650463104248 174
0.9405481815338135 116
0.957705020904541 54
0.957705020904541 54
0.9595801830291748 115
0.966170072555542 70
0.970318078994751 1170
0.9705471992492676 1169
0.9705471992492676 1169
