66039
0.0 1073
0.0 1073
0.0 1073
0.005064964294433594 54
0.006404876708984375 116
0.015408992767333984 54
0.016705989837646484 177
0.02264094352722168 54
0.025604963302612305 116
0.04695606231689453 152
0.06941604614257812 161
0.07154202461242676 1021
0.07154202461242676 1020
0.07154202461242676 1020
0.07154202461242676 1020
0.07154202461242676 66
0.07917094230651855 54
0.07917094230651855 54
0.07917094230651855 54
0.08640003204345703 177
0.08640003204345703 161
0.09251999855041504 54
0.10681891441345215 160
0.11798310279846191 54
0.12576794624328613 151
0.13363003730773926 1077
0.13363003730773926 1076
0.13383698463439941 1076
0.13383698463439941 1076
0.13761186599731445 498
0.13761186599731445 88
0.13939690589904785 54
0.13939690589904785 54
0.1406550407409668 54
0.14866304397583008 116
0.15107989311218262 177
0.15146899223327637 70
0.15664196014404297 54
0.16640305519104004 115
0.1864769458770752 116
0.2006828784942627 1015
0.20089292526245117 1014
0.20089292526245117 1014
0.20089292526245117 1014
0.20609688758850098 129
0.20660805702209473 54
0.20954298973083496 54
0.21640491485595703 177
0.22238802909851074 54
0.2255089282989502 134
0.23177003860473633 70
0.2491130828857422 130
0.2678349018096924 1090
0.2680208683013916 1089
0.2680208683013916 1089
0.26836490631103516 1089
0.2686159610748291 156
0.27286505699157715 54
0.274507999420166 54
0.28180599212646484 54
0.28180599212646484 54
0.28556203842163086 177
0.2867000102996826 162
0.3065989017486572 166
0.3116419315338135 70
0.3266298770904541 166
0.33359289169311523 1088
0.33884692192077637 54
0.3395240306854248 1087
0.3397829532623291 1087
0.3398759365081787 1087
0.3464980125427246 173
0.3484609127044678 168
0.34912800788879395 54
0.35451793670654297 54
0.35631299018859863 177
0.365602970123291 170
0.37169790267944336 82
0.38665199279785156 165
0.3913710117340088 70
0.40081310272216797 1015
0.4017350673675537 1014
0.4017350673675537 1014
0.4017350673675537 1014
0.4066579341888428 54
0.40720105171203613 154
0.4123880863189697 143
0.41264796257019043 54
0.4183809757232666 177
0.42386889457702637 54
0.42563796043395996 139
0.4471290111541748 134
0.4680609703063965 1073
0.4680609703063965 1072
0.4680609703063965 1072
0.4680609703063965 1072
0.4680609703063965 117
0.472074031829834 66
0.47492098808288574 54
0.47692203521728516 54
0.47692203521728516 54
0.4835078716278076 177
0.48887205123901367 116
0.49263787269592285 54
0.5058488845825195 116
0.5264739990234375 116
0.5328519344329834 1010
0.5328519344329834 1009
0.5328519344329834 1009
0.5328519344329834 1009
0.538693904876709 54
0.5430600643157959 54
0.5455889701843262 116
0.5514979362487793 177
0.5518019199371338 74
0.5575258731842041 54
0.5660359859466553 118
0.5856389999389648 116
0.6066970825195312 54
0.6075189113616943 116
0.6165180206298828 177
0.6214480400085449 54
0.6221349239349365 54
0.6252119541168213 141
0.6314048767089844 74
0.6469988822937012 158
0.6669490337371826 1013
0.6669490337371826 1012
0.6670060157775879 1012
0.6670060157775879 1012
0.667726993560791 165
0.6695170402526855 54
0.6724669933319092 54
0.6724669933319092 54
0.6835029125213623 177
0.6857268810272217 164
0.6894910335540771 54
0.7063720226287842 165
0.7114920616149902 70
0.7150058746337891 137
0.7267680168151855 186
0.7327549457550049 54
0.7345349788665771 1020
0.7348530292510986 1019
0.7348530292510986 1019
0.7348530292510986 1019
0.7405350208282471 54
0.7461879253387451 153
0.7519190311431885 177
0.7575080394744873 54
0.7653260231018066 151
0.781735897064209 54
0.781735897064209 54
0.7905449867248535 150
0.7915220260620117 70
0.801832914352417 1017
0.801832914352417 1016
0.8063080310821533 126
0.8069210052490234 1016
0.8069210052490234 1016
0.8075330257415771 54
0.8075330257415771 54
0.8136088848114014 54
0.8170690536499023 177
0.817267894744873 54
0.8253970146179199 119
0.8484969139099121 128
0.8660850524902344 1078
0.8661658763885498 1077
0.8661658763885498 1077
0.8663508892059326 1077
