66301
0.0 66
0.010634183883666992 54
0.025930166244506836 177
0.03253912925720215 845
0.032946109771728516 54
0.033164024353027344 844
0.033164024353027344 844
0.03337407112121582 844
0.03989219665527344 54
0.03989219665527344 82
0.03989219665527344 54
0.07387399673461914 54
0.07961916923522949 66
0.0935361385345459 859
0.09386301040649414 858
0.09398198127746582 858
0.09398198127746582 858
0.10021114349365234 54
0.10068798065185547 54
0.1131601333618164 177
0.11791515350341797 177
0.12019801139831543 54
0.12480521202087402 54
0.13929009437561035 54
0.15818500518798828 177
0.15996813774108887 70
0.16497802734375 902
0.16497802734375 901
0.16497802734375 901
0.16497802734375 901
0.16617798805236816 351
0.17312002182006836 54
0.17337298393249512 455
0.18014216423034668 54
0.18231606483459473 176
0.22084403038024902 54
0.22393202781677246 360
0.23099803924560547 178
0.23099803924560547 54
0.23317217826843262 1017
0.23317217826843262 1016
0.23317217826843262 1016
0.23317217826843262 1016
0.23996520042419434 70
0.24094414710998535 54
0.24094414710998535 54
0.2412281036376953 455
0.2476511001586914 360
0.28099799156188965 54
0.28099799156188965 54
0.2892191410064697 360
0.29323506355285645 177
0.2951622009277344 857
0.2951622009277344 856
0.29618000984191895 54
0.3012211322784424 856
0.30141401290893555 856
0.3019070625305176 455
0.3022441864013672 54
0.3022441864013672 54
0.3081791400909424 54
0.3081791400909424 54
0.3081791400909424 54
0.30840015411376953 54
0.309218168258667 178
0.31693601608276367 178
0.32000017166137695 66
0.32282018661499023 498
0.32282018661499023 88
0.32282018661499023 216
0.34761810302734375 54
0.3561701774597168 455
0.3629322052001953 54
0.36582398414611816 856
0.36582398414611816 855
0.36594605445861816 855
0.36750006675720215 855
0.37005114555358887 178
0.3728141784667969 54
0.3791201114654541 178
0.38680005073547363 178
0.39982008934020996 70
0.41129517555236816 54
0.427793025970459 361
0.4341402053833008 176
0.4343221187591553 54
0.44085216522216797 54
0.4420640468597412 455
0.44324707984924316 1122
0.44324707984924316 1121
0.44324707984924316 1121
0.44324707984924316 1121
0.4490489959716797 54
0.45003604888916016 54
0.47425317764282227 178
0.47606420516967773 54
0.4820561408996582 70
0.48209214210510254 947
0.48209214210510254 946
0.48209214210510254 946
0.48209214210510254 946
0.48209214210510254 177
0.48226308822631836 54
0.4902331829071045 177
0.5000801086425781 177
0.5070722103118896 177
0.5371232032775879 54
0.5431020259857178 82
0.5471141338348389 924
0.5471141338348389 923
0.5471141338348389 923
0.5471930503845215 923
0.5542590618133545 54
0.5601301193237305 70
0.5614430904388428 177
0.5679421424865723 54
0.5705711841583252 344
0.5964891910552979 94
0.6056311130523682 455
0.6113080978393555 178
0.6120731830596924 863
0.6120731830596924 862
0.6123089790344238 862
0.6123089790344238 862
0.6179289817810059 54
0.6179289817810059 54
0.6190199851989746 54
0.6199691295623779 178
0.6292760372161865 178
0.636695146560669 168
0.6396541595458984 70
0.6768631935119629 178
0.68385910987854 54
0.6853561401367188 901
0.6853561401367188 900
0.6853561401367188 900
0.6853561401367188 54
0.6853561401367188 54
0.6859450340270996 900
0.6912081241607666 178
0.6930480003356934 54
0.6930480003356934 54
0.6930480003356934 54
0.6930480003356934 54
0.6981761455535889 178
0.7198150157928467 70
0.7432382106781006 847
0.7432382106781006 846
0.7432382106781006 846
0.7432382106781006 846
0.7463631629943848 54
0.7501020431518555 54
0.7998330593109131 66
0.8016281127929688 178
0.8088901042938232 54
0.8088901042938232 54
0.8107080459594727 54
0.8122131824493408 897
0.8122131824493408 896
0.8122131824493408 896
0.8122131824493408 896
0.8362910747528076 168
0.8435430526733398 54
0.870415210723877 178
0.8762481212615967 54
0.8774411678314209 54
0.8799841403961182 70
0.9050590991973877 170
0.9381270408630371 54
0.9381270408630371 54
0.9598181247711182 70
0.972038984298706 143
0.9790241718292236 178
0.9873270988464355 54
0.9909939765930176 1123
0.9909939765930176 1122
0.9909939765930176 1122
