52597
0.0 866
0.0073320865631103516 775
0.013963937759399414 175
0.014063119888305664 775
0.03598904609680176 178
0.04573798179626465 72
0.04820609092712402 1003
0.05330204963684082 1003
0.058238983154296875 1003
0.06247091293334961 128
0.06494593620300293 1003
0.06750702857971191 152
0.07006692886352539 1003
0.07661294937133789 1003
0.08097290992736816 1003
0.0861051082611084 1003
0.09035611152648926 150
0.09192705154418945 1003
0.09679007530212402 1003
0.10176801681518555 1003
0.10658907890319824 1003
0.10976195335388184 147
0.1124880313873291 932
0.11794710159301758 932
0.12501192092895508 1028
0.13007402420043945 1028
0.13269305229187012 70
0.13580989837646484 1028
0.15315604209899902 152
0.17559599876403809 148
0.17564702033996582 989
0.18075990676879883 989
0.19689297676086426 148
0.20587611198425293 79
0.2079930305480957 1311
0.21472406387329102 1311
0.2194080352783203 1311
0.22416090965270996 1311
0.2267599105834961 165
0.23036408424377441 1311
0.23632001876831055 1311
0.2409811019897461 1311
0.24690604209899902 1311
0.24792003631591797 163
0.25244593620300293 924
0.2586040496826172 924
0.269773006439209 166
0.29168009757995605 72
0.31218695640563965 157
0.31222105026245117 1202
0.31923604011535645 1202
0.3239579200744629 1202
0.333967924118042 158
0.34328389167785645 876
0.3626530170440674 876
0.3626580238342285 153
0.367077112197876 75
0.3790431022644043 1135
0.3860480785369873 1135
0.3885049819946289 151
0.3911099433898926 1135
0.39626193046569824 1135
0.403454065322876 1135
0.40808701515197754 156
0.4081399440765381 1135
0.4130089282989502 1135
0.42021894454956055 1135
0.42540597915649414 84
0.4301180839538574 158
0.43019700050354004 559
0.4352691173553467 559
0.4518160820007324 70
