66379
0.0 922
0.0047299861907958984 922
0.011955022811889648 65
0.011960029602050781 922
0.01666116714477539 922
0.02336907386779785 866
0.028393983840942383 866
0.0328221321105957 143
0.03282618522644043 1023
0.038290977478027344 1023
0.042754173278808594 1023
0.055399179458618164 144
0.0651540756225586 991
0.0701131820678711 991
0.07678413391113281 144
0.08724117279052734 65
0.10939502716064453 127
0.12974214553833008 135
0.12978100776672363 894
0.13653206825256348 894
0.1407170295715332 894
0.14611196517944336 894
0.15093207359313965 136
0.15099000930786133 894
0.15619611740112305 894
0.1613621711730957 894
0.16602301597595215 894
0.17087006568908691 894
0.17351198196411133 68
0.17593002319335938 894
0.1807270050048828 1110
0.18592500686645508 1110
0.19370508193969727 139
0.19630908966064453 1136
0.2007429599761963 1136
0.20650696754455566 1136
0.2151651382446289 139
0.22697710990905762 803
0.23356199264526367 803
0.23568010330200195 151
0.2478799819946289 68
0.26931309700012207 150
0.2895510196685791 148
0.298846960067749 1089
0.3039669990539551 1089
0.30930614471435547 1089
0.3114891052246094 147
0.31409716606140137 1089
0.32087206840515137 1089
0.32730603218078613 1089
0.3323180675506592 66
0.3323221206665039 1089
0.33705806732177734 1089
0.341994047164917 1089
0.34670400619506836 1089
0.35347509384155273 130
0.35348010063171387 1099
0.35825395584106445 1099
0.363084077835083 1099
0.3679499626159668 1099
0.3731119632720947 1050
0.37546706199645996 132
0.3780381679534912 1050
0.38301897048950195 1050
0.3878011703491211 128
0.3878061771392822 1050
0.39798808097839355 136
0.402662992477417 774
0.4069180488586426 66
0.4094681739807129 774
0.42876410484313965 131
0.4288301467895508 91
0.43354296684265137 128
0.4501769542694092 134
0.45984411239624023 1217
0.4651451110839844 1217
0.47193098068237305 132
0.47196316719055176 1217
0.4766731262207031 1217
0.483349084854126 1217
0.48778510093688965 1217
0.4920971393585205 66
0.4944770336151123 1217
0.49952006340026855 1217
0.5041279792785645 1217
0.5093309879302979 1217
0.5143990516662598 131
0.5144021511077881 1030
0.5192601680755615 1030
0.5238289833068848 1030
