65816
0.0 862
0.004611968994140625 154
0.004615068435668945 862
0.009073972702026367 862
0.01584315299987793 862
0.020261049270629883 1295
0.024682044982910156 62
0.027264118194580078 1295
0.0336301326751709 1295
0.04015707969665527 1280
0.046617984771728516 154
0.04662013053894043 91
0.046621084213256836 1280
0.05127215385437012 1280
0.05802607536315918 1280
0.0649881362915039 1280
0.0672311782836914 151
0.06958317756652832 1267
0.07417917251586914 1267
0.08118009567260742 1267
0.0888521671295166 151
0.10060715675354004 60
0.11474895477294922 1119
0.11923408508300781 1119
0.1217660903930664 128
0.12405800819396973 1119
0.13152003288269043 1119
0.1380620002746582 1119
0.14232611656188965 127
0.14446210861206055 1119
0.14551901817321777 128
0.14996814727783203 128
0.1499919891357422 1119
0.15463805198669434 1119
0.16115903854370117 1119
0.1632390022277832 124
0.16702914237976074 1119
0.173814058303833 1280
0.17809796333312988 1280
0.1848921775817871 61
0.18491196632385254 1233
0.1893150806427002 1233
0.20676207542419434 129
0.21317005157470703 899
0.2197551727294922 899
0.22784113883972168 129
0.2497551441192627 129
0.2592921257019043 63
0.27955007553100586 1053
0.28171610832214355 135
0.28428196907043457 1053
0.29050207138061523 1053
0.2974729537963867 1053
0.30222201347351074 138
0.30226612091064453 1053
0.30888795852661133 1053
0.31360507011413574 1053
0.319782018661499 1053
0.3244590759277344 138
0.3244621753692627 1053
0.32908105850219727 1318
0.33579301834106445 1318
0.34621310234069824 71
0.34624314308166504 1291
0.35257601737976074 1291
0.36548805236816406 144
0.37651705741882324 894
0.38109612464904785 894
0.3879051208496094 158
0.40932798385620117 162
0.4203970432281494 99
0.4411771297454834 224
0.44748497009277344 882
0.45383310317993164 882
0.4584519863128662 882
0.4628410339355469 213
0.4648160934448242 882
0.471127986907959 882
0.4773240089416504 882
0.4837830066680908 212
0.4838120937347412 882
0.4883270263671875 882
0.4951131343841553 882
0.5016629695892334 882
0.5039541721343994 78
0.5084860324859619 1224
