240501
0.0 906
3.3855438232421875e-05 906
4.601478576660156e-05 938
0.5081188678741455 409
1.0088160037994385 333
1.7597980499267578 389
2.000208854675293 1026
2.000236988067627 1026
2.000247001647949 1058
2.000298023223877 146
2.0003139972686768 178
2.2604780197143555 309
2.761443853378296 333
3.2616069316864014 309
3.7622740268707275 309
4.001206874847412 906
4.001230955123901 906
4.001240015029907 938
4.5136330127716064 409
5.014848947525024 313
5.7658469676971436 409
6.001573085784912 906
6.001599073410034 906
6.0016090869903564 938
6.5161449909210205 409
6.766471862792969 233
7.517974853515625 409
8.00332498550415 906
8.003355979919434 906
8.003367900848389 938
8.26907992362976 389
9.020051956176758 433
9.75931692123413 790
9.759345054626465 790
9.759355068206787 822
9.770673036575317 409
9.966120958328247 790
10.022017002105713 209
10.5224130153656 333
10.759768962860107 1038
10.759791851043701 1038
10.759801864624023 1070
11.273519039154053 389
11.760240077972412 770
11.760258913040161 770
11.760267972946167 802
11.775160074234009 313
12.525943994522095 433
12.760454893112183 338
12.760479927062988 370
12.760565996170044 146
12.76058292388916 178
12.775276899337769 209
13.526790857315063 433
13.761198997497559 922
13.761230945587158 954
14.277899980545044 409
14.76120901107788 338
14.761244058609009 370
14.778112888336182 313
15.27875304222107 333
15.53012204170227 209
15.761563062667847 1110
15.761586904525757 1110
15.761595964431763 1110
15.780538082122803 209
16.532017946243286 433
16.76247501373291 338
16.78234100341797 209
17.033668041229248 233
17.535045862197876 309
17.7624409198761 794
17.762462854385376 790
17.78536891937256 189
18.036695957183838 233
18.537843942642212 309
18.76330804824829 338
19.287981033325195 409
19.764241933822632 790
19.764271020889282 790
20.03897786140442 433
20.289331912994385 209
20.540320873260498 233
20.7642719745636 338
21.29193687438965 389
21.769227981567383 794
21.76925492286682 790
22.015032052993774 794
22.04292607307434 433
22.769213914871216 338
22.769329071044922 146
22.794053077697754 433
23.044359922409058 209
23.545546054840088 333
23.77048897743225 790
23.77051305770874 790
23.796926021575928 209
24.298107862472534 313
24.77131700515747 338
25.04911208152771 389
25.771682024002075 790
25.771699905395508 790
25.799602031707764 433
26.300270080566406 309
26.77220892906189 338
27.050493001937866 433
27.302006006240845 209
27.773261070251465 790
27.773292064666748 790
27.80164408683777 313
28.302533864974976 313
28.773491859436035 338
28.803945064544678 309
29.05430793762207 209
29.306071043014526 233
29.55658507347107 209
29.77370595932007 790
29.77372694015503 790
30.056519985198975 309
30.307873010635376 233
30.77462387084961 338
30.80852508544922 309
31.310184001922607 313
31.77599787712097 790
31.776026010513306 790
31.810412883758545 309
32.31208086013794 333
32.56140494346619 209
32.77635097503662 338
32.77637696266174 146
32.813071966171265 209
33.31290793418884 333
33.77719688415527 790
33.7772319316864 790
33.81361794471741 309
34.5651638507843 413
34.77764701843262 338
34.81549406051636 209
35.566457986831665 433
35.77904200553894 790
35.77912187576294 790
36.06764197349548 309
36.568888902664185 333
36.77932405471802 338
36.820159912109375 209
37.070513010025024 233
37.779690980911255 790
37.779725074768066 790
37.822038888931274 389
38.57226085662842 413
39.07389307022095 309
39.780585050582886 790
39.78060793876648 790
39.82490396499634 409
40.07524585723877 209
40.325567960739136 209
40.78040790557861 338
41.07659292221069 413
41.32793092727661 209
41.780741930007935 794
41.78077006340027 794
42.07845497131348 433
42.329773902893066 209
42.78159189224243 338
42.78162598609924 146
43.080852031707764 433
43.33212089538574 209
43.58248591423035 233
43.782405853271484 790
43.78243589401245 790
43.8337619304657 209
44.033766984939575 173
44.53494095802307 309
44.78279995918274 338
45.285475969314575 409
45.53696894645691 233
45.78335189819336 790
45.78338289260864 790
46.28739094734192 409
46.784061908721924 338
46.78905487060547 333
47.03937888145447 209
47.291061878204346 213
47.78488087654114 790
47.784919023513794 790
48.04177188873291 409
48.29211401939392 209
48.78482103347778 338
49.04313087463379 433
49.785207986831665 790
49.78524303436279 790
49.79312586784363 433
50.04345488548279 209
50.54339599609375 313
50.78577399253845 338
51.29440402984619 409
51.79094195365906 790
51.790971994400024 790
52.04480695724487 433
52.295140981674194 209
52.54515290260315 233
52.791938066482544 338
52.792038917541504 146
52.79585790634155 209
53.04617094993591 213
53.79204797744751 790
53.7920708656311 790
53.79699897766113 389
54.29770588874817 309
54.54855704307556 233
54.7929470539093 338
54.79992890357971 209
55.3011109828949 333
55.79430603981018 790
55.794333934783936 790
55.80174899101257 309
56.552666902542114 413
56.79443693161011 338
57.304107904434204 409
57.79479002952576 790
57.794811964035034 790
57.80378198623657 333
58.054357051849365 209
58.30501389503479 233
58.55530786514282 209
58.79573392868042 338
59.305423974990845 389
59.79681396484375 794
59.79683804512024 794
60.056771993637085 413
60.55734086036682 333
60.79725790023804 338
61.05844306945801 309
61.560137033462524 333
61.79751706123352 790
61.797544956207275 790
62.31110501289368 409
62.56145787239075 233
62.797930002212524 338
62.79803395271301 146
63.06310796737671 289
63.313469886779785 233
63.79877495765686 790
63.79881000518799 790
63.81512093544006 309
64.3154890537262 333
64.56681203842163 209
64.79921793937683 338
64.81813788414001 209
65.56882286071777 433
65.79922699928284 790
65.79925107955933 790
66.06960797309875 289
66.32086205482483 233
66.80015397071838 338
66.8220419883728 309
67.01307988166809 338
67.07237887382507 209
67.80096793174744 790
67.8009889125824 790
67.82340908050537 433
68.32502698898315 309
68.80077290534973 338
69.07604193687439 413
69.5767469406128 313
69.80167388916016 790
69.80170392990112 790
69.82756996154785 209
70.07872200012207 233
70.80182099342346 338
70.82970595359802 409
71.08029198646545 209
71.5820140838623 333
71.802983045578 790
71.80301308631897 790
72.33303904533386 409
72.8025450706482 338
72.80262398719788 146
72.83338689804077 313
73.0847430229187 209
73.5853750705719 333
73.80279207229614 790
73.80281496047974 790
73.83672285079956 209
74.33748197555542 333
74.58879685401917 209
74.80376386642456 338
74.8401870727539 209
75.34082794189453 333
75.8049988746643 790
75.80502104759216 790
76.09179997444153 389
76.59221196174622 333
76.80468487739563 338
77.34322690963745 409
77.80508399009705 790
77.80512690544128 790
77.84391903877258 333
78.09425187110901 209
78.59495496749878 333
78.80536103248596 338
78.84523487091064 209
79.09458208084106 213
79.59606695175171 289
79.80653500556946 790
79.80656003952026 790
80.07228803634644 790
80.3465690612793 409
80.59741997718811 209
80.80643486976624 338
81.34844708442688 409
81.59979391098022 233
81.8108229637146 790
81.81084203720093 790
82.35073494911194 409
82.60210490226746 213
82.81058502197266 338
82.81061601638794 146
83.10226106643677 289
83.35260891914368 233
83.60394406318665 209
83.81190395355225 790
83.81193804740906 790
84.35497188568115 409
84.81172490119934 338
84.85562896728516 333
85.35629987716675 333
85.81202387809753 790
85.81204390525818 790
85.85688900947571 289
86.10819387435913 189
86.60890197753906 333
86.8124520778656 338
87.35943102836609 409
87.61077785491943 233
87.81384301185608 790
87.81388807296753 790
88.11146187782288 309
88.36278200149536 233
88.61364793777466 209
88.81372690200806 338
89.36424398422241 389
89.81409502029419 794
89.81412696838379 790
89.86491203308105 333
90.365553855896 333
90.81446504592896 338
91.11658596992493 409
91.6172559261322 333
91.81526303291321 790
91.81528902053833 790
92.36729502677917 389
92.815190076828 338
92.81531405448914 146
93.1183168888092 433
93.36969089508057 209
93.62049102783203 233
93.81603908538818 790
93.8160810470581 790
94.1311469078064 790
94.37145686149597 409
94.8170850276947 338
95.1224319934845 409
95.8175458908081 790
95.81756901741028 790
95.87398386001587 413
96.62443089485168 433
96.81744194030762 338
96.87526392936707 209
97.62637996673584 433
97.81797885894775 790
97.81800985336304 790
97.87775492668152 209
98.06872797012329 173
98.5698869228363 309
98.81823086738586 338
98.82020998001099 209
99.06963300704956 213
99.32070398330688 229
99.81948900222778 790
99.81952285766602 790
100.07134699821472 409
100.82265186309814 433
101.32323503494263 289
101.5737738609314 209
101.8201470375061 790
101.82018494606018 790
102.32475304603577 409
102.57611989974976 233
103.32666492462158 409
103.82126498222351 810
103.8212878704071 810
104.07769107818604 409
104.82844400405884 413
105.33017206192017 309
105.58044505119324 209
105.82181096076965 790
105.8218560218811 790
106.08176803588867 309
106.822016954422 338
106.83296799659729 433
107.33370304107666 309
107.82357287406921 790
107.82364106178284 790
107.83372187614441 313
108.33442497253418 333
108.82365393638611 338
108.83560395240784 309
109.33692693710327 333
109.58777785301208 209
109.82418298721313 790
109.8242290019989 790
109.8381519317627 209
110.0754919052124 193
110.32683396339417 209
110.82457685470581 338
110.82751607894897 309
111.3286759853363 333
111.82936406135559 309
111.8296148777008 906
111.82963800430298 906
112.3306360244751 313
112.83144807815552 329
113.33243703842163 309
113.83067202568054 810
113.83073306083679 810
113.83360385894775 289
114.08445191383362 209
114.8358199596405 433
115.08715486526489 209
115.83222699165344 790
115.83225607872009 790
115.83669590950012 409
116.58824491500854 413
116.83258605003357 338
116.83853697776794 209
117.33927798271179 333
117.58953905105591 209
117.84086108207703 209
118.59190106391907 409
118.83328199386597 906
118.83331203460693 906
119.0930290222168 309
119.8440489768982 413
120.34471893310547 309
120.59553408622742 209
120.83546900749207 906
120.83550596237183 906
120.84589290618896 209
121.59644603729248 433
122.09759902954102 309
122.83623003959656 906
122.83626389503479 906
122.83630394935608 146
122.84910297393799 389
123.34979701042175 289
124.10027194023132 433
124.60187101364136 309
124.83772993087769 906
124.83776092529297 906
125.10230803489685 309
125.83787703514099 342
125.8538269996643 433
126.60432195663452 413
126.83874607086182 906
126.83877992630005 906
127.35532307624817 409
127.83960199356079 338
127.85652089118958 333
128.10768294334412 209
128.3405840396881 193
128.5918629169464 209
128.84076499938965 790
128.84078907966614 790
129.0925600528717 309
129.3434488773346 233
129.84052801132202 338
130.0943250656128 409
130.84085607528687 790
130.84088397026062 790
130.8458309173584 433
131.3470070362091 309
131.8481628894806 313
132.09848999977112 209
132.2397198677063 930
132.23974895477295 930
132.23975801467896 926
132.49948596954346 930
132.85014986991882 409
133.24016189575195 390
133.24021100997925 146
133.350830078125 309
133.50443696975708 390
134.10133004188538 409
134.24150395393372 1154
134.50926899909973 1154
134.85292196273804 389
135.35349893569946 333
135.6048300266266 209
135.85593104362488 209
136.2426118850708 1110
136.24264407157898 1110
136.24265503883362 1110
136.35628485679626 309
136.5168159008026 1110
136.6075999736786 209
137.35916185379028 433
