712493
0.0 1452
0.0007719993591308594 1452
0.0007719993591308594 1452
0.0007719993591308594 1452
0.0017101764678955078 1452
0.0017101764678955078 1452
0.0021011829376220703 1452
0.0026891231536865234 1452
0.0026891231536865234 1452
0.0030710697174072266 1452
0.003776073455810547 1452
0.003776073455810547 1452
0.003776073455810547 1452
0.0047991275787353516 1452
0.0047991275787353516 1452
0.005151033401489258 1452
0.005151033401489258 1452
0.005957126617431641 1452
0.005957126617431641 1452
0.006347179412841797 1452
0.00711512565612793 1452
0.00711512565612793 1452
0.00711512565612793 1452
0.007875204086303711 1452
0.007875204086303711 1452
0.00826716423034668 1452
0.00865316390991211 1452
0.00902414321899414 1452
0.00902414321899414 1452
0.009829998016357422 1452
0.009829998016357422 1452
0.010219097137451172 1452
0.01059103012084961 1452
0.011020183563232422 1452
0.011020183563232422 1452
0.011834144592285156 1452
0.011834144592285156 1452
0.011834144592285156 1452
0.012761116027832031 1452
0.012761116027832031 1452
0.013180971145629883 1452
0.01365208625793457 1452
0.01365208625793457 1452
0.014036178588867188 1452
0.01476597785949707 1452
0.01476597785949707 1452
0.01476597785949707 1452
0.015629053115844727 1452
0.015629053115844727 1452
0.015974998474121094 1452
0.01754307746887207 1452
0.01754307746887207 1452
0.01754307746887207 1452
0.01754307746887207 1452
0.01754307746887207 1452
0.018525123596191406 1452
0.018525123596191406 1452
0.018525123596191406 1452
0.01994800567626953 1452
0.01994800567626953 1452
0.01994800567626953 1452
0.020533084869384766 1452
0.020533084869384766 1452
0.020650148391723633 1452
0.02113819122314453 1452
0.02113819122314453 1452
0.021975994110107422 1452
0.021975994110107422 1452
0.02238607406616211 1452
0.022778034210205078 1452
0.022778034210205078 1452
0.023200035095214844 1452
0.02361917495727539 1452
0.02361917495727539 1452
0.023966073989868164 1452
0.02467513084411621 1452
0.02467513084411621 1452
0.025065183639526367 1452
0.025835037231445312 1452
0.025835037231445312 1452
0.025835037231445312 1452
0.0266721248626709 1452
0.0266721248626709 1452
0.027059078216552734 1452
0.027433156967163086 1452
0.027897119522094727 1452
0.027897119522094727 1452
0.028664112091064453 1452
0.028664112091064453 1452
0.029052019119262695 1452
0.029433012008666992 1452
0.029901981353759766 1452
0.029901981353759766 1452
0.03066110610961914 1452
0.03066110610961914 1452
0.03066110610961914 1452
0.03147315979003906 1452
0.03147315979003906 1452
0.031867027282714844 1452
0.03249502182006836 1452
0.03249502182006836 1452
0.032911062240600586 1452
0.03327202796936035 1452
0.033843994140625 1452
0.033843994140625 1452
0.03460502624511719 1452
0.03460502624511719 1452
0.03492999076843262 1452
0.03492999076843262 1452
0.035714149475097656 1452
0.035714149475097656 1452
0.03609299659729004 1452
0.03683900833129883 1452
0.03683900833129883 1452
0.03683900833129883 1452
0.03760409355163574 1452
0.03760409355163574 1452
0.03798317909240723 1452
0.03874397277832031 1452
0.03874397277832031 1452
0.03874397277832031 1452
0.03965115547180176 1452
0.03965115547180176 1452
0.04012417793273926 1452
0.040585994720458984 1452
0.040585994720458984 1452
0.040585994720458984 1452
0.04147219657897949 1452
0.04147219657897949 1452
0.04197096824645996 1452
0.04242706298828125 1452
0.042919158935546875 1452
0.042919158935546875 1452
0.04340004920959473 1452
0.04340004920959473 1452
0.043897151947021484 1452
0.04438304901123047 1452
0.04438304901123047 1452
0.044875144958496094 1452
0.04565715789794922 1452
0.04565715789794922 1452
0.046137094497680664 1452
0.04661202430725098 1452
0.04661202430725098 1452
0.04661202430725098 1452
0.047502994537353516 1452
0.047502994537353516 1452
0.047502994537353516 1452
0.048365116119384766 1452
0.048365116119384766 1452
0.049421072006225586 1452
0.049421072006225586 1452
0.05042409896850586 1452
0.05042409896850586 1452
0.05042409896850586 1452
0.05140805244445801 1452
0.05140805244445801 1452
0.05140805244445801 1452
0.052213191986083984 1452
0.052213191986083984 1452
0.052213191986083984 1452
0.053192138671875 1452
0.053192138671875 1452
0.053192138671875 1452
0.053277015686035156 1452
0.05376410484313965 1452
0.05376410484313965 1452
0.05453920364379883 1452
0.05453920364379883 1452
0.0549321174621582 1452
0.05531716346740723 1452
0.05624198913574219 1452
0.05624198913574219 1452
0.05630207061767578 1452
0.056710004806518555 1452
0.056710004806518555 1452
0.05746197700500488 1452
0.05746197700500488 1452
0.05746197700500488 1452
0.05832219123840332 1452
0.05832219123840332 1452
0.05882000923156738 1452
0.05931520462036133 1452
0.05931520462036133 1452
0.05982398986816406 1452
0.06040215492248535 1452
0.06040215492248535 1452
0.06040215492248535 1452
0.061559200286865234 1452
0.061559200286865234 1452
0.061559200286865234 1452
0.06252503395080566 1452
0.06252503395080566 1452
0.06252503395080566 1452
0.06302618980407715 1452
0.0635380744934082 1452
0.0635380744934082 1452
0.06444120407104492 1452
0.06444120407104492 1452
0.06444120407104492 1452
0.06493616104125977 1452
0.06549310684204102 1452
0.06549310684204102 1452
0.06638813018798828 1452
0.06737518310546875 1452
0.06737518310546875 1452
0.06737518310546875 1452
0.06737518310546875 1452
0.06737518310546875 1452
0.0683741569519043 1452
0.0683741569519043 1452
0.0691080093383789 1452
0.0691080093383789 1452
0.06993818283081055 1452
0.06993818283081055 1452
0.0702672004699707 1452
0.0702672004699707 1452
0.0702672004699707 1452
0.07041120529174805 1452
0.07148218154907227 1452
0.07148218154907227 1452
0.07176613807678223 1452
0.07215404510498047 1452
0.07263612747192383 1452
0.07263612747192383 1452
0.07313418388366699 1452
0.07351803779602051 1452
0.07351803779602051 1452
0.07448315620422363 1452
0.07448315620422363 1452
0.07448315620422363 1452
0.07547211647033691 1452
0.07547211647033691 1452
0.07547211647033691 1452
0.07597112655639648 1452
0.07636713981628418 1452
0.07636713981628418 1452
0.077362060546875 1452
0.077362060546875 1452
0.077362060546875 1452
0.0783531665802002 1452
0.0783531665802002 1452
0.0783531665802002 1452
0.07889008522033691 1452
0.07944202423095703 1452
0.07944202423095703 1452
0.07944202423095703 1452
0.08055710792541504 1452
0.08055710792541504 1452
0.08109903335571289 1452
0.08159708976745605 1452
0.08159708976745605 1452
0.08159708976745605 1452
0.08247518539428711 1452
0.08247518539428711 1452
0.08247518539428711 1452
0.08333015441894531 1452
0.08431410789489746 1452
0.08431410789489746 1452
0.08431410789489746 1452
0.08510112762451172 1452
0.08510112762451172 1452
0.08510112762451172 1452
0.08552098274230957 1452
0.08552098274230957 1452
0.08630800247192383 1452
0.08730316162109375 1452
0.08730316162109375 1452
0.08730316162109375 1452
0.08776998519897461 1452
0.08776998519897461 1452
0.08841300010681152 1452
0.08841300010681152 1452
0.08841300010681152 1452
0.08890914916992188 1452
0.08940911293029785 1452
0.08940911293029785 1452
0.08990597724914551 1452
0.09040999412536621 1452
0.09040999412536621 1452
0.09090709686279297 1452
0.09140205383300781 1452
0.09140205383300781 1452
0.09189105033874512 1452
0.09239315986633301 1452
0.09239315986633301 1452
0.09288597106933594 1452
0.09330320358276367 1452
0.09330320358276367 1452
0.09385514259338379 1452
0.09441208839416504 1452
0.09441208839416504 1452
0.0949699878692627 1452
0.09550309181213379 1452
0.09550309181213379 1452
0.09550309181213379 1452
0.09636306762695312 1452
0.09636306762695312 1452
0.09686803817749023 1452
0.09735798835754395 1452
0.09735798835754395 1452
0.09735798835754395 1452
0.09827017784118652 1452
0.09827017784118652 1452
0.09827017784118652 1452
0.10000300407409668 1452
0.10000300407409668 1452
0.10000300407409668 1452
0.10000300407409668 1452
0.10092997550964355 1452
0.10092997550964355 1452
0.10092997550964355 1452
0.10092997550964355 1452
0.10164999961853027 1452
0.10178804397583008 1452
0.10217714309692383 1452
0.10217714309692383 1452
0.10297417640686035 1452
0.10297417640686035 1452
0.10333108901977539 1452
0.10410118103027344 1452
0.10410118103027344 1452
0.10462117195129395 1452
0.10510396957397461 1452
0.10510396957397461 1452
0.10510396957397461 1452
0.10587215423583984 1452
0.10587215423583984 1452
0.10629796981811523 1452
0.1069791316986084 1452
0.1069791316986084 1452
0.1069791316986084 1452
0.10786318778991699 1452
0.1083672046661377 1452
0.1083672046661377 1452
0.10874319076538086 1452
0.10924410820007324 1452
0.10924410820007324 1452
0.10924410820007324 1452
0.11020517349243164 1452
0.11020517349243164 1452
0.11020517349243164 1452
0.11114907264709473 1452
0.11114907264709473 1452
0.11149811744689941 1452
0.11215519905090332 1452
0.11215519905090332 1452
0.11264204978942871 1452
0.11307311058044434 1452
0.11307311058044434 1452
0.11307311058044434 1452
0.11399698257446289 1452
0.11399698257446289 1452
0.11448812484741211 1452
0.11494708061218262 1452
0.11494708061218262 1452
0.11529302597045898 1452
0.11598420143127441 1452
0.11598420143127441 1452
0.11598420143127441 1452
0.11787104606628418 1452
0.11787104606628418 1452
0.11787104606628418 1452
0.11787104606628418 1452
0.11787104606628418 1452
0.11809110641479492 1452
0.11977601051330566 1452
0.11977601051330566 1452
0.11977601051330566 1452
0.11977601051330566 1452
0.11977601051330566 1452
0.12017607688903809 1452
0.1205899715423584 1452
0.12106013298034668 1452
0.12106013298034668 1452
0.12197113037109375 1452
0.12197113037109375 1452
0.12197113037109375 1452
0.12294816970825195 1452
0.12294816970825195 1452
0.12294816970825195 1452
0.12398409843444824 1452
0.12398409843444824 1452
0.12398409843444824 1452
0.12449097633361816 1452
0.12520718574523926 1452
0.12520718574523926 1452
0.12520718574523926 1452
0.12609219551086426 1452
0.12609219551086426 1452
0.12609219551086426 1452
0.12694907188415527 1452
0.12694907188415527 1452
0.12733912467956543 1452
0.12772512435913086 1452
0.1280961036682129 1452
0.1280961036682129 1452
0.12920713424682617 1452
0.12920713424682617 1452
0.12920713424682617 1452
0.13013720512390137 1452
0.13013720512390137 1452
0.13013720512390137 1452
0.1310880184173584 1452
0.1310880184173584 1452
0.1310880184173584 1452
0.1316061019897461 1452
0.13196301460266113 1452
0.13196301460266113 1452
0.13274312019348145 1452
0.13274312019348145 1452
0.1331331729888916 1452
0.13355517387390137 1452
0.13417410850524902 1452
0.13417410850524902 1452
0.13471603393554688 1452
0.13471603393554688 1452
0.13510513305664062 1452
0.1354830265045166 1452
0.13593697547912598 1452
0.13593697547912598 1452
0.1368579864501953 1452
0.1368579864501953 1452
0.1368579864501953 1452
0.13780999183654785 1452
0.13780999183654785 1452
0.13780999183654785 1452
0.13829708099365234 585
0.13873720169067383 1452
0.13873720169067383 1452
0.13873720169067383 1452
0.13962697982788086 1452
0.13962697982788086 1452
0.14011597633361816 1452
0.1406099796295166 1452
0.14108514785766602 1452
0.14108514785766602 1452
0.14152812957763672 1452
0.14152812957763672 1452
0.14200615882873535 1452
0.14249205589294434 1452
0.14299297332763672 1452
0.14299297332763672 1452
0.14348101615905762 1452
0.1439521312713623 1452
0.1439521312713623 1452
0.14442110061645508 1452
0.14442110061645508 1452
0.14490699768066406 1452
0.14558911323547363 1452
0.14558911323547363 1452
0.14558911323547363 1452
0.14656615257263184 1452
0.14656615257263184 1452
0.14656615257263184 1452
0.14745402336120605 1452
0.14745402336120605 1452
0.14745402336120605 1452
0.14830398559570312 1452
0.14872217178344727 1452
0.14872217178344727 1452
0.14964699745178223 1452
0.14964699745178223 1452
0.14964699745178223 1452
0.15046000480651855 1452
0.15046000480651855 1452
0.1514589786529541 1452
0.1514589786529541 1452
0.1514589786529541 1452
0.15200519561767578 1452
0.1520531177520752 1452
0.15245819091796875 1452
0.15245819091796875 1452
0.15334200859069824 1452
0.15334200859069824 1452
0.15372800827026367 1452
0.15372800827026367 1452
0.1544780731201172 1452
0.1544780731201172 1452
0.15486407279968262 1452
0.15544605255126953 1452
0.15544605255126953 1452
0.15644216537475586 1452
0.15644216537475586 1452
0.15644216537475586 1452
0.1570601463317871 1452
0.15756916999816895 1452
0.15756916999816895 1452
0.15790414810180664 1452
0.15843820571899414 1452
0.15843820571899414 1452
0.15843820571899414 268
0.3908510208129883 40
0.8301260471343994 40
1.751033067703247 40
3.4780120849609375 40
