583240
0.0 1452
0.0 1452
0.0 1452
0.00038504600524902344 1452
0.00038504600524902344 1452
0.00038504600524902344 1452
0.0007669925689697266 1452
0.0007669925689697266 1452
0.0007669925689697266 1452
0.0011110305786132812 1452
0.0011110305786132812 1452
0.0011110305786132812 1452
0.001519918441772461 1452
0.001519918441772461 1452
0.001519918441772461 1452
0.005384922027587891 1452
0.005918979644775391 1452
0.005918979644775391 1452
0.005918979644775391 1452
0.00642704963684082 1452
0.00642704963684082 1452
0.006958961486816406 1452
0.006958961486816406 1452
0.006958961486816406 1452
0.007477998733520508 1452
0.007477998733520508 1452
0.007477998733520508 1452
0.008007049560546875 1452
0.008007049560546875 1452
0.008538961410522461 1452
0.008538961410522461 1452
0.009059906005859375 1452
0.009059906005859375 1452
0.009059906005859375 1452
0.009536981582641602 1452
0.009536981582641602 1452
0.009994983673095703 1452
0.009994983673095703 1452
0.01054692268371582 1452
0.01054692268371582 1452
0.01054692268371582 1452
0.011049032211303711 1452
0.011049032211303711 1452
0.011533021926879883 1452
0.011533021926879883 1452
0.011904001235961914 1452
0.011904001235961914 1452
0.012256860733032227 1452
0.012256860733032227 1452
0.013076066970825195 1452
0.013076066970825195 1452
0.013076066970825195 1452
0.013076066970825195 1452
0.013525962829589844 1452
0.014060020446777344 1452
0.014060020446777344 1452
0.014060020446777344 1452
0.01452493667602539 1452
0.01452493667602539 1452
0.01508784294128418 1452
0.01508784294128418 1452
0.01508784294128418 1452
0.01575493812561035 1452
0.01575493812561035 1452
0.016108989715576172 1452
0.016108989715576172 1452
0.01645493507385254 1452
0.01681685447692871 1452
0.01681685447692871 1452
0.01681685447692871 1452
0.017147064208984375 1452
0.017147064208984375 1452
0.017147064208984375 1452
0.01749706268310547 1452
0.01749706268310547 1452
0.01788806915283203 1452
0.018269062042236328 1452
0.018616914749145508 1452
0.018616914749145508 1452
0.018616914749145508 1452
0.01897287368774414 1452
0.01897287368774414 1452
0.01897287368774414 1452
0.019311904907226562 1452
0.019311904907226562 1452
0.01966094970703125 1452
0.01966094970703125 1452
0.01966094970703125 1452
0.02000904083251953 1452
0.020355939865112305 1452
0.020355939865112305 1452
0.020355939865112305 1452
0.020801067352294922 1452
0.020801067352294922 1452
0.020801067352294922 1452
0.020801067352294922 1452
0.021347999572753906 1452
0.021347999572753906 1452
0.021849870681762695 1452
0.021849870681762695 1452
0.021849870681762695 1452
0.021849870681762695 1452
0.022362947463989258 1452
0.022362947463989258 1452
0.022894859313964844 1452
0.022894859313964844 1452
0.022894859313964844 1452
0.022894859313964844 1452
0.0265350341796875 1452
0.0265350341796875 1452
0.0265350341796875 1452
0.0269620418548584 1452
0.0269620418548584 1452
0.02748703956604004 1452
0.02748703956604004 1452
0.02789902687072754 1452
0.02789902687072754 1452
0.02789902687072754 1452
0.02789902687072754 1452
0.028430938720703125 1452
0.028934955596923828 1452
0.028934955596923828 1452
0.028934955596923828 1452
0.028934955596923828 1452
0.029468059539794922 1452
0.029468059539794922 1452
0.029468059539794922 1452
0.029924869537353516 1452
0.029924869537353516 1452
0.029924869537353516 1452
0.029924869537353516 1452
0.03046894073486328 1452
0.03091597557067871 1452
0.03091597557067871 1452
0.03143000602722168 1452
0.03143000602722168 1452
0.03143000602722168 1452
0.03143000602722168 1452
0.03143000602722168 1452
0.031874895095825195 1452
0.031874895095825195 1452
0.031874895095825195 1452
0.03222298622131348 1452
0.03222298622131348 1452
0.03222298622131348 1452
0.03261590003967285 1452
0.03261590003967285 1452
0.0329740047454834 1452
0.0329740047454834 1452
0.03335905075073242 1452
0.03335905075073242 1452
0.033757925033569336 1452
0.033757925033569336 1452
0.034047842025756836 1452
0.034047842025756836 1452
0.034047842025756836 1452
0.03444194793701172 1452
0.038606882095336914 1452
0.038606882095336914 1452
0.03911995887756348 1452
0.03911995887756348 1452
0.03911995887756348 1452
0.03911995887756348 1452
0.03962898254394531 1452
0.03962898254394531 1452
0.03962898254394531 1452
0.040129899978637695 1452
0.040129899978637695 1452
0.040129899978637695 1452
0.04063296318054199 1452
0.04063296318054199 1452
0.04063296318054199 1452
0.04115796089172363 1452
0.04115796089172363 1452
0.04115796089172363 1452
0.041584014892578125 1452
0.041584014892578125 1452
0.041584014892578125 1452
0.042038917541503906 1452
0.042038917541503906 1452
0.042038917541503906 1452
0.04244494438171387 1452
0.04244494438171387 1452
0.042973995208740234 1452
0.042973995208740234 1452
0.042973995208740234 1452
0.042973995208740234 1452
0.043359994888305664 1452
0.043359994888305664 1452
0.04387998580932617 1452
0.04387998580932617 1452
0.04427385330200195 1452
0.04427385330200195 1452
0.04427385330200195 1452
0.04480600357055664 1452
0.04480600357055664 1452
0.04480600357055664 1452
0.04533195495605469 1452
0.04533195495605469 1452
0.04533195495605469 1452
0.04533195495605469 1452
0.04585385322570801 1452
0.04585385322570801 1452
0.04585385322570801 1452
0.046388864517211914 1452
0.046388864517211914 1452
0.046388864517211914 1452
0.046388864517211914 1452
0.0469210147857666 1452
0.0469210147857666 1452
0.047421932220458984 1452
0.047421932220458984 1452
0.047421932220458984 1452
0.047421932220458984 1452
0.047965049743652344 1452
0.05105185508728027 1452
0.051390886306762695 1452
0.051390886306762695 1452
0.051390886306762695 1452
0.051735877990722656 1452
0.051735877990722656 1452
0.05208301544189453 1452
0.05208301544189453 1452
0.05208301544189453 1452
0.05242490768432617 1452
0.05242490768432617 1452
0.05277395248413086 1452
0.05277395248413086 1452
0.05277395248413086 1452
0.05312085151672363 1452
0.05312085151672363 1452
0.053518056869506836 1452
0.05390286445617676 1452
0.05390286445617676 1452
0.05390286445617676 1452
0.054251909255981445 1452
0.054251909255981445 1452
0.05463290214538574 1452
0.05463290214538574 1452
0.05463290214538574 1452
0.05501604080200195 1452
0.05501604080200195 1452
0.05501604080200195 1452
0.05539584159851074 1452
0.05578184127807617 1452
0.05578184127807617 1452
0.05578184127807617 1452
0.056153059005737305 1452
0.056153059005737305 1452
0.056153059005737305 1452
0.05654191970825195 1452
0.05692696571350098 1452
0.05692696571350098 1452
0.05692696571350098 1452
0.057266950607299805 1452
0.057266950607299805 1452
0.057266950607299805 1452
0.060997962951660156 1452
0.06180000305175781 1452
0.06180000305175781 1452
0.0621490478515625 1452
0.0621490478515625 1452
0.06252384185791016 1452
0.06252384185791016 1452
0.06252384185791016 1452
0.06290888786315918 1452
0.06290888786315918 1452
0.06290888786315918 1452
0.06332993507385254 1452
0.06332993507385254 1452
0.0636448860168457 1452
0.0636448860168457 1452
0.0636448860168457 1452
0.06399297714233398 1452
0.06434106826782227 1452
0.06434106826782227 1452
0.06434106826782227 1452
0.0646810531616211 1452
0.0646810531616211 1452
0.0646810531616211 1452
0.0653829574584961 1452
0.0653829574584961 1452
0.06573200225830078 1452
0.06573200225830078 1452
0.06573200225830078 1452
0.0661158561706543 1452
0.0661158561706543 1452
0.06649994850158691 1452
0.06649994850158691 1452
0.06649994850158691 1452
0.06688404083251953 1452
0.06688404083251953 1452
0.06722497940063477 1452
0.06722497940063477 1452
0.06722497940063477 1452
0.06761002540588379 1452
0.06761002540588379 1452
0.06761002540588379 1452
0.06798505783081055 1452
0.06833100318908691 1452
0.06833100318908691 1452
0.06870698928833008 1452
0.06870698928833008 1452
0.06870698928833008 1452
0.0690920352935791 1452
0.06946706771850586 1452
0.06946706771850586 1452
0.06946706771850586 1452
0.06946706771850586 1452
0.06985592842102051 1452
0.07023406028747559 1452
0.07023406028747559 1452
0.07023406028747559 1452
0.07065296173095703 1452
0.07065296173095703 1452
0.07537484169006348 1452
0.07537484169006348 1452
0.07537484169006348 1452
0.07578301429748535 1452
0.07578301429748535 1452
0.07578301429748535 1452
0.07629704475402832 1452
0.07629704475402832 1452
0.07629704475402832 1452
0.07629704475402832 1452
0.07680606842041016 1452
0.07680606842041016 1452
0.07680606842041016 1452
0.07680606842041016 1452
0.07730984687805176 1452
0.07730984687805176 1452
0.07730984687805176 1452
0.07730984687805176 1452
0.07771801948547363 1452
0.07771801948547363 1452
0.07771801948547363 1452
0.0782160758972168 1452
0.0782160758972168 1452
0.0782160758972168 1452
0.07873201370239258 1452
0.07873201370239258 1452
0.07873201370239258 1452
0.07924389839172363 1452
0.07924389839172363 1452
0.07924389839172363 1452
0.07962989807128906 1452
0.07962989807128906 1452
0.08014392852783203 1452
0.08014392852783203 1452
0.08014392852783203 1452
0.08014392852783203 1452
0.08065605163574219 1452
0.08065605163574219 1452
0.08117485046386719 1452
0.08117485046386719 1452
0.08117485046386719 828
0.08699798583984375 1452
0.08699798583984375 1452
0.08745694160461426 1452
0.08745694160461426 1452
0.08745694160461426 1452
0.08745694160461426 1452
0.08791494369506836 1452
0.08791494369506836 1452
0.08791494369506836 1452
0.08791494369506836 1452
0.08839201927185059 1452
0.08839201927185059 1452
0.08879899978637695 1452
0.08879899978637695 1452
0.08879899978637695 1452
0.08927202224731445 1452
0.08927202224731445 1452
0.08927202224731445 1452
0.08970093727111816 1452
0.08970093727111816 1452
0.08970093727111816 1452
0.09012293815612793 1452
0.09012293815612793 1452
0.10096597671508789 1452
0.10130691528320312 1452
0.10130691528320312 1452
0.10130691528320312 1452
0.10165286064147949 1452
0.10165286064147949 1452
0.10204100608825684 1452
0.10239791870117188 1452
0.10239791870117188 1452
0.10239791870117188 1452
0.10277104377746582 1452
0.10277104377746582 1452
0.10277104377746582 1452
0.10312104225158691 1452
0.10365104675292969 1452
0.10365104675292969 1452
0.10365104675292969 1452
0.10416793823242188 1452
0.10416793823242188 1452
0.10416793823242188 1452
0.10416793823242188 1452
0.10416793823242188 1452
0.1045680046081543 1452
0.36031103134155273 40
0.8410170078277588 40
1.8081028461456299 40
3.664017915725708 40
