1049740
0.0 1460
0.0 1460
0.0019779205322265625 1460
0.0019779205322265625 1460
0.0019779205322265625 1460
0.0033888816833496094 1460
0.0033888816833496094 1460
0.003777027130126953 1460
0.005699872970581055 1460
0.005699872970581055 1460
0.007642030715942383 1460
0.007853984832763672 1460
0.009254932403564453 1460
0.009656906127929688 1460
0.009656906127929688 1460
0.011188030242919922 1460
0.01154184341430664 1460
0.01154184341430664 1460
0.013607025146484375 1460
0.013607025146484375 1460
0.015105009078979492 1460
0.015105009078979492 1460
0.016913890838623047 1460
0.016913890838623047 1460
0.016913890838623047 1460
0.018870830535888672 1460
0.018870830535888672 1460
0.01920795440673828 1460
0.01920795440673828 1460
0.02167201042175293 1460
0.02167201042175293 1460
0.022702932357788086 1460
0.022702932357788086 1460
0.02319502830505371 1460
0.02465987205505371 1460
0.02499103546142578 1460
0.02499103546142578 1460
0.02714681625366211 1460
0.02714681625366211 1460
0.02905583381652832 1460
0.02905583381652832 1460
0.02905583381652832 1460
0.03043985366821289 1460
0.030863046646118164 1460
0.030863046646118164 1460
0.03230690956115723 1460
0.03230690956115723 1460
0.03276395797729492 1460
0.03276395797729492 1460
0.034201860427856445 1460
0.034201860427856445 1460
0.03459286689758301 1460
0.03613090515136719 1460
0.03652191162109375 1460
0.03652191162109375 1460
0.03894305229187012 1460
0.03894305229187012 1460
0.03894305229187012 1460
0.03987002372741699 1460
0.04104900360107422 1460
0.041879892349243164 1460
0.042404890060424805 1460
0.042404890060424805 1460
0.043869972229003906 1460
0.043869972229003906 1460
0.044296979904174805 1460
0.044296979904174805 1460
0.04611992835998535 1460
0.04611992835998535 1460
0.047651052474975586 1460
0.04805183410644531 1460
0.04805183410644531 1460
0.049551963806152344 1460
0.049902915954589844 1460
0.049902915954589844 1460
0.051481008529663086 1460
0.05339694023132324 1460
0.05339694023132324 1460
0.05384397506713867 1460
0.05384397506713867 1460
0.05528593063354492 1460
0.05568385124206543 1460
0.05568385124206543 1460
0.057248830795288086 1460
0.05780196189880371 1460
0.05780196189880371 1460
0.05912494659423828 1460
0.05952596664428711 1460
0.05952596664428711 1460
0.05952596664428711 1460
0.0610349178314209 1460
0.0610349178314209 1460
0.0614008903503418 1460
0.0614008903503418 1460
0.06295585632324219 1460
0.06295585632324219 1460
0.06339097023010254 1460
0.06339097023010254 1460
0.06487488746643066 1460
0.06487488746643066 1460
0.06487488746643066 1460
0.0652618408203125 1460
0.0672600269317627 1460
0.0672600269317627 1460
0.0672600269317627 1460
0.06870698928833008 1460
0.06910896301269531 1460
0.07062792778015137 1460
0.07133102416992188 1460
0.07133102416992188 1460
0.0725870132446289 1460
0.07297801971435547 1460
0.0782020092010498 1460
0.0782020092010498 1460
0.0782020092010498 1460
0.0782020092010498 1460
0.0782020092010498 1460
0.0782020092010498 1460
0.07863998413085938 1460
0.07863998413085938 1460
0.07888603210449219 1460
0.08020901679992676 1460
0.08061003684997559 1460
0.08061003684997559 1460
0.08211493492126465 1460
0.08211493492126465 1460
0.08251500129699707 1460
0.08405303955078125 1460
0.08405303955078125 1460
0.08443093299865723 1460
0.08443093299865723 1460
0.08599090576171875 1460
0.0864858627319336 1460
0.0864858627319336 1460
0.08788704872131348 1460
0.08824896812438965 1460
0.08980584144592285 1460
0.08980584144592285 1460
0.09018492698669434 1460
0.09018492698669434 1460
0.09174585342407227 1460
0.09174585342407227 1460
0.09410786628723145 1460
0.09410786628723145 1460
0.09410786628723145 1460
0.09410786628723145 1460
0.09593391418457031 1460
0.09593391418457031 1460
0.09955501556396484 1460
0.09955501556396484 1460
0.09955501556396484 1460
0.09979486465454102 1460
0.10170984268188477 1460
0.10170984268188477 1460
0.10322690010070801 1460
0.10363388061523438 1460
0.10513496398925781 1460
0.10552692413330078 1460
0.10552692413330078 1460
0.10705804824829102 1460
0.10743498802185059 1460
0.10899996757507324 1460
0.10899996757507324 1460
0.10944390296936035 1460
0.11088991165161133 1460
0.11128783226013184 1460
0.11128783226013184 1460
0.11281895637512207 1460
0.11281895637512207 1460
0.1131749153137207 1460
0.11472392082214355 1460
0.11511492729187012 1460
0.11664104461669922 1460
0.11852192878723145 1460
0.11898994445800781 1460
0.11898994445800781 1460
0.12072181701660156 1460
0.12072181701660156 1460
0.12072181701660156 1460
0.12125802040100098 1460
0.12275385856628418 1460
0.12314701080322266 1460
0.12447094917297363 1460
0.1248929500579834 1460
0.1262209415435791 1460
0.1266160011291504 1460
0.12815189361572266 1460
0.12854886054992676 1460
0.13006591796875 1460
0.13006591796875 1460
0.13197994232177734 1460
0.13236689567565918 1460
0.13388705253601074 1460
0.1342928409576416 1460
0.1342928409576416 1460
0.1358649730682373 1460
0.13628792762756348 1460
0.13628792762756348 1460
0.1377089023590088 1460
0.1377089023590088 1460
0.13807296752929688 1460
0.13807296752929688 1460
0.13962197303771973 1460
0.13999199867248535 1460
0.13999199867248535 1460
0.1415538787841797 1460
0.1415538787841797 1460
0.14190292358398438 1460
0.14391088485717773 1460
0.14391088485717773 1460
0.14391088485717773 1460
0.14538788795471191 1460
0.14538788795471191 1460
0.14571595191955566 1460
0.14571595191955566 1460
0.1472928524017334 1460
0.1472928524017334 1460
0.1472928524017334 1460
0.1472928524017334 1460
0.14922094345092773 1460
0.14922094345092773 1460
0.1530618667602539 1460
0.15340304374694824 1460
0.15340304374694824 1460
0.15340304374694824 1460
0.1553049087524414 1460
0.1553049087524414 1460
0.15689396858215332 1460
0.15723586082458496 1460
0.15723586082458496 1460
0.19362282752990723 1460
0.19362282752990723 1460
0.19494199752807617 1460
0.19494199752807617 1460
0.19494199752807617 1460
0.19494199752807617 1460
0.19494199752807617 1460
0.19494199752807617 1460
0.19494199752807617 1460
0.19542789459228516 1460
0.19542789459228516 1460
0.19542789459228516 1460
0.19542789459228516 1460
0.19597482681274414 1460
0.19597482681274414 1460
0.19597482681274414 1460
0.19597482681274414 1460
0.19707989692687988 1460
0.19707989692687988 1460
0.19707989692687988 1460
0.19707989692687988 1460
0.19707989692687988 1460
0.19707989692687988 1460
0.19761300086975098 1460
0.19761300086975098 1460
0.19761300086975098 1460
0.19761300086975098 1460
0.19761300086975098 1460
0.19761300086975098 1460
0.19761300086975098 1460
0.1990489959716797 1460
0.1990489959716797 1460
0.1990489959716797 1460
0.1990489959716797 1460
0.1990489959716797 1460
0.19990181922912598 1460
0.19990181922912598 1460
0.2035360336303711 1460
0.2035360336303711 1460
0.20679688453674316 1460
0.20679688453674316 1460
0.2092728614807129 1460
0.2092728614807129 1460
0.2106640338897705 1460
0.2109990119934082 1460
0.2109990119934082 1460
0.2109990119934082 1460
0.21295905113220215 1460
0.21295905113220215 1460
0.21494698524475098 1460
0.21494698524475098 1460
0.21700286865234375 1460
0.21700286865234375 1460
0.21830296516418457 1460
0.21871304512023926 1460
0.22029495239257812 1460
0.22029495239257812 1460
0.23250484466552734 1460
0.23250484466552734 1460
0.23438286781311035 1460
0.2368488311767578 1460
0.2368488311767578 1460
0.2368488311767578 1460
0.2368488311767578 1460
0.2368488311767578 1460
0.2368488311767578 1460
0.2368488311767578 1460
0.23823094367980957 1460
0.23823094367980957 1460
0.23823094367980957 1460
0.23823094367980957 1460
0.23823094367980957 1460
0.2393360137939453 1460
0.2393360137939453 1460
0.2393360137939453 1460
0.24603700637817383 1460
0.24603700637817383 1460
0.24944591522216797 1460
0.25093889236450195 1460
0.2524268627166748 1460
0.25339388847351074 1460
0.25339388847351074 1460
0.25339388847351074 1460
0.25339388847351074 1460
0.25667285919189453 1460
0.25667285919189453 1460
0.2570760250091553 1460
0.2570760250091553 1460
0.2586078643798828 1460
0.2590188980102539 1460
0.2590188980102539 1460
0.2606070041656494 1460
0.2610328197479248 1460
0.2610328197479248 1460
0.2624788284301758 1460
0.26284098625183105 1460
0.26284098625183105 1460
0.26435303688049316 1460
0.2647578716278076 1460
0.2647578716278076 1460
0.2647578716278076 1460
0.2662780284881592 1460
0.266679048538208 1460
0.26818084716796875 1460
0.26818084716796875 1460
0.2685840129852295 1460
0.2685840129852295 1460
0.27011704444885254 1460
0.2705209255218506 1460
0.27218103408813477 1460
0.2739410400390625 1460
0.2739410400390625 1460
0.27588486671447754 1460
0.27588486671447754 1460
0.2778158187866211 1460
0.2778158187866211 1460
0.27820587158203125 1460
0.27971696853637695 1460
0.2801029682159424 1460
0.28160691261291504 1460
0.2820110321044922 1460
0.2820110321044922 1460
0.2835509777069092 1460
0.2839658260345459 1460
0.2839658260345459 1460
0.2839658260345459 1460
0.28548598289489746 1460
0.2859170436859131 1460
0.2882199287414551 1460
0.2882199287414551 1460
0.2896430492401123 1460
0.29126691818237305 1460
0.29126691818237305 1460
0.29126691818237305 1460
0.2916848659515381 1460
0.2931809425354004 1460
0.2931809425354004 1460
0.29360294342041016 1460
0.29513096809387207 1460
0.29700803756713867 1460
0.29700803756713867 1460
0.29700803756713867 1460
0.2974059581756592 1460
0.29892396926879883 1460
0.29892396926879883 1460
0.3008239269256592 1460
0.3008239269256592 1460
0.301239013671875 1460
0.301239013671875 1460
0.3034498691558838 1460
0.3034498691558838 1460
0.3046989440917969 1460
0.3046989440917969 1460
0.30658984184265137 1460
0.30658984184265137 1460
0.3069748878479004 1460
0.3069748878479004 1460
0.30892086029052734 1460
0.30892086029052734 1460
0.3118128776550293 1460
0.3118128776550293 1460
0.3118128776550293 1460
0.3118128776550293 1460
0.31239986419677734 1460
0.3127269744873047 1460
0.31428003311157227 1460
0.31428003311157227 1460
0.316180944442749 1460
0.316180944442749 1460
0.316572904586792 1460
0.316572904586792 1460
0.31850290298461914 1460
0.31850290298461914 1460
0.32002782821655273 1460
0.3204059600830078 1460
0.32195091247558594 1460
0.32195091247558594 1460
0.32425498962402344 1460
0.32425498962402344 1460
0.32575082778930664 1460
0.32575082778930664 1460
0.3261539936065674 1460
0.3261539936065674 1460
0.3281078338623047 1460
0.3281078338623047 1460
0.3300018310546875 1460
0.3300018310546875 1460
0.3300018310546875 1460
0.3314969539642334 1460
0.3319089412689209 1460
0.3319089412689209 1460
0.3334009647369385 1460
0.3334009647369385 1460
0.3338029384613037 1460
0.3338029384613037 1460
0.33533191680908203 1460
0.33580994606018066 1460
0.33580994606018066 1460
0.33789801597595215 1460
0.33789801597595215 1460
0.34010791778564453 1460
0.34010791778564453 1460
0.34010791778564453 1460
0.3416788578033447 1460
0.3416788578033447 1460
0.3416788578033447 1460
0.3430190086364746 1460
0.3434288501739502 1460
0.3434288501739502 1460
0.3434288501739502 1460
0.3449559211730957 1460
0.3449559211730957 1460
0.345365047454834 1460
0.34684300422668457 1460
0.3502349853515625 1460
0.3502349853515625 1460
0.3502349853515625 1460
0.35086584091186523 1460
0.352618932723999 1460
0.352618932723999 1460
0.35462093353271484 1460
0.35462093353271484 1460
0.35502004623413086 1460
0.35502004623413086 1460
0.3564169406890869 1460
0.35683488845825195 1460
0.35683488845825195 1460
0.3583698272705078 1460
0.358767032623291 1460
0.36399102210998535 1460
0.36399102210998535 1460
0.36399102210998535 1460
0.3644900321960449 1460
0.3644900321960449 1460
0.3644900321960449 1460
0.3644900321960449 1460
0.3664250373840332 1460
0.3664250373840332 1460
0.3683948516845703 1460
0.3683948516845703 1460
0.3683948516845703 1460
0.3701629638671875 1460
0.3701629638671875 1460
0.3706958293914795 1460
0.371783971786499 1460
0.37215590476989746 1460
0.37215590476989746 1460
0.37369298934936523 1460
0.37409400939941406 1460
0.37596893310546875 1460
0.37596893310546875 1460
0.377547025680542 1460
0.377547025680542 1460
0.3799479007720947 1460
0.3799479007720947 1460
0.3799479007720947 1460
0.3799479007720947 1460
0.38280797004699707 1460
0.38322997093200684 1460
0.38384294509887695 1460
0.38384294509887695 1460
0.38384294509887695 1460
0.3854680061340332 1460
0.3854680061340332 1460
0.3876309394836426 1460
0.3876309394836426 1460
0.3876309394836426 1460
0.3890538215637207 1460
0.38942790031433105 1460
0.3909609317779541 1460
0.39133596420288086 1460
0.39133596420288086 1460
0.39133596420288086 1460
0.3937709331512451 1460
0.3937709331512451 1460
0.39510488510131836 1460
0.3954458236694336 1460
0.3967130184173584 1460
0.3990139961242676 1460
0.3990139961242676 1460
0.3990139961242676 1460
0.40091896057128906 1460
0.4025239944458008 1460
0.4025239944458008 1460
0.4025239944458008 1460
0.40293097496032715 1460
0.40439581871032715 1460
0.40479087829589844 1460
0.40479087829589844 1460
0.4063529968261719 1460
0.40676188468933105 1460
0.4082460403442383 1460
0.4082460403442383 1460
0.4086339473724365 1460
0.41034698486328125 1460
0.41034698486328125 1460
0.41068100929260254 1460
0.41205883026123047 1460
0.4124338626861572 1460
0.4143679141998291 1460
0.4143679141998291 1460
0.4158949851989746 1460
0.4158949851989746 1460
0.41780686378479004 1460
0.41780686378479004 1460
0.41780686378479004 1460
0.41780686378479004 1460
0.4181849956512451 1460
0.4181849956512451 1460
0.4181849956512451 1460
0.4198000431060791 1460
0.4198000431060791 1460
0.4202308654785156 1460
0.4220240116119385 1460
0.4235680103302002 1460
0.4235680103302002 1460
0.4239480495452881 1460
0.4239480495452881 1460
0.4254920482635498 1460
0.4254920482635498 1460
0.42586803436279297 1460
0.42586803436279297 1460
0.4274430274963379 1460
0.4297749996185303 1460
0.4301729202270508 1460
0.4301729202270508 1460
0.43157196044921875 1460
0.43157196044921875 1460
0.4319758415222168 1460
0.4332740306854248 1460
0.43364500999450684 1460
0.43518900871276855 1460
0.43518900871276855 1460
0.4371209144592285 1460
0.4371209144592285 1460
0.43747901916503906 1460
0.43747901916503906 1460
0.43747901916503906 1460
0.4394869804382324 1460
0.4394869804382324 1460
0.4413180351257324 1460
0.4413180351257324 1460
0.4428989887237549 1460
0.4433410167694092 1460
0.4433410167694092 1460
0.4433410167694092 1460
0.44482898712158203 1460
0.4452509880065918 1460
0.4452509880065918 1460
0.4452509880065918 1460
0.4467148780822754 1460
0.44706296920776367 1460
0.4486119747161865 1460
0.4486119747161865 1460
0.44899797439575195 1460
0.44899797439575195 1460
0.45160698890686035 1460
0.45160698890686035 1460
0.45160698890686035 1460
0.4528188705444336 1460
0.45317697525024414 1460
0.4544398784637451 1460
0.4548048973083496 1460
0.4548048973083496 1460
0.4548048973083496 1460
0.45758891105651855 1460
0.45758891105651855 1460
0.45758891105651855 1460
0.45758891105651855 1460
0.45831894874572754 1460
0.45831894874572754 1460
0.458690881729126 1460
0.46013784408569336 1460
0.46057796478271484 1460
0.46057796478271484 1460
0.46057796478271484 1460
0.46057796478271484 1460
0.4620988368988037 1460
0.4620988368988037 1460
0.4624650478363037 1460
0.46398186683654785 1460
0.46439385414123535 1460
0.4658830165863037 1460
0.4658830165863037 1460
0.4662759304046631 1460
0.4662759304046631 1460
0.4662759304046631 1460
0.4677999019622803 1460
0.46824002265930176 1460
0.46824002265930176 1460
0.4697878360748291 1460
0.4701998233795166 1460
0.47191691398620605 1460
0.47191691398620605 1460
0.4725499153137207 1460
0.47359585762023926 1460
0.4739680290222168 1460
0.4739680290222168 1460
0.4756808280944824 1460
0.4756808280944824 1460
0.47592592239379883 1460
0.4779198169708252 1460
0.4779198169708252 1460
0.4779198169708252 1460
0.47935986518859863 1460
0.47935986518859863 1460
0.47977304458618164 1460
0.4812619686126709 1460
0.4812619686126709 1460
0.48165082931518555 1460
0.4831418991088867 1460
0.4831418991088867 1460
0.4835479259490967 1460
0.48506593704223633 1460
0.485476016998291 1460
0.485476016998291 1460
0.4870259761810303 1460
0.4870259761810303 1460
0.48743581771850586 1460
0.48743581771850586 1460
0.48894286155700684 1460
0.4908318519592285 1460
0.49123692512512207 1460
0.4927358627319336 1460
0.4927358627319336 1460
0.4927358627319336 1460
0.4946620464324951 1460
0.4946620464324951 1460
0.4950718879699707 1460
0.496959924697876 1460
0.496959924697876 1460
0.4984889030456543 1460
0.4984889030456543 1460
0.4989149570465088 1460
0.5003960132598877 1460
0.5003960132598877 1460
0.5023658275604248 1460
0.5023658275604248 1460
0.5027239322662354 1460
0.5027239322662354 1460
0.5043120384216309 1460
0.5043120384216309 1460
0.5047340393066406 1460
0.5047340393066406 1460
0.5047340393066406 1460
0.5061838626861572 1460
0.5061838626861572 1460
0.5065789222717285 1460
0.508713960647583 1460
0.508713960647583 1460
0.508713960647583 1460
0.508713960647583 1460
0.5106320381164551 1460
0.5106320381164551 1460
0.5125808715820312 1460
0.5125808715820312 1460
0.5140719413757324 1460
0.5140719413757324 1460
0.5159919261932373 1460
0.5164158344268799 1460
0.5164158344268799 1460
0.517894983291626 1460
0.5183010101318359 1460
0.5199069976806641 1460
0.5199069976806641 1460
0.5203878879547119 1460
0.5203878879547119 1460
0.5217788219451904 1460
0.5217788219451904 1460
0.5300369262695312 1460
0.5300369262695312 1460
0.532336950302124 1460
0.532336950302124 1460
0.532336950302124 1460
0.5346469879150391 1460
0.5353319644927979 1460
0.5358748435974121 1460
0.5358748435974121 1460
0.5379848480224609 1460
0.5379848480224609 1460
0.5379848480224609 1460
0.5379848480224609 1460
0.5379848480224609 1460
0.5394349098205566 1460
0.5394349098205566 1460
0.5394349098205566 1460
0.5411949157714844 1460
0.5415940284729004 1460
0.5430870056152344 1460
