1050000
0.0 1500
0.0 1500
0.0010309219360351562 1500
0.0010309219360351562 1500
0.002003908157348633 1500
0.00311279296875 1500
0.00311279296875 1500
0.004579782485961914 1500
0.005074977874755859 1500
0.006127834320068359 1500
0.006127834320068359 1500
0.007088899612426758 1500
0.008002996444702148 1500
0.009074926376342773 1500
0.009074926376342773 1500
0.010004997253417969 1500
0.011229991912841797 1500
0.011229991912841797 1500
0.011996984481811523 1500
0.013630867004394531 1500
0.01422882080078125 1500
0.01422882080078125 1500
0.015108823776245117 1500
0.016108989715576172 1500
0.016108989715576172 1500
0.017148971557617188 1500
0.01800394058227539 1500
0.01929187774658203 1500
0.01929187774658203 1500
0.02001190185546875 1500
0.021332979202270508 1500
0.02200484275817871 1500
0.02200484275817871 1500
0.02361893653869629 1500
0.02427196502685547 1500
0.02427196502685547 1500
0.025125980377197266 1500
0.02611398696899414 1500
0.027025938034057617 1500
0.027025938034057617 1500
0.028282880783081055 1500
0.029010772705078125 1500
0.029010772705078125 1500
0.03011178970336914 1500
0.03104996681213379 1500
0.03209686279296875 1500
0.03209686279296875 1500
0.033580780029296875 1500
0.03400683403015137 1500
0.03507399559020996 1500
0.03507399559020996 1500
0.036203861236572266 1500
0.03764486312866211 1500
0.03764486312866211 1500
0.03803896903991699 1500
0.03910088539123535 1500
0.04089093208312988 1500
0.04089093208312988 1500
0.04106593132019043 1500
0.042327880859375 1500
0.042327880859375 1500
0.043272972106933594 1500
0.04400277137756348 1500
0.04500389099121094 1500
0.04500389099121094 1500
0.046000003814697266 1500
0.04748797416687012 1500
0.04748797416687012 1500
0.04867076873779297 1500
0.049034833908081055 1500
0.05011487007141113 1500
0.05011487007141113 1500
0.0511469841003418 1500
0.052414894104003906 1500
0.0531618595123291 1500
0.0531618595123291 1500
0.05409979820251465 1500
0.055238962173461914 1500
0.055238962173461914 1500
0.05600094795227051 1500
0.057089805603027344 1500
0.05825495719909668 1500
0.05825495719909668 1500
0.05944085121154785 1500
0.06034493446350098 1500
0.06034493446350098 1500
0.06102180480957031 1500
0.06217598915100098 1500
0.06304097175598145 1500
0.06304097175598145 1500
0.06401991844177246 1500
0.06535887718200684 1500
0.06614184379577637 1500
0.06614184379577637 1500
0.06701898574829102 1500
0.06818795204162598 1500
0.06818795204162598 1500
0.06921982765197754 1500
0.07127594947814941 1500
0.07127594947814941 1500
0.07129693031311035 1500
0.07213187217712402 1500
0.0732119083404541 1500
0.07341194152832031 1500
0.07440495491027832 1500
0.07495594024658203 1500
0.07605600357055664 1500
0.07605600357055664 1500
0.07723689079284668 1500
0.07807779312133789 1500
0.07902097702026367 1500
0.07902097702026367 1500
0.08002400398254395 1500
0.08117198944091797 1500
0.08117198944091797 1500
0.08305788040161133 1500
0.08305788040161133 1500
0.08420896530151367 1500
0.08420896530151367 1500
0.08512687683105469 1500
0.08602595329284668 1500
0.08602595329284668 1500
0.0871269702911377 1500
0.08827400207519531 1500
0.08942484855651855 1500
0.08942484855651855 1500
0.0900728702545166 1500
0.09096479415893555 1500
0.09213399887084961 1500
0.09213399887084961 1500
0.09320592880249023 1500
0.09543991088867188 1500
0.09543991088867188 1500
0.0955817699432373 1500
0.09616899490356445 1500
0.09733891487121582 1500
0.09733891487121582 1500
0.09802794456481934 1500
0.09899187088012695 1500
0.09899187088012695 1500
0.10012698173522949 1500
0.1013178825378418 1500
0.10201787948608398 1500
0.10201787948608398 1500
0.10307788848876953 1500
0.1041269302368164 1500
0.10544991493225098 1500
0.10544991493225098 1500
0.10696983337402344 1500
0.10696983337402344 1500
0.10696983337402344 1500
0.10846781730651855 1500
0.10934090614318848 1500
0.11030077934265137 1500
0.11030077934265137 1500
0.11114978790283203 1500
0.11227798461914062 1500
0.11227798461914062 1500
0.11307692527770996 1500
0.1141347885131836 1500
0.11507892608642578 1500
0.11507892608642578 1500
0.11640095710754395 1500
0.11699986457824707 1500
0.11898684501647949 1500
0.11898684501647949 1500
0.11898684501647949 1500
0.12004780769348145 1500
0.12004780769348145 1500
0.12100386619567871 1500
0.12203478813171387 1500
0.12320685386657715 1500
0.12320685386657715 1500
0.1240389347076416 1500
0.12497687339782715 1500
0.12497687339782715 1500
0.1262037754058838 1500
0.12719178199768066 1500
0.1281728744506836 1500
0.1281728744506836 1500
0.1291968822479248 1500
0.13001179695129395 1500
0.1322178840637207 1500
0.1322178840637207 1500
0.1322178840637207 1500
0.13318681716918945 1500
0.13318681716918945 1500
0.1340038776397705 1500
0.13497281074523926 1500
0.136002779006958 1500
0.136002779006958 1500
0.13746190071105957 1500
0.13820099830627441 1500
0.13820099830627441 1500
0.1392498016357422 1500
0.1400749683380127 1500
0.1411747932434082 1500
0.1411747932434082 1500
0.14239192008972168 1500
0.1440579891204834 1500
0.1440579891204834 1500
0.1440579891204834 1500
0.14579486846923828 1500
0.14614081382751465 1500
0.14614081382751465 1500
0.1471560001373291 1500
0.14801979064941406 1500
0.14907193183898926 1500
0.14907193183898926 1500
0.1500229835510254 1500
0.1509997844696045 1500
0.1509997844696045 1500
0.15253090858459473 1500
0.15334296226501465 1500
0.15399980545043945 1500
0.15399980545043945 1500
0.15497398376464844 1500
0.1561729907989502 1500
0.15743279457092285 1500
0.15743279457092285 1500
0.15801191329956055 1500
0.15921998023986816 1500
0.15921998023986816 1500
0.1602778434753418 1500
0.161024808883667 1500
0.1620008945465088 1500
0.1620008945465088 1500
0.16306185722351074 1500
0.16409897804260254 1500
0.16409897804260254 1500
0.1652078628540039 1500
0.16606998443603516 1500
0.16727280616760254 1500
0.16727280616760254 1500
0.16809797286987305 1500
0.17003798484802246 1500
0.17003798484802246 1500
0.17003798484802246 1500
0.17116498947143555 1500
0.17228078842163086 1500
0.17228078842163086 1500
0.1733999252319336 1500
0.1741328239440918 1500
0.17508888244628906 1500
0.17508888244628906 1500
0.1761798858642578 1500
0.17715978622436523 1500
0.17715978622436523 1500
0.17800283432006836 1500
0.17917180061340332 1500
0.18008995056152344 1500
0.18008995056152344 1500
0.18103384971618652 1500
0.18287897109985352 1500
0.18340682983398438 1500
0.18340682983398438 1500
0.18428683280944824 1500
0.18500280380249023 1500
0.18500280380249023 1500
0.18636298179626465 1500
0.18737292289733887 1500
0.1881089210510254 1500
0.1881089210510254 1500
0.18930482864379883 1500
0.1903088092803955 1500
0.1903088092803955 1500
0.19120383262634277 1500
0.1919999122619629 1500
0.1932368278503418 1500
0.1932368278503418 1500
0.19410085678100586 1500
0.19511985778808594 1500
0.19617581367492676 1500
0.19617581367492676 1500
0.19716691970825195 1500
0.19806599617004395 1500
0.19806599617004395 1500
0.19919681549072266 1500
0.20049500465393066 1500
0.20105385780334473 1500
0.20105385780334473 1500
0.2020418643951416 1500
0.2030038833618164 1500
0.2030038833618164 1500
0.204542875289917 1500
0.20514488220214844 1500
0.20638179779052734 1500
0.20638179779052734 1500
0.2073688507080078 1500
0.20804882049560547 1500
0.2096707820892334 1500
0.2096707820892334 1500
0.2103128433227539 1500
0.21132779121398926 1500
0.21132779121398926 1500
0.21224689483642578 1500
0.21398687362670898 1500
0.21415090560913086 1500
0.21415090560913086 1500
0.21547389030456543 1500
0.21647191047668457 1500
0.21647191047668457 1500
0.21710777282714844 1500
0.21824193000793457 1500
0.2191638946533203 1500
0.2191638946533203 1500
0.22008299827575684 1500
0.22120189666748047 1500
0.22120189666748047 1500
0.2220458984375 1500
0.22319698333740234 1500
0.2251439094543457 1500
0.2251439094543457 1500
0.2251439094543457 1500
0.22634196281433105 1500
0.22715282440185547 1500
0.22715282440185547 1500
0.22875595092773438 1500
0.22895598411560059 1500
0.2289748191833496 1500
0.2306838035583496 1500
0.23113179206848145 1500
0.23209285736083984 1500
0.23209285736083984 1500
0.23308396339416504 1500
0.23437094688415527 1500
0.23437094688415527 1500
0.23506379127502441 1500
0.23602986335754395 1500
0.23694491386413574 1500
0.23694491386413574 1500
0.23813891410827637 1500
0.239609956741333 1500
0.24009180068969727 1500
0.24009180068969727 1500
0.24105477333068848 1500
0.24207377433776855 1500
0.24207377433776855 1500
0.24309587478637695 1500
0.24417781829833984 1500
0.24509596824645996 1500
0.24509596824645996 1500
0.24620580673217773 1500
0.24733781814575195 1500
0.24733781814575195 1500
0.2479698657989502 1500
0.25038981437683105 1500
0.25038981437683105 1500
0.25038981437683105 1500
0.2513558864593506 1500
0.2520627975463867 1500
0.2534167766571045 1500
0.2534167766571045 1500
0.2540268898010254 1500
0.25513386726379395 1500
0.2553129196166992 1500
0.25600194931030273 1500
0.2571699619293213 1500
0.2580108642578125 1500
0.2580108642578125 1500
0.25950193405151367 1500
0.2601299285888672 1500
0.2601299285888672 1500
0.26285600662231445 1500
0.26285600662231445 1500
0.26305389404296875 1500
0.26305389404296875 1500
0.264401912689209 1500
0.26523590087890625 1500
0.2662978172302246 1500
0.2662978172302246 1500
0.26749277114868164 1500
0.26836681365966797 1500
0.26836681365966797 1500
0.26914000511169434 1500
0.2700188159942627 1500
0.27106285095214844 1500
0.27106285095214844 1500
0.2723729610443115 1500
0.2740058898925781 1500
0.2740058898925781 1500
0.2740058898925781 1500
0.27506279945373535 1500
0.27605700492858887 1500
0.27605700492858887 1500
0.27714991569519043 1500
0.2780139446258545 1500
0.2790679931640625 1500
0.2790679931640625 1500
0.2799839973449707 1500
0.28118181228637695 1500
0.28118181228637695 1500
0.2819788455963135 1500
0.28337979316711426 1500
0.28404998779296875 1500
0.28404998779296875 1500
0.2850658893585205 1500
0.28604793548583984 1500
0.28604793548583984 1500
0.2869718074798584 1500
0.28806591033935547 1500
0.28896188735961914 1500
0.28896188735961914 1500
0.2901289463043213 1500
0.2911989688873291 1500
0.29241394996643066 1500
0.29241394996643066 1500
0.293137788772583 1500
0.29409098625183105 1500
0.29409098625183105 1500
0.29500484466552734 1500
0.29615283012390137 1500
0.29724884033203125 1500
0.29724884033203125 1500
0.29802894592285156 1500
0.2990529537200928 1500
0.2990529537200928 1500
0.3001999855041504 1500
0.3010439872741699 1500
0.3021118640899658 1500
0.3021118640899658 1500
0.3032717704772949 1500
0.30401182174682617 1500
0.30519795417785645 1500
0.30519795417785645 1500
0.30711984634399414 1500
0.30711984634399414 1500
0.30711984634399414 1500
0.30834293365478516 1500
0.30908894538879395 1500
0.31009387969970703 1500
0.31009387969970703 1500
0.31100893020629883 1500
0.31253981590270996 1500
0.31253981590270996 1500
0.3131709098815918 1500
0.31457090377807617 1500
0.3153419494628906 1500
0.3153419494628906 1500
0.31626296043395996 1500
0.317126989364624 1500
0.31843996047973633 1500
0.31843996047973633 1500
0.3190279006958008 1500
0.3200349807739258 1500
0.3200349807739258 1500
0.3209559917449951 1500
0.3221549987792969 1500
0.32315897941589355 1500
0.32315897941589355 1500
0.32414889335632324 1500
0.3251159191131592 1500
0.3251159191131592 1500
0.3262288570404053 1500
0.3269929885864258 1500
0.32895588874816895 1500
0.32895588874816895 1500
0.32895588874816895 1500
0.33019495010375977 1500
0.3310978412628174 1500
0.3310978412628174 1500
0.3320629596710205 1500
0.33298587799072266 1500
0.33298587799072266 1500
0.33406877517700195 1500
0.33510589599609375 1500
0.33603978157043457 1500
0.33603978157043457 1500
0.33701300621032715 1500
0.33805179595947266 1500
0.33805179595947266 1500
0.3390238285064697 1500
0.3403589725494385 1500
0.34121179580688477 1500
0.34121179580688477 1500
0.34201788902282715 1500
0.34334397315979004 1500
0.3440208435058594 1500
0.3440208435058594 1500
0.3451089859008789 1500
0.3462178707122803 1500
0.3462178707122803 1500
0.34703588485717773 1500
0.34801578521728516 1500
0.34909987449645996 1500
0.34909987449645996 1500
0.3501288890838623 1500
0.3512129783630371 1500
0.3512129783630371 1500
0.35211181640625 1500
0.3532228469848633 1500
0.3541078567504883 1500
0.3541078567504883 1500
0.355266809463501 1500
0.355975866317749 1500
0.35755300521850586 1500
0.35755300521850586 1500
0.35798096656799316 1500
0.3594498634338379 1500
0.3594498634338379 1500
0.3602008819580078 1500
0.36142897605895996 1500
0.3621528148651123 1500
0.3621528148651123 1500
0.36344099044799805 1500
0.36399197578430176 1500
0.36399197578430176 1500
0.36544179916381836 1500
0.3660409450531006 1500
0.3673369884490967 1500
0.3673369884490967 1500
0.36803293228149414 1500
0.3690907955169678 1500
0.3706629276275635 1500
0.3706629276275635 1500
0.3714718818664551 1500
0.3719658851623535 1500
0.3719658851623535 1500
0.3736269474029541 1500
0.3741798400878906 1500
0.37537288665771484 1500
0.37537288665771484 1500
0.37642884254455566 1500
0.3775908946990967 1500
0.3775908946990967 1500
0.37821388244628906 1500
0.37954282760620117 1500
0.38016200065612793 1500
0.38016200065612793 1500
0.38214778900146484 1500
0.3823409080505371 1500
0.3823409080505371 1500
0.3836359977722168 1500
0.3845648765563965 1500
0.3850100040435791 1500
0.3850100040435791 1500
0.386368989944458 1500
0.38703083992004395 1500
0.3880898952484131 1500
0.3880898952484131 1500
0.3890697956085205 1500
0.3905329704284668 1500
0.3905329704284668 1500
0.391035795211792 1500
0.3924379348754883 1500
0.39330387115478516 1500
0.39330387115478516 1500
0.39440488815307617 1500
0.39499998092651367 1500
0.39499998092651367 1500
0.39629077911376953 1500
0.3969888687133789 1500
0.3980698585510254 1500
0.3980698585510254 1500
0.3992149829864502 1500
0.4004387855529785 1500
0.4012718200683594 1500
0.4012718200683594 1500
0.4020819664001465 1500
0.40319299697875977 1500
0.40319299697875977 1500
0.40410399436950684 1500
0.405012845993042 1500
0.40610790252685547 1500
0.4070918560028076 1500
0.4070918560028076 1500
0.40821099281311035 1500
0.40821099281311035 1500
0.40920400619506836 1500
0.4100799560546875 1500
0.4112379550933838 1500
0.4112379550933838 1500
0.41205883026123047 1500
0.41318583488464355 1500
0.4143087863922119 1500
0.4143087863922119 1500
0.41504979133605957 1500
0.41615986824035645 1500
0.41615986824035645 1500
0.4170198440551758 1500
0.4180638790130615 1500
0.4190959930419922 1500
0.4190959930419922 1500
0.42075490951538086 1500
0.420947790145874 1500
0.420947790145874 1500
0.4221949577331543 1500
0.4233059883117676 1500
0.4240119457244873 1500
0.4240119457244873 1500
0.4252438545227051 1500
0.4261209964752197 1500
0.4270198345184326 1500
0.4270198345184326 1500
0.4280698299407959 1500
0.42908787727355957 1500
0.42908787727355957 1500
0.43003392219543457 1500
0.4311177730560303 1500
0.43210697174072266 1500
0.43210697174072266 1500
0.4330728054046631 1500
0.43404579162597656 1500
0.43404579162597656 1500
0.4350898265838623 1500
0.43636298179626465 1500
0.43701887130737305 1500
0.43701887130737305 1500
0.4380660057067871 1500
0.43907785415649414 1500
0.4402918815612793 1500
0.4402918815612793 1500
0.4410679340362549 1500
0.44218993186950684 1500
0.44218993186950684 1500
0.4434030055999756 1500
0.4442899227142334 1500
0.44496679306030273 1500
0.44496679306030273 1500
0.44610095024108887 1500
0.44715094566345215 1500
0.44715094566345215 1500
0.44826793670654297 1500
0.44916796684265137 1500
0.450056791305542 1500
0.450056791305542 1500
0.4509849548339844 1500
0.4522709846496582 1500
0.4529869556427002 1500
0.4529869556427002 1500
0.4540128707885742 1500
0.45623183250427246 1500
0.45623183250427246 1500
0.4564528465270996 1500
0.45711779594421387 1500
0.458176851272583 1500
0.458176851272583 1500
0.45931196212768555 1500
0.46005678176879883 1500
0.46005678176879883 1500
0.4611489772796631 1500
0.46204280853271484 1500
0.46309900283813477 1500
0.46309900283813477 1500
0.4640688896179199 1500
0.46524691581726074 1500
0.4665868282318115 1500
0.4665868282318115 1500
0.46713995933532715 1500
0.468019962310791 1500
0.468019962310791 1500
0.4691629409790039 1500
0.4710359573364258 1500
0.4710359573364258 1500
0.4710359573364258 1500
0.4723069667816162 1500
0.47397589683532715 1500
0.47397589683532715 1500
0.4741659164428711 1500
0.4756009578704834 1500
0.47615790367126465 1500
0.47615790367126465 1500
0.47720885276794434 1500
0.4781229496002197 1500
0.47913193702697754 1500
0.47913193702697754 1500
0.48015594482421875 1500
0.48125290870666504 1500
0.48125290870666504 1500
0.48216700553894043 1500
0.4833669662475586 1500
0.4840250015258789 1500
0.4840250015258789 1500
0.4852938652038574 1500
0.4861419200897217 1500
0.4861419200897217 1500
0.4872908592224121 1500
0.48825693130493164 1500
0.4893019199371338 1500
0.4893019199371338 1500
0.4906778335571289 1500
0.49140381813049316 1500
0.49218082427978516 1500
0.49218082427978516 1500
0.4938039779663086 1500
0.4942770004272461 1500
0.4942770004272461 1500
0.4950878620147705 1500
0.4964718818664551 1500
0.49710583686828613 1500
0.49710583686828613 1500
0.4980008602142334 1500
0.4991319179534912 1500
0.4991319179534912 1500
0.5001029968261719 1500
0.5011940002441406 1500
0.502032995223999 1500
0.502032995223999 1500
0.5032169818878174 1500
0.5040469169616699 1500
