1050000
0.0 1500
0.0 1500
0.0010001659393310547 1500
0.0017590522766113281 1500
0.0031540393829345703 1500
0.0031540393829345703 1500
0.004064083099365234 1500
0.00527501106262207 1500
0.006059169769287109 1500
0.006059169769287109 1500
0.006833076477050781 1500
0.008148193359375 1500
0.008148193359375 1500
0.009109973907470703 1500
0.01044011116027832 1500
0.010979175567626953 1500
0.010979175567626953 1500
0.012314081192016602 1500
0.012668132781982422 1500
0.012904167175292969 1500
0.013869047164916992 1500
0.014924049377441406 1500
0.016378164291381836 1500
0.016378164291381836 1500
0.01665210723876953 1500
0.018493175506591797 1500
0.018735170364379883 1500
0.01891803741455078 1500
0.01984405517578125 1500
0.021285057067871094 1500
0.021285057067871094 1500
0.021969079971313477 1500
0.02290797233581543 1500
0.02385401725769043 1500
0.02385401725769043 1500
0.025083065032958984 1500
0.025804996490478516 1500
0.025804996490478516 1500
0.027383089065551758 1500
0.02786111831665039 1500
0.028808116912841797 1500
0.028808116912841797 1500
0.03018498420715332 1500
0.031061172485351562 1500
0.03205299377441406 1500
0.033100128173828125 1500
0.033883094787597656 1500
0.035928964614868164 1500
0.03684401512145996 1500
0.038223981857299805 1500
0.03884315490722656 1500
0.04005908966064453 1500
0.040786027908325195 1500
0.040786027908325195 1500
0.04188418388366699 1500
0.04268813133239746 1500
0.04402804374694824 1500
0.04402804374694824 1500
0.04493308067321777 1500
0.04602813720703125 1500
0.04680299758911133 1500
0.04680299758911133 1500
0.048043012619018555 1500
0.04880714416503906 1500
0.04880714416503906 1500
0.0499880313873291 1500
0.051167964935302734 1500
0.05196404457092285 1500
0.05196404457092285 1500
0.05297708511352539 1500
0.05384516716003418 1500
0.055082082748413086 1500
0.055082082748413086 1500
0.0557711124420166 1500
0.0571751594543457 1500
0.0571751594543457 1500
0.05779719352722168 1500
0.05888009071350098 1500
0.05965304374694824 1500
0.05965304374694824 1500
0.06173419952392578 1500
0.06175518035888672 1500
0.06190299987792969 1500
0.06372904777526855 1500
0.06414413452148438 1500
0.06495404243469238 1500
0.0658421516418457 1500
0.06700706481933594 1500
0.06700706481933594 1500
0.06790018081665039 1500
0.06897807121276855 1500
0.06897807121276855 1500
0.06981015205383301 1500
0.07116913795471191 1500
0.07193708419799805 1500
0.07193708419799805 1500
0.07301497459411621 1500
0.07398009300231934 1500
0.0749959945678711 1500
0.0749959945678711 1500
0.07595300674438477 1500
0.07671713829040527 1500
0.07671713829040527 1500
0.07772302627563477 1500
0.0785980224609375 1500
0.08014917373657227 1500
0.08014917373657227 1500
0.08138418197631836 1500
0.08206009864807129 1500
0.08206009864807129 1500
0.08332419395446777 1500
0.0841221809387207 1500
0.08479118347167969 1500
0.08479118347167969 1500
0.08588504791259766 1500
0.08681797981262207 1500
0.08776712417602539 1500
0.08776712417602539 1500
0.08890819549560547 1500
0.08991003036499023 1500
0.08991003036499023 1500
0.09098601341247559 1500
0.09172296524047852 1500
0.09332919120788574 1500
0.09332919120788574 1500
0.09429812431335449 1500
0.09479117393493652 1500
0.09479117393493652 1500
0.09608101844787598 1500
0.09713196754455566 1500
0.09770011901855469 1500
0.09902000427246094 1500
0.09902000427246094 1500
0.09990501403808594 1500
0.10117316246032715 1500
0.10214900970458984 1500
0.10273504257202148 1500
0.10273504257202148 1500
0.10396313667297363 1500
0.10494112968444824 1500
0.10494112968444824 1500
0.10598397254943848 1500
0.10680699348449707 1500
0.10819816589355469 1500
0.10819816589355469 1500
0.10879707336425781 1500
0.10988998413085938 1500
0.1108560562133789 1500
0.11185097694396973 1500
0.11185097694396973 1500
0.11302518844604492 1500
0.11434316635131836 1500
0.1149749755859375 1500
0.1149749755859375 1500
0.1161351203918457 1500
0.11701798439025879 1500
0.11701798439025879 1500
0.11805915832519531 1500
0.11903619766235352 1500
0.11985611915588379 1500
0.11985611915588379 1500
0.12080717086791992 1500
0.1216580867767334 1500
0.12279701232910156 1500
0.12279701232910156 1500
0.12373900413513184 1500
0.12490415573120117 1500
0.12490415573120117 1500
0.12681198120117188 1500
0.12681198120117188 1500
0.12790203094482422 1500
0.12790203094482422 1500
0.128709077835083 1500
0.12977004051208496 1500
0.13103914260864258 1500
0.13103914260864258 1500
0.13184499740600586 1500
0.13274002075195312 1500
0.13274002075195312 1500
0.13391804695129395 1500
0.13477301597595215 1500
0.1358649730682373 1500
0.1358649730682373 1500
0.1368250846862793 1500
0.13875603675842285 1500
0.13875603675842285 1500
0.13987016677856445 1500
0.14069604873657227 1500
0.14377403259277344 1500
0.14692902565002441 1500
0.1518239974975586 1500
0.1518239974975586 1500
0.1534290313720703 1500
0.15407204627990723 1500
0.1611311435699463 1500
0.1611311435699463 1500
0.16521811485290527 1500
0.16521811485290527 1500
0.16599702835083008 1500
0.16599702835083008 1500
0.16688013076782227 1500
0.16785502433776855 1500
0.1690690517425537 1500
0.16992616653442383 1500
0.16992616653442383 1500
0.17103910446166992 1500
0.17184901237487793 1500
0.17279696464538574 1500
0.17366814613342285 1500
0.17366814613342285 1500
0.1761469841003418 1500
0.1761469841003418 1500
0.1761469841003418 1500
0.17688798904418945 1500
0.17771697044372559 1500
0.17889809608459473 1500
0.17889809608459473 1500
0.18009209632873535 1500
0.18088412284851074 1500
0.18088412284851074 1500
0.1816999912261963 1500
0.1827859878540039 1500
0.18439698219299316 1500
0.18439698219299316 1500
0.1850731372833252 1500
0.18571209907531738 1500
0.1870269775390625 1500
0.1870269775390625 1500
0.18793511390686035 1500
0.18935918807983398 1500
0.18954110145568848 1500
0.19167709350585938 1500
0.19167709350585938 1500
0.19191217422485352 1500
0.19295120239257812 1500
0.19371914863586426 1500
0.19371914863586426 1500
0.19491004943847656 1500
0.19591999053955078 1500
0.19591999053955078 1500
0.19686508178710938 1500
0.1980421543121338 1500
0.19895696640014648 1500
0.19895696640014648 1500
0.20035004615783691 1500
0.20251011848449707 1500
0.20251011848449707 1500
0.20251011848449707 1500
0.20275211334228516 1500
0.20394301414489746 1500
0.20394301414489746 1500
0.20496511459350586 1500
0.20572113990783691 1500
0.20711112022399902 1500
0.20711112022399902 1500
0.20786213874816895 1500
0.20889711380004883 1500
0.20889711380004883 1500
0.20996308326721191 1500
0.21071314811706543 1500
0.21427416801452637 1500
0.21587800979614258 1500
0.21958303451538086 1500
0.22258996963500977 1500
0.225722074508667 1500
0.225722074508667 1500
0.22672104835510254 1500
0.22672104835510254 1500
0.2278740406036377 1500
0.22907710075378418 1500
0.22987008094787598 1500
0.22987008094787598 1500
0.2307729721069336 1500
0.23188304901123047 1500
0.23269319534301758 1500
0.23269319534301758 1500
0.23373913764953613 1500
0.2347421646118164 1500
0.2347421646118164 1500
0.23565006256103516 1500
0.23689508438110352 1500
0.23789310455322266 1500
0.23900604248046875 1500
0.23900604248046875 1500
0.24004507064819336 1500
0.2406330108642578 1500
0.24196600914001465 1500
0.24196600914001465 1500
0.24283504486083984 1500
0.24401497840881348 1500
0.24401497840881348 1500
0.24471116065979004 1500
0.24620509147644043 1500
0.24706315994262695 1500
0.24706315994262695 1500
0.2480320930480957 1500
0.24882197380065918 1500
0.2498011589050293 1500
0.25081419944763184 1500
0.25081419944763184 1500
0.25186800956726074 1500
0.2529470920562744 1500
0.2540771961212158 1500
0.2540771961212158 1500
0.2549290657043457 1500
0.2560241222381592 1500
0.25688719749450684 1500
0.25688719749450684 1500
0.2578861713409424 1500
0.2586400508880615 1500
0.2586400508880615 1500
0.25963306427001953 1500
0.26111507415771484 1500
0.26338911056518555 1500
0.26338911056518555 1500
0.26338911056518555 1500
0.2635331153869629 1500
0.2654151916503906 1500
0.2658090591430664 1500
0.2658090591430664 1500
0.26755499839782715 1500
0.26759815216064453 1500
0.26759815216064453 1500
0.26912498474121094 1500
0.26984620094299316 1500
0.2710089683532715 1500
0.27182602882385254 1500
0.27182602882385254 1500
0.2729630470275879 1500
0.273730993270874 1500
0.27606916427612305 1500
0.27606916427612305 1500
0.27606916427612305 1500
0.27683115005493164 1500
0.2777290344238281 1500
0.2777290344238281 1500
0.2788870334625244 1500
0.2802741527557373 1500
0.2808840274810791 1500
0.2808840274810791 1500
0.28156518936157227 1500
0.2830820083618164 1500
0.2838101387023926 1500
0.2838101387023926 1500
0.28493309020996094 1500
0.28583812713623047 1500
0.28583812713623047 1500
0.28696203231811523 1500
0.2876861095428467 1500
0.28997206687927246 1500
0.28997206687927246 1500
0.28997206687927246 1500
0.2910420894622803 1500
0.2910420894622803 1500
0.29170799255371094 1500
0.29311513900756836 1500
0.29442501068115234 1500
0.29442501068115234 1500
0.2949061393737793 1500
0.2964291572570801 1500
0.2966630458831787 1500
0.2966630458831787 1500
0.29790306091308594 1500
0.2989921569824219 1500
0.2989921569824219 1500
0.2999000549316406 1500
0.3008151054382324 1500
0.30182600021362305 1500
0.30182600021362305 1500
0.30359911918640137 1500
0.3039281368255615 1500
0.3039281368255615 1500
0.30486416816711426 1500
0.3060150146484375 1500
0.306873083114624 1500
0.306873083114624 1500
0.30767011642456055 1500
0.30878400802612305 1500
0.30878400802612305 1500
0.3095099925994873 1500
0.3109731674194336 1500
0.3115990161895752 1500
0.3115990161895752 1500
0.312852144241333 1500
0.313662052154541 1500
0.3146240711212158 1500
0.3158841133117676 1500
0.3166999816894531 1500
0.3166999816894531 1500
0.31762003898620605 1500
0.31868910789489746 1500
0.31868910789489746 1500
0.31975698471069336 1500
0.3213820457458496 1500
0.3217010498046875 1500
0.3217010498046875 1500
0.32334017753601074 1500
0.32361412048339844 1500
0.32361412048339844 1500
0.32474803924560547 1500
0.3263680934906006 1500
0.32687902450561523 1500
0.32687902450561523 1500
0.3281691074371338 1500
0.3287220001220703 1500
0.32976818084716797 1500
0.32976818084716797 1500
0.3306610584259033 1500
0.3321189880371094 1500
0.3321189880371094 1500
0.33288097381591797 1500
0.3337700366973877 1500
0.33507609367370605 1500
0.33507609367370605 1500
0.33589816093444824 1500
0.3369140625 1500
0.3381810188293457 1500
0.3381810188293457 1500
0.3391151428222656 1500
0.339738130569458 1500
0.339738130569458 1500
0.3408041000366211 1500
0.34177613258361816 1500
0.34285497665405273 1500
0.34285497665405273 1500
0.3439171314239502 1500
0.3448910713195801 1500
0.3448910713195801 1500
0.3468341827392578 1500
0.34711599349975586 1500
0.34793806076049805 1500
0.34793806076049805 1500
0.3488771915435791 1500
0.35141611099243164 1500
0.35141611099243164 1500
0.35141611099243164 1500
0.35247111320495605 1500
0.3531370162963867 1500
0.3531370162963867 1500
0.35398101806640625 1500
0.3549001216888428 1500
0.35601305961608887 1500
0.35601305961608887 1500
0.357086181640625 1500
0.3578670024871826 1500
0.3578670024871826 1500
0.35896801948547363 1500
0.35985803604125977 1500
0.36252498626708984 1500
0.36252498626708984 1500
0.36252498626708984 1500
0.36281609535217285 1500
0.363739013671875 1500
0.363739013671875 1500
0.3648831844329834 1500
0.36585211753845215 1500
0.36585211753845215 1500
0.3670620918273926 1500
0.3679080009460449 1500
0.3690001964569092 1500
0.3690001964569092 1500
0.3699162006378174 1500
0.37120509147644043 1500
0.37120509147644043 1500
0.3716881275177002 1500
0.37351512908935547 1500
0.3737220764160156 1500
0.3737220764160156 1500
0.3748781681060791 1500
0.37575411796569824 1500
0.3767971992492676 1500
0.3767971992492676 1500
0.37769317626953125 1500
0.37892699241638184 1500
0.37892699241638184 1500
0.37994813919067383 1500
0.3812260627746582 1500
0.3819620609283447 1500
0.3819620609283447 1500
0.3829810619354248 1500
0.38374900817871094 1500
0.38497400283813477 1500
0.38497400283813477 1500
0.3858041763305664 1500
0.3869340419769287 1500
0.38793206214904785 1500
0.38793206214904785 1500
0.3891019821166992 1500
0.38997817039489746 1500
0.38997817039489746 1500
0.39075398445129395 1500
0.39180517196655273 1500
0.39287614822387695 1500
0.39287614822387695 1500
0.3937821388244629 1500
0.3947470188140869 1500
0.3947470188140869 1500
0.3958611488342285 1500
0.39725708961486816 1500
0.3978769779205322 1500
0.3978769779205322 1500
0.39913201332092285 1500
0.39969706535339355 1500
0.39969706535339355 1500
0.40076303482055664 1500
0.4016091823577881 1500
0.40289998054504395 1500
0.40302515029907227 1500
0.4035961627960205 1500
0.40490007400512695 1500
0.40570902824401855 1500
0.40570902824401855 1500
0.4069039821624756 1500
0.40783119201660156 1500
0.40783119201660156 1500
0.4103231430053711 1500
0.4103231430053711 1500
0.4106271266937256 1500
0.4106271266937256 1500
0.41203999519348145 1500
0.4127631187438965 1500
0.4127631187438965 1500
0.41375303268432617 1500
0.4146850109100342 1500
0.4157111644744873 1500
0.41585302352905273 1500
0.4166421890258789 1500
0.4179091453552246 1500
0.4188351631164551 1500
0.4188351631164551 1500
0.4198160171508789 1500
0.4207639694213867 1500
0.4207639694213867 1500
0.42224597930908203 1500
0.42261314392089844 1500
0.42392897605895996 1500
0.42392897605895996 1500
0.4248981475830078 1500
0.4260079860687256 1500
0.42673397064208984 1500
0.42673397064208984 1500
0.4277939796447754 1500
0.42856597900390625 1500
0.42856597900390625 1500
0.4295651912689209 1500
0.43097519874572754 1500
0.4319131374359131 1500
0.4319131374359131 1500
0.4328451156616211 1500
0.43372201919555664 1500
0.43384504318237305 1500
0.4347801208496094 1500
0.43588709831237793 1500
0.4366631507873535 1500
0.4366631507873535 1500
0.4379611015319824 1500
0.43863797187805176 1500
0.4405391216278076 1500
0.4405391216278076 1500
0.4405391216278076 1500
0.441939115524292 1500
0.441939115524292 1500
0.4428060054779053 1500
0.4442000389099121 1500
0.44458913803100586 1500
0.44458913803100586 1500
0.4465939998626709 1500
0.44673705101013184 1500
0.44673705101013184 1500
0.4478921890258789 1500
0.44882917404174805 1500
0.4500901699066162 1500
0.4500901699066162 1500
0.4506511688232422 1500
0.45189905166625977 1500
0.4528801441192627 1500
0.4528801441192627 1500
0.45387816429138184 1500
0.4548790454864502 1500
0.4548790454864502 1500
0.45609116554260254 1500
0.4572429656982422 1500
0.4580981731414795 1500
0.4580981731414795 1500
0.45885610580444336 1500
0.4600851535797119 1500
0.4600851535797119 1500
0.4609529972076416 1500
0.46163415908813477 1500
0.46264004707336426 1500
0.46278810501098633 1500
0.46407318115234375 1500
0.4646320343017578 1500
0.4660341739654541 1500
0.4660341739654541 1500
0.4666910171508789 1500
0.46839308738708496 1500
0.46839308738708496 1500
0.46875810623168945 1500
0.46998000144958496 1500
0.4708549976348877 1500
0.4708549976348877 1500
0.4717280864715576 1500
0.4734501838684082 1500
0.4734501838684082 1500
0.4742271900177002 1500
0.47476816177368164 1500
0.47575902938842773 1500
0.47575902938842773 1500
0.4770491123199463 1500
0.47814202308654785 1500
0.47814202308654785 1500
0.47881603240966797 1500
0.4797811508178711 1500
0.4808640480041504 1500
0.4808640480041504 1500
0.4817070960998535 1500
0.4828929901123047 1500
0.4841780662536621 1500
0.4841780662536621 1500
0.4849669933319092 1500
0.48604416847229004 1500
0.48604416847229004 1500
0.48674702644348145 1500
0.48786211013793945 1500
0.4888331890106201 1500
0.4888331890106201 1500
0.4901711940765381 1500
0.49077415466308594 1500
0.49077415466308594 1500
0.4920201301574707 1500
0.4943580627441406 1500
0.49445319175720215 1500
0.49445319175720215 1500
0.4948441982269287 1500
0.49604201316833496 1500
0.4970121383666992 1500
0.4970121383666992 1500
0.4979879856109619 1500
0.4987339973449707 1500
0.4987339973449707 1500
0.5002951622009277 1500
0.5007920265197754 1500
0.5018341541290283 1500
0.5018341541290283 1500
0.5030431747436523 1500
0.5052239894866943 1500
0.5052239894866943 1500
0.5052239894866943 1500
0.5058631896972656 1500
0.5068631172180176 1500
0.5068631172180176 1500
0.5078389644622803 1500
0.5089461803436279 1500
0.5096859931945801 1500
0.5109272003173828 1500
0.5109272003173828 1500
0.5119960308074951 1500
0.5119960308074951 1500
0.5128881931304932 1500
0.5140199661254883 1500
0.514862060546875 1500
0.514862060546875 1500
0.5158851146697998 1500
0.5165200233459473 1500
0.5182180404663086 1500
0.5186121463775635 1500
0.5186121463775635 1500
0.5201101303100586 1500
0.5212671756744385 1500
0.5229570865631104 1500
0.5229570865631104 1500
0.5229570865631104 1500
0.5238261222839355 1500
0.5238940715789795 1500
0.524860143661499 1500
0.5260481834411621 1500
0.5268621444702148 1500
0.5268621444702148 1500
0.5278170108795166 1500
0.5286080837249756 1500
0.5286080837249756 1500
0.5299110412597656 1500
0.5309209823608398 1500
0.5320510864257812 1500
0.5320510864257812 1500
0.5328340530395508 1500
0.5358331203460693 1500
0.5358331203460693 1500
0.5358331203460693 1500
0.5358331203460693 1500
0.5376169681549072 1500
0.5376169681549072 1500
0.5376169681549072 1500
0.5391190052032471 1500
0.5399119853973389 1500
0.5399119853973389 1500
0.5408000946044922 1500
0.5422160625457764 1500
0.5422160625457764 1500
