1050000
0.0 1500
0.0 1500
0.0 1500
0.0011420249938964844 1500
0.002017974853515625 1500
0.002017974853515625 1500
0.002732992172241211 1500
0.0037488937377929688 1500
0.0056231021881103516 1500
0.0056231021881103516 1500
0.005925893783569336 1500
0.007035017013549805 1500
0.007728099822998047 1500
0.007728099822998047 1500
0.008550882339477539 1500
0.010006904602050781 1500
0.010006904602050781 1500
0.010534048080444336 1500
0.011625051498413086 1500
0.012607097625732422 1500
0.012607097625732422 1500
0.013751029968261719 1500
0.014993906021118164 1500
0.014993906021118164 1500
0.01585698127746582 1500
0.016629934310913086 1500
0.01937699317932129 1500
0.01937699317932129 1500
0.01937699317932129 1500
0.01995706558227539 1500
0.020689964294433594 1500
0.020689964294433594 1500
0.022084951400756836 1500
0.022703886032104492 1500
0.0235440731048584 1500
0.0235440731048584 1500
0.02518606185913086 1500
0.025387048721313477 1500
0.025387048721313477 1500
0.02761101722717285 1500
0.02761101722717285 1500
0.028714895248413086 1500
0.028714895248413086 1500
0.029707908630371094 1500
0.031744956970214844 1500
0.031744956970214844 1500
0.031800031661987305 1500
0.03306102752685547 1500
0.03364396095275879 1500
0.03364396095275879 1500
0.034735918045043945 1500
0.03565788269042969 1500
0.03565788269042969 1500
0.03684496879577637 1500
0.037796974182128906 1500
0.03864288330078125 1500
0.03864288330078125 1500
0.03970789909362793 1500
0.040740966796875 1500
0.04156303405761719 1500
0.04156303405761719 1500
0.04424905776977539 1500
0.04424905776977539 1500
0.04424905776977539 1500
0.04502987861633301 1500
0.045629024505615234 1500
0.046562910079956055 1500
0.046562910079956055 1500
0.04764294624328613 1500
0.04945492744445801 1500
0.04945492744445801 1500
0.049748897552490234 1500
0.05062389373779297 1500
0.05160188674926758 1500
0.05160188674926758 1500
0.0531458854675293 1500
0.05382704734802246 1500
0.05461597442626953 1500
0.05461597442626953 1500
0.05553603172302246 1500
0.05661797523498535 1500
0.05661797523498535 1500
0.05777597427368164 1500
0.05913209915161133 1500
0.05961203575134277 1500
0.05961203575134277 1500
0.06067991256713867 1500
0.06187009811401367 1500
0.06187009811401367 1500
0.06280088424682617 1500
0.06372594833374023 1500
0.06482291221618652 1500
0.06482291221618652 1500
0.0656120777130127 1500
0.06790804862976074 1500
0.06790804862976074 1500
0.06790804862976074 1500
0.06970095634460449 1500
0.06970095634460449 1500
0.06970095634460449 1500
0.07068204879760742 1500
0.07186388969421387 1500
0.07263588905334473 1500
0.07263588905334473 1500
0.07360696792602539 1500
0.0746619701385498 1500
0.0746619701385498 1500
0.07556605339050293 1500
0.07700300216674805 1500
0.07767009735107422 1500
0.07767009735107422 1500
0.07871389389038086 1500
0.08079791069030762 1500
0.08083987236022949 1500
0.08083987236022949 1500
0.08205008506774902 1500
0.08295392990112305 1500
0.08295392990112305 1500
0.08391809463500977 1500
0.08465790748596191 1500
0.08632802963256836 1500
0.08632802963256836 1500
0.08638691902160645 1500
0.08815789222717285 1500
0.08815789222717285 1500
0.08886408805847168 1500
0.09003210067749023 1500
0.0907280445098877 1500
0.0907280445098877 1500
0.09198808670043945 1500
0.09258604049682617 1500
0.09403610229492188 1500
0.09403610229492188 1500
0.09543991088867188 1500
0.09569501876831055 1500
0.09569501876831055 1500
0.09694790840148926 1500
0.09768795967102051 1500
0.09896707534790039 1500
0.09896707534790039 1500
0.09973692893981934 1500
0.10103893280029297 1500
0.1020660400390625 1500
0.1020660400390625 1500
0.10273504257202148 1500
0.10358905792236328 1500
0.10358905792236328 1500
0.10478901863098145 1500
0.1056210994720459 1500
0.10677099227905273 1500
0.10677099227905273 1500
0.10778999328613281 1500
0.10906505584716797 1500
0.10906505584716797 1500
0.10973691940307617 1500
0.11063599586486816 1500
0.11170291900634766 1500
0.11170291900634766 1500
0.11252307891845703 1500
0.1139979362487793 1500
0.11460995674133301 1500
0.11460995674133301 1500
0.11602902412414551 1500
0.11661005020141602 1500
0.11661005020141602 1500
0.11756706237792969 1500
0.11873388290405273 1500
0.11961698532104492 1500
0.11961698532104492 1500
0.12059497833251953 1500
0.1216440200805664 1500
0.1216440200805664 1500
0.12278008460998535 1500
0.1249699592590332 1500
0.1249699592590332 1500
0.1249699592590332 1500
0.12651801109313965 1500
0.12651801109313965 1500
0.12659597396850586 1500
0.12789607048034668 1500
0.12874102592468262 1500
0.1297750473022461 1500
0.1297750473022461 1500
0.1308739185333252 1500
0.13168787956237793 1500
0.13271188735961914 1500
0.13271188735961914 1500
0.13391709327697754 1500
0.13477087020874023 1500
0.13477087020874023 1500
0.13662290573120117 1500
0.13662290573120117 1500
0.13772201538085938 1500
0.13772201538085938 1500
0.1390218734741211 1500
0.139617919921875 1500
0.139617919921875 1500
0.1406230926513672 1500
0.14187002182006836 1500
0.14262890815734863 1500
0.14262890815734863 1500
0.1436159610748291 1500
0.1449599266052246 1500
0.14680099487304688 1500
0.14680099487304688 1500
0.14680099487304688 1500
0.1476728916168213 1500
0.1476728916168213 1500
0.14885687828063965 1500
0.14963197708129883 1500
0.1505739688873291 1500
0.1505739688873291 1500
0.15199708938598633 1500
0.15271592140197754 1500
0.15271592140197754 1500
0.15380597114562988 1500
0.1547539234161377 1500
0.15764999389648438 1500
0.15764999389648438 1500
0.15764999389648438 1500
0.15764999389648438 1500
0.15871191024780273 1500
0.15871191024780273 1500
0.15983104705810547 1500
0.1609210968017578 1500
0.1609210968017578 1500
0.16161894798278809 1500
0.16303205490112305 1500
0.16362404823303223 1500
0.16362404823303223 1500
0.16481494903564453 1500
0.16562891006469727 1500
0.16562891006469727 1500
0.16688799858093262 1500
0.167572021484375 1500
0.16919207572937012 1500
0.16919207572937012 1500
0.1697990894317627 1500
0.1707620620727539 1500
0.17165589332580566 1500
0.17165589332580566 1500
0.17272686958312988 1500
0.17370986938476562 1500
0.17370986938476562 1500
0.17467498779296875 1500
0.17587709426879883 1500
0.1776731014251709 1500
0.17771196365356445 1500
0.1777939796447754 1500
0.1789689064025879 1500
0.1789689064025879 1500
0.17943406105041504 1500
0.1804049015045166 1500
0.18175101280212402 1500
0.18175101280212402 1500
0.18244099617004395 1500
0.18360304832458496 1500
0.18491506576538086 1500
0.18491506576538086 1500
0.1855170726776123 1500
0.18674898147583008 1500
0.18674898147583008 1500
0.18881487846374512 1500
0.18883490562438965 1500
0.18967604637145996 1500
0.18979907035827637 1500
0.19042706489562988 1500
0.191694974899292 1500
0.191694974899292 1500
0.1924149990081787 1500
0.1938629150390625 1500
0.19490909576416016 1500
0.19490909576416016 1500
0.1958150863647461 1500
0.19640207290649414 1500
0.1979060173034668 1500
0.1979060173034668 1500
0.1988530158996582 1500
0.1995849609375 1500
0.19977593421936035 1500
0.2008368968963623 1500
0.2019519805908203 1500
0.20375299453735352 1500
0.20375299453735352 1500
0.2038559913635254 1500
0.2048039436340332 1500
0.2048039436340332 1500
0.20626091957092285 1500
0.20645809173583984 1500
0.2074110507965088 1500
0.2074110507965088 1500
0.2084670066833496 1500
0.21004295349121094 1500
0.21070599555969238 1500
0.21070599555969238 1500
0.21185898780822754 1500
0.21282005310058594 1500
0.21282005310058594 1500
0.21392202377319336 1500
0.2147510051727295 1500
0.21580290794372559 1500
0.21580290794372559 1500
0.21659302711486816 1500
0.21785187721252441 1500
0.21785187721252441 1500
0.21857810020446777 1500
0.22057104110717773 1500
0.22057104110717773 1500
0.22057104110717773 1500
0.22177696228027344 1500
0.22254610061645508 1500
0.22367191314697266 1500
0.22367191314697266 1500
0.22484707832336426 1500
0.2256779670715332 1500
0.2256779670715332 1500
0.22649502754211426 1500
0.22803187370300293 1500
0.22857403755187988 1500
0.22857403755187988 1500
0.22959589958190918 1500
0.23041105270385742 1500
0.23041105270385742 1500
0.2317960262298584 1500
0.2325749397277832 1500
0.23398089408874512 1500
0.23398089408874512 1500
0.23489809036254883 1500
0.2357480525970459 1500
0.23704004287719727 1500
0.23704004287719727 1500
0.2378098964691162 1500
0.23868107795715332 1500
0.23868107795715332 1500
0.23956704139709473 1500
0.24074602127075195 1500
0.24184799194335938 1500
0.24184799194335938 1500
0.243804931640625 1500
0.243804931640625 1500
0.243804931640625 1500
0.2455599308013916 1500
0.2455599308013916 1500
0.2466750144958496 1500
0.2466750144958496 1500
0.2476038932800293 1500
0.24910497665405273 1500
0.2509739398956299 1500
0.2509739398956299 1500
0.2509739398956299 1500
0.252471923828125 1500
0.252471923828125 1500
0.252471923828125 1500
0.2536649703979492 1500
0.2545499801635742 1500
0.2545499801635742 1500
0.25618600845336914 1500
0.25638699531555176 1500
0.2577788829803467 1500
0.2577788829803467 1500
0.25855207443237305 1500
0.2596399784088135 1500
0.2596399784088135 1500
0.26056504249572754 1500
0.26165294647216797 1500
0.26255297660827637 1500
0.26255297660827637 1500
0.2647719383239746 1500
0.2647719383239746 1500
0.2647719383239746 1500
0.26662206649780273 1500
0.26686787605285645 1500
0.2684760093688965 1500
0.2684760093688965 1500
0.2684760093688965 1500
0.2698791027069092 1500
0.2705669403076172 1500
0.2705669403076172 1500
0.2716059684753418 1500
0.27257704734802246 1500
0.27257704734802246 1500
0.27379393577575684 1500
0.274461030960083 1500
0.27557802200317383 1500
0.27557802200317383 1500
0.27660608291625977 1500
0.2776219844818115 1500
0.2776219844818115 1500
0.2790060043334961 1500
0.27960991859436035 1500
0.2804069519042969 1500
0.2804069519042969 1500
0.281627893447876 1500
0.2825620174407959 1500
0.2837870121002197 1500
0.2837870121002197 1500
0.284883975982666 1500
0.2855849266052246 1500
0.28570103645324707 1500
0.2868030071258545 1500
0.287661075592041 1500
0.28864097595214844 1500
0.28864097595214844 1500
0.28983306884765625 1500
0.2905099391937256 1500
0.2905099391937256 1500
0.29140806198120117 1500
0.2925078868865967 1500
0.29352402687072754 1500
0.29352402687072754 1500
0.29445791244506836 1500
0.29567694664001465 1500
0.2963869571685791 1500
0.2963869571685791 1500
0.2975289821624756 1500
0.2984650135040283 1500
0.2984650135040283 1500
0.2993628978729248 1500
0.30109190940856934 1500
0.30149006843566895 1500
0.30149006843566895 1500
0.30256009101867676 1500
0.30376100540161133 1500
0.30376100540161133 1500
0.30441904067993164 1500
0.3056318759918213 1500
0.306596040725708 1500
0.306596040725708 1500
0.308366060256958 1500
0.308366060256958 1500
0.3095738887786865 1500
0.3095738887786865 1500
0.31036901473999023 1500
0.3125429153442383 1500
0.3125429153442383 1500
0.3125429153442383 1500
0.3137369155883789 1500
0.31455302238464355 1500
0.31455302238464355 1500
0.31596994400024414 1500
0.3166050910949707 1500
0.3166050910949707 1500
0.3176388740539551 1500
0.31856608390808105 1500
0.3196280002593994 1500
0.3196280002593994 1500
0.3205530643463135 1500
0.3216209411621094 1500
0.3216209411621094 1500
0.3225550651550293 1500
0.32376694679260254 1500
0.32443809509277344 1500
0.32443809509277344 1500
0.32566189765930176 1500
0.32679295539855957 1500
0.3278019428253174 1500
0.3278019428253174 1500
0.32862401008605957 1500
0.3299109935760498 1500
0.3299109935760498 1500
0.3305521011352539 1500
0.33161306381225586 1500
0.3325519561767578 1500
0.3325519561767578 1500
0.33459901809692383 1500
0.33459901809692383 1500
0.33459901809692383 1500
0.33792996406555176 1500
0.33792996406555176 1500
0.33792996406555176 1500
0.33792996406555176 1500
0.3386690616607666 1500
0.3399999141693115 1500
0.34070301055908203 1500
0.34070301055908203 1500
0.3418159484863281 1500
0.3428668975830078 1500
0.3428668975830078 1500
0.3435540199279785 1500
0.3446168899536133 1500
0.34551310539245605 1500
0.34551310539245605 1500
0.3470029830932617 1500
0.3476700782775879 1500
0.3476700782775879 1500
0.34885406494140625 1500
0.34994006156921387 1500
0.351046085357666 1500
0.351046085357666 1500
0.3518259525299072 1500
0.35263895988464355 1500
0.3535618782043457 1500
0.3535618782043457 1500
0.35465502738952637 1500
0.35555195808410645 1500
0.35555195808410645 1500
0.3564720153808594 1500
0.35779595375061035 1500
0.358565092086792 1500
0.358565092086792 1500
0.3601200580596924 1500
0.3607180118560791 1500
0.3607180118560791 1500
0.361907958984375 1500
0.36268091201782227 1500
0.36359095573425293 1500
0.36359095573425293 1500
0.36456298828125 1500
0.3656470775604248 1500
0.3665499687194824 1500
0.3665499687194824 1500
0.3677220344543457 1500
0.36911988258361816 1500
0.36911988258361816 1500
0.36935901641845703 1500
0.37111401557922363 1500
0.3714261054992676 1500
0.3714261054992676 1500
0.3726530075073242 1500
0.3734109401702881 1500
0.3734109401702881 1500
0.3745090961456299 1500
0.3755528926849365 1500
0.37669992446899414 1500
0.37669992446899414 1500
0.3778269290924072 1500
0.3796350955963135 1500
0.3796350955963135 1500
0.3796350955963135 1500
0.38072800636291504 1500
0.3816390037536621 1500
0.3816390037536621 1500
0.38256096839904785 1500
0.3835930824279785 1500
0.38459110260009766 1500
0.38459110260009766 1500
0.3860890865325928 1500
0.38659191131591797 1500
0.38659191131591797 1500
0.3877689838409424 1500
0.3905470371246338 1500
0.3905470371246338 1500
0.3905470371246338 1500
0.3905470371246338 1500
0.39223694801330566 1500
0.392596960067749 1500
0.392596960067749 1500
0.39355897903442383 1500
0.39482903480529785 1500
0.39482903480529785 1500
0.39554905891418457 1500
0.3966178894042969 1500
0.39756298065185547 1500
0.39756298065185547 1500
0.3987898826599121 1500
0.40033698081970215 1500
0.40033698081970215 1500
0.4007129669189453 1500
0.4017939567565918 1500
0.4029569625854492 1500
0.4029569625854492 1500
0.4038689136505127 1500
0.404541015625 1500
0.4056260585784912 1500
0.4056260585784912 1500
0.40686702728271484 1500
0.4081568717956543 1500
0.4081568717956543 1500
0.4083678722381592 1500
0.41185593605041504 1500
0.41185593605041504 1500
0.41185593605041504 1500
0.41185593605041504 1500
0.4133799076080322 1500
0.4133799076080322 1500
0.4133799076080322 1500
0.4147639274597168 1500
0.4154319763183594 1500
0.4154319763183594 1500
0.4166550636291504 1500
0.4174990653991699 1500
0.4190559387207031 1500
0.4190559387207031 1500
0.41942596435546875 1500
0.42119908332824707 1500
0.42119908332824707 1500
0.42237210273742676 1500
0.42237210273742676 1500
0.42453503608703613 1500
0.42453503608703613 1500
0.42453503608703613 1500
0.42632389068603516 1500
0.42632389068603516 1500
0.42640089988708496 1500
0.4284069538116455 1500
0.4284670352935791 1500
0.4286470413208008 1500
0.4295809268951416 1500
0.43056201934814453 1500
0.43182992935180664 1500
0.43182992935180664 1500
0.4333980083465576 1500
0.4333980083465576 1500
0.4333980083465576 1500
0.43512797355651855 1500
0.4354438781738281 1500
0.4372580051422119 1500
0.4372580051422119 1500
0.43751096725463867 1500
0.438770055770874 1500
0.438770055770874 1500
0.43961095809936523 1500
0.44071507453918457 1500
0.4418470859527588 1500
0.4418470859527588 1500
0.443126916885376 1500
0.4433879852294922 1500
0.4449620246887207 1500
0.4449620246887207 1500
0.4457590579986572 1500
0.44655895233154297 1500
0.44655895233154297 1500
0.4475870132446289 1500
0.4488050937652588 1500
0.44960808753967285 1500
0.44960808753967285 1500
0.4510009288787842 1500
0.45159196853637695 1500
0.45159196853637695 1500
0.452739953994751 1500
0.4539210796356201 1500
0.4545750617980957 1500
0.4545750617980957 1500
0.4558689594268799 1500
0.45660901069641113 1500
0.45778703689575195 1500
0.45778703689575195 1500
0.46115899085998535 1500
0.4614260196685791 1500
0.4614260196685791 1500
0.4615969657897949 1500
0.46259403228759766 1500
0.46259403228759766 1500
0.46259403228759766 1500
0.4639279842376709 1500
0.46487998962402344 1500
0.46487998962402344 1500
0.4656550884246826 1500
0.46677088737487793 1500
0.4677739143371582 1500
0.4677739143371582 1500
0.4686279296875 1500
0.46984410285949707 1500
0.4706580638885498 1500
0.4706580638885498 1500
0.4725608825683594 1500
0.4725608825683594 1500
0.4725608825683594 1500
0.4736180305480957 1500
0.47489094734191895 1500
0.475553035736084 1500
0.475553035736084 1500
0.47658395767211914 1500
0.4776029586791992 1500
0.4776029586791992 1500
0.478748083114624 1500
0.4796009063720703 1500
0.4806399345397949 1500
0.4806399345397949 1500
0.483396053314209 1500
0.483396053314209 1500
0.483396053314209 1500
0.483457088470459 1500
0.48461103439331055 1500
0.4856600761413574 1500
0.4856600761413574 1500
0.48686695098876953 1500
0.48760008811950684 1500
0.4888041019439697 1500
0.4888041019439697 1500
0.48958396911621094 1500
0.4905970096588135 1500
0.4905970096588135 1500
0.49309587478637695 1500
0.49309587478637695 1500
0.49414992332458496 1500
0.49414992332458496 1500
0.49434709548950195 1500
0.49612998962402344 1500
0.49640607833862305 1500
0.49640607833862305 1500
0.49860405921936035 1500
0.49860405921936035 1500
0.49860405921936035 1500
0.4999980926513672 1500
0.5006868839263916 1500
0.5016510486602783 1500
0.5016510486602783 1500
0.5026130676269531 1500
0.5036919116973877 1500
