1050000
0.0 1500
0.0 1500
0.0009379386901855469 1500
0.0022618770599365234 1500
0.003125905990600586 1500
0.003125905990600586 1500
0.005035877227783203 1500
0.005035877227783203 1500
0.005077838897705078 1500
0.0058019161224365234 1500
0.0069048404693603516 1500
0.007974863052368164 1500
0.007974863052368164 1500
0.00880289077758789 1500
0.010702848434448242 1500
0.010702848434448242 1500
0.010934829711914062 1500
0.012209892272949219 1500
0.01285696029663086 1500
0.01285696029663086 1500
0.014908790588378906 1500
0.014908790588378906 1500
0.015935897827148438 1500
0.015935897827148438 1500
0.017277956008911133 1500
0.017822980880737305 1500
0.017822980880737305 1500
0.0189058780670166 1500
0.019897937774658203 1500
0.020936965942382812 1500
0.020936965942382812 1500
0.021901845932006836 1500
0.022925853729248047 1500
0.022925853729248047 1500
0.02400493621826172 1500
0.025456905364990234 1500
0.02599787712097168 1500
0.02599787712097168 1500
0.02692389488220215 1500
0.02790999412536621 1500
0.029272794723510742 1500
0.029272794723510742 1500
0.02993488311767578 1500
0.031394004821777344 1500
0.031394004821777344 1500
0.031805992126464844 1500
0.03292393684387207 1500
0.034622907638549805 1500
0.034622907638549805 1500
0.034857988357543945 1500
0.03626680374145508 1500
0.03626680374145508 1500
0.03690195083618164 1500
0.03832387924194336 1500
0.039276838302612305 1500
0.039276838302612305 1500
0.03991985321044922 1500
0.04112887382507324 1500
0.04230189323425293 1500
0.04230189323425293 1500
0.0429079532623291 1500
0.044447898864746094 1500
0.044447898864746094 1500
0.0448918342590332 1500
0.04592299461364746 1500
0.04713797569274902 1500
0.04716086387634277 1500
0.0477139949798584 1500
0.04940986633300781 1500
0.04940986633300781 1500
0.049884796142578125 1500
0.05090188980102539 1500
0.051846981048583984 1500
0.051846981048583984 1500
0.05478787422180176 1500
0.05478787422180176 1500
0.05503487586975098 1500
0.05525684356689453 1500
0.05602002143859863 1500
0.05709981918334961 1500
0.05709981918334961 1500
0.05839800834655762 1500
0.05904889106750488 1500
0.0603029727935791 1500
0.0603029727935791 1500
0.06124687194824219 1500
0.06182289123535156 1500
0.06182289123535156 1500
0.06297183036804199 1500
0.06398391723632812 1500
0.06509184837341309 1500
0.06509184837341309 1500
0.06615185737609863 1500
0.0667428970336914 1500
0.06816697120666504 1500
0.06816697120666504 1500
0.06915688514709473 1500
0.06992793083190918 1500
0.06992793083190918 1500
0.07094001770019531 1500
0.07204890251159668 1500
0.0733029842376709 1500
0.0733029842376709 1500
0.07410192489624023 1500
0.0750279426574707 1500
0.0750279426574707 1500
0.07649588584899902 1500
0.07725381851196289 1500
0.07829093933105469 1500
0.07829093933105469 1500
0.07924890518188477 1500
0.08001899719238281 1500
0.08118295669555664 1500
0.08118295669555664 1500
0.08203387260437012 1500
0.08289289474487305 1500
0.08289289474487305 1500
0.08447694778442383 1500
0.08527493476867676 1500
0.08595585823059082 1500
0.08595585823059082 1500
0.08695292472839355 1500
0.08789992332458496 1500
0.08789992332458496 1500
0.08918595314025879 1500
0.09009480476379395 1500
0.09175992012023926 1500
0.09175992012023926 1500
0.09220480918884277 1500
0.09300494194030762 1500
0.09396100044250488 1500
0.09396100044250488 1500
0.09514379501342773 1500
0.09603095054626465 1500
0.09603095054626465 1500
0.09727597236633301 1500
0.09917497634887695 1500
0.09917497634887695 1500
0.09917497634887695 1500
0.10029292106628418 1500
0.10111689567565918 1500
0.10111689567565918 1500
0.10195684432983398 1500
0.10311388969421387 1500
0.10420680046081543 1500
0.10420680046081543 1500
0.1050868034362793 1500
0.1061408519744873 1500
0.1070559024810791 1500
0.1070559024810791 1500
0.10820794105529785 1500
0.10880780220031738 1500
0.10880780220031738 1500
0.10992980003356934 1500
0.11103200912475586 1500
0.1120758056640625 1500
0.1120758056640625 1500
0.11284494400024414 1500
0.11423587799072266 1500
0.11423587799072266 1500
0.1152338981628418 1500
0.11599302291870117 1500
0.11728596687316895 1500
0.11728596687316895 1500
0.11799502372741699 1500
0.11936497688293457 1500
0.11990094184875488 1500
0.11990094184875488 1500
0.12268686294555664 1500
0.12268686294555664 1500
0.12268686294555664 1500
0.12318086624145508 1500
0.12412595748901367 1500
0.12527799606323242 1500
0.12527799606323242 1500
0.12591099739074707 1500
0.12742400169372559 1500
0.12742400169372559 1500
0.1282799243927002 1500
0.12915992736816406 1500
0.13045787811279297 1500
0.13045787811279297 1500
0.1314389705657959 1500
0.13176393508911133 1500
0.13513898849487305 1500
0.13513898849487305 1500
0.13513898849487305 1500
0.13513898849487305 1500
0.13513898849487305 1500
0.1359879970550537 1500
0.13699889183044434 1500
0.13798284530639648 1500
0.13798284530639648 1500
0.13890790939331055 1500
0.14056992530822754 1500
0.14056992530822754 1500
0.1408989429473877 1500
0.1423358917236328 1500
0.14310097694396973 1500
0.14310097694396973 1500
0.14423298835754395 1500
0.1451249122619629 1500
0.14598298072814941 1500
0.14598298072814941 1500
0.1471400260925293 1500
0.14798498153686523 1500
0.14798498153686523 1500
0.14921998977661133 1500
0.15012788772583008 1500
0.15095090866088867 1500
0.15095090866088867 1500
0.15219998359680176 1500
0.15289688110351562 1500
0.15289688110351562 1500
0.1539618968963623 1500
0.155426025390625 1500
0.15652179718017578 1500
0.15652179718017578 1500
0.15673589706420898 1500
0.15790796279907227 1500
0.15894389152526855 1500
0.15894389152526855 1500
0.16008687019348145 1500
0.16077494621276855 1500
0.16077494621276855 1500
0.16211581230163574 1500
0.16377997398376465 1500
0.16400384902954102 1500
0.16400384902954102 1500
0.16540980339050293 1500
0.16593194007873535 1500
0.16593194007873535 1500
0.16710686683654785 1500
0.16814494132995605 1500
0.16890788078308105 1500
0.16890788078308105 1500
0.16995787620544434 1500
0.17093300819396973 1500
0.17093300819396973 1500
0.1721789836883545 1500
0.17308878898620605 1500
0.17395782470703125 1500
0.17395782470703125 1500
0.17523193359375 1500
0.1760258674621582 1500
0.17705202102661133 1500
0.17705202102661133 1500
0.17803502082824707 1500
0.1792459487915039 1500
0.1792459487915039 1500
0.18003392219543457 1500
0.1810288429260254 1500
0.18191289901733398 1500
0.18191289901733398 1500
0.1832280158996582 1500
0.1839139461517334 1500
0.1839139461517334 1500
0.1849370002746582 1500
0.18604683876037598 1500
0.18700885772705078 1500
0.18700885772705078 1500
0.1879417896270752 1500
0.18889880180358887 1500
0.18998980522155762 1500
0.18998980522155762 1500
0.19098496437072754 1500
0.1918020248413086 1500
0.1918020248413086 1500
0.19276094436645508 1500
0.19393301010131836 1500
0.19506001472473145 1500
0.19506001472473145 1500
0.19599199295043945 1500
0.19708490371704102 1500
0.19708490371704102 1500
0.19800901412963867 1500
0.19944381713867188 1500
0.20017695426940918 1500
0.20017695426940918 1500
0.2008988857269287 1500
0.20201683044433594 1500
0.20314979553222656 1500
0.20314979553222656 1500
0.20421600341796875 1500
0.20511293411254883 1500
0.20511293411254883 1500
0.20619988441467285 1500
0.20699095726013184 1500
0.20879483222961426 1500
0.20879483222961426 1500
0.20901894569396973 1500
0.2099928855895996 1500
0.2099928855895996 1500
0.21089696884155273 1500
0.21213889122009277 1500
0.21305584907531738 1500
0.21305584907531738 1500
0.21410799026489258 1500
0.2150719165802002 1500
0.21615982055664062 1500
0.21615982055664062 1500
0.21752595901489258 1500
0.21822595596313477 1500
0.21822595596313477 1500
0.21894383430480957 1500
0.22035980224609375 1500
0.22119998931884766 1500
0.22119998931884766 1500
0.22193384170532227 1500
0.22296595573425293 1500
0.22296595573425293 1500
0.22403788566589355 1500
0.22488999366760254 1500
0.22595691680908203 1500
0.22595691680908203 1500
0.2268989086151123 1500
0.22796392440795898 1500
0.2291707992553711 1500
0.2291707992553711 1500
0.23160791397094727 1500
0.23160791397094727 1500
0.23160791397094727 1500
0.23194193840026855 1500
0.23296284675598145 1500
0.23390579223632812 1500
0.23390579223632812 1500
0.23507094383239746 1500
0.23599791526794434 1500
0.23599791526794434 1500
0.2369239330291748 1500
0.23792290687561035 1500
0.2390449047088623 1500
0.2390449047088623 1500
0.2401719093322754 1500
0.24281597137451172 1500
0.24281597137451172 1500
0.24281597137451172 1500
0.24299287796020508 1500
0.24469900131225586 1500
0.24469900131225586 1500
0.24495387077331543 1500
0.24612689018249512 1500
0.24693679809570312 1500
0.24693679809570312 1500
0.24816584587097168 1500
0.24909400939941406 1500
0.24909400939941406 1500
0.2509438991546631 1500
0.2509438991546631 1500
0.2521347999572754 1500
0.2521347999572754 1500
0.25299501419067383 1500
0.25411081314086914 1500
0.25510597229003906 1500
0.25510597229003906 1500
0.25597500801086426 1500
0.25702500343322754 1500
0.25702500343322754 1500
0.25814390182495117 1500
0.25893497467041016 1500
0.26012396812438965 1500
0.26012396812438965 1500
0.2611420154571533 1500
0.26227593421936035 1500
0.26227593421936035 1500
0.26317691802978516 1500
0.26422882080078125 1500
0.26510190963745117 1500
0.26510190963745117 1500
0.266326904296875 1500
0.26726388931274414 1500
0.2680699825286865 1500
0.2680699825286865 1500
0.2699759006500244 1500
0.2699759006500244 1500
0.2699759006500244 1500
0.2714118957519531 1500
0.27211880683898926 1500
0.27329087257385254 1500
0.27329087257385254 1500
0.27387380599975586 1500
0.2754068374633789 1500
0.2754068374633789 1500
0.2757699489593506 1500
0.2770538330078125 1500
0.27805495262145996 1500
0.27805495262145996 1500
0.28023386001586914 1500
0.28023386001586914 1500
0.2808878421783447 1500
0.28091979026794434 1500
0.2822608947753906 1500
0.2833518981933594 1500
0.2833518981933594 1500
0.2841958999633789 1500
0.2855958938598633 1500
0.2862529754638672 1500
0.2862529754638672 1500
0.28710484504699707 1500
0.2880527973175049 1500
0.2880527973175049 1500
0.28925395011901855 1500
0.29001688957214355 1500
0.2909409999847412 1500
0.2909409999847412 1500
0.2920238971710205 1500
0.2942068576812744 1500
0.2942068576812744 1500
0.2942068576812744 1500
0.2953038215637207 1500
0.29633593559265137 1500
0.29633593559265137 1500
0.2969498634338379 1500
0.2985270023345947 1500
0.29906702041625977 1500
0.2991600036621094 1500
0.30009984970092773 1500
0.30109596252441406 1500
0.30109596252441406 1500
0.3021669387817383 1500
0.30287599563598633 1500
0.30413389205932617 1500
0.30413389205932617 1500
0.3053150177001953 1500
0.3059217929840088 1500
0.30707597732543945 1500
0.30707597732543945 1500
0.3080098628997803 1500
0.3088819980621338 1500
0.3088819980621338 1500
0.3101768493652344 1500
0.3108699321746826 1500
0.3117668628692627 1500
0.3117668628692627 1500
0.3128550052642822 1500
0.3142218589782715 1500
0.3142218589782715 1500
0.3148009777069092 1500
0.3159158229827881 1500
0.31673598289489746 1500
0.31673598289489746 1500
0.3182249069213867 1500
0.31906795501708984 1500
0.32025980949401855 1500
0.32025980949401855 1500
0.3217768669128418 1500
0.3218069076538086 1500
0.3219418525695801 1500
0.323375940322876 1500
0.3245987892150879 1500
0.32504892349243164 1500
0.32504892349243164 1500
0.3260359764099121 1500
0.32700395584106445 1500
0.32700395584106445 1500
0.3278830051422119 1500
0.3292539119720459 1500
0.32991981506347656 1500
0.32991981506347656 1500
0.3310987949371338 1500
0.3319728374481201 1500
0.3319728374481201 1500
0.33299779891967773 1500
0.3338348865509033 1500
0.33536481857299805 1500
0.33536481857299805 1500
0.33652186393737793 1500
0.33695101737976074 1500
0.3382289409637451 1500
0.3382289409637451 1500
0.339080810546875 1500
0.34026598930358887 1500
0.34026598930358887 1500
0.3408169746398926 1500
0.341965913772583 1500
0.34372687339782715 1500
0.34372687339782715 1500
0.34432387351989746 1500
0.34500694274902344 1500
0.34500694274902344 1500
0.34630894660949707 1500
0.3471829891204834 1500
0.3481559753417969 1500
0.3481559753417969 1500
0.3490149974822998 1500
0.34996485710144043 1500
0.3512599468231201 1500
0.3512599468231201 1500
0.3519778251647949 1500
0.3533008098602295 1500
0.3533008098602295 1500
0.3540928363800049 1500
0.35513901710510254 1500
0.35625195503234863 1500
0.35625195503234863 1500
0.35715198516845703 1500
0.35790586471557617 1500
0.35790586471557617 1500
0.359036922454834 1500
0.36043882369995117 1500
0.36090683937072754 1500
0.36090683937072754 1500
0.3622620105743408 1500
0.3628959655761719 1500
0.3641698360443115 1500
0.3641698360443115 1500
0.36507582664489746 1500
0.3663959503173828 1500
0.3663959503173828 1500
0.36718082427978516 1500
0.36864590644836426 1500
0.3688538074493408 1500
0.3688538074493408 1500
0.3700888156890869 1500
0.37139081954956055 1500
0.37139081954956055 1500
0.3722259998321533 1500
0.37303686141967773 1500
0.3742179870605469 1500
0.3742179870605469 1500
0.3761448860168457 1500
0.3761448860168457 1500
0.3770418167114258 1500
0.3770418167114258 1500
0.37848782539367676 1500
0.37887096405029297 1500
0.37887096405029297 1500
0.38011789321899414 1500
0.380936861038208 1500
0.38205385208129883 1500
0.38205385208129883 1500
0.3829009532928467 1500
0.38401198387145996 1500
0.38401198387145996 1500
0.38492798805236816 1500
0.38575291633605957 1500
0.3873288631439209 1500
0.3873288631439209 1500
0.38787293434143066 1500
0.38909101486206055 1500
0.38987183570861816 1500
0.38987183570861816 1500
0.3910520076751709 1500
0.39200687408447266 1500
0.39200687408447266 1500
0.3931407928466797 1500
0.39368700981140137 1500
0.3954188823699951 1500
0.3954188823699951 1500
0.3957819938659668 1500
0.39786386489868164 1500
0.39786386489868164 1500
0.39786386489868164 1500
0.3994028568267822 1500
0.39996790885925293 1500
0.4001748561859131 1500
0.40099596977233887 1500
0.40200185775756836 1500
0.4028890132904053 1500
0.4028890132904053 1500
0.40410780906677246 1500
0.4049088954925537 1500
0.4049088954925537 1500
0.40588998794555664 1500
0.4069027900695801 1500
0.4083549976348877 1500
0.4083549976348877 1500
0.4105398654937744 1500
0.4105398654937744 1500
0.4105398654937744 1500
0.41082096099853516 1500
0.4117298126220703 1500
0.4129629135131836 1500
0.4129629135131836 1500
0.4145967960357666 1500
0.41498684883117676 1500
0.4159739017486572 1500
0.4159739017486572 1500
0.41671085357666016 1500
0.41819286346435547 1500
0.41819286346435547 1500
0.41927480697631836 1500
0.42061495780944824 1500
0.42207789421081543 1500
0.42207789421081543 1500
0.42207789421081543 1500
0.4230828285217285 1500
0.4230828285217285 1500
0.42372894287109375 1500
0.42487597465515137 1500
0.4260377883911133 1500
0.4260377883911133 1500
0.42707300186157227 1500
0.42777585983276367 1500
0.4290800094604492 1500
0.4290800094604492 1500
0.4299478530883789 1500
0.4308788776397705 1500
0.4308788776397705 1500
0.4317338466644287 1500
0.43395090103149414 1500
0.43395090103149414 1500
0.43395090103149414 1500
0.4355499744415283 1500
0.4359738826751709 1500
0.4359738826751709 1500
0.43686699867248535 1500
0.4377248287200928 1500
0.43929481506347656 1500
0.43929481506347656 1500
0.4398980140686035 1500
0.4410738945007324 1500
0.4420130252838135 1500
0.4420130252838135 1500
0.44269680976867676 1500
0.44392991065979004 1500
0.44394588470458984 1500
0.44491100311279297 1500
0.44622087478637695 1500
0.4468657970428467 1500
0.4468657970428467 1500
0.44771790504455566 1500
0.44898486137390137 1500
0.44907283782958984 1500
0.45006299018859863 1500
0.4509129524230957 1500
0.45174598693847656 1500
0.4518899917602539 1500
0.4529268741607666 1500
0.45386195182800293 1500
0.4552187919616699 1500
0.4552187919616699 1500
0.45617198944091797 1500
0.45673298835754395 1500
0.45673298835754395 1500
0.458115816116333 1500
0.45901989936828613 1500
0.46005797386169434 1500
0.46005797386169434 1500
0.4607069492340088 1500
0.4618258476257324 1500
0.4618258476257324 1500
0.46318984031677246 1500
0.4640488624572754 1500
0.4649620056152344 1500
0.4649620056152344 1500
0.46651482582092285 1500
0.4667208194732666 1500
0.4680778980255127 1500
0.4680778980255127 1500
0.46904993057250977 1500
0.46999382972717285 1500
0.46999382972717285 1500
0.4708518981933594 1500
0.47228193283081055 1500
0.47272181510925293 1500
0.47272181510925293 1500
0.47423791885375977 1500
0.4748117923736572 1500
0.4748117923736572 1500
0.476956844329834 1500
0.476956844329834 1500
0.47789788246154785 1500
0.47789788246154785 1500
0.4788799285888672 1500
0.48021984100341797 1500
0.48089098930358887 1500
0.48089098930358887 1500
0.4819018840789795 1500
0.4832179546356201 1500
0.4832179546356201 1500
0.48392581939697266 1500
0.4847679138183594 1500
0.48642492294311523 1500
0.48642492294311523 1500
0.48684000968933105 1500
0.48816895484924316 1500
0.48816895484924316 1500
0.48892688751220703 1500
0.4903528690338135 1500
0.49104785919189453 1500
0.49104785919189453 1500
0.4921247959136963 1500
0.4929008483886719 1500
0.4938998222351074 1500
0.4938998222351074 1500
0.495607852935791 1500
0.49584484100341797 1500
0.49584484100341797 1500
0.4972398281097412 1500
0.49880385398864746 1500
0.49880385398864746 1500
0.49880385398864746 1500
0.4998288154602051 1500
0.5006868839263916 1500
0.5006868839263916 1500
0.5029988288879395 1500
0.5032048225402832 1500
0.5039598941802979 1500
0.5039598941802979 1500
