1048601
0.0 52
0.011670112609863281 40
0.2688119411468506 1440
0.2713649272918701 1440
0.4914119243621826 1336
0.491412878036499 1440
0.49141597747802734 1440
0.4914209842681885 1336
0.4914240837097168 1440
0.4914250373840332 1440
0.49142909049987793 1336
0.49143290519714355 1440
0.4914360046386719 1440
0.491441011428833 1336
0.4914419651031494 1440
0.49144411087036133 1440
0.49314403533935547 1336
0.4931480884552002 1440
0.49315404891967773 1440
0.49315690994262695 1336
0.4931609630584717 1440
0.4931631088256836 1440
0.4931669235229492 1336
0.49316906929016113 1440
0.49317502975463867 1440
0.4931809902191162 1336
0.49318504333496094 1440
0.49318790435791016 1440
0.4931910037994385 1336
0.493196964263916 1440
0.49320387840270996 1440
0.4932069778442383 1336
0.4932119846343994 1440
0.4932138919830322 1440
0.4933490753173828 1336
0.49335598945617676 1440
0.4933590888977051 1440
0.4933640956878662 1336
0.4933650493621826 1440
0.49336791038513184 1440
0.4933760166168213 1336
0.4933810234069824 1440
0.49338197708129883 1440
0.49338507652282715 1440
0.5031039714813232 1440
0.5031089782714844 1440
0.5031130313873291 1440
0.5031170845031738 1440
0.5044820308685303 1440
0.5078840255737305 1440
0.5111339092254639 1440
0.5147149562835693 1440
0.516524076461792 1440
0.5180380344390869 1440
0.5211091041564941 1440
0.5230200290679932 1440
0.5270700454711914 1440
0.5508871078491211 1440
0.5508890151977539 1440
0.5508918762207031 1440
0.5508959293365479 1440
0.5509018898010254 1440
0.5509049892425537 1440
0.5509068965911865 1440
0.5509090423583984 1440
0.5524458885192871 1440
0.554487943649292 1440
0.5577778816223145 1440
0.5590438842773438 1440
0.5627250671386719 1440
0.5675070285797119 1440
0.5679879188537598 1440
0.5787549018859863 1440
0.5787570476531982 1440
0.5787649154663086 1440
0.5818428993225098 1440
0.5833139419555664 1440
0.5867640972137451 1440
0.5889480113983154 1440
0.5889489650726318 88
0.5894169807434082 1440
0.5960390567779541 1440
0.5960409641265869 1336
0.6001660823822021 1440
0.6064269542694092 1440
0.6064300537109375 1440
0.6079928874969482 1440
0.6104068756103516 1440
0.6137630939483643 1440
0.617110013961792 1440
0.6171109676361084 1440
0.6199550628662109 1440
0.623723030090332 1440
0.6259710788726807 1440
0.6316380500793457 1440
0.6316380500793457 1440
0.6345970630645752 1440
0.6369650363922119 1440
0.639894962310791 1440
0.6441829204559326 1440
0.6460199356079102 1440
0.6525681018829346 1440
0.6525769233703613 1440
0.6540050506591797 1440
0.6590108871459961 1440
0.6617169380187988 1440
0.6621479988098145 1440
0.6651320457458496 1440
0.6669540405273438 1440
0.671950101852417 1440
0.6797080039978027 1440
0.6797099113464355 1440
0.679711103439331 1440
0.6815550327301025 1440
0.6848509311676025 1440
0.6891350746154785 1440
0.6905350685119629 1440
0.6919829845428467 1440
0.6977100372314453 1440
0.6981050968170166 1440
0.7086141109466553 1440
0.7086141109466553 1440
0.7086160182952881 1440
0.7108960151672363 1440
0.7154018878936768 1440
0.7178769111633301 1440
0.7178781032562256 1440
0.7211799621582031 1440
0.7231810092926025 1440
0.730302095413208 1440
0.730694055557251 1440
0.733119010925293 1440
0.7341580390930176 1440
0.7375900745391846 1440
0.7389340400695801 1440
0.7473750114440918 1440
0.7504899501800537 1440
0.7504899501800537 1440
0.7522809505462646 1440
0.7625820636749268 1440
0.762584924697876 1440
0.7625880241394043 1440
0.7625889778137207 1440
0.7639880180358887 1440
0.7668440341949463 1440
0.773888111114502 1440
0.7755270004272461 1440
0.7810878753662109 1440
0.7810900211334229 1440
0.7813420295715332 1440
0.7841830253601074 1440
0.7941739559173584 1440
0.7941749095916748 1440
0.7941839694976807 1440
0.7950170040130615 1440
0.8003549575805664 1440
0.823646068572998 1440
0.8236510753631592 1440
0.823652982711792 1440
0.8236560821533203 1440
0.8236610889434814 1440
0.8236680030822754 1440
0.8236720561981201 1440
0.8236730098724365 1440
0.8236808776855469 1440
0.8256430625915527 1440
0.82830810546875 1440
0.8334560394287109 1440
0.834636926651001 1440
0.8378880023956299 1440
0.83992600440979 1440
0.8424758911132812 1440
0.8477749824523926 1440
0.8494100570678711 1440
0.8503799438476562 1440
1.0026400089263916 1440
1.00264310836792 1440
1.0026509761810303 1440
1.0026519298553467 1440
1.0026559829711914 1440
1.0026590824127197 1440
1.002661943435669 1440
1.00266695022583 1440
1.003067970275879 1440
1.0030689239501953 1440
1.0066421031951904 1440
1.0066449642181396 1440
1.0066499710083008 1440
1.0066540241241455 1440
1.006654977798462 1440
1.0066580772399902 1440
1.0066618919372559 1440
1.0066640377044678 1440
1.0070068836212158 1440
1.0070080757141113 1440
1.0070099830627441 1440
1.0094749927520752 1440
1.0094799995422363 1440
1.0094859600067139 1440
1.0094859600067139 1440
1.0094890594482422 1440
1.0094919204711914 1440
1.0094959735870361 1440
1.0095000267028809 1440
1.0106239318847656 1440
1.010624885559082 1440
1.0106279850006104 1440
1.0106298923492432 1440
1.0106329917907715 1440
1.0206000804901123 1440
1.0206019878387451 1440
1.0206050872802734 1440
1.0206050872802734 1440
1.0216429233551025 1440
1.0288031101226807 1440
1.0288078784942627 1440
1.0343599319458008 1440
1.0343608856201172 1440
1.0367341041564941 1440
1.0387990474700928 1440
1.047266960144043 1440
1.0472710132598877 1440
1.052150011062622 1440
1.0521509647369385 1440
1.058509111404419 1440
1.058516025543213 1440
1.0603649616241455 1440
1.0625228881835938 1440
1.0639140605926514 1440
1.0661370754241943 1440
1.0686790943145752 1440
1.0731489658355713 1440
1.0789570808410645 1440
1.0789580345153809 1440
1.0810329914093018 1440
1.0842230319976807 1440
1.086414098739624 1440
1.120176076889038 1440
1.1201770305633545 1440
1.1201810836791992 1440
1.1201860904693604 1440
1.120189905166626 1440
1.1201961040496826 1440
1.1201999187469482 1440
1.1202011108398438 1440
1.1202030181884766 1440
1.1202878952026367 1440
1.1202940940856934 1440
1.1202969551086426 1440
1.1212899684906006 1440
1.1239080429077148 1440
1.1277649402618408 1440
1.1319069862365723 1440
1.134303092956543 1440
1.135807991027832 1440
1.138139009475708 1440
1.142664909362793 1440
1.1462769508361816 1440
1.1504700183868408 1440
1.1504709720611572 1440
1.153580904006958 1440
1.1561439037322998 1440
1.1599879264831543 1440
1.1628999710083008 1440
1.1629691123962402 1440
1.1664540767669678 1440
1.1690399646759033 1440
1.1722030639648438 1440
1.1810638904571533 1440
1.182694911956787 1440
1.182697057723999 1440
1.1826989650726318 1440
1.186614990234375 1440
1.1907000541687012 1440
1.1988439559936523 1440
1.1988439559936523 1440
1.1988470554351807 1440
1.2001879215240479 1440
1.2049689292907715 1440
1.205955982208252 1440
1.2077069282531738 1440
1.2106969356536865 1440
1.2156710624694824 1440
1.2201480865478516 1440
1.2243049144744873 1440
1.2243061065673828 1440
1.2257421016693115 1440
1.2292029857635498 1440
1.2358970642089844 1440
1.237360954284668 1440
1.2373631000518799 1440
1.2461059093475342 1440
1.246109962463379 1440
1.2548749446868896 1440
1.254878044128418 1440
1.2548809051513672 1440
1.2548820972442627 1440
1.2554609775543213 1440
1.2591509819030762 1440
1.2639150619506836 1440
1.2677950859069824 1440
1.2677960395812988 1440
1.2694649696350098 1440
1.2729599475860596 1440
1.2765469551086426 1440
1.279447078704834 1440
1.2809638977050781 1440
1.2842490673065186 1440
1.2857050895690918 1440
1.2918329238891602 1440
1.2951040267944336 1440
1.2951040267944336 1440
1.2961349487304688 1440
1.3008038997650146 1440
1.300806999206543 1440
1.3024790287017822 1440
1.528404951095581 1440
1.5284090042114258 1440
1.5284109115600586 1440
1.5284149646759033 1440
1.5284171104431152 1440
1.5284180641174316 1440
1.5284209251403809 1440
1.5284240245819092 1440
1.528428077697754 1440
1.5284299850463867 1440
1.5284318923950195 1440
1.5284340381622314 1440
1.5284380912780762 1440
1.528439998626709 1440
1.5284419059753418 1440
1.5284440517425537 1440
1.528446912765503 1440
1.5284500122070312 1440
1.528454065322876 1440
1.5284559726715088 1440
1.5284569263458252 1440
1.5297739505767822 1440
1.5297760963439941 1440
1.529778003692627 1440
1.5297820568084717 1440
1.529783010482788 1440
1.5297839641571045 1440
1.5297880172729492 1440
1.5297889709472656 1440
1.5297930240631104 1440
1.5297939777374268 1440
1.5297939777374268 1440
1.529815912246704 1440
1.530052900314331 1440
1.5318970680236816 1440
1.5370850563049316 1440
1.5370869636535645 1440
1.5395970344543457 1440
1.5706989765167236 1440
1.5707039833068848 1440
1.5707099437713623 1440
1.5707120895385742 1440
1.5707159042358398 1440
1.5707190036773682 1440
1.5707240104675293 1440
1.5707290172576904 1440
1.5717918872833252 1440
1.5717949867248535 1440
1.5717980861663818 1440
1.5732009410858154 1440
1.5761680603027344 1440
1.577125072479248 1440
1.5810229778289795 1440
1.5826010704040527 1440
1.5855419635772705 1440
1.5871269702911377 1440
1.5901460647583008 1440
1.59197998046875 1440
1.5932390689849854 1440
1.5952200889587402 1440
1.5993258953094482 1440
1.6026411056518555 1440
1.6030230522155762 909
1.6311030387878418 40
1.8716599941253662 1440
1.871661901473999 1440
1.8716630935668945 1336
1.8735320568084717 1440
1.8735320568084717 1440
1.873533010482788 1336
1.8743159770965576 1440
1.874316930770874 1440
1.8743178844451904 1336
1.8756520748138428 1440
1.8756520748138428 1440
1.8756530284881592 1336
1.8756530284881592 1440
1.8756539821624756 1440
1.875654935836792 1336
1.875654935836792 1440
1.8756558895111084 1440
1.8773529529571533 1336
1.8773539066314697 1440
1.8773550987243652 1440
1.8773550987243652 1336
1.8773560523986816 1440
1.877357006072998 1440
1.8773829936981201 1336
1.877906084060669 1440
1.8779079914093018 1440
2.0484681129455566 1440
2.048469066619873 1440
2.0484700202941895 1440
2.0484700202941895 1440
2.048470973968506 1440
2.0484719276428223 1440
2.0484719276428223 1440
2.0484728813171387 1440
2.048474073410034 1440
2.048474073410034 1440
2.0484750270843506 1440
2.0484750270843506 1440
2.048475980758667 1440
2.0484769344329834 1440
2.0484778881073 1440
2.0484778881073 1440
2.0484790802001953 1440
2.0484800338745117 1440
2.049762010574341 1440
2.0529019832611084 1440
2.052902936935425 1440
2.052903890609741 1440
2.054486036300659 1440
2.054487943649292 1440
2.0544888973236084 1440
2.054490089416504 1440
2.06060791015625 1440
2.0606091022491455 1440
2.060610055923462 1440
2.0606110095977783 1440
2.060620069503784 1440
2.0606210231781006 1440
2.062082052230835 1440
2.0637149810791016 1440
2.065325975418091 1440
2.068535089492798 1440
2.070188045501709 1440
2.0710439682006836 1440
2.073162078857422 1440
2.0765340328216553 1440
2.0814080238342285 1440
2.0845038890838623 1440
2.084506034851074 1440
2.0850300788879395 1440
2.0859110355377197 1440
2.089477062225342 1440
2.0909900665283203 1440
2.093287944793701 1440
2.0944631099700928 1440
2.0959219932556152 1440
2.100385904312134 1440
2.1023058891296387 1440
2.1023058891296387 1440
2.1039741039276123 1440
2.1335620880126953 1440
2.1335630416870117 1440
2.133565902709961 1440
2.1335670948028564 1440
2.133568048477173 1440
2.1335690021514893 1440
2.1335699558258057 1440
2.1335721015930176 1440
2.133573055267334 1440
2.1335740089416504 1440
2.1348140239715576 1440
2.1348159313201904 1440
2.134821891784668 1440
2.1353750228881836 1440
2.1367509365081787 1440
2.138309955596924 1440
2.141213893890381 1440
2.1491260528564453 1440
2.1491270065307617 1440
2.1491270065307617 1440
2.149127960205078 1440
2.158888101577759 1440
2.1588919162750244 1440
2.1588950157165527 1440
2.158895969390869 1440
2.1588990688323975 1440
2.161536931991577 1440
2.1630759239196777 1440
2.1662089824676514 1440
2.1683170795440674 1440
2.1699318885803223 1440
2.1710948944091797 1440
2.1729989051818848 1440
2.177834987640381 1440
2.1798110008239746 1440
2.179811954498291 1440
2.191464900970459 1440
2.1914660930633545 1440
2.19146990776062 1440
2.1914710998535156 1440
2.191472053527832 1440
2.1929049491882324 1440
2.194143056869507 1440
2.1980459690093994 1440
2.2007009983062744 1440
2.2007009983062744 1440
2.2114429473876953 1440
2.2114450931549072 1440
2.2114479541778564 1440
2.216309070587158 1440
2.2163100242614746 1440
2.2163119316101074 1440
2.216312885284424 1440
2.2169690132141113 1440
2.220777988433838 1440
2.2208681106567383 1440
2.2255098819732666 1440
2.225511074066162 1440
2.2276148796081543 1440
2.2324180603027344 1440
2.233881950378418 1440
2.2338829040527344 1440
2.235527992248535 1440
2.23722505569458 1440
2.2427070140838623 1440
2.2473959922790527 1440
2.247396945953369 1440
2.247399091720581 1440
2.2481720447540283 1440
2.2517950534820557 1440
2.254028081893921 1440
2.255795955657959 1440
2.2595229148864746 1440
2.2616050243377686 1440
2.2642710208892822 1440
2.2685160636901855 1440
2.2689380645751953 1440
2.2732648849487305 1440
2.2747890949249268 1440
2.2788751125335693 1440
2.282090902328491 1440
2.28775691986084 1440
2.2877609729766846 1440
2.2902920246124268 1440
2.292095899581909 1440
2.2960619926452637 1440
2.2993431091308594 1440
2.3010380268096924 1440
2.30192494392395 1440
2.3049919605255127 1440
2.310260057449341 1440
2.3136038780212402 1440
2.3136050701141357 1440
2.316417932510376 1440
2.3196680545806885 1440
2.3230791091918945 1440
2.327929973602295 1440
2.3279309272766113 1440
2.330461025238037 1440
2.333220958709717 1440
2.3359251022338867 1440
2.340851068496704 1440
2.3416049480438232 1440
2.574971914291382 1440
2.5749759674072266 1440
2.574981927871704 1440
2.5749869346618652 1440
2.574989080429077 1440
2.5749928951263428 1440
2.574997901916504 1440
2.5750019550323486 1440
2.575594902038574 1440
2.5755980014801025 1440
2.575598955154419 1440
2.5756030082702637 1440
2.5756070613861084 1440
2.575615882873535 1440
2.5756189823150635 1440
2.575622081756592 1440
2.575624942779541 1440
2.575629949569702 1440
2.5756399631500244 1440
2.5766220092773438 1440
2.5766220092773438 1440
2.5766239166259766 1440
2.5766260623931885 1440
2.576627016067505 1440
2.576629877090454 1440
2.576629877090454 1440
2.576632022857666 1440
2.5834579467773438 1440
2.584433078765869 1440
2.584434986114502 1440
2.584434986114502 1440
2.5844368934631348 1440
2.5844380855560303 1440
2.5868170261383057 1440
2.5908639430999756 1440
2.590864896774292 1440
2.593010902404785 1440
2.5966389179229736 1440
2.6008739471435547 1440
2.604222059249878 1440
2.6042230129241943 1440
2.6069118976593018 1440
2.60964298248291 1440
2.6131560802459717 1440
2.6178479194641113 1440
2.6179890632629395 1440
2.623392105102539 1440
2.624656915664673 1440
2.6291470527648926 1440
2.630784034729004 1440
2.6330459117889404 1440
2.6347339153289795 1440
2.6378870010375977 1440
2.641165018081665 1440
2.645442008972168 1440
2.648231029510498 1440
2.6531710624694824 1440
2.653174877166748 1440
2.6552579402923584 1440
2.6587579250335693 1440
2.661916971206665 1440
2.6635210514068604 1440
2.6649980545043945 1440
2.667984962463379 1440
2.6720099449157715 1440
2.6765780448913574 1440
2.676913022994995 1440
2.678834915161133 1440
2.6815390586853027 1440
2.686729907989502 1440
2.694916009902954 1440
2.694916009902954 1440
2.69684100151062 1440
2.696842908859253 1440
2.698755979537964 1440
2.7044780254364014 1440
2.7044789791107178 1440
2.7070679664611816 1440
2.710545063018799 1440
2.71297287940979 1440
2.7174739837646484 1440
2.720128059387207 1440
2.720762014389038 1440
2.724245071411133 1440
2.755280017852783 1440
2.7552859783172607 1440
2.75541090965271 1440
2.7554121017456055 1440
2.755418062210083 1440
2.755423069000244 1440
2.755429983139038 1440
2.7554380893707275 1440
2.755439043045044 1440
2.75544810295105 1440
2.755453109741211 1440
2.7587220668792725 1440
2.7612040042877197 1440
2.7617859840393066 1440
2.7656099796295166 1440
2.7679269313812256 1440
2.772075891494751 1440
2.7770659923553467 1440
2.7770678997039795 1440
2.7789809703826904 1440
2.782160997390747 1440
2.78534197807312 1440
2.7903409004211426 1440
2.792876958847046 1440
2.7928779125213623 1440
2.7962019443511963 1440
2.798574924468994 1440
2.802232027053833 1440
2.806483030319214 1440
2.8064849376678467 1440
2.8101000785827637 1440
2.813994884490967 1440
2.8160479068756104 1440
2.820996046066284 1440
2.8209969997406006 1440
2.82411789894104 1440
2.8275530338287354 1440
2.83091402053833 1440
2.835207939147949 1440
2.8352088928222656 1440
2.8379340171813965 1440
2.8400158882141113 1440
2.843843936920166 1440
2.848022937774658 1440
2.848022937774658 1440
2.8509960174560547 1440
2.8589398860931396 1440
2.8589420318603516 1440
2.8619868755340576 1440
2.865380048751831 1440
2.8653810024261475 1440
2.868462085723877 1440
2.87180495262146 1440
2.8749771118164062 1440
2.8780388832092285 1440
2.878040075302124 1440
2.893172025680542 1440
2.894711971282959 1440
2.894713878631592 1440
2.8947160243988037 1440
2.8947160243988037 1440
2.8969390392303467 1440
2.900796890258789 1440
2.901848077774048 1440
2.9051270484924316 1440
2.905824899673462 1440
2.9099979400634766 1440
2.911890983581543 1440
2.915926933288574 1440
2.918826103210449 1440
2.919990062713623 1440
2.9230310916900635 1440
2.9260799884796143 1440
3.096648931503296 1440
3.096651077270508 1440
3.096656084060669 1440
3.0966570377349854 1440
3.098836898803711 1440
3.0988399982452393 1440
3.098841905593872 1440
3.098844051361084 1440
3.0988450050354004 1440
3.098846912384033 1440
3.0988481044769287 1440
3.098850965499878 1440
3.0993919372558594 1440
3.099392890930176 1440
