1048620
0.0 1500
0.0010418891906738281 1500
0.002112865447998047 1500
0.0031309127807617188 1500
0.0031309127807617188 1500
0.0042378902435302734 1500
0.0054700374603271484 1500
0.0054700374603271484 1500
0.006044864654541016 1500
0.007133007049560547 1500
0.008195877075195312 1500
0.008195877075195312 1500
0.009315013885498047 1500
0.010722875595092773 1500
0.010722875595092773 1500
0.01096487045288086 1500
0.012504816055297852 1500
0.013167858123779297 1500
0.013167858123779297 1500
0.014433860778808594 1500
0.015295982360839844 1500
0.016134977340698242 1500
0.016134977340698242 1500
0.01721501350402832 1500
0.018056869506835938 1500
0.018056869506835938 1500
0.019006967544555664 1500
0.020228862762451172 1500
0.021330833435058594 1500
0.021330833435058594 1500
0.02252197265625 1500
0.023196935653686523 1500
0.023196935653686523 1500
0.024005889892578125 1500
0.025040864944458008 1500
0.02603602409362793 1500
0.02603602409362793 1500
0.02707386016845703 1500
0.028074026107788086 1500
0.028074026107788086 1500
0.0290830135345459 1500
0.03032994270324707 1500
0.031028032302856445 1500
0.031028032302856445 1500
0.03227996826171875 1500
0.03319382667541504 1500
0.034004926681518555 1500
0.0350039005279541 1500
0.0350039005279541 1500
0.03614687919616699 1500
0.03614687919616699 1500
0.03706502914428711 1500
0.038136959075927734 1500
0.03914189338684082 1500
0.03914189338684082 1500
0.04030299186706543 1500
0.04117298126220703 1500
0.04117298126220703 1500
0.04236197471618652 1500
0.04324603080749512 1500
0.04444098472595215 1500
0.04444098472595215 1500
0.04513382911682129 1500
0.04635000228881836 1500
0.047080039978027344 1500
0.047080039978027344 1500
0.04857802391052246 1500
0.0488889217376709 1500
0.0488889217376709 1500
0.05073690414428711 1500
0.05106782913208008 1500
0.05213785171508789 1500
0.05213785171508789 1500
0.05310797691345215 1500
0.054097890853881836 1500
0.054097890853881836 1500
0.05510997772216797 1500
0.05638599395751953 1500
0.05707597732543945 1500
0.05707597732543945 1500
0.058084964752197266 1500
0.0589289665222168 1500
0.06083083152770996 1500
0.06083083152770996 1500
0.061038970947265625 1500
0.0625300407409668 1500
0.0625300407409668 1500
0.06323981285095215 1500
0.06398797035217285 1500
0.06520795822143555 1500
0.06520795822143555 1500
0.06601881980895996 1500
0.06711387634277344 1500
0.06711387634277344 1500
0.0681619644165039 1500
0.06962895393371582 1500
0.07001781463623047 1500
0.07001781463623047 1500
0.07125496864318848 1500
0.07198691368103027 1500
0.07332301139831543 1500
0.07332301139831543 1500
0.07404494285583496 1500
0.07504391670227051 1500
0.07504391670227051 1500
0.07629585266113281 1500
0.07724881172180176 1500
0.07931995391845703 1500
0.07931995391845703 1500
0.07931995391845703 1500
0.0801999568939209 1500
0.0801999568939209 1500
0.08125996589660645 1500
0.08235502243041992 1500
0.08314085006713867 1500
0.08314085006713867 1500
0.08538389205932617 1500
0.08538389205932617 1500
0.08617496490478516 1500
0.08617496490478516 1500
0.08709383010864258 1500
0.08804488182067871 1500
0.08889389038085938 1500
0.08889389038085938 1500
0.09018588066101074 1500
0.09086298942565918 1500
0.09086298942565918 1500
0.09215688705444336 1500
0.09293603897094727 1500
0.09401893615722656 1500
0.09401893615722656 1500
0.09487199783325195 1500
0.09701991081237793 1500
0.09701991081237793 1500
0.09701991081237793 1500
0.09789204597473145 1500
0.09923100471496582 1500
0.09923100471496582 1500
0.1001119613647461 1500
0.10111188888549805 1500
0.1019279956817627 1500
0.1019279956817627 1500
0.10330486297607422 1500
0.10433197021484375 1500
0.10433197021484375 1500
0.10484695434570312 1500
0.10636281967163086 1500
0.10715794563293457 1500
0.10715794563293457 1500
0.10831403732299805 1500
0.10890483856201172 1500
0.10890483856201172 1500
0.11084103584289551 1500
0.11119890213012695 1500
0.11236882209777832 1500
0.11236882209777832 1500
0.1132669448852539 1500
0.11439085006713867 1500
0.11509990692138672 1500
0.11509990692138672 1500
0.11831092834472656 1500
0.11831092834472656 1500
0.11834502220153809 1500
0.118865966796875 1500
0.11918091773986816 1500
0.12115287780761719 1500
0.12115287780761719 1500
0.12115287780761719 1500
0.1220998764038086 1500
0.1220998764038086 1500
0.12341189384460449 1500
0.12421703338623047 1500
0.1256728172302246 1500
0.1256728172302246 1500
0.12589001655578613 1500
0.1270740032196045 1500
0.12798595428466797 1500
0.12798595428466797 1500
0.12919282913208008 1500
0.12981486320495605 1500
0.12981486320495605 1500
0.1314549446105957 1500
0.13211488723754883 1500
0.13323402404785156 1500
0.13323402404785156 1500
0.13402891159057617 1500
0.13498902320861816 1500
0.13498902320861816 1500
0.13596391677856445 1500
0.137037992477417 1500
0.13808202743530273 1500
0.13808202743530273 1500
0.13975191116333008 1500
0.1397998332977295 1500
0.141495943069458 1500
0.141495943069458 1500
0.14183783531188965 1500
0.1433570384979248 1500
0.1433570384979248 1500
0.14519691467285156 1500
0.14519691467285156 1500
0.14658498764038086 1500
0.14658498764038086 1500
0.14694786071777344 1500
0.14867687225341797 1500
0.14867687225341797 1500
0.14942193031311035 1500
0.15031003952026367 1500
0.15140295028686523 1500
0.15140295028686523 1500
0.1522059440612793 1500
0.15307402610778809 1500
0.15307402610778809 1500
0.1543259620666504 1500
0.1550579071044922 1500
0.15639495849609375 1500
0.15639495849609375 1500
0.15726995468139648 1500
0.15855884552001953 1500
0.15878796577453613 1500
0.15880203247070312 1500
0.16057801246643066 1500
0.161909818649292 1500
0.161909818649292 1500
0.1621389389038086 1500
0.1633899211883545 1500
0.16418981552124023 1500
0.16418981552124023 1500
0.16512084007263184 1500
0.1665329933166504 1500
0.1665329933166504 1500
0.16711187362670898 1500
0.17007803916931152 1500
0.17007803916931152 1500
0.17007803916931152 1500
0.17026400566101074 1500
0.17120695114135742 1500
0.1723940372467041 1500
0.1723940372467041 1500
0.1731419563293457 1500
0.17422699928283691 1500
0.17422699928283691 1500
0.17520689964294434 1500
0.17642784118652344 1500
0.17706799507141113 1500
0.17706799507141113 1500
0.1784379482269287 1500
0.17896699905395508 1500
0.17896699905395508 1500
0.18003201484680176 1500
0.18115592002868652 1500
0.18224287033081055 1500
0.18224287033081055 1500
0.18297886848449707 1500
0.18387985229492188 1500
0.1848459243774414 1500
0.1848459243774414 1500
0.18585991859436035 1500
0.18682384490966797 1500
0.18682384490966797 1500
0.1881709098815918 1500
0.1888270378112793 1500
0.18979597091674805 1500
0.18979597091674805 1500
0.19106101989746094 1500
0.1919569969177246 1500
0.1919569969177246 1500
0.19320082664489746 1500
0.19454288482666016 1500
0.19529104232788086 1500
0.19529104232788086 1500
0.19596290588378906 1500
0.19725799560546875 1500
0.19811797142028809 1500
0.19811797142028809 1500
0.19905304908752441 1500
0.1999809741973877 1500
0.1999809741973877 1500
0.20106887817382812 1500
0.202117919921875 1500
0.203078031539917 1500
0.203078031539917 1500
0.2040269374847412 1500
0.20575404167175293 1500
0.20575404167175293 1500
0.20609402656555176 1500
0.20720982551574707 1500
0.20883989334106445 1500
0.20883989334106445 1500
0.20883989334106445 1500
0.21059083938598633 1500
0.2110450267791748 1500
0.21109795570373535 1500
0.2122800350189209 1500
0.2131359577178955 1500
0.2131359577178955 1500
0.21457695960998535 1500
0.21526885032653809 1500
0.21630191802978516 1500
0.21630191802978516 1500
0.21715092658996582 1500
0.21801996231079102 1500
0.21801996231079102 1500
0.21930503845214844 1500
0.22027301788330078 1500
0.22107386589050293 1500
0.22107386589050293 1500
0.22228002548217773 1500
0.22320795059204102 1500
0.22417187690734863 1500
0.22417187690734863 1500
0.22556495666503906 1500
0.2261209487915039 1500
0.2261209487915039 1500
0.227064847946167 1500
0.22813987731933594 1500
0.2294750213623047 1500
0.2294750213623047 1500
0.23005199432373047 1500
0.23134088516235352 1500
0.23134088516235352 1500
0.23208189010620117 1500
0.23314404487609863 1500
0.23401188850402832 1500
0.23401188850402832 1500
0.23511981964111328 1500
0.2371079921722412 1500
0.2371079921722412 1500
0.2371079921722412 1500
0.2382509708404541 1500
0.23963189125061035 1500
0.23963189125061035 1500
0.24026894569396973 1500
0.2413928508758545 1500
0.24257493019104004 1500
0.24257493019104004 1500
0.2442150115966797 1500
0.2442150115966797 1500
0.2442150115966797 1500
0.24513983726501465 1500
0.24607300758361816 1500
0.24747085571289062 1500
0.24747085571289062 1500
0.2481689453125 1500
0.24908089637756348 1500
0.2502908706665039 1500
0.2502908706665039 1500
0.2510409355163574 1500
0.25222301483154297 1500
0.25222301483154297 1500
0.25313496589660645 1500
0.25422000885009766 1500
0.25513601303100586 1500
0.25513601303100586 1500
0.2561459541320801 1500
0.25713181495666504 1500
0.25713181495666504 1500
0.2578468322753906 1500
0.2596909999847412 1500
0.26003193855285645 1500
0.26004791259765625 1500
0.2619779109954834 1500
0.2619779109954834 1500
0.26382994651794434 1500
0.26382994651794434 1500
0.26398801803588867 1500
0.26554298400878906 1500
0.26554298400878906 1500
0.26625704765319824 1500
0.2671928405761719 1500
0.2680938243865967 1500
0.2680938243865967 1500
0.2691669464111328 1500
0.27112483978271484 1500
0.27112483978271484 1500
0.27112483978271484 1500
0.27237987518310547 1500
0.27320003509521484 1500
0.27320003509521484 1500
0.27437281608581543 1500
0.27509188652038574 1500
0.2763350009918213 1500
0.2763350009918213 1500
0.2771420478820801 1500
0.28180503845214844 1500
0.28180503845214844 1500
0.28180503845214844 1500
0.28180503845214844 1500
0.28180503845214844 1500
0.28180503845214844 1500
0.28249287605285645 1500
0.2833378314971924 1500
0.2848069667816162 1500
0.2848069667816162 1500
0.2851848602294922 1500
0.2863168716430664 1500
0.2863168716430664 1500
0.287031888961792 1500
0.2882668972015381 1500
0.2889280319213867 1500
0.2889280319213867 1500
0.2898409366607666 1500
0.2909388542175293 1500
0.2909388542175293 1500
0.2929878234863281 1500
0.29300999641418457 1500
0.29417991638183594 1500
0.29419898986816406 1500
0.2948470115661621 1500
0.295853853225708 1500
0.29694485664367676 1500
0.29694485664367676 1500
0.297976016998291 1500
0.2989039421081543 1500
0.2989039421081543 1500
0.2999269962310791 1500
0.30114197731018066 1500
0.3022298812866211 1500
0.3022298812866211 1500
0.303117036819458 1500
0.30402183532714844 1500
0.30402183532714844 1500
0.3050999641418457 1500
0.3059508800506592 1500
0.30713701248168945 1500
0.30713701248168945 1500
0.30802488327026367 1500
0.308851957321167 1500
0.308851957321167 1500
0.31023502349853516 1500
0.31110382080078125 1500
0.31204700469970703 1500
0.3120608329772949 1500
0.31299304962158203 1500
0.31426501274108887 1500
0.3150298595428467 1500
0.3150479793548584 1500
0.31609296798706055 1500
0.31711602210998535 1500
0.31711602210998535 1500
0.3180868625640869 1500
0.31912803649902344 1500
0.3201639652252197 1500
0.3201639652252197 1500
0.32090187072753906 1500
0.32198500633239746 1500
0.3220078945159912 1500
0.3229689598083496 1500
0.32409000396728516 1500
0.3268308639526367 1500
0.3268308639526367 1500
0.3268308639526367 1500
0.32710981369018555 1500
0.3285038471221924 1500
0.3285038471221924 1500
0.33019089698791504 1500
0.33019089698791504 1500
0.33019089698791504 1500
0.33173704147338867 1500
0.3324558734893799 1500
0.33306884765625 1500
0.33306884765625 1500
0.3339400291442871 1500
0.33605384826660156 1500
0.33605384826660156 1500
0.33605384826660156 1500
0.33730602264404297 1500
0.338176965713501 1500
0.338176965713501 1500
0.33891987800598145 1500
0.34053587913513184 1500
0.3413410186767578 1500
0.3413410186767578 1500
0.3424499034881592 1500
0.3434178829193115 1500
0.3434178829193115 1500
0.34418582916259766 1500
0.3450460433959961 1500
0.34658193588256836 1500
0.34658193588256836 1500
0.34681200981140137 1500
0.3481738567352295 1500
0.3481738567352295 1500
0.34911298751831055 1500
0.35048699378967285 1500
0.35129284858703613 1500
0.35129284858703613 1500
0.35231590270996094 1500
0.35331296920776367 1500
0.354205846786499 1500
0.354205846786499 1500
0.35526394844055176 1500
0.35745882987976074 1500
0.35745882987976074 1500
0.35745882987976074 1500
0.358288049697876 1500
0.35915398597717285 1500
0.35915398597717285 1500
0.36039185523986816 1500
0.36127591133117676 1500
0.36127591133117676 1500
0.3622169494628906 1500
0.36314892768859863 1500
0.3642539978027344 1500
0.3642539978027344 1500
0.36528801918029785 1500
0.36634087562561035 1500
0.3675858974456787 1500
0.3675858974456787 1500
0.36838698387145996 1500
0.369459867477417 1500
0.369459867477417 1500
0.3702249526977539 1500
0.37157702445983887 1500
0.37227487564086914 1500
0.37227487564086914 1500
0.3735480308532715 1500
0.3738720417022705 1500
0.3740959167480469 1500
0.37517881393432617 1500
0.3760709762573242 1500
0.3770890235900879 1500
0.3770890235900879 1500
0.3781578540802002 1500
0.37921690940856934 1500
0.38013482093811035 1500
0.38013482093811035 1500
0.3812248706817627 1500
0.381990909576416 1500
0.381990909576416 1500
0.3833189010620117 1500
0.38400983810424805 1500
0.38525390625 1500
0.38525390625 1500
0.386124849319458 1500
0.3869469165802002 1500
0.3871488571166992 1500
0.38910984992980957 1500
0.38910984992980957 1500
0.39023590087890625 1500
0.39023590087890625 1500
0.39121198654174805 1500
0.3922739028930664 1500
0.39301586151123047 1500
0.39301586151123047 1500
0.39435386657714844 1500
0.39513683319091797 1500
0.39513683319091797 1500
0.3961038589477539 1500
0.39690685272216797 1500
0.3989839553833008 1500
0.3989839553833008 1500
0.399183988571167 1500
0.4010469913482666 1500
0.4010469913482666 1500
0.4013509750366211 1500
0.4023280143737793 1500
0.4033019542694092 1500
0.4033019542694092 1500
0.4040529727935791 1500
0.4049868583679199 1500
0.4062068462371826 1500
0.4062068462371826 1500
0.4070930480957031 1500
0.4081699848175049 1500
0.4081699848175049 1500
0.40900301933288574 1500
0.41110992431640625 1500
0.41110992431640625 1500
0.41110992431640625 1500
0.4126579761505127 1500
0.41286802291870117 1500
0.41286802291870117 1500
0.4144399166107178 1500
0.41507792472839355 1500
0.41632890701293945 1500
0.41632890701293945 1500
0.4171898365020752 1500
0.41840195655822754 1500
0.41915297508239746 1500
0.41915297508239746 1500
0.4201529026031494 1500
0.42105793952941895 1500
0.42105793952941895 1500
0.42264294624328613 1500
0.42339491844177246 1500
0.4241938591003418 1500
0.4241938591003418 1500
0.42517900466918945 1500
0.42627596855163574 1500
0.42627596855163574 1500
0.4271359443664551 1500
0.4284799098968506 1500
0.42923402786254883 1500
0.42923402786254883 1500
0.4301578998565674 1500
0.4310569763183594 1500
0.43392491340637207 1500
0.43392491340637207 1500
0.43392491340637207 1500
0.4339778423309326 1500
0.4339778423309326 1500
0.4349968433380127 1500
0.43609189987182617 1500
0.43735694885253906 1500
0.43735694885253906 1500
0.4384608268737793 1500
0.43923187255859375 1500
0.43923187255859375 1500
0.4399998188018799 1500
0.44147491455078125 1500
0.44240593910217285 1500
0.44240593910217285 1500
0.44313597679138184 1500
0.44396185874938965 1500
0.44524598121643066 1500
0.4452838897705078 1500
0.44592881202697754 1500
0.44721388816833496 1500
0.44721388816833496 1500
0.44850587844848633 1500
0.4490218162536621 1500
0.4501190185546875 1500
0.4501190185546875 1500
0.4510538578033447 1500
0.4522058963775635 1500
0.4522058963775635 1500
0.45340704917907715 1500
0.4540598392486572 1500
0.45522594451904297 1500
0.45522594451904297 1500
0.4563319683074951 1500
0.45688295364379883 1500
0.4581449031829834 1500
0.4581449031829834 1500
0.45888304710388184 1500
0.4602808952331543 1500
0.4602808952331543 1500
0.4609949588775635 1500
0.4622459411621094 1500
0.46284985542297363 1500
0.4629478454589844 1500
0.46410703659057617 1500
0.4649958610534668 1500
0.4673478603363037 1500
0.4673478603363037 1500
0.4673478603363037 1500
0.46807003021240234 1500
0.4681978225708008 1500
0.46907591819763184 1500
0.8238708972930908 808
1.1845169067382812 40
1.7596619129180908 40
2.6966168880462646 1500
2.6966168880462646 1500
2.6966168880462646 1500
2.6966168880462646 1500
2.698199987411499 1500
2.698199987411499 932
2.698199987411499 1500
2.698199987411499 1500
2.700042963027954 1500
2.700042963027954 1500
2.701249837875366 1500
2.701249837875366 1500
2.701946973800659 1500
2.701946973800659 1500
2.7031729221343994 1500
2.7031729221343994 1500
2.704286813735962 1500
2.704286813735962 1500
2.7054200172424316 1500
2.7054200172424316 1500
2.7063000202178955 1500
2.7063000202178955 1500
2.708065986633301 1500
2.708065986633301 1500
2.709131956100464 1500
2.709131956100464 1500
2.7104029655456543 1500
2.7104029655456543 1500
2.711378812789917 1500
2.711378812789917 1300
2.712235927581787 1500
2.712235927581787 1500
2.7132959365844727 1500
2.7132959365844727 1500
2.7139408588409424 1500
2.7143728733062744 1500
2.7152040004730225 1500
2.7162580490112305 1500
2.7162580490112305 1500
2.716972827911377 1500
2.718224048614502 1500
2.718224048614502 1500
2.7191078662872314 1500
2.7191078662872314 1500
2.7202718257904053 1500
2.7202718257904053 1500
2.720968008041382 1500
2.720968008041382 1500
2.722316026687622 1500
