1050000
0.0 1500
0.001538991928100586 1500
0.001538991928100586 1500
0.001844167709350586 1500
0.0029730796813964844 1500
0.004024028778076172 1500
0.004024028778076172 1500
0.00496220588684082 1500
0.0057830810546875 1500
0.00682520866394043 1500
0.00682520866394043 1500
0.007714033126831055 1500
0.009036064147949219 1500
0.009036064147949219 1500
0.010928153991699219 1500
0.010928153991699219 1500
0.011813163757324219 1500
0.011813163757324219 1500
0.012868165969848633 1500
0.013892173767089844 1500
0.013985157012939453 1500
0.015212059020996094 1500
0.015983104705810547 1500
0.016892194747924805 1500
0.016892194747924805 1500
0.018146991729736328 1500
0.01889801025390625 1500
0.01982903480529785 1500
0.01982903480529785 1500
0.02068614959716797 1500
0.02209615707397461 1500
0.02209615707397461 1500
0.022878170013427734 1500
0.02375197410583496 1500
0.024830102920532227 1500
0.024830102920532227 1500
0.025976181030273438 1500
0.026815176010131836 1500
0.026815176010131836 1500
0.028753042221069336 1500
0.028828144073486328 1500
0.029771089553833008 1500
0.029771089553833008 1500
0.031198978424072266 1500
0.032270193099975586 1500
0.03287100791931152 1500
0.03287100791931152 1500
0.03416609764099121 1500
0.03488516807556152 1500
0.03488516807556152 1500
0.035917043685913086 1500
0.036936044692993164 1500
0.03815913200378418 1500
0.03815913200378418 1500
0.03925204277038574 1500
0.04107999801635742 1500
0.04107999801635742 1500
0.04107999801635742 1500
0.04201507568359375 1500
0.04303407669067383 1500
0.04303407669067383 1500
0.04433608055114746 1500
0.04496002197265625 1500
0.04610705375671387 1500
0.04610705375671387 1500
0.04680204391479492 1500
0.04818415641784668 1500
0.04818415641784668 1500
0.04891204833984375 1500
0.04991507530212402 1500
0.05081820487976074 1500
0.05081820487976074 1500
0.052015066146850586 1500
0.05292820930480957 1500
0.05292820930480957 1500
0.053709983825683594 1500
0.05497097969055176 1500
0.05601215362548828 1500
0.056710004806518555 1500
0.056710004806518555 1500
0.05796217918395996 1500
0.058851003646850586 1500
0.058851003646850586 1500
0.05982613563537598 1500
0.06090116500854492 1500
0.06090116500854492 1500
0.06173205375671387 1500
0.06282806396484375 1500
0.06376314163208008 1500
0.06376314163208008 1500
0.06483817100524902 1500
0.0663151741027832 1500
0.0663151741027832 1500
0.06698298454284668 1500
0.0679931640625 1500
0.06872200965881348 1500
0.06872200965881348 1500
0.07036614418029785 1500
0.0707709789276123 1500
0.07185697555541992 1500
0.07185697555541992 1500
0.07278609275817871 1500
0.07429218292236328 1500
0.07429218292236328 1500
0.07474303245544434 1500
0.0757761001586914 1500
0.07675814628601074 1500
0.07675814628601074 1500
0.07780218124389648 1500
0.0789031982421875 1500
0.0789031982421875 1500
0.08010506629943848 1500
0.08095812797546387 1500
0.08212518692016602 1500
0.08212518692016602 1500
0.08292102813720703 1500
0.08459806442260742 1500
0.0848240852355957 1500
0.0848240852355957 1500
0.08640098571777344 1500
0.08796811103820801 1500
0.08796811103820801 1500
0.0881052017211914 1500
0.08886408805847168 1500
0.08983707427978516 1500
0.08997607231140137 1500
0.09072303771972656 1500
0.09205317497253418 1500
0.09205317497253418 1500
0.09274816513061523 1500
0.09381914138793945 1500
0.09551715850830078 1500
0.09551715850830078 1500
0.0957190990447998 1500
0.09707117080688477 1500
0.09812116622924805 1500
0.09812116622924805 1500
0.09914612770080566 1500
0.10013699531555176 1500
0.1001591682434082 1500
0.10072803497314453 1500
0.10167407989501953 1500
0.10291218757629395 1500
0.10291218757629395 1500
0.10392618179321289 1500
0.10477900505065918 1500
0.10477900505065918 1500
0.10570502281188965 1500
0.10676908493041992 1500
0.10785317420959473 1500
0.10785317420959473 1500
0.10874819755554199 1500
0.10970807075500488 1500
0.11086606979370117 1500
0.11086606979370117 1500
0.11203312873840332 1500
0.11272597312927246 1500
0.11272597312927246 1500
0.11384701728820801 1500
0.11484718322753906 1500
0.11588406562805176 1500
0.11588406562805176 1500
0.11679506301879883 1500
0.1177520751953125 1500
0.11867308616638184 1500
0.11867308616638184 1500
0.11980700492858887 1500
0.12080216407775879 1500
0.12080216407775879 1500
0.12198805809020996 1500
0.1230170726776123 1500
0.12379097938537598 1500
0.12379097938537598 1500
0.12484216690063477 1500
0.12579107284545898 1500
0.12579107284545898 1500
0.12673115730285645 1500
0.12810802459716797 1500
0.12874197959899902 1500
0.12874197959899902 1500
0.1299610137939453 1500
0.1307811737060547 1500
0.1307811737060547 1500
0.1331930160522461 1500
0.1331930160522461 1500
0.13412809371948242 1500
0.13412809371948242 1500
0.13494110107421875 1500
0.1360330581665039 1500
0.1360330581665039 1500
0.1366870403289795 1500
0.1377410888671875 1500
0.13870906829833984 1500
0.13870906829833984 1500
0.13979101181030273 1500
0.14083003997802734 1500
0.14186811447143555 1500
0.14200210571289062 1500
0.14317011833190918 1500
0.14465713500976562 1500
0.14465713500976562 1500
0.14479398727416992 1500
0.14599609375 1500
0.1468050479888916 1500
0.1468050479888916 1500
0.14783406257629395 1500
0.14959716796875 1500
0.14959716796875 1500
0.14997506141662598 1500
0.15123510360717773 1500
0.15202617645263672 1500
0.15202617645263672 1500
0.15299701690673828 1500
0.15391016006469727 1500
0.15479707717895508 1500
0.15479707717895508 1500
0.1560502052307129 1500
0.15681719779968262 1500
0.15681719779968262 1500
0.1579911708831787 1500
0.15915799140930176 1500
0.15982508659362793 1500
0.16085600852966309 1500
0.16085600852966309 1500
0.16202020645141602 1500
0.16202020645141602 1500
0.1631011962890625 1500
0.16397809982299805 1500
0.164870023727417 1500
0.164870023727417 1500
0.16649508476257324 1500
0.16691899299621582 1500
0.16819405555725098 1500
0.16819405555725098 1500
0.16901898384094238 1500
0.17025518417358398 1500
0.17025518417358398 1500
0.17101407051086426 1500
0.17197418212890625 1500
0.17318010330200195 1500
0.17318010330200195 1500
0.1740100383758545 1500
0.17484498023986816 1500
0.17484498023986816 1500
0.17636609077453613 1500
0.1769411563873291 1500
0.17795801162719727 1500
0.17795801162719727 1500
0.1788480281829834 1500
0.1808609962463379 1500
0.1808609962463379 1500
0.1808609962463379 1500
0.18202519416809082 1500
0.18286705017089844 1500
0.18286705017089844 1500
0.18413114547729492 1500
0.18489503860473633 1500
0.18606019020080566 1500
0.18606019020080566 1500
0.18671512603759766 1500
0.18819499015808105 1500
0.18819499015808105 1500
0.18878602981567383 1500
0.1899399757385254 1500
0.19091105461120605 1500
0.19091105461120605 1500
0.19209003448486328 1500
0.1930241584777832 1500
0.19394612312316895 1500
0.19394612312316895 1500
0.19489717483520508 1500
0.19592905044555664 1500
0.19592905044555664 1500
0.19751405715942383 1500
0.19799399375915527 1500
0.19907116889953613 1500
0.19907116889953613 1500
0.19980597496032715 1500
0.20088911056518555 1500
0.20088911056518555 1500
0.20199012756347656 1500
0.20299100875854492 1500
0.20406103134155273 1500
0.20406103134155273 1500
0.20490813255310059 1500
0.20615005493164062 1500
0.20696115493774414 1500
0.20696115493774414 1500
0.20817899703979492 1500
0.2089250087738037 1500
0.2089250087738037 1500
0.21018719673156738 1500
0.21097803115844727 1500
0.21192502975463867 1500
0.21192502975463867 1500
0.21291518211364746 1500
0.21400904655456543 1500
0.21400904655456543 1500
0.21488213539123535 1500
0.21607017517089844 1500
0.21738600730895996 1500
0.21738600730895996 1500
0.21795105934143066 1500
0.21916699409484863 1500
0.21988201141357422 1500
0.21988201141357422 1500
0.22101402282714844 1500
0.22173714637756348 1500
0.22173714637756348 1500
0.2230510711669922 1500
0.22409701347351074 1500
0.2249441146850586 1500
0.2249441146850586 1500
0.2257981300354004 1500
0.22714519500732422 1500
0.22714519500732422 1500
0.22797012329101562 1500
0.22894716262817383 1500
0.22992801666259766 1500
0.22992801666259766 1500
0.23100805282592773 1500
0.23197317123413086 1500
0.23305201530456543 1500
0.23305201530456543 1500
0.23388099670410156 1500
0.2350001335144043 1500
0.2350001335144043 1500
0.23588800430297852 1500
0.2370281219482422 1500
0.23790907859802246 1500
0.23790907859802246 1500
0.23894810676574707 1500
0.2399141788482666 1500
0.2399141788482666 1500
0.24092411994934082 1500
0.2419140338897705 1500
0.24286508560180664 1500
0.24286508560180664 1500
0.2441091537475586 1500
0.24493002891540527 1500
0.24597501754760742 1500
0.24597501754760742 1500
0.24706411361694336 1500
0.2479569911956787 1500
0.2479569911956787 1500
0.24895620346069336 1500
0.25004005432128906 1500
0.25087809562683105 1500
0.25087809562683105 1500
0.25218701362609863 1500
0.2528111934661865 1500
0.2528111934661865 1500
0.25408220291137695 1500
0.25487804412841797 1500
0.25600218772888184 1500
0.25600218772888184 1500
0.25724220275878906 1500
0.25792813301086426 1500
0.25911498069763184 1500
0.25911498069763184 1500
0.25989413261413574 1500
0.26091718673706055 1500
0.26091718673706055 1500
0.26201701164245605 1500
0.26311516761779785 1500
0.26421117782592773 1500
0.26421117782592773 1500
0.26506710052490234 1500
0.26598119735717773 1500
0.26598119735717773 1500
0.26738500595092773 1500
0.2679929733276367 1500
0.2690541744232178 1500
0.2690541744232178 1500
0.27008914947509766 1500
0.27072715759277344 1500
0.27180004119873047 1500
0.27180004119873047 1500
0.27314114570617676 1500
0.2739441394805908 1500
0.2739441394805908 1500
0.27495312690734863 1500
0.2759230136871338 1500
0.2769031524658203 1500
0.2769031524658203 1500
0.2779200077056885 1500
0.2788810729980469 1500
0.2788810729980469 1500
0.2799241542816162 1500
0.28103208541870117 1500
0.2819020748138428 1500
0.2819020748138428 1500
0.28274106979370117 1500
0.2836949825286865 1500
0.2847461700439453 1500
0.2847461700439453 1500
0.28603410720825195 1500
0.2870011329650879 1500
0.2870011329650879 1500
0.2881150245666504 1500
0.2891809940338135 1500
0.29004406929016113 1500
0.29004406929016113 1500
0.29116106033325195 1500
0.2918829917907715 1500
0.2918829917907715 1500
0.29331111907958984 1500
0.29388999938964844 1500
0.2951810359954834 1500
0.2951810359954834 1500
0.2959010601043701 1500
0.2987949848175049 1500
0.2987949848175049 1500
0.2987949848175049 1500
0.2987949848175049 1500
0.2999110221862793 1500
0.2999110221862793 1500
0.30083608627319336 1500
0.3020751476287842 1500
0.3030681610107422 1500
0.3030681610107422 1500
0.30408406257629395 1500
0.30501699447631836 1500
0.30501699447631836 1500
0.30623316764831543 1500
0.3068840503692627 1500
0.30797719955444336 1500
0.30797719955444336 1500
0.3088991641998291 1500
0.3099091053009033 1500
0.3099091053009033 1500
0.3110060691833496 1500
0.3120710849761963 1500
0.31293511390686035 1500
0.31293511390686035 1500
0.31386899948120117 1500
0.3149080276489258 1500
0.3161799907684326 1500
0.3161799907684326 1500
0.31718897819519043 1500
0.31797003746032715 1500
0.31797003746032715 1500
0.3191490173339844 1500
0.31984615325927734 1500
0.3208131790161133 1500
0.3208131790161133 1500
0.3221101760864258 1500
0.3230781555175781 1500
0.3230781555175781 1500
0.3238670825958252 1500
0.3250741958618164 1500
0.3260610103607178 1500
0.3260610103607178 1500
0.32698702812194824 1500
0.32857203483581543 1500
0.32868003845214844 1500
0.32881808280944824 1500
0.32985615730285645 1500
0.3308072090148926 1500
0.3308072090148926 1500
0.33242011070251465 1500
0.33290600776672363 1500
0.33426904678344727 1500
0.33426904678344727 1500
0.33475518226623535 1500
0.3359541893005371 1500
0.3359541893005371 1500
0.3368501663208008 1500
0.3380250930786133 1500
0.33887600898742676 1500
0.33887600898742676 1500
0.34000420570373535 1500
0.34084510803222656 1500
0.3423171043395996 1500
0.3423171043395996 1500
0.34314513206481934 1500
0.34406304359436035 1500
0.34406304359436035 1500
0.3448750972747803 1500
0.3461291790008545 1500
0.34722900390625 1500
0.34722900390625 1500
0.3481440544128418 1500
0.34887099266052246 1500
0.34887099266052246 1500
0.3499109745025635 1500
0.3510861396789551 1500
0.3518831729888916 1500
0.3518831729888916 1500
0.35297703742980957 1500
0.35400819778442383 1500
0.35477399826049805 1500
0.35477399826049805 1500
0.35614013671875 1500
0.35694003105163574 1500
0.35694003105163574 1500
0.3579070568084717 1500
0.35909414291381836 1500
0.3597371578216553 1500
0.3597371578216553 1500
0.3610529899597168 1500
0.36193418502807617 1500
0.36193418502807617 1500
0.36339616775512695 1500
0.36368298530578613 1500
0.3649570941925049 1500
0.3649570941925049 1500
0.3658580780029297 1500
0.3672761917114258 1500
0.36796116828918457 1500
0.36796116828918457 1500
0.36903905868530273 1500
0.36991000175476074 1500
0.36991000175476074 1500
0.37072205543518066 1500
0.3719511032104492 1500
0.3732130527496338 1500
0.3732130527496338 1500
0.3738980293273926 1500
0.3748741149902344 1500
0.3748741149902344 1500
0.3759140968322754 1500
0.3772120475769043 1500
0.37804698944091797 1500
0.37804698944091797 1500
0.378864049911499 1500
0.3800661563873291 1500
0.38247013092041016 1500
0.38247013092041016 1500
0.38247013092041016 1500
0.3830142021179199 1500
0.3830142021179199 1500
0.38406801223754883 1500
0.38495898246765137 1500
0.38593411445617676 1500
0.38593411445617676 1500
0.3870069980621338 1500
0.3881351947784424 1500
0.3881351947784424 1500
0.388897180557251 1500
0.3899650573730469 1500
0.3908681869506836 1500
0.3908681869506836 1500
0.3919060230255127 1500
0.392963171005249 1500
0.39400410652160645 1500
0.39400410652160645 1500
0.3948650360107422 1500
0.3958871364593506 1500
0.3958871364593506 1500
0.39714503288269043 1500
0.3979041576385498 1500
0.3989601135253906 1500
0.3989601135253906 1500
0.4001162052154541 1500
0.40102410316467285 1500
0.40102410316467285 1500
0.4019021987915039 1500
0.4030129909515381 1500
0.40407299995422363 1500
0.40407299995422363 1500
0.4048299789428711 1500
0.4057340621948242 1500
0.40688610076904297 1500
0.40688610076904297 1500
0.40782713890075684 1500
0.4089930057525635 1500
0.4089930057525635 1500
0.40972113609313965 1500
0.4120500087738037 1500
0.4120500087738037 1500
0.4120500087738037 1500
0.4127621650695801 1500
0.41369009017944336 1500
0.41369009017944336 1500
0.41548609733581543 1500
0.41566014289855957 1500
0.41759705543518066 1500
0.41759705543518066 1500
0.4178311824798584 1500
0.41893506050109863 1500
0.42084312438964844 1500
0.42084312438964844 1500
0.42084312438964844 1500
0.4219050407409668 1500
0.4219050407409668 1500
0.42359399795532227 1500
0.4236481189727783 1500
0.4251999855041504 1500
0.4251999855041504 1500
0.4261322021484375 1500
0.42693400382995605 1500
0.42693400382995605 1500
0.427929162979126 1500
0.42928314208984375 1500
0.42986202239990234 1500
0.42986202239990234 1500
0.43118715286254883 1500
0.43221616744995117 1500
0.43305301666259766 1500
0.43305301666259766 1500
0.43395400047302246 1500
0.43523216247558594 1500
0.43523216247558594 1500
0.43599605560302734 1500
0.43717002868652344 1500
0.4378781318664551 1500
0.4378781318664551 1500
0.4392681121826172 1500
0.43973708152770996 1500
0.43973708152770996 1500
0.4416391849517822 1500
0.4419281482696533 1500
0.4429609775543213 1500
0.4429609775543213 1500
0.444612979888916 1500
0.4449191093444824 1500
0.44602012634277344 1500
0.44602012634277344 1500
0.4468851089477539 1500
0.44804906845092773 1500
0.44804906845092773 1500
0.44896411895751953 1500
0.4502220153808594 1500
0.45101213455200195 1500
0.45101213455200195 1500
0.4519190788269043 1500
0.45307207107543945 1500
0.45307207107543945 1500
0.4539501667022705 1500
0.45476412773132324 1500
0.456165075302124 1500
0.456165075302124 1500
0.45688819885253906 1500
0.4580700397491455 1500
0.45888710021972656 1500
0.45888710021972656 1500
0.46007513999938965 1500
0.4610910415649414 1500
0.4610910415649414 1500
0.4618961811065674 1500
0.46311020851135254 1500
0.4647481441497803 1500
0.4647481441497803 1500
0.4652400016784668 1500
0.4660329818725586 1500
0.4660329818725586 1500
0.46688413619995117 1500
0.4680349826812744 1500
0.46882104873657227 1500
0.46882104873657227 1500
0.47008299827575684 1500
0.47090601921081543 1500
0.47090601921081543 1500
0.47180819511413574 1500
0.47352099418640137 1500
0.47417116165161133 1500
0.47417116165161133 1500
0.4749181270599365 1500
0.47594618797302246 1500
0.4770510196685791 1500
0.4770510196685791 1500
0.47791504859924316 1500
0.47894906997680664 1500
0.47894906997680664 1500
0.4799070358276367 1500
0.48093414306640625 1500
0.48189806938171387 1500
0.48189806938171387 1500
0.4827101230621338 1500
0.48492002487182617 1500
0.4849519729614258 1500
0.4850430488586426 1500
0.48575520515441895 1500
0.48693013191223145 1500
0.4869391918182373 1500
0.48784303665161133 1500
0.488739013671875 1500
0.48974609375 1500
0.48974609375 1500
0.490753173828125 1500
0.4918060302734375 1500
0.4918060302734375 1500
0.49314212799072266 1500
0.4937160015106201 1500
0.49472808837890625 1500
0.49472808837890625 1500
0.49588918685913086 1500
0.496779203414917 1500
0.49681901931762695 1500
0.4977409839630127 1500
0.49887919425964355 1500
0.49996018409729004 1500
0.4999980926513672 1500
0.5007810592651367 1500
0.501945972442627 1500
0.5035820007324219 1500
0.5036020278930664 1500
0.5038180351257324 1500
0.504755973815918 1500
