1050000
0.0 1500
0.0 1500
0.0012679100036621094 1500
0.002978086471557617 1500
0.002978086471557617 1500
0.002978086471557617 1500
0.004086971282958984 1500
0.005024909973144531 1500
0.005024909973144531 1500
0.0061490535736083984 1500
0.00699305534362793 1500
0.00822901725769043 1500
0.00822901725769043 1500
0.009221076965332031 1500
0.010029077529907227 1500
0.010029077529907227 1500
0.011094093322753906 1500
0.012032032012939453 1500
0.013154029846191406 1500
0.013154029846191406 1500
0.014566898345947266 1500
0.014898061752319336 1500
0.014898061752319336 1500
0.016241073608398438 1500
0.016948938369750977 1500
0.01823902130126953 1500
0.01823902130126953 1500
0.01913905143737793 1500
0.020375967025756836 1500
0.020912885665893555 1500
0.020912885665893555 1500
0.022429943084716797 1500
0.022954940795898438 1500
0.022954940795898438 1500
0.024153947830200195 1500
0.025103092193603516 1500
0.02631211280822754 1500
0.02631211280822754 1500
0.027039051055908203 1500
0.02804708480834961 1500
0.02804708480834961 1500
0.029014110565185547 1500
0.030742883682250977 1500
0.030952930450439453 1500
0.031330108642578125 1500
0.03239703178405762 1500
0.03319597244262695 1500
0.0340580940246582 1500
0.0340580940246582 1500
0.03495597839355469 1500
0.03702211380004883 1500
0.03702211380004883 1500
0.03702211380004883 1500
0.03822207450866699 1500
0.03942298889160156 1500
0.03942298889160156 1500
0.03992509841918945 1500
0.04102611541748047 1500
0.04102611541748047 1500
0.04201793670654297 1500
0.04343700408935547 1500
0.04496002197265625 1500
0.04496002197265625 1500
0.04557609558105469 1500
0.04616093635559082 1500
0.04715991020202637 1500
0.04715991020202637 1500
0.0485079288482666 1500
0.049072980880737305 1500
0.049072980880737305 1500
0.050314903259277344 1500
0.050991058349609375 1500
0.05220389366149902 1500
0.05220389366149902 1500
0.05333399772644043 1500
0.05392909049987793 1500
0.05392909049987793 1500
0.055069923400878906 1500
0.05623888969421387 1500
0.05682206153869629 1500
0.05682206153869629 1500
0.058062076568603516 1500
0.05901598930358887 1500
0.05994892120361328 1500
0.05994892120361328 1500
0.06114602088928223 1500
0.062315940856933594 1500
0.062315940856933594 1500
0.06311392784118652 1500
0.06389498710632324 1500
0.06492996215820312 1500
0.06492996215820312 1500
0.06664490699768066 1500
0.06683588027954102 1500
0.06683588027954102 1500
0.06787800788879395 1500
0.07080888748168945 1500
0.07080888748168945 1500
0.07080888748168945 1500
0.07104110717773438 1500
0.07190799713134766 1500
0.07340288162231445 1500
0.07340288162231445 1500
0.07416605949401855 1500
0.07539510726928711 1500
0.07539510726928711 1500
0.07612800598144531 1500
0.07773089408874512 1500
0.0781409740447998 1500
0.0781409740447998 1500
0.07946991920471191 1500
0.07980990409851074 1500
0.07980990409851074 1500
0.08147788047790527 1500
0.08203005790710449 1500
0.08309292793273926 1500
0.08309292793273926 1500
0.08436203002929688 1500
0.0851430892944336 1500
0.08641791343688965 1500
0.08641791343688965 1500
0.08680605888366699 1500
0.08830094337463379 1500
0.08830094337463379 1500
0.08973097801208496 1500
0.09045290946960449 1500
0.09099793434143066 1500
0.09099793434143066 1500
0.09279394149780273 1500
0.09279394149780273 1500
0.09279394149780273 1500
0.09418106079101562 1500
0.09509992599487305 1500
0.0962669849395752 1500
0.0962669849395752 1500
0.09717893600463867 1500
0.0981440544128418 1500
0.09896302223205566 1500
0.09896302223205566 1500
0.10034799575805664 1500
0.10082197189331055 1500
0.10082197189331055 1500
0.10215592384338379 1500
0.10331010818481445 1500
0.10408401489257812 1500
0.10408401489257812 1500
0.10500693321228027 1500
0.10606694221496582 1500
0.10606694221496582 1500
0.10733199119567871 1500
0.10816097259521484 1500
0.1091759204864502 1500
0.1091759204864502 1500
0.10996389389038086 1500
0.1112060546875 1500
0.11220598220825195 1500
0.11220598220825195 1500
0.11297011375427246 1500
0.11406493186950684 1500
0.11406493186950684 1500
0.11495304107666016 1500
0.11635303497314453 1500
0.11718106269836426 1500
0.11718106269836426 1500
0.11816096305847168 1500
0.11905193328857422 1500
0.11905193328857422 1500
0.12006807327270508 1500
0.12101888656616211 1500
0.12240791320800781 1500
0.12240791320800781 1500
0.1227409839630127 1500
0.12545108795166016 1500
0.12545108795166016 1500
0.1256580352783203 1500
0.12589406967163086 1500
0.1271059513092041 1500
0.1271059513092041 1500
0.12805604934692383 1500
0.13019895553588867 1500
0.13019895553588867 1500
0.13019895553588867 1500
0.13108301162719727 1500
0.1321420669555664 1500
0.1321420669555664 1500
0.13320589065551758 1500
0.13421010971069336 1500
0.13503003120422363 1500
0.13503003120422363 1500
0.1365220546722412 1500
0.13711309432983398 1500
0.13711309432983398 1500
0.13834691047668457 1500
0.13896894454956055 1500
0.14006805419921875 1500
0.14006805419921875 1500
0.1410229206085205 1500
0.14257597923278809 1500
0.14295291900634766 1500
0.14295291900634766 1500
0.14445900917053223 1500
0.14524388313293457 1500
0.14524388313293457 1500
0.1460859775543213 1500
0.14702296257019043 1500
0.1479930877685547 1500
0.1479930877685547 1500
0.14910602569580078 1500
0.1499629020690918 1500
0.1499629020690918 1500
0.15114903450012207 1500
0.15229296684265137 1500
0.15297889709472656 1500
0.15297889709472656 1500
0.1540079116821289 1500
0.1550300121307373 1500
0.15611910820007324 1500
0.15611910820007324 1500
0.15795302391052246 1500
0.15819311141967773 1500
0.15819311141967773 1500
0.15908503532409668 1500
0.16050100326538086 1500
0.16095304489135742 1500
0.16095304489135742 1500
0.16202688217163086 1500
0.16307997703552246 1500
0.16307997703552246 1500
0.16396808624267578 1500
0.1651298999786377 1500
0.1668109893798828 1500
0.1668109893798828 1500
0.16704797744750977 1500
0.16792607307434082 1500
0.16914701461791992 1500
0.16914701461791992 1500
0.16999411582946777 1500
0.17144203186035156 1500
0.17144203186035156 1500
0.17217302322387695 1500
0.17319202423095703 1500
0.17421889305114746 1500
0.17421889305114746 1500
0.1750030517578125 1500
0.1760110855102539 1500
0.1760110855102539 1500
0.177016019821167 1500
0.17798590660095215 1500
0.1792440414428711 1500
0.1792440414428711 1500
0.18012309074401855 1500
0.18134808540344238 1500
0.1822829246520996 1500
0.1822829246520996 1500
0.183013916015625 1500
0.18403410911560059 1500
0.18403410911560059 1500
0.18535995483398438 1500
0.18617010116577148 1500
0.18717002868652344 1500
0.18717002868652344 1500
0.18827104568481445 1500
0.18927597999572754 1500
0.18927597999572754 1500
0.1903390884399414 1500
0.191087007522583 1500
0.1920609474182129 1500
0.1920609474182129 1500
0.19297099113464355 1500
0.1939249038696289 1500
0.19520306587219238 1500
0.19520306587219238 1500
0.19607090950012207 1500
0.1970529556274414 1500
0.1970529556274414 1500
0.19812798500061035 1500
0.1990950107574463 1500
0.20001506805419922 1500
0.20001506805419922 1500
0.20106196403503418 1500
0.2020859718322754 1500
0.2020859718322754 1500
0.20322394371032715 1500
0.20433902740478516 1500
0.20608806610107422 1500
0.20608806610107422 1500
0.20608806610107422 1500
0.20726895332336426 1500
0.2083590030670166 1500
0.2083590030670166 1500
0.209320068359375 1500
0.21022295951843262 1500
0.21022295951843262 1500
0.21123600006103516 1500
0.21222996711730957 1500
0.21319794654846191 1500
0.21319794654846191 1500
0.2139899730682373 1500
0.21498894691467285 1500
0.21607089042663574 1500
0.21607089042663574 1500
0.2172238826751709 1500
0.21784305572509766 1500
0.21784305572509766 1500
0.2191169261932373 1500
0.21984601020812988 1500
0.22134709358215332 1500
0.22134709358215332 1500
0.2221848964691162 1500
0.2232069969177246 1500
0.2232069969177246 1500
0.2238759994506836 1500
0.22494792938232422 1500
0.2259988784790039 1500
0.22620105743408203 1500
0.22714996337890625 1500
0.228179931640625 1500
0.228179931640625 1500
0.2290339469909668 1500
0.23044109344482422 1500
0.2312450408935547 1500
0.2312450408935547 1500
0.23200106620788574 1500
0.23296499252319336 1500
0.23439502716064453 1500
0.23439502716064453 1500
0.23499703407287598 1500
0.23604202270507812 1500
0.23604202270507812 1500
0.23720598220825195 1500
0.2380359172821045 1500
0.24068403244018555 1500
0.24068403244018555 1500
0.24068403244018555 1500
0.24094700813293457 1500
0.2409660816192627 1500
0.24233603477478027 1500
0.243117094039917 1500
0.2442479133605957 1500
0.2442479133605957 1500
0.24528002738952637 1500
0.24616098403930664 1500
0.24712204933166504 1500
0.24712204933166504 1500
0.2479538917541504 1500
0.24913692474365234 1500
0.24913692474365234 1500
0.25014495849609375 1500
0.2525351047515869 1500
0.2525351047515869 1500
0.2525351047515869 1500
0.2527599334716797 1500
0.25409507751464844 1500
0.25409507751464844 1500
0.25504207611083984 1500
0.25608396530151367 1500
0.2570929527282715 1500
0.2570929527282715 1500
0.25798797607421875 1500
0.2591109275817871 1500
0.26005005836486816 1500
0.26005005836486816 1500
0.2611520290374756 1500
0.26227307319641113 1500
0.26227307319641113 1500
0.26294708251953125 1500
0.2645549774169922 1500
0.26590800285339355 1500
0.26590800285339355 1500
0.2663259506225586 1500
0.26718807220458984 1500
0.26718807220458984 1500
0.2683119773864746 1500
0.26930809020996094 1500
0.26999807357788086 1500
0.26999807357788086 1500
0.27096104621887207 1500
0.272075891494751 1500
0.2733340263366699 1500
0.2733340263366699 1500
0.2740490436553955 1500
0.27509593963623047 1500
0.27509593963623047 1500
0.27642393112182617 1500
0.2770869731903076 1500
0.2783379554748535 1500
0.2783379554748535 1500
0.27904200553894043 1500
0.2800579071044922 1500
0.2800579071044922 1500
0.2810649871826172 1500
0.2820320129394531 1500
0.2831289768218994 1500
0.2831289768218994 1500
0.2841808795928955 1500
0.2849860191345215 1500
0.28743410110473633 1500
0.28743410110473633 1500
0.28743410110473633 1500
0.2882668972015381 1500
0.2882668972015381 1500
0.28975510597229004 1500
0.2902679443359375 1500
0.2910740375518799 1500
0.2910740375518799 1500
0.29196906089782715 1500
0.2930319309234619 1500
0.2930319309234619 1500
0.29410290718078613 1500
0.2952699661254883 1500
0.29598093032836914 1500
0.29598093032836914 1500
0.29856395721435547 1500
0.29856395721435547 1500
0.2996559143066406 1500
0.2996559143066406 1500
0.3002889156341553 1500
0.3011510372161865 1500
0.3011510372161865 1500
0.3019258975982666 1500
0.3036649227142334 1500
0.3042941093444824 1500
0.3042941093444824 1500
0.30504894256591797 1500
0.30598902702331543 1500
0.30598902702331543 1500
0.30701303482055664 1500
0.30800700187683105 1500
0.3090031147003174 1500
0.3090031147003174 1500
0.310183048248291 1500
0.31104087829589844 1500
0.31220197677612305 1500
0.31220197677612305 1500
0.3131411075592041 1500
0.3140420913696289 1500
0.3140420913696289 1500
0.31499791145324707 1500
0.31607890129089355 1500
0.3168940544128418 1500
0.3168940544128418 1500
0.31783294677734375 1500
0.32107996940612793 1500
0.32107996940612793 1500
0.32107996940612793 1500
0.3214900493621826 1500
0.32212400436401367 1500
0.32212400436401367 1500
0.3230469226837158 1500
0.3240189552307129 1500
0.3252708911895752 1500
0.3252708911895752 1500
0.3259859085083008 1500
0.32703709602355957 1500
0.32703709602355957 1500
0.32840895652770996 1500
0.3292710781097412 1500
0.32999300956726074 1500
0.32999300956726074 1500
0.3312220573425293 1500
0.33237504959106445 1500
0.33237504959106445 1500
0.33321690559387207 1500
0.3349459171295166 1500
0.33539295196533203 1500
0.33539295196533203 1500
0.3361330032348633 1500
0.337083101272583 1500
0.3379518985748291 1500
0.3379518985748291 1500
0.33910393714904785 1500
0.34011006355285645 1500
0.34011006355285645 1500
0.3412621021270752 1500
0.34195494651794434 1500
0.3430929183959961 1500
0.3430929183959961 1500
0.3440220355987549 1500
0.34505701065063477 1500
0.34505701065063477 1500
0.34599995613098145 1500
0.3471550941467285 1500
0.347822904586792 1500
0.347822904586792 1500
0.3497591018676758 1500
0.3497591018676758 1500
0.3509840965270996 1500
0.3509840965270996 1500
0.35216689109802246 1500
0.3546168804168701 1500
0.3546168804168701 1500
0.3546168804168701 1500
0.3551490306854248 1500
0.3560318946838379 1500
0.3560318946838379 1500
0.3568150997161865 1500
0.3580911159515381 1500
0.3580911159515381 1500
0.35933995246887207 1500
0.35996294021606445 1500
0.36144590377807617 1500
0.36144590377807617 1500
0.3619070053100586 1500
0.36308908462524414 1500
0.3639869689941406 1500
0.3639869689941406 1500
0.36496710777282715 1500
0.3660280704498291 1500
0.3660280704498291 1500
0.36711907386779785 1500
0.3679499626159668 1500
0.36914896965026855 1500
0.36914896965026855 1500
0.37006092071533203 1500
0.3711240291595459 1500
0.3711240291595459 1500
0.3721809387207031 1500
0.37284398078918457 1500
0.37398409843444824 1500
0.37398409843444824 1500
0.3752119541168213 1500
0.37604403495788574 1500
0.37716197967529297 1500
0.37716197967529297 1500
0.37828803062438965 1500
0.37912797927856445 1500
0.37912797927856445 1500
0.38000988960266113 1500
0.3811368942260742 1500
0.38244199752807617 1500
0.38244199752807617 1500
0.3835570812225342 1500
0.3843050003051758 1500
0.3843050003051758 1500
0.3849649429321289 1500
0.3874080181121826 1500
0.3874080181121826 1500
0.3874080181121826 1500
0.38825201988220215 1500
0.389117956161499 1500
0.389117956161499 1500
0.38995790481567383 1500
0.39099597930908203 1500
0.3927168846130371 1500
0.3927168846130371 1500
0.393078088760376 1500
0.3938939571380615 1500
0.3950049877166748 1500
0.3950049877166748 1500
0.39620399475097656 1500
0.39851903915405273 1500
0.39851903915405273 1500
0.39851903915405273 1500
0.39913296699523926 1500
0.40012502670288086 1500
0.40012502670288086 1500
0.4010939598083496 1500
0.4022040367126465 1500
0.4022040367126465 1500
0.40299510955810547 1500
0.404155969619751 1500
0.4052469730377197 1500
0.4052469730377197 1500
0.4060969352722168 1500
0.40710997581481934 1500
0.4081990718841553 1500
0.4081990718841553 1500
0.40931105613708496 1500
0.40985798835754395 1500
0.40985798835754395 1500
0.4109950065612793 1500
0.4122319221496582 1500
0.41322803497314453 1500
0.41322803497314453 1500
0.414154052734375 1500
0.41536402702331543 1500
0.41536402702331543 1500
0.41593003273010254 1500
0.4169900417327881 1500
0.4180870056152344 1500
0.4180870056152344 1500
0.41915106773376465 1500
0.4200730323791504 1500
0.42112302780151367 1500
0.42112302780151367 1500
0.42220306396484375 1500
0.4232931137084961 1500
0.4232931137084961 1500
0.4244680404663086 1500
0.42522692680358887 1500
0.42619991302490234 1500
0.42619991302490234 1500
0.4270939826965332 1500
0.42795395851135254 1500
0.42795395851135254 1500
0.4292569160461426 1500
0.43000197410583496 1500
0.43152308464050293 1500
0.43152308464050293 1500
0.4323101043701172 1500
0.4332089424133301 1500
0.4340810775756836 1500
0.4340810775756836 1500
0.435060977935791 1500
0.4359409809112549 1500
0.4359409809112549 1500
0.437208890914917 1500
0.4379699230194092 1500
0.43932294845581055 1500
0.43932294845581055 1500
0.44001007080078125 1500
0.4410278797149658 1500
0.4410278797149658 1500
0.44192004203796387 1500
0.44310688972473145 1500
0.44400691986083984 1500
0.44400691986083984 1500
0.4450058937072754 1500
0.44617390632629395 1500
0.4470179080963135 1500
0.4470179080963135 1500
0.4479410648345947 1500
0.44931507110595703 1500
0.44931507110595703 1500
0.44994688034057617 1500
0.4510040283203125 1500
0.4519939422607422 1500
0.4519939422607422 1500
0.45395493507385254 1500
0.45395493507385254 1500
0.45395493507385254 1500
0.45502305030822754 1500
0.4559469223022461 1500
0.45699310302734375 1500
0.45699310302734375 1500
0.4581010341644287 1500
0.45911407470703125 1500
0.4603579044342041 1500
0.4603579044342041 1500
0.4613010883331299 1500
0.4621269702911377 1500
0.4621269702911377 1500
0.46319007873535156 1500
0.464184045791626 1500
0.4652369022369385 1500
0.4652369022369385 1500
0.46616601943969727 1500
0.46697497367858887 1500
0.46697497367858887 1500
0.46824097633361816 1500
0.46923398971557617 1500
0.47023701667785645 1500
0.47023701667785645 1500
0.471113920211792 1500
0.47193193435668945 1500
0.47287607192993164 1500
0.47287607192993164 1500
0.47427988052368164 1500
0.4750659465789795 1500
0.4750659465789795 1500
0.476032018661499 1500
0.47693490982055664 1500
0.4782099723815918 1500
0.4782099723815918 1500
0.4791839122772217 1500
0.48032188415527344 1500
0.48032188415527344 1500
0.4810049533843994 1500
0.48212504386901855 1500
0.4831109046936035 1500
0.4831109046936035 1500
0.4839179515838623 1500
0.48494911193847656 1500
0.48675107955932617 1500
0.48675107955932617 1500
0.48705506324768066 1500
0.4882829189300537 1500
0.4882829189300537 1500
0.4892730712890625 1500
0.490048885345459 1500
0.4913649559020996 1500
0.4913649559020996 1500
0.4923839569091797 1500
0.4939301013946533 1500
0.4939301013946533 1500
0.4939301013946533 1500
0.4951040744781494 1500
0.4959259033203125 1500
0.4959259033203125 1500
0.49695611000061035 1500
0.4980199337005615 1500
0.4990808963775635 1500
0.4990808963775635 1500
0.49991798400878906 1500
0.500952959060669 1500
0.500952959060669 1500
0.5019199848175049 1500
0.503101110458374 1500
0.5038790702819824 1500
0.5038790702819824 1500
