1050000
0.0 1500
1.5020370483398438e-05 1500
0.0008699893951416016 1500
0.002023935317993164 1500
0.002023935317993164 1500
0.002889871597290039 1500
0.004149913787841797 1500
0.004901885986328125 1500
0.004901885986328125 1500
0.005936861038208008 1500
0.007350921630859375 1500
0.007350921630859375 1500
0.008249044418334961 1500
0.008954048156738281 1500
0.01003885269165039 1500
0.01003885269165039 1500
0.011044025421142578 1500
0.012603998184204102 1500
0.012603998184204102 1500
0.012914896011352539 1500
0.013946056365966797 1500
0.01616692543029785 1500
0.01616692543029785 1500
0.016258955001831055 1500
0.017560958862304688 1500
0.018218040466308594 1500
0.018218040466308594 1500
0.019134044647216797 1500
0.02030491828918457 1500
0.02030491828918457 1500
0.021339893341064453 1500
0.022084951400756836 1500
0.023105859756469727 1500
0.023105859756469727 1500
0.024066925048828125 1500
0.025104045867919922 1500
0.025104045867919922 1500
0.026124954223632812 1500
0.026993989944458008 1500
0.028792858123779297 1500
0.028792858123779297 1500
0.02902388572692871 1500
0.030174970626831055 1500
0.0312039852142334 1500
0.0312039852142334 1500
0.03247690200805664 1500
0.034091949462890625 1500
0.034091949462890625 1500
0.034091949462890625 1500
0.0352020263671875 1500
0.03612089157104492 1500
0.03612089157104492 1500
0.03697705268859863 1500
0.03806185722351074 1500
0.03806185722351074 1500
0.039129018783569336 1500
0.03985404968261719 1500
0.040866851806640625 1500
0.040866851806640625 1500
0.04198002815246582 1500
0.04299592971801758 1500
0.04405498504638672 1500
0.04405498504638672 1500
0.04562807083129883 1500
0.04591107368469238 1500
0.04592394828796387 1500
0.047091007232666016 1500
0.048239946365356445 1500
0.049211978912353516 1500
0.049211978912353516 1500
0.05006289482116699 1500
0.050965070724487305 1500
0.050965070724487305 1500
0.052043914794921875 1500
0.05302786827087402 1500
0.05431485176086426 1500
0.05431485176086426 1500
0.055010080337524414 1500
0.05605792999267578 1500
0.0570528507232666 1500
0.0570528507232666 1500
0.058058977127075195 1500
0.05891895294189453 1500
0.05891895294189453 1500
0.06009387969970703 1500
0.061248064041137695 1500
0.062355995178222656 1500
0.062355995178222656 1500
0.06305503845214844 1500
0.06394004821777344 1500
0.06394004821777344 1500
0.06512689590454102 1500
0.06629085540771484 1500
0.0671529769897461 1500
0.0671529769897461 1500
0.06803607940673828 1500
0.06925797462463379 1500
0.07006192207336426 1500
0.07006192207336426 1500
0.07083487510681152 1500
0.07206392288208008 1500
0.07206392288208008 1500
0.07375788688659668 1500
0.07397985458374023 1500
0.07488894462585449 1500
0.07488894462585449 1500
0.07604598999023438 1500
0.07703185081481934 1500
0.07703185081481934 1500
0.07806205749511719 1500
0.0791928768157959 1500
0.08020806312561035 1500
0.08020806312561035 1500
0.08093905448913574 1500
0.08231997489929199 1500
0.08303403854370117 1500
0.08303403854370117 1500
0.08404803276062012 1500
0.08530592918395996 1500
0.08530592918395996 1500
0.08623099327087402 1500
0.08698797225952148 1500
0.0878899097442627 1500
0.0878899097442627 1500
0.08907699584960938 1500
0.0900578498840332 1500
0.0900578498840332 1500
0.09084701538085938 1500
0.09204506874084473 1500
0.09314799308776855 1500
0.09314799308776855 1500
0.09405398368835449 1500
0.09497594833374023 1500
0.09617900848388672 1500
0.09617900848388672 1500
0.09858298301696777 1500
0.09858298301696777 1500
0.09858298301696777 1500
0.09942102432250977 1500
0.1002950668334961 1500
0.10147500038146973 1500
0.10147500038146973 1500
0.1023249626159668 1500
0.10338187217712402 1500
0.10338187217712402 1500
0.10397887229919434 1500
0.1052389144897461 1500
0.1060490608215332 1500
0.1060490608215332 1500
0.10723686218261719 1500
0.10841608047485352 1500
0.10906100273132324 1500
0.10906100273132324 1500
0.1100468635559082 1500
0.11107206344604492 1500
0.11107206344604492 1500
0.11225104331970215 1500
0.11326003074645996 1500
0.11418890953063965 1500
0.11418890953063965 1500
0.11523604393005371 1500
0.11624884605407715 1500
0.11624884605407715 1500
0.11734485626220703 1500
0.11791491508483887 1500
0.11937308311462402 1500
0.11937308311462402 1500
0.12003397941589355 1500
0.1212918758392334 1500
0.12216997146606445 1500
0.12216997146606445 1500
0.12433290481567383 1500
0.12433290481567383 1500
0.12433290481567383 1500
0.1250319480895996 1500
0.12645697593688965 1500
0.12727594375610352 1500
0.12727594375610352 1500
0.12804603576660156 1500
0.1293349266052246 1500
0.1293349266052246 1500
0.13015198707580566 1500
0.13110589981079102 1500
0.1323709487915039 1500
0.1323709487915039 1500
0.13303685188293457 1500
0.13403797149658203 1500
0.13535189628601074 1500
0.13535189628601074 1500
0.136307954788208 1500
0.13685202598571777 1500
0.13685202598571777 1500
0.1382889747619629 1500
0.13924002647399902 1500
0.1399860382080078 1500
0.1399860382080078 1500
0.14105486869812012 1500
0.14203786849975586 1500
0.14203786849975586 1500
0.14329791069030762 1500
0.14422202110290527 1500
0.14490485191345215 1500
0.14490485191345215 1500
0.14623785018920898 1500
0.1469109058380127 1500
0.1483919620513916 1500
0.1483919620513916 1500
0.14957189559936523 1500
0.14989900588989258 1500
0.14989900588989258 1500
0.15105199813842773 1500
0.15250587463378906 1500
0.1534419059753418 1500
0.1534419059753418 1500
0.15424489974975586 1500
0.15489792823791504 1500
0.15489792823791504 1500
0.15604591369628906 1500
0.15691304206848145 1500
0.15836501121520996 1500
0.15836501121520996 1500
0.15916895866394043 1500
0.16043591499328613 1500
0.16099095344543457 1500
0.16099095344543457 1500
0.16295886039733887 1500
0.16295886039733887 1500
0.16295886039733887 1500
0.16399407386779785 1500
0.16505193710327148 1500
0.16610407829284668 1500
0.16610407829284668 1500
0.16703486442565918 1500
0.16812586784362793 1500
0.16812586784362793 1500
0.16890192031860352 1500
0.1700429916381836 1500
0.17119097709655762 1500
0.17119097709655762 1500
0.17203903198242188 1500
0.17306804656982422 1500
0.17415189743041992 1500
0.17415189743041992 1500
0.1752018928527832 1500
0.17612791061401367 1500
0.17612791061401367 1500
0.17689990997314453 1500
0.17812299728393555 1500
0.17895889282226562 1500
0.17895889282226562 1500
0.1803150177001953 1500
0.18129992485046387 1500
0.18129992485046387 1500
0.18214988708496094 1500
0.18285393714904785 1500
0.18405485153198242 1500
0.18424487113952637 1500
0.18592190742492676 1500
0.18592190742492676 1500
0.18592190742492676 1500
0.18700695037841797 1500
0.1882328987121582 1500
0.1888570785522461 1500
0.1888570785522461 1500
0.19005990028381348 1500
0.19104504585266113 1500
0.19210290908813477 1500
0.19210290908813477 1500
0.19318199157714844 1500
0.19405889511108398 1500
0.19405889511108398 1500
0.19528794288635254 1500
0.19613885879516602 1500
0.19685602188110352 1500
0.19685602188110352 1500
0.19815993309020996 1500
0.1994318962097168 1500
0.1994318962097168 1500
0.1999530792236328 1500
0.2026979923248291 1500
0.2026979923248291 1500
0.2026979923248291 1500
0.20293307304382324 1500
0.20495891571044922 1500
0.20495891571044922 1500
0.20495891571044922 1500
0.2065589427947998 1500
0.20719695091247559 1500
0.20719695091247559 1500
0.20815396308898926 1500
0.20921707153320312 1500
0.21013689041137695 1500
0.21013689041137695 1500
0.21104192733764648 1500
0.21200895309448242 1500
0.21200895309448242 1500
0.21371197700500488 1500
0.2139139175415039 1500
0.21588802337646484 1500
0.21588802337646484 1500
0.21588802337646484 1500
0.2169208526611328 1500
0.21830105781555176 1500
0.21830105781555176 1500
0.21924805641174316 1500
0.2201230525970459 1500
0.2201230525970459 1500
0.22105884552001953 1500
0.22211599349975586 1500
0.22331595420837402 1500
0.22331595420837402 1500
0.22417902946472168 1500
0.22494101524353027 1500
0.22494101524353027 1500
0.2260589599609375 1500
0.22790193557739258 1500
0.22790193557739258 1500
0.22790193557739258 1500
0.2291889190673828 1500
0.23010492324829102 1500
0.23131799697875977 1500
0.23131799697875977 1500
0.23204398155212402 1500
0.23308086395263672 1500
0.23308086395263672 1500
0.2340528964996338 1500
0.23505306243896484 1500
0.2362689971923828 1500
0.2362689971923828 1500
0.238023042678833 1500
0.238023042678833 1500
0.238023042678833 1500
0.23916101455688477 1500
0.24002695083618164 1500
0.2411949634552002 1500
0.2411949634552002 1500
0.2420520782470703 1500
0.24318504333496094 1500
0.24402785301208496 1500
0.24402785301208496 1500
0.2452070713043213 1500
0.24623394012451172 1500
0.24623394012451172 1500
0.24703192710876465 1500
0.24790501594543457 1500
0.24936199188232422 1500
0.24936199188232422 1500
0.250169038772583 1500
0.251054048538208 1500
0.251054048538208 1500
0.2530639171600342 1500
0.2550480365753174 1500
0.2550480365753174 1500
0.2550480365753174 1500
0.2550480365753174 1500
0.25624704360961914 1500
0.25710606575012207 1500
0.25710606575012207 1500
0.2580549716949463 1500
0.2592930793762207 1500
0.2592930793762207 1500
0.2601308822631836 1500
0.26093006134033203 1500
0.2622230052947998 1500
0.2622230052947998 1500
0.2633049488067627 1500
0.2644798755645752 1500
0.2644798755645752 1500
0.2653689384460449 1500
0.26611804962158203 1500
0.26833105087280273 1500
0.26833105087280273 1500
0.26833105087280273 1500
0.2689669132232666 1500
0.2698850631713867 1500
0.2698850631713867 1500
0.2712259292602539 1500
0.2720298767089844 1500
0.2720298767089844 1500
0.2729508876800537 1500
0.2745640277862549 1500
0.275068998336792 1500
0.275068998336792 1500
0.2763049602508545 1500
0.2770419120788574 1500
0.2770419120788574 1500
0.27841806411743164 1500
0.2791628837585449 1500
0.28022193908691406 1500
0.28022193908691406 1500
0.2809410095214844 1500
0.2821030616760254 1500
0.2829098701477051 1500
0.2829098701477051 1500
0.2841629981994629 1500
0.2852919101715088 1500
0.2852919101715088 1500
0.28609204292297363 1500
0.28725385665893555 1500
0.2881500720977783 1500
0.2881500720977783 1500
0.2893178462982178 1500
0.290118932723999 1500
0.290118932723999 1500
0.2910299301147461 1500
0.29274797439575195 1500
0.292949914932251 1500
0.292949914932251 1500
0.2946169376373291 1500
0.2950408458709717 1500
0.2960338592529297 1500
0.2960338592529297 1500
0.297199010848999 1500
0.2984340190887451 1500
0.2984340190887451 1500
0.29994702339172363 1500
0.29994702339172363 1500
0.30098986625671387 1500
0.30098986625671387 1500
0.3019099235534668 1500
0.3029470443725586 1500
0.3029470443725586 1500
0.30420899391174316 1500
0.3049788475036621 1500
0.3058938980102539 1500
0.3058938980102539 1500
0.30683207511901855 1500
0.30803394317626953 1500
0.3092930316925049 1500
0.3092930316925049 1500
0.31005001068115234 1500
0.31102705001831055 1500
0.31102705001831055 1500
0.31237006187438965 1500
0.3128340244293213 1500
0.31412291526794434 1500
0.31412291526794434 1500
0.3160860538482666 1500
0.31630897521972656 1500
0.31630897521972656 1500
0.316878080368042 1500
0.3184850215911865 1500
0.3191380500793457 1500
0.3191380500793457 1500
0.3199610710144043 1500
0.32111692428588867 1500
0.32248687744140625 1500
0.32248687744140625 1500
0.32291698455810547 1500
0.3249180316925049 1500
0.3249180316925049 1500
0.32515406608581543 1500
0.32604503631591797 1500
0.32732605934143066 1500
0.32732605934143066 1500
0.32822585105895996 1500
0.32935094833374023 1500
0.32935094833374023 1500
0.3302149772644043 1500
0.33127403259277344 1500
0.33231186866760254 1500
0.33231186866760254 1500
0.3330419063568115 1500
0.33406591415405273 1500
0.33504390716552734 1500
0.33504390716552734 1500
0.33615589141845703 1500
0.3370399475097656 1500
0.3370399475097656 1500
0.3380270004272461 1500
0.33896803855895996 1500
0.3400259017944336 1500
0.3400259017944336 1500
0.34104204177856445 1500
0.342059850692749 1500
0.342059850692749 1500
0.34333086013793945 1500
0.3440818786621094 1500
0.3452720642089844 1500
0.3452720642089844 1500
0.34604597091674805 1500
0.34708690643310547 1500
0.34708690643310547 1500
0.34804391860961914 1500
0.34915900230407715 1500
0.350039005279541 1500
0.3513920307159424 1500
0.3513920307159424 1500
0.3519470691680908 1500
0.35303688049316406 1500
0.35303688049316406 1500
0.35417604446411133 1500
0.3549070358276367 1500
0.3549070358276367 1500
0.35609006881713867 1500
0.3571000099182129 1500
0.35918402671813965 1500
0.35918402671813965 1500
0.35918402671813965 1500
0.36252498626708984 1500
0.36252498626708984 1500
0.36252498626708984 1500
0.36252498626708984 1500
0.36438608169555664 1500
0.36438608169555664 1500
0.36438608169555664 1500
0.36488890647888184 1500
0.3675868511199951 1500
0.3675868511199951 1500
0.3675868511199951 1500
0.3680300712585449 1500
0.3680300712585449 1500
0.36921191215515137 1500
0.37030696868896484 1500
0.3711369037628174 1500
0.3711369037628174 1500
0.3720839023590088 1500
0.37302684783935547 1500
0.37302684783935547 1500
0.3744678497314453 1500
0.37523984909057617 1500
0.3760499954223633 1500
0.3760499954223633 1500
0.3770279884338379 1500
0.3779129981994629 1500
0.37916088104248047 1500
0.37916088104248047 1500
0.3811149597167969 1500
0.381166934967041 1500
0.381166934967041 1500
0.3820669651031494 1500
0.38341808319091797 1500
0.3843729496002197 1500
0.3843729496002197 1500
0.38503098487854004 1500
0.38611292839050293 1500
0.3861808776855469 1500
0.3871190547943115 1500
0.38809800148010254 1500
0.38907790184020996 1500
0.38907790184020996 1500
0.39005208015441895 1500
0.39102602005004883 1500
0.3921499252319336 1500
0.3921499252319336 1500
0.3932230472564697 1500
0.3941199779510498 1500
0.3941199779510498 1500
0.3950788974761963 1500
0.39594388008117676 1500
0.3970000743865967 1500
0.3970000743865967 1500
0.3979759216308594 1500
0.39920902252197266 1500
0.39920902252197266 1500
0.4003269672393799 1500
0.4010188579559326 1500
0.40221095085144043 1500
0.40221095085144043 1500
0.40305399894714355 1500
0.4040830135345459 1500
0.4050259590148926 1500
0.4050259590148926 1500
0.4060039520263672 1500
0.4070420265197754 1500
0.4070420265197754 1500
0.40811896324157715 1500
0.40921688079833984 1500
0.41031503677368164 1500
0.41031503677368164 1500
0.41100096702575684 1500
0.4118640422821045 1500
0.4118640422821045 1500
0.412977933883667 1500
0.4141879081726074 1500
0.4150049686431885 1500
0.4150049686431885 1500
0.4160640239715576 1500
0.4180748462677002 1500
0.41836094856262207 1500
0.41836094856262207 1500
0.4193599224090576 1500
0.420072078704834 1500
0.420072078704834 1500
0.4211130142211914 1500
0.4233269691467285 1500
0.4233269691467285 1500
0.4233269691467285 1500
0.4240849018096924 1500
0.4257688522338867 1500
0.4257688522338867 1500
0.42635488510131836 1500
0.4269099235534668 1500
0.42816996574401855 1500
0.42816996574401855 1500
0.429149866104126 1500
0.43010497093200684 1500
0.43101000785827637 1500
0.43101000785827637 1500
0.43201494216918945 1500
0.4330129623413086 1500
0.4330129623413086 1500
0.4340980052947998 1500
0.4350130558013916 1500
0.43602490425109863 1500
0.43602490425109863 1500
0.4370238780975342 1500
0.43813300132751465 1500
0.43813300132751465 1500
0.4393620491027832 1500
0.4402790069580078 1500
0.4410359859466553 1500
0.4410359859466553 1500
0.44200897216796875 1500
0.4428369998931885 1500
0.4440028667449951 1500
0.4440028667449951 1500
0.445249080657959 1500
0.44617390632629395 1500
0.44617390632629395 1500
0.4485459327697754 1500
0.4485459327697754 1500
0.4490549564361572 1500
0.4490549564361572 1500
0.45041894912719727 1500
0.4513120651245117 1500
0.4513120651245117 1500
0.45205187797546387 1500
0.45302295684814453 1500
0.45424890518188477 1500
0.45424890518188477 1500
0.4550189971923828 1500
0.4558839797973633 1500
0.45725488662719727 1500
0.45725488662719727 1500
0.4581170082092285 1500
0.4600830078125 1500
0.4600830078125 1500
0.4600830078125 1500
0.4609990119934082 1500
0.4621238708496094 1500
0.4621238708496094 1500
0.46304798126220703 1500
0.46422696113586426 1500
0.46422696113586426 1500
0.46576404571533203 1500
0.46583104133605957 1500
0.4673469066619873 1500
0.4673469066619873 1500
0.4682588577270508 1500
0.46916985511779785 1500
0.470289945602417 1500
0.470289945602417 1500
0.47107505798339844 1500
0.4733700752258301 1500
0.47351503372192383 1500
0.47351503372192383 1500
0.47403907775878906 1500
0.4750239849090576 1500
0.4750239849090576 1500
0.4759399890899658 1500
0.47773098945617676 1500
0.47773098945617676 1500
0.47797203063964844 1500
0.4792640209197998 1500
0.48017191886901855 1500
0.48017191886901855 1500
0.48102307319641113 1500
0.48224306106567383 1500
0.4832890033721924 1500
0.4832890033721924 1500
0.4850270748138428 1500
0.4850270748138428 1500
0.4850270748138428 1500
0.4861180782318115 1500
0.4869840145111084 1500
0.4880650043487549 1500
0.4880650043487549 1500
0.48915791511535645 1500
0.4900050163269043 1500
0.4900050163269043 1500
0.49096107482910156 1500
0.49199390411376953 1500
0.4935610294342041 1500
0.4935610294342041 1500
0.4938790798187256 1500
0.49526286125183105 1500
0.49610090255737305 1500
0.49610090255737305 1500
0.4969048500061035 1500
0.4980318546295166 1500
0.4980318546295166 1500
0.499661922454834 1500
0.5003559589385986 1500
0.5010349750518799 1500
0.5010349750518799 1500
0.5022468566894531 1500
0.5030250549316406 1500
0.5030250549316406 1500
0.5042078495025635 1500
