1050000
0.0 1500
0.0010099411010742188 1500
0.0019268989562988281 1500
0.0019268989562988281 1500
0.0028259754180908203 1500
0.0038061141967773438 1500
0.0038061141967773438 1500
0.004887104034423828 1500
0.0057680606842041016 1500
0.006841897964477539 1500
0.006841897964477539 1500
0.008029937744140625 1500
0.010040044784545898 1500
0.010040044784545898 1500
0.010040044784545898 1500
0.010925054550170898 1500
0.012182950973510742 1500
0.012182950973510742 1500
0.01322793960571289 1500
0.013847112655639648 1500
0.014890909194946289 1500
0.014890909194946289 1500
0.015769004821777344 1500
0.01687908172607422 1500
0.01687908172607422 1500
0.017759084701538086 1500
0.01882195472717285 1500
0.01976299285888672 1500
0.01976299285888672 1500
0.020821094512939453 1500
0.02184891700744629 1500
0.02184891700744629 1500
0.022778987884521484 1500
0.023819923400878906 1500
0.0247650146484375 1500
0.0247650146484375 1500
0.02594590187072754 1500
0.026793956756591797 1500
0.02764105796813965 1500
0.02764105796813965 1500
0.02863311767578125 1500
0.02967095375061035 1500
0.02967095375061035 1500
0.030632972717285156 1500
0.03166604042053223 1500
0.03261995315551758 1500
0.03261995315551758 1500
0.03476405143737793 1500
0.03476405143737793 1500
0.03478288650512695 1500
0.03562498092651367 1500
0.036665916442871094 1500
0.03761911392211914 1500
0.03761911392211914 1500
0.03869795799255371 1500
0.03963303565979004 1500
0.040654897689819336 1500
0.040654897689819336 1500
0.04162001609802246 1500
0.04282402992248535 1500
0.04282402992248535 1500
0.04377889633178711 1500
0.04483199119567871 1500
0.045777082443237305 1500
0.045777082443237305 1500
0.0467989444732666 1500
0.04776310920715332 1500
0.04776310920715332 1500
0.04895305633544922 1500
0.05006098747253418 1500
0.05083799362182617 1500
0.05083799362182617 1500
0.0517580509185791 1500
0.05277109146118164 1500
0.05364394187927246 1500
0.05364394187927246 1500
0.054718017578125 1500
0.056442975997924805 1500
0.056442975997924805 1500
0.0566709041595459 1500
0.058670997619628906 1500
0.058670997619628906 1500
0.058670997619628906 1500
0.05964994430541992 1500
0.0605769157409668 1500
0.0605769157409668 1500
0.06187701225280762 1500
0.06263089179992676 1500
0.06389594078063965 1500
0.06389594078063965 1500
0.06476807594299316 1500
0.06584310531616211 1500
0.06678509712219238 1500
0.06678509712219238 1500
0.0678260326385498 1500
0.06876802444458008 1500
0.06876802444458008 1500
0.06980490684509277 1500
0.07078409194946289 1500
0.07248497009277344 1500
0.07248497009277344 1500
0.07264208793640137 1500
0.07396197319030762 1500
0.07396197319030762 1500
0.07459902763366699 1500
0.07580709457397461 1500
0.0767669677734375 1500
0.0767669677734375 1500
0.07786297798156738 1500
0.07876706123352051 1500
0.07986688613891602 1500
0.07986688613891602 1500
0.08070611953735352 1500
0.08165907859802246 1500
0.08165907859802246 1500
0.082672119140625 1500
0.08383393287658691 1500
0.08484101295471191 1500
0.08484101295471191 1500
0.08587908744812012 1500
0.08685088157653809 1500
0.08685088157653809 1500
0.08771395683288574 1500
0.08882498741149902 1500
0.08974790573120117 1500
0.08974790573120117 1500
0.09135603904724121 1500
0.09178400039672852 1500
0.09283089637756348 1500
0.09283089637756348 1500
0.0937650203704834 1500
0.09464192390441895 1500
0.09477496147155762 1500
0.09573602676391602 1500
0.09692907333374023 1500
0.09781599044799805 1500
0.09781599044799805 1500
0.09883689880371094 1500
0.09976410865783691 1500
0.09976410865783691 1500
0.10082101821899414 1500
0.10175800323486328 1500
0.1028740406036377 1500
0.1028740406036377 1500
0.1037590503692627 1500
0.10482192039489746 1500
0.10482192039489746 1500
0.10577011108398438 1500
0.10684609413146973 1500
0.10776710510253906 1500
0.10776710510253906 1500
0.10882210731506348 1500
0.10965204238891602 1500
0.11077404022216797 1500
0.11077404022216797 1500
0.111785888671875 1500
0.11280989646911621 1500
0.11280989646911621 1500
0.11379408836364746 1500
0.11478900909423828 1500
0.1158149242401123 1500
0.1158149242401123 1500
0.11680889129638672 1500
0.11779499053955078 1500
0.11779499053955078 1500
0.11881399154663086 1500
0.1197810173034668 1500
0.1208040714263916 1500
0.1208040714263916 1500
0.12178301811218262 1500
0.1229100227355957 1500
0.12377309799194336 1500
0.12377309799194336 1500
0.1246650218963623 1500
0.12579703330993652 1500
0.12579703330993652 1500
0.12676191329956055 1500
0.12779903411865234 1500
0.12880992889404297 1500
0.12880992889404297 1500
0.12968111038208008 1500
0.13077497482299805 1500
0.13077497482299805 1500
0.13180303573608398 1500
0.13277411460876465 1500
0.13373088836669922 1500
0.13373088836669922 1500
0.13477492332458496 1500
0.13569402694702148 1500
0.1369330883026123 1500
0.1369330883026123 1500
0.1377730369567871 1500
0.13875794410705566 1500
0.13875794410705566 1500
0.13976097106933594 1500
0.14076900482177734 1500
0.14173102378845215 1500
0.14173102378845215 1500
0.1427469253540039 1500
0.14376306533813477 1500
0.14376306533813477 1500
0.14478611946105957 1500
0.14577889442443848 1500
0.14677190780639648 1500
0.14677190780639648 1500
0.14774608612060547 1500
0.14875006675720215 1500
0.14997196197509766 1500
0.14997196197509766 1500
0.1506030559539795 1500
0.15160202980041504 1500
0.15160202980041504 1500
0.15269899368286133 1500
0.15376710891723633 1500
0.15516901016235352 1500
0.15516901016235352 1500
0.15577101707458496 1500
0.15675902366638184 1500
0.15675902366638184 1500
0.15793609619140625 1500
0.15875506401062012 1500
0.15977096557617188 1500
0.15977096557617188 1500
0.16086196899414062 1500
0.16176199913024902 1500
0.1627659797668457 1500
0.1627659797668457 1500
0.16373801231384277 1500
0.16489601135253906 1500
0.16489601135253906 1500
0.16555404663085938 1500
0.16738200187683105 1500
0.16766095161437988 1500
0.16766095161437988 1500
0.16879892349243164 1500
0.16976499557495117 1500
0.16976499557495117 1500
0.17087411880493164 1500
0.1719989776611328 1500
0.17312192916870117 1500
0.17312192916870117 1500
0.17400598526000977 1500
0.17477989196777344 1500
0.1757500171661377 1500
0.1757500171661377 1500
0.17678189277648926 1500
0.17777395248413086 1500
0.17777395248413086 1500
0.17879390716552734 1500
0.17973089218139648 1500
0.18062305450439453 1500
0.18062305450439453 1500
0.18177294731140137 1500
0.18274211883544922 1500
0.18274211883544922 1500
0.1837480068206787 1500
0.18460893630981445 1500
0.1857759952545166 1500
0.1857759952545166 1500
0.18662500381469727 1500
0.18761801719665527 1500
0.1888740062713623 1500
0.1888740062713623 1500
0.18974900245666504 1500
0.19078397750854492 1500
0.19078397750854492 1500
0.1935560703277588 1500
0.1935560703277588 1500
0.19360804557800293 1500
0.19360804557800293 1500
0.19461488723754883 1500
0.1958150863647461 1500
0.1958150863647461 1500
0.19680404663085938 1500
0.19769811630249023 1500
0.1989729404449463 1500
0.1989729404449463 1500
0.19987010955810547 1500
0.2007598876953125 1500
0.20182204246520996 1500
0.20182204246520996 1500
0.2027599811553955 1500
0.20381808280944824 1500
0.20381808280944824 1500
0.20576000213623047 1500
0.20576000213623047 1500
0.20735692977905273 1500
0.20735692977905273 1500
0.20771503448486328 1500
0.20890402793884277 1500
0.20890402793884277 1500
0.2097609043121338 1500
0.2108469009399414 1500
0.21163392066955566 1500
0.21163392066955566 1500
0.2131059169769287 1500
0.21374011039733887 1500
0.21473908424377441 1500
0.21473908424377441 1500
0.2157599925994873 1500
0.21683502197265625 1500
0.21683502197265625 1500
0.21776103973388672 1500
0.21882009506225586 1500
0.2197589874267578 1500
0.2197589874267578 1500
0.22082901000976562 1500
0.22176098823547363 1500
0.22176098823547363 1500
0.2228260040283203 1500
0.2237699031829834 1500
0.2248060703277588 1500
0.2248060703277588 1500
0.2257709503173828 1500
0.22677993774414062 1500
0.22777199745178223 1500
0.22777199745178223 1500
0.22880911827087402 1500
0.22975802421569824 1500
0.22975802421569824 1500
0.23083090782165527 1500
0.2317960262298584 1500
0.2328200340270996 1500
0.2328200340270996 1500
0.23376989364624023 1500
0.2348330020904541 1500
0.2348330020904541 1500
0.23575901985168457 1500
0.2368159294128418 1500
0.2375960350036621 1500
0.2375960350036621 1500
0.23881888389587402 1500
0.23975896835327148 1500
0.24082088470458984 1500
0.24082088470458984 1500
0.2417600154876709 1500
0.2427670955657959 1500
0.2427670955657959 1500
0.24379992485046387 1500
0.24477410316467285 1500
0.24584698677062988 1500
0.24584698677062988 1500
0.24675989151000977 1500
0.24779605865478516 1500
0.24779605865478516 1500
0.2487030029296875 1500
0.249769926071167 1500
0.2507610321044922 1500
0.2507610321044922 1500
0.25191402435302734 1500
0.25292205810546875 1500
0.2537848949432373 1500
0.2537848949432373 1500
0.2547569274902344 1500
0.2558119297027588 1500
0.2558119297027588 1500
0.2567939758300781 1500
0.2579190731048584 1500
0.25879788398742676 1500
0.25879788398742676 1500
0.25978994369506836 1500
0.26078295707702637 1500
0.26078295707702637 1500
0.261883020401001 1500
0.2627549171447754 1500
0.2637960910797119 1500
0.2637960910797119 1500
0.2647829055786133 1500
0.26583003997802734 1500
0.2667829990386963 1500
0.2667829990386963 1500
0.2677760124206543 1500
0.2687809467315674 1500
0.2687809467315674 1500
0.2697920799255371 1500
0.27076196670532227 1500
0.2717909812927246 1500
0.2717909812927246 1500
0.27265095710754395 1500
0.2736508846282959 1500
0.2736508846282959 1500
0.27460408210754395 1500
0.2755858898162842 1500
0.2767159938812256 1500
0.2767159938812256 1500
0.2776219844818115 1500
0.27876996994018555 1500
0.27876996994018555 1500
0.27977895736694336 1500
0.2807788848876953 1500
0.28182291984558105 1500
0.28182291984558105 1500
0.28276705741882324 1500
0.28380489349365234 1500
0.28476905822753906 1500
0.28476905822753906 1500
0.28577494621276855 1500
0.2867701053619385 1500
0.2867701053619385 1500
0.2878000736236572 1500
0.28874897956848145 1500
0.2897810935974121 1500
0.2897810935974121 1500
0.2907719612121582 1500
0.29178595542907715 1500
0.29178595542907715 1500
0.2927370071411133 1500
0.29362988471984863 1500
0.2946150302886963 1500
0.2946150302886963 1500
0.29577207565307617 1500
0.29668211936950684 1500
0.29763197898864746 1500
0.29763197898864746 1500
0.2986149787902832 1500
0.2998230457305908 1500
0.2998230457305908 1500
0.30090808868408203 1500
0.30182409286499023 1500
0.3027839660644531 1500
0.3027839660644531 1500
0.3039710521697998 1500
0.30476808547973633 1500
0.30476808547973633 1500
0.3060779571533203 1500
0.30679988861083984 1500
0.307797908782959 1500
0.307797908782959 1500
0.30882811546325684 1500
0.31004905700683594 1500
0.31080102920532227 1500
0.31080102920532227 1500
0.3119189739227295 1500
0.31334495544433594 1500
0.31334495544433594 1500
0.3137369155883789 1500
0.3149120807647705 1500
0.3158609867095947 1500
0.3158609867095947 1500
0.3170340061187744 1500
0.3177809715270996 1500
0.3177809715270996 1500
0.31898999214172363 1500
0.32138705253601074 1500
0.32138705253601074 1500
0.32138705253601074 1500
0.3219780921936035 1500
0.322767972946167 1500
0.3239760398864746 1500
0.3239760398864746 1500
0.3248269557952881 1500
0.3260691165924072 1500
0.3260691165924072 1500
0.32711195945739746 1500
0.32779598236083984 1500
0.3289909362792969 1500
0.3289909362792969 1500
0.32980799674987793 1500
0.3308908939361572 1500
0.3308908939361572 1500
0.3319680690765381 1500
0.33278894424438477 1500
0.33391308784484863 1500
0.33391308784484863 1500
0.33536410331726074 1500
0.3358900547027588 1500
0.33675289154052734 1500
0.33675289154052734 1500
0.33798909187316895 1500
0.3388960361480713 1500
0.3388960361480713 1500
0.3396339416503906 1500
0.3411109447479248 1500
0.3418009281158447 1500
0.3418009281158447 1500
0.3426361083984375 1500
0.34359097480773926 1500
0.34359097480773926 1500
0.34464097023010254 1500
0.34569811820983887 1500
0.3466169834136963 1500
0.3466169834136963 1500
0.34776997566223145 1500
0.34861302375793457 1500
0.34961605072021484 1500
0.34961605072021484 1500
0.3505880832672119 1500
0.3516418933868408 1500
0.3516418933868408 1500
0.352571964263916 1500
0.35358405113220215 1500
0.35468506813049316 1500
0.35468506813049316 1500
0.3556060791015625 1500
0.3565700054168701 1500
0.3565700054168701 1500
0.3576219081878662 1500
0.35867810249328613 1500
0.35964393615722656 1500
0.35964393615722656 1500
0.36058807373046875 1500
0.36197900772094727 1500
0.3626101016998291 1500
0.3626101016998291 1500
0.36358094215393066 1500
0.3647019863128662 1500
0.3647019863128662 1500
0.36565589904785156 1500
0.3666050434112549 1500
0.3675720691680908 1500
0.3675720691680908 1500
0.3686380386352539 1500
0.3695850372314453 1500
0.3695850372314453 1500
0.3706068992614746 1500
0.3716549873352051 1500
0.3726010322570801 1500
0.3726010322570801 1500
0.37357211112976074 1500
0.37467288970947266 1500
0.3755829334259033 1500
0.3755829334259033 1500
0.3765830993652344 1500
0.37767601013183594 1500
0.37767601013183594 1500
0.37859296798706055 1500
0.3795928955078125 1500
0.3805699348449707 1500
0.3805699348449707 1500
0.3816111087799072 1500
0.3826029300689697 1500
0.3826029300689697 1500
0.3839409351348877 1500
0.38469910621643066 1500
0.3858299255371094 1500
0.3858299255371094 1500
0.3869359493255615 1500
0.38771700859069824 1500
0.3887009620666504 1500
0.3887009620666504 1500
0.38977694511413574 1500
0.39058995246887207 1500
0.39058995246887207 1500
0.3918309211730957 1500
0.3927280902862549 1500
0.3937408924102783 1500
0.3937408924102783 1500
0.3947310447692871 1500
0.39572596549987793 1500
0.39572596549987793 1500
0.39675211906433105 1500
0.3975811004638672 1500
0.3985910415649414 1500
0.3985910415649414 1500
0.39956188201904297 1500
0.40068602561950684 1500
0.4017770290374756 1500
0.4017770290374756 1500
0.40278005599975586 1500
0.4036080837249756 1500
0.4036080837249756 1500
0.4047110080718994 1500
0.40576601028442383 1500
0.4067649841308594 1500
0.4067649841308594 1500
0.40775609016418457 1500
0.40963292121887207 1500
0.40963292121887207 1500
0.40963292121887207 1500
0.41075706481933594 1500
0.4117550849914551 1500
0.4117550849914551 1500
0.41275691986083984 1500
0.4137918949127197 1500
0.4150431156158447 1500
0.4150431156158447 1500
0.41605091094970703 1500
0.4168410301208496 1500
0.4168410301208496 1500
0.41773509979248047 1500
0.4188060760498047 1500
0.4197559356689453 1500
0.4197559356689453 1500
0.42075109481811523 1500
0.4217560291290283 1500
0.4217560291290283 1500
0.4227609634399414 1500
0.4237520694732666 1500
0.4247899055480957 1500
0.4247899055480957 1500
0.4257650375366211 1500
0.42676305770874023 1500
0.42778706550598145 1500
0.42778706550598145 1500
0.42876696586608887 1500
0.4297809600830078 1500
0.4297809600830078 1500
0.4309060573577881 1500
0.4316740036010742 1500
0.4331080913543701 1500
0.4331080913543701 1500
0.4339449405670166 1500
0.43479204177856445 1500
0.43479204177856445 1500
0.4358549118041992 1500
0.4369070529937744 1500
0.43787097930908203 1500
0.43787097930908203 1500
0.43927001953125 1500
0.43976402282714844 1500
0.4407639503479004 1500
0.4407639503479004 1500
0.4417541027069092 1500
0.44275403022766113 1500
0.44275403022766113 1500
0.4437880516052246 1500
0.4447510242462158 1500
0.4457669258117676 1500
0.4457669258117676 1500
0.44676709175109863 1500
0.4477519989013672 1500
0.4477519989013672 1500
0.44876790046691895 1500
0.44976210594177246 1500
0.45075392723083496 1500
0.45075392723083496 1500
0.4517641067504883 1500
0.45276808738708496 1500
0.45276808738708496 1500
0.45373988151550293 1500
0.45463109016418457 1500
0.4556450843811035 1500
0.4556450843811035 1500
0.45689892768859863 1500
0.45778894424438477 1500
0.45891308784484863 1500
0.45891308784484863 1500
0.4596390724182129 1500
0.4606471061706543 1500
0.4606471061706543 1500
0.46176600456237793 1500
0.4629530906677246 1500
0.46376609802246094 1500
0.46376609802246094 1500
0.4647688865661621 1500
0.46587300300598145 1500
0.46587300300598145 1500
0.4667789936065674 1500
0.4678769111633301 1500
0.4687669277191162 1500
0.4687669277191162 1500
0.4697849750518799 1500
0.47071409225463867 1500
0.47178196907043457 1500
0.47178196907043457 1500
0.4727630615234375 1500
0.47377705574035645 1500
0.47377705574035645 1500
0.47455692291259766 1500
0.47567200660705566 1500
0.4766519069671631 1500
0.4766519069671631 1500
0.4775691032409668 1500
0.4786660671234131 1500
0.4786660671234131 1500
0.47959303855895996 1500
0.48069190979003906 1500
0.48168492317199707 1500
0.48168492317199707 1500
0.48276710510253906 1500
0.4835970401763916 1500
0.4846069812774658 1500
0.4846069812774658 1500
0.48580288887023926 1500
0.48674893379211426 1500
0.48674893379211426 1500
0.4877650737762451 1500
0.48877501487731934 1500
0.4897940158843994 1500
0.4897940158843994 1500
0.4905989170074463 1500
0.4917740821838379 1500
0.4917740821838379 1500
0.49281907081604004 1500
0.49376702308654785 1500
0.49478793144226074 1500
0.49478793144226074 1500
0.4960501194000244 1500
0.4968090057373047 1500
0.497805118560791 1500
0.497805118560791 1500
0.49902892112731934 1500
0.4998779296875 1500
0.4998779296875 1500
0.5007679462432861 1500
0.5018970966339111 1500
0.5026419162750244 1500
0.5026419162750244 1500
0.5038108825683594 1500
0.5047531127929688 1500
