1050000
0.0 1500
0.0011048316955566406 1500
0.0011048316955566406 1500
0.002006053924560547 1500
0.003240823745727539 1500
0.003983020782470703 1500
0.003983020782470703 1500
0.005319833755493164 1500
0.0059719085693359375 1500
0.00849604606628418 1500
0.00849604606628418 1500
0.00849604606628418 1500
0.009727001190185547 1500
0.009727001190185547 1500
0.00993800163269043 1500
0.01134800910949707 1500
0.011977910995483398 1500
0.011977910995483398 1500
0.013319969177246094 1500
0.013900041580200195 1500
0.013900041580200195 1500
0.01523900032043457 1500
0.015750885009765625 1500
0.017040014266967773 1500
0.017040014266967773 1500
0.017789840698242188 1500
0.019448041915893555 1500
0.019448041915893555 1500
0.020032882690429688 1500
0.020970821380615234 1500
0.02204298973083496 1500
0.02204298973083496 1500
0.02338385581970215 1500
0.024327993392944336 1500
0.025142908096313477 1500
0.025142908096313477 1500
0.026268959045410156 1500
0.026909828186035156 1500
0.026909828186035156 1500
0.027992963790893555 1500
0.02987504005432129 1500
0.02987504005432129 1500
0.02987504005432129 1500
0.031697988510131836 1500
0.031842947006225586 1500
0.031842947006225586 1500
0.033296823501586914 1500
0.034175872802734375 1500
0.03506803512573242 1500
0.03506803512573242 1500
0.035980939865112305 1500
0.037120819091796875 1500
0.038240909576416016 1500
0.038240909576416016 1500
0.039917945861816406 1500
0.04006791114807129 1500
0.04006791114807129 1500
0.041525840759277344 1500
0.04201197624206543 1500
0.04334092140197754 1500
0.04334092140197754 1500
0.04494905471801758 1500
0.04509592056274414 1500
0.04509592056274414 1500
0.0465550422668457 1500
0.04703497886657715 1500
0.048243045806884766 1500
0.048243045806884766 1500
0.04920387268066406 1500
0.049965858459472656 1500
0.05133199691772461 1500
0.05133199691772461 1500
0.05197501182556152 1500
0.053092002868652344 1500
0.053092002868652344 1500
0.05406594276428223 1500
0.055255889892578125 1500
0.056921958923339844 1500
0.056921958923339844 1500
0.05720186233520508 1500
0.05854082107543945 1500
0.05854082107543945 1500
0.05936884880065918 1500
0.06016802787780762 1500
0.061142921447753906 1500
0.061142921447753906 1500
0.06206488609313965 1500
0.06305789947509766 1500
0.06432294845581055 1500
0.06432294845581055 1500
0.06520986557006836 1500
0.06622195243835449 1500
0.06622195243835449 1500
0.06696891784667969 1500
0.06786990165710449 1500
0.06919288635253906 1500
0.06919288635253906 1500
0.07081985473632812 1500
0.07110404968261719 1500
0.07110404968261719 1500
0.07213282585144043 1500
0.07335901260375977 1500
0.0742490291595459 1500
0.0742490291595459 1500
0.0750589370727539 1500
0.07609987258911133 1500
0.07693600654602051 1500
0.07693600654602051 1500
0.07828283309936523 1500
0.07912302017211914 1500
0.07912302017211914 1500
0.08026885986328125 1500
0.0812079906463623 1500
0.08217000961303711 1500
0.08217000961303711 1500
0.08324790000915527 1500
0.08435893058776855 1500
0.08435893058776855 1500
0.08673286437988281 1500
0.08673286437988281 1500
0.08786296844482422 1500
0.08786296844482422 1500
0.08786296844482422 1500
0.08926582336425781 1500
0.09060382843017578 1500
0.09060382843017578 1500
0.09111905097961426 1500
0.09193801879882812 1500
0.09193801879882812 1500
0.09319901466369629 1500
0.09475588798522949 1500
0.0964968204498291 1500
0.0964968204498291 1500
0.0964968204498291 1500
0.09791398048400879 1500
0.09791398048400879 1500
0.0984649658203125 1500
0.09911394119262695 1500
0.10036587715148926 1500
0.10036587715148926 1500
0.10118484497070312 1500
0.10173201560974121 1500
0.10347700119018555 1500
0.10347700119018555 1500
0.10394501686096191 1500
0.10496401786804199 1500
0.10496401786804199 1500
0.10719704627990723 1500
0.10719704627990723 1500
0.1087038516998291 1500
0.1087038516998291 1500
0.10895991325378418 1500
0.11044883728027344 1500
0.11044883728027344 1500
0.11109304428100586 1500
0.1124269962310791 1500
0.11293196678161621 1500
0.11293196678161621 1500
0.11442685127258301 1500
0.11517000198364258 1500
0.11605501174926758 1500
0.11605501174926758 1500
0.11710882186889648 1500
0.11793684959411621 1500
0.11793684959411621 1500
0.11911201477050781 1500
0.1201179027557373 1500
0.12112903594970703 1500
0.12112903594970703 1500
0.12224888801574707 1500
0.12328004837036133 1500
0.12328004837036133 1500
0.12395596504211426 1500
0.1252918243408203 1500
0.12636685371398926 1500
0.12636685371398926 1500
0.12716102600097656 1500
0.12817597389221191 1500
0.12893986701965332 1500
0.12893986701965332 1500
0.13034892082214355 1500
0.13110995292663574 1500
0.13110995292663574 1500
0.13220787048339844 1500
0.13293886184692383 1500
0.13419604301452637 1500
0.13419604301452637 1500
0.13495302200317383 1500
0.13676691055297852 1500
0.13676691055297852 1500
0.13676691055297852 1500
0.13795804977416992 1500
0.1391289234161377 1500
0.1391289234161377 1500
0.14046502113342285 1500
0.14100885391235352 1500
0.1422719955444336 1500
0.1422719955444336 1500
0.14313483238220215 1500
0.14419198036193848 1500
0.14419198036193848 1500
0.14494705200195312 1500
0.14663386344909668 1500
0.14674901962280273 1500
0.14674901962280273 1500
0.14933085441589355 1500
0.14933085441589355 1500
0.14933085441589355 1500
0.15184688568115234 1500
0.15184688568115234 1500
0.15255093574523926 1500
0.15255093574523926 1500
0.15317988395690918 1500
0.15404796600341797 1500
0.15475893020629883 1500
0.15475893020629883 1500
0.15643882751464844 1500
0.15764284133911133 1500
0.15764284133911133 1500
0.15988492965698242 1500
0.15988492965698242 1500
0.1601428985595703 1500
0.1601428985595703 1500
0.16167593002319336 1500
0.1619260311126709 1500
0.1619260311126709 1500
0.16363191604614258 1500
0.16437888145446777 1500
0.16497588157653809 1500
0.16497588157653809 1500
0.16590595245361328 1500
0.16693997383117676 1500
0.16991591453552246 1500
0.16991591453552246 1500
0.16991591453552246 1500
0.17053484916687012 1500
0.1709909439086914 1500
0.1709909439086914 1500
0.1723320484161377 1500
0.17296290397644043 1500
0.17296290397644043 1500
0.17435383796691895 1500
0.17496395111083984 1500
0.17633485794067383 1500
0.17633485794067383 1500
0.1772308349609375 1500
0.17843294143676758 1500
0.17843294143676758 1500
0.1793358325958252 1500
0.18014287948608398 1500
0.18134093284606934 1500
0.18134093284606934 1500
0.18222594261169434 1500
0.18320798873901367 1500
0.18444299697875977 1500
0.18444299697875977 1500
0.1849210262298584 1500
0.18614482879638672 1500
0.18614482879638672 1500
0.18739104270935059 1500
0.18788695335388184 1500
0.18949198722839355 1500
0.18949198722839355 1500
0.1901078224182129 1500
0.19098401069641113 1500
0.19098401069641113 1500
0.19199705123901367 1500
0.19314289093017578 1500
0.19415593147277832 1500
0.19415593147277832 1500
0.19501900672912598 1500
0.1964249610900879 1500
0.1964249610900879 1500
0.19732284545898438 1500
0.19847798347473145 1500
0.19921588897705078 1500
0.19921588897705078 1500
0.2003178596496582 1500
0.20083284378051758 1500
0.20186996459960938 1500
0.20186996459960938 1500
0.2031698226928711 1500
0.20381784439086914 1500
0.20381784439086914 1500
0.20539188385009766 1500
0.20599102973937988 1500
0.2068479061126709 1500
0.2068479061126709 1500
0.2082200050354004 1500
0.20912384986877441 1500
0.20912384986877441 1500
0.20992588996887207 1500
0.21100401878356934 1500
0.2119128704071045 1500
0.2119128704071045 1500
0.21280884742736816 1500
0.21491289138793945 1500
0.21491289138793945 1500
0.21491289138793945 1500
0.216264009475708 1500
0.21697998046875 1500
0.21700191497802734 1500
0.21798300743103027 1500
0.2190399169921875 1500
0.2199690341949463 1500
0.2199690341949463 1500
0.22092604637145996 1500
0.22236084938049316 1500
0.22236084938049316 1500
0.2227790355682373 1500
0.22408199310302734 1500
0.22484493255615234 1500
0.22484493255615234 1500
0.2266700267791748 1500
0.22709894180297852 1500
0.22835493087768555 1500
0.22835493087768555 1500
0.22899484634399414 1500
0.22999000549316406 1500
0.22999000549316406 1500
0.23092198371887207 1500
0.23222088813781738 1500
0.23287582397460938 1500
0.23287582397460938 1500
0.23436999320983887 1500
0.23521900177001953 1500
0.23521900177001953 1500
0.23750901222229004 1500
0.23750901222229004 1500
0.23866486549377441 1500
0.23866486549377441 1500
0.23939299583435059 1500
0.23997187614440918 1500
0.24116086959838867 1500
0.24116086959838867 1500
0.24200987815856934 1500
0.24328398704528809 1500
0.24328398704528809 1500
0.24418902397155762 1500
0.24528002738952637 1500
0.2459268569946289 1500
0.2459268569946289 1500
0.24721884727478027 1500
0.24834299087524414 1500
0.24834299087524414 1500
0.24921798706054688 1500
0.24995803833007812 1500
0.2510519027709961 1500
0.2510519027709961 1500
0.25201988220214844 1500
0.25297093391418457 1500
0.25422191619873047 1500
0.25422191619873047 1500
0.2551448345184326 1500
0.25596094131469727 1500
0.25596094131469727 1500
0.2572638988494873 1500
0.2581648826599121 1500
0.2589240074157715 1500
0.2589240074157715 1500
0.25997495651245117 1500
0.26111292839050293 1500
0.26111292839050293 1500
0.26193690299987793 1500
0.2631819248199463 1500
0.26419997215270996 1500
0.26419997215270996 1500
0.26539087295532227 1500
0.26619601249694824 1500
0.26697802543640137 1500
0.26697802543640137 1500
0.2681088447570801 1500
0.26931285858154297 1500
0.26931285858154297 1500
0.26996493339538574 1500
0.2711019515991211 1500
0.2727689743041992 1500
0.2727689743041992 1500
0.27333498001098633 1500
0.27425503730773926 1500
0.27425503730773926 1500
0.2753329277038574 1500
0.27638888359069824 1500
0.2774658203125 1500
0.2774658203125 1500
0.27787089347839355 1500
0.27930188179016113 1500
0.28012585639953613 1500
0.28012585639953613 1500
0.2807178497314453 1500
0.2819819450378418 1500
0.2819819450378418 1500
0.28287792205810547 1500
0.2839689254760742 1500
0.28522801399230957 1500
0.28522801399230957 1500
0.2860288619995117 1500
0.28686094284057617 1500
0.28686094284057617 1500
0.28812384605407715 1500
0.28899192810058594 1500
0.2900810241699219 1500
0.2900810241699219 1500
0.29096388816833496 1500
0.29180192947387695 1500
0.2928619384765625 1500
0.2928619384765625 1500
0.29398083686828613 1500
0.29506802558898926 1500
0.29506802558898926 1500
0.29581403732299805 1500
0.2969059944152832 1500
0.29782986640930176 1500
0.29789304733276367 1500
0.29880785942077637 1500
0.3013429641723633 1500
0.3013429641723633 1500
0.3013429641723633 1500
0.30194997787475586 1500
0.30298900604248047 1500
0.30298900604248047 1500
0.304196834564209 1500
0.30521583557128906 1500
0.30591702461242676 1500
0.30591702461242676 1500
0.30712199211120605 1500
0.3083009719848633 1500
0.3083009719848633 1500
0.30896997451782227 1500
0.30993199348449707 1500
0.3115348815917969 1500
0.3115348815917969 1500
0.3118770122528076 1500
0.31319403648376465 1500
0.31319403648376465 1500
0.3142080307006836 1500
0.3150348663330078 1500
0.31591105461120605 1500
0.31591105461120605 1500
0.3178980350494385 1500
0.3178980350494385 1500
0.3191390037536621 1500
0.3191390037536621 1500
0.32013583183288574 1500
0.3232460021972656 1500
0.3232460021972656 1500
0.3232460021972656 1500
0.3235139846801758 1500
0.3241279125213623 1500
0.3241279125213623 1500
0.32526493072509766 1500
0.3259389400482178 1500
0.3259389400482178 1500
0.32708096504211426 1500
0.32788586616516113 1500
0.3292379379272461 1500
0.3292379379272461 1500
0.32996392250061035 1500
0.33097290992736816 1500
0.33214902877807617 1500
0.33214902877807617 1500
0.3338449001312256 1500
0.33420801162719727 1500
0.33420801162719727 1500
0.33507394790649414 1500
0.33594298362731934 1500
0.33696794509887695 1500
0.33696794509887695 1500
0.3379628658294678 1500
0.3390519618988037 1500
0.3390519618988037 1500
0.33993101119995117 1500
0.3410048484802246 1500
0.342149019241333 1500
0.342149019241333 1500
0.3432438373565674 1500
0.34413695335388184 1500
0.34528183937072754 1500
0.34528183937072754 1500
0.3459739685058594 1500
0.3471260070800781 1500
0.3471260070800781 1500
0.3483269214630127 1500
0.3491380214691162 1500
0.3500509262084961 1500
0.3500509262084961 1500
0.35126304626464844 1500
0.3519468307495117 1500
0.3519468307495117 1500
0.3530900478363037 1500
0.35401487350463867 1500
0.3549668788909912 1500
0.3549668788909912 1500
0.3563249111175537 1500
0.35701799392700195 1500
0.35701799392700195 1500
0.3578159809112549 1500
0.35945892333984375 1500
0.35997700691223145 1500
0.35997700691223145 1500
0.36119699478149414 1500
0.3622908592224121 1500
0.3632659912109375 1500
0.3632659912109375 1500
0.3643519878387451 1500
0.36510801315307617 1500
0.36510801315307617 1500
0.3662078380584717 1500
0.36798095703125 1500
0.36798095703125 1500
0.36798095703125 1500
0.3691070079803467 1500
0.3699338436126709 1500
0.3699338436126709 1500
0.37109899520874023 1500
0.37212491035461426 1500
0.3729579448699951 1500
0.3729579448699951 1500
0.3739619255065918 1500
0.37494587898254395 1500
0.37609004974365234 1500
0.37609004974365234 1500
0.37735795974731445 1500
0.3779468536376953 1500
0.3779468536376953 1500
0.37911486625671387 1500
0.3799710273742676 1500
0.38097500801086426 1500
0.38097500801086426 1500
0.38194799423217773 1500
0.38320088386535645 1500
0.38320088386535645 1500
0.3842020034790039 1500
0.38538289070129395 1500
0.38625597953796387 1500
0.38625597953796387 1500
0.3869960308074951 1500
0.388638973236084 1500
0.39103102684020996 1500
0.39103102684020996 1500
0.39103102684020996 1500
0.39103102684020996 1500
0.39103102684020996 1500
0.3926520347595215 1500
0.39337682723999023 1500
0.39397597312927246 1500
0.39397597312927246 1500
0.39524197578430176 1500
0.3960390090942383 1500
0.3960390090942383 1500
0.396953821182251 1500
0.3979489803314209 1500
0.39927196502685547 1500
0.39927196502685547 1500
0.40166401863098145 1500
0.40166401863098145 1500
0.40230798721313477 1500
0.40230798721313477 1500
0.40306591987609863 1500
0.40384483337402344 1500
0.40395402908325195 1500
0.4050459861755371 1500
0.4067978858947754 1500
0.40715789794921875 1500
0.40715789794921875 1500
0.40835094451904297 1500
0.4089779853820801 1500
0.4089779853820801 1500
0.41027092933654785 1500
0.4119548797607422 1500
0.4119548797607422 1500
0.4119548797607422 1500
0.4137279987335205 1500
0.4139409065246582 1500
0.4149439334869385 1500
0.4149439334869385 1500
0.4159219264984131 1500
0.4172029495239258 1500
0.4172029495239258 1500
0.418928861618042 1500
0.418928861618042 1500
0.42032504081726074 1500
0.42032504081726074 1500
0.4209408760070801 1500
0.42227602005004883 1500
0.42227602005004883 1500
0.4232330322265625 1500
0.42394304275512695 1500
0.42511487007141113 1500
0.42511487007141113 1500
0.4262399673461914 1500
0.42821192741394043 1500
0.42821192741394043 1500
0.42821192741394043 1500
0.42914891242980957 1500
0.4303100109100342 1500
0.4303100109100342 1500
0.43125295639038086 1500
0.4321589469909668 1500
0.43329691886901855 1500
0.43329691886901855 1500
0.4340970516204834 1500
0.4348118305206299 1500
0.4348118305206299 1500
0.4357929229736328 1500
0.4371058940887451 1500
0.4387218952178955 1500
0.4387218952178955 1500
0.43879199028015137 1500
0.43997788429260254 1500
0.44118785858154297 1500
0.44118785858154297 1500
0.44313693046569824 1500
0.44313693046569824 1500
0.44313693046569824 1500
0.444551944732666 1500
0.4448070526123047 1500
0.4462099075317383 1500
0.4462099075317383 1500
0.4469289779663086 1500
0.4480929374694824 1500
0.4480929374694824 1500
0.4492759704589844 1500
0.45037102699279785 1500
0.45093393325805664 1500
0.45093393325805664 1500
0.45441699028015137 1500
0.45441699028015137 1500
0.45441699028015137 1500
0.45441699028015137 1500
0.4555799961090088 1500
0.45618700981140137 1500
0.45618700981140137 1500
0.4573378562927246 1500
0.45822787284851074 1500
0.45925283432006836 1500
0.45925283432006836 1500
0.4601578712463379 1500
0.46130990982055664 1500
0.46130990982055664 1500
0.46241283416748047 1500
0.4633059501647949 1500
0.4641299247741699 1500
0.4641299247741699 1500
0.4651498794555664 1500
0.4660308361053467 1500
0.4673919677734375 1500
0.4673919677734375 1500
0.46820783615112305 1500
0.46906590461730957 1500
0.46906590461730957 1500
0.47032594680786133 1500
0.47194695472717285 1500
0.47194695472717285 1500
0.47194695472717285 1500
0.47351503372192383 1500
0.4741649627685547 1500
0.4741649627685547 1500
0.47510194778442383 1500
0.47624683380126953 1500
0.47722291946411133 1500
0.47722291946411133 1500
0.4782090187072754 1500
0.47934889793395996 1500
0.4800739288330078 1500
0.4800739288330078 1500
0.4810519218444824 1500
0.4818909168243408 1500
0.4818909168243408 1500
0.48310184478759766 1500
0.484285831451416 1500
0.4849839210510254 1500
0.4849839210510254 1500
0.4859340190887451 1500
0.4872128963470459 1500
0.4872128963470459 1500
0.4882678985595703 1500
0.489332914352417 1500
0.49016284942626953 1500
0.49016284942626953 1500
0.49121904373168945 1500
0.49195289611816406 1500
0.49303603172302246 1500
0.49303603172302246 1500
0.4939908981323242 1500
0.495650053024292 1500
0.495650053024292 1500
0.4958310127258301 1500
0.497607946395874 1500
0.4979569911956787 1500
0.4979569911956787 1500
0.49927401542663574 1500
0.5000338554382324 1500
0.5000338554382324 1500
0.5014498233795166 1500
0.5021748542785645 1500
0.503403902053833 1500
0.503403902053833 1500
0.5037209987640381 1500
0.5068800449371338 1500
