1050000
0.0 1500
0.0010259151458740234 1500
0.0018780231475830078 1500
0.0018780231475830078 1500
0.002897024154663086 1500
0.00391387939453125 1500
0.004806995391845703 1500
0.004806995391845703 1500
0.005997896194458008 1500
0.00698399543762207 1500
0.008091926574707031 1500
0.008091926574707031 1500
0.009137868881225586 1500
0.009943962097167969 1500
0.009943962097167969 1500
0.010983943939208984 1500
0.011802911758422852 1500
0.01279902458190918 1500
0.01279902458190918 1500
0.01423788070678711 1500
0.014811038970947266 1500
0.014811038970947266 1500
0.0157470703125 1500
0.016722917556762695 1500
0.017598867416381836 1500
0.017598867416381836 1500
0.018616914749145508 1500
0.019761085510253906 1500
0.019761085510253906 1500
0.021265029907226562 1500
0.021847963333129883 1500
0.022816896438598633 1500
0.022816896438598633 1500
0.02379298210144043 1500
0.025054931640625 1500
0.025848865509033203 1500
0.025848865509033203 1500
0.02695608139038086 1500
0.027987957000732422 1500
0.027987957000732422 1500
0.029001951217651367 1500
0.029742002487182617 1500
0.030745983123779297 1500
0.030745983123779297 1500
0.0318450927734375 1500
0.03279590606689453 1500
0.03279590606689453 1500
0.03399801254272461 1500
0.03478503227233887 1500
0.03586292266845703 1500
0.03586292266845703 1500
0.036952972412109375 1500
0.037744998931884766 1500
0.03882002830505371 1500
0.03882002830505371 1500
0.03976607322692871 1500
0.04094696044921875 1500
0.04094696044921875 1500
0.04184103012084961 1500
0.04284787178039551 1500
0.043788909912109375 1500
0.043788909912109375 1500
0.0447850227355957 1500
0.04552507400512695 1500
0.04552507400512695 1500
0.04694390296936035 1500
0.047781944274902344 1500
0.04901409149169922 1500
0.04901409149169922 1500
0.0498199462890625 1500
0.05094099044799805 1500
0.05178499221801758 1500
0.05178499221801758 1500
0.052815914154052734 1500
0.053830862045288086 1500
0.053830862045288086 1500
0.055021047592163086 1500
0.05598092079162598 1500
0.05721306800842285 1500
0.05721306800842285 1500
0.05796408653259277 1500
0.05876588821411133 1500
0.05876588821411133 1500
0.05993986129760742 1500
0.060827016830444336 1500
0.06163907051086426 1500
0.06163907051086426 1500
0.0628659725189209 1500
0.06357002258300781 1500
0.06468605995178223 1500
0.06468605995178223 1500
0.06562304496765137 1500
0.06736087799072266 1500
0.06736087799072266 1500
0.06751799583435059 1500
0.06889891624450684 1500
0.0701439380645752 1500
0.0701439380645752 1500
0.07081794738769531 1500
0.07193207740783691 1500
0.07193207740783691 1500
0.07303404808044434 1500
0.07384204864501953 1500
0.07504892349243164 1500
0.07504892349243164 1500
0.07574200630187988 1500
0.07695508003234863 1500
0.07781600952148438 1500
0.07781600952148438 1500
0.07924604415893555 1500
0.07979488372802734 1500
0.07979488372802734 1500
0.08072590827941895 1500
0.08195304870605469 1500
0.08283185958862305 1500
0.08283185958862305 1500
0.08380794525146484 1500
0.08472704887390137 1500
0.08472704887390137 1500
0.08590292930603027 1500
0.08673095703125 1500
0.08781599998474121 1500
0.08781599998474121 1500
0.08898591995239258 1500
0.09013891220092773 1500
0.09090995788574219 1500
0.09090995788574219 1500
0.0917360782623291 1500
0.09303593635559082 1500
0.09303593635559082 1500
0.09376692771911621 1500
0.09507608413696289 1500
0.09580206871032715 1500
0.09580206871032715 1500
0.09688591957092285 1500
0.09782004356384277 1500
0.09782004356384277 1500
0.09885191917419434 1500
0.09987497329711914 1500
0.1007230281829834 1500
0.1007230281829834 1500
0.1018209457397461 1500
0.10288691520690918 1500
0.10373997688293457 1500
0.10373997688293457 1500
0.10477900505065918 1500
0.10580587387084961 1500
0.10580587387084961 1500
0.10683202743530273 1500
0.10794186592102051 1500
0.10891890525817871 1500
0.10891890525817871 1500
0.10997891426086426 1500
0.11092901229858398 1500
0.11092901229858398 1500
0.11220002174377441 1500
0.11281800270080566 1500
0.11385798454284668 1500
0.11385798454284668 1500
0.11480498313903809 1500
0.11596798896789551 1500
0.11698007583618164 1500
0.11698007583618164 1500
0.11783289909362793 1500
0.11881399154663086 1500
0.11881399154663086 1500
0.11988496780395508 1500
0.12079000473022461 1500
0.12180304527282715 1500
0.12180304527282715 1500
0.12273693084716797 1500
0.12403392791748047 1500
0.12403392791748047 1500
0.12499690055847168 1500
0.12573504447937012 1500
0.12668204307556152 1500
0.12668204307556152 1500
0.12767291069030762 1500
0.12881207466125488 1500
0.12962889671325684 1500
0.12962889671325684 1500
0.13066887855529785 1500
0.13158106803894043 1500
0.13158106803894043 1500
0.13267207145690918 1500
0.13388991355895996 1500
0.13489794731140137 1500
0.13489794731140137 1500
0.13590288162231445 1500
0.13670086860656738 1500
0.13670086860656738 1500
0.13766908645629883 1500
0.13872504234313965 1500
0.13972687721252441 1500
0.13972687721252441 1500
0.14079809188842773 1500
0.14171099662780762 1500
0.1426529884338379 1500
0.1426529884338379 1500
0.14382004737854004 1500
0.1446828842163086 1500
0.1446828842163086 1500
0.1456460952758789 1500
0.14665508270263672 1500
0.14768600463867188 1500
0.14768600463867188 1500
0.14878106117248535 1500
0.14977002143859863 1500
0.14977002143859863 1500
0.15059399604797363 1500
0.15164709091186523 1500
0.15266704559326172 1500
0.15266704559326172 1500
0.15413808822631836 1500
0.15468287467956543 1500
0.15585589408874512 1500
0.15585589408874512 1500
0.15674495697021484 1500
0.15846800804138184 1500
0.15846800804138184 1500
0.15856194496154785 1500
0.16034197807312012 1500
0.160736083984375 1500
0.160736083984375 1500
0.16195106506347656 1500
0.16282987594604492 1500
0.16282987594604492 1500
0.16381502151489258 1500
0.16484904289245605 1500
0.16583704948425293 1500
0.16583704948425293 1500
0.16689801216125488 1500
0.16782093048095703 1500
0.1688849925994873 1500
0.1688849925994873 1500
0.17006707191467285 1500
0.17100286483764648 1500
0.17100286483764648 1500
0.17179608345031738 1500
0.17281198501586914 1500
0.17402100563049316 1500
0.17402100563049316 1500
0.1747908592224121 1500
0.1758570671081543 1500
0.1758570671081543 1500
0.17688393592834473 1500
0.17800593376159668 1500
0.1788780689239502 1500
0.1788780689239502 1500
0.1798560619354248 1500
0.18081402778625488 1500
0.18193602561950684 1500
0.18193602561950684 1500
0.1828000545501709 1500
0.18385004997253418 1500
0.18385004997253418 1500
0.18481707572937012 1500
0.18594908714294434 1500
0.18659591674804688 1500
0.18668007850646973 1500
0.1880629062652588 1500
0.18852996826171875 1500
0.18855595588684082 1500
0.1897270679473877 1500
0.19082403182983398 1500
0.19166302680969238 1500
0.191680908203125 1500
0.19259285926818848 1500
0.1935560703277588 1500
0.19476985931396484 1500
0.19482088088989258 1500
0.19568395614624023 1500
0.19659686088562012 1500
0.19659686088562012 1500
0.1975879669189453 1500
0.19853997230529785 1500
0.19988799095153809 1500
0.19988799095153809 1500
0.200577974319458 1500
0.20158600807189941 1500
0.20158600807189941 1500
0.20265507698059082 1500
0.20370006561279297 1500
0.20474600791931152 1500
0.20474600791931152 1500
0.2055530548095703 1500
0.20681190490722656 1500
0.20753192901611328 1500
0.20753192901611328 1500
0.20881199836730957 1500
0.2096259593963623 1500
0.2096259593963623 1500
0.21060585975646973 1500
0.21231889724731445 1500
0.2136518955230713 1500
0.2136518955230713 1500
0.2136518955230713 1500
0.21531891822814941 1500
0.21531891822814941 1500
0.21633696556091309 1500
0.21690797805786133 1500
0.21763300895690918 1500
0.21763300895690918 1500
0.21866297721862793 1500
0.21999287605285645 1500
0.22101807594299316 1500
0.22101807594299316 1500
0.2218000888824463 1500
0.22294092178344727 1500
0.22294092178344727 1500
0.2240278720855713 1500
0.22475695610046387 1500
0.22577595710754395 1500
0.22577595710754395 1500
0.22680401802062988 1500
0.2277688980102539 1500
0.2277688980102539 1500
0.22882390022277832 1500
0.22976398468017578 1500
0.23077797889709473 1500
0.23077797889709473 1500
0.23181986808776855 1500
0.23263907432556152 1500
0.2337040901184082 1500
0.2337040901184082 1500
0.23476791381835938 1500
0.23563098907470703 1500
0.23563098907470703 1500
0.2366480827331543 1500
0.23768901824951172 1500
0.23926806449890137 1500
0.23926806449890137 1500
0.23980188369750977 1500
0.24062705039978027 1500
0.24062705039978027 1500
0.24166107177734375 1500
0.2427818775177002 1500
0.2439429759979248 1500
0.2439429759979248 1500
0.24484801292419434 1500
0.24570894241333008 1500
0.2471170425415039 1500
0.2471170425415039 1500
0.24786901473999023 1500
0.24899697303771973 1500
0.24899697303771973 1500
0.24972295761108398 1500
0.25081801414489746 1500
0.25194597244262695 1500
0.25194597244262695 1500
0.25283098220825195 1500
0.253680944442749 1500
0.253680944442749 1500
0.2547140121459961 1500
0.2557239532470703 1500
0.2570319175720215 1500
0.2570319175720215 1500
0.25793886184692383 1500
0.25876688957214355 1500
0.25876688957214355 1500
0.2600710391998291 1500
0.26154303550720215 1500
0.26213598251342773 1500
0.26213598251342773 1500
0.2629730701446533 1500
0.26412296295166016 1500
0.2650020122528076 1500
0.2650020122528076 1500
0.26578187942504883 1500
0.2669029235839844 1500
0.2669029235839844 1500
0.2678239345550537 1500
0.2690150737762451 1500
0.2699310779571533 1500
0.2699310779571533 1500
0.27069807052612305 1500
0.272022008895874 1500
0.272022008895874 1500
0.2727010250091553 1500
0.2737009525299072 1500
0.27499890327453613 1500
0.27499890327453613 1500
0.2758309841156006 1500
0.27674102783203125 1500
0.2779228687286377 1500
0.2779228687286377 1500
0.2788519859313965 1500
0.27985692024230957 1500
0.27985692024230957 1500
0.28061795234680176 1500
0.28203892707824707 1500
0.28287506103515625 1500
0.28287506103515625 1500
0.283984899520874 1500
0.2848389148712158 1500
0.2848389148712158 1500
0.28580403327941895 1500
0.28699207305908203 1500
0.2878150939941406 1500
0.2878150939941406 1500
0.28879690170288086 1500
0.2898740768432617 1500
0.29087400436401367 1500
0.29087400436401367 1500
0.29178690910339355 1500
0.2928738594055176 1500
0.2928738594055176 1500
0.29388999938964844 1500
0.294705867767334 1500
0.29601001739501953 1500
0.29601001739501953 1500
0.29693007469177246 1500
0.2981150150299072 1500
0.2981150150299072 1500
0.29892396926879883 1500
0.2998530864715576 1500
0.3007380962371826 1500
0.3007380962371826 1500
0.3017759323120117 1500
0.30280590057373047 1500
0.3039429187774658 1500
0.3039429187774658 1500
0.30478501319885254 1500
0.3057570457458496 1500
0.3057570457458496 1500
0.3066999912261963 1500
0.30809807777404785 1500
0.3088960647583008 1500
0.3088960647583008 1500
0.3100578784942627 1500
0.31082987785339355 1500
0.31082987785339355 1500
0.31168603897094727 1500
0.31289196014404297 1500
0.3139009475708008 1500
0.3139009475708008 1500
0.3149089813232422 1500
0.3158378601074219 1500
0.3167300224304199 1500
0.3167300224304199 1500
0.3177969455718994 1500
0.31891798973083496 1500
0.31891798973083496 1500
0.3199739456176758 1500
0.3211519718170166 1500
0.3218400478363037 1500
0.3218400478363037 1500
0.3227729797363281 1500
0.32379698753356934 1500
0.32379698753356934 1500
0.3248610496520996 1500
0.32571887969970703 1500
0.32686901092529297 1500
0.32686901092529297 1500
0.32796597480773926 1500
0.3288300037384033 1500
0.3298220634460449 1500
0.3298220634460449 1500
0.3321549892425537 1500
0.3321549892425537 1500
0.3321549892425537 1500
0.33292102813720703 1500
0.33406496047973633 1500
0.3348710536956787 1500
0.3348710536956787 1500
0.33585691452026367 1500
0.336871862411499 1500
0.336871862411499 1500
0.33785200119018555 1500
0.3387269973754883 1500
0.33977389335632324 1500
0.33977389335632324 1500
0.3409550189971924 1500
0.3419809341430664 1500
0.3428659439086914 1500
0.3428659439086914 1500
0.3439638614654541 1500
0.34482908248901367 1500
0.34482908248901367 1500
0.3455500602722168 1500
0.34677886962890625 1500
0.3477208614349365 1500
0.3477208614349365 1500
0.34890198707580566 1500
0.3499329090118408 1500
0.3499329090118408 1500
0.3508760929107666 1500
0.3519899845123291 1500
0.35278987884521484 1500
0.35278987884521484 1500
0.35384297370910645 1500
0.35543107986450195 1500
0.35584592819213867 1500
0.35584592819213867 1500
0.3568289279937744 1500
0.3577249050140381 1500
0.3577249050140381 1500
0.35872793197631836 1500
0.3600950241088867 1500
0.3616809844970703 1500
0.3616809844970703 1500
0.3616809844970703 1500
0.363008975982666 1500
0.363008975982666 1500
0.36397504806518555 1500
0.36477088928222656 1500
0.3659799098968506 1500
0.3659799098968506 1500
0.36681604385375977 1500
0.3679850101470947 1500
0.3687279224395752 1500
0.3687279224395752 1500
0.3698289394378662 1500
0.3709399700164795 1500
0.3709399700164795 1500
0.37197208404541016 1500
0.37273502349853516 1500
0.3737330436706543 1500
0.3737330436706543 1500
0.3747889995574951 1500
0.3760089874267578 1500
0.3760089874267578 1500
0.37696409225463867 1500
0.3777799606323242 1500
0.3788330554962158 1500
0.3788330554962158 1500
0.3799428939819336 1500
0.38073301315307617 1500
0.381727933883667 1500
0.381727933883667 1500
0.38274502754211426 1500
0.3839130401611328 1500
0.3839130401611328 1500
0.38496994972229004 1500
0.3859078884124756 1500
0.3872208595275879 1500
0.3872208595275879 1500
0.38832998275756836 1500
0.38884401321411133 1500
0.38884401321411133 1500
0.3899719715118408 1500
0.39095091819763184 1500
0.3919239044189453 1500
0.3919239044189453 1500
0.39285993576049805 1500
0.3939540386199951 1500
0.3948180675506592 1500
0.3948180675506592 1500
0.3958868980407715 1500
0.3971550464630127 1500
0.3971550464630127 1500
0.39786601066589355 1500
0.3989129066467285 1500
0.4000260829925537 1500
0.4000260829925537 1500
0.4008810520172119 1500
0.40207600593566895 1500
0.40207600593566895 1500
0.4028658866882324 1500
0.4037179946899414 1500
0.40463995933532715 1500
0.40463995933532715 1500
0.40582895278930664 1500
0.40677499771118164 1500
0.4078080654144287 1500
0.4078080654144287 1500
0.40880393981933594 1500
0.40988898277282715 1500
0.40988898277282715 1500
0.4109499454498291 1500
0.41185688972473145 1500
0.41283607482910156 1500
0.41283607482910156 1500
0.41388893127441406 1500
0.41509294509887695 1500
0.41509294509887695 1500
0.4161040782928467 1500
0.4168999195098877 1500
0.4180450439453125 1500
0.4180450439453125 1500
0.41884708404541016 1500
0.4200279712677002 1500
0.4209120273590088 1500
0.4209120273590088 1500
0.4217510223388672 1500
0.4230830669403076 1500
0.4230830669403076 1500
0.42415904998779297 1500
0.4250059127807617 1500
0.4258129596710205 1500
0.4258129596710205 1500
0.4267129898071289 1500
0.427825927734375 1500
0.427825927734375 1500
0.42887401580810547 1500
0.4296998977661133 1500
0.4308290481567383 1500
0.4308290481567383 1500
0.43178796768188477 1500
0.432873010635376 1500
0.432873010635376 1500
0.43376803398132324 1500
0.4351789951324463 1500
0.4360339641571045 1500
0.4360339641571045 1500
0.43685388565063477 1500
0.4380629062652588 1500
0.43877387046813965 1500
0.43877387046813965 1500
0.43963003158569336 1500
0.4407219886779785 1500
0.4407219886779785 1500
0.44169187545776367 1500
0.44297099113464355 1500
0.44384288787841797 1500
0.44384288787841797 1500
0.4448990821838379 1500
0.44561290740966797 1500
0.44561290740966797 1500
0.44677090644836426 1500
0.44775891304016113 1500
0.4488379955291748 1500
0.4488379955291748 1500
0.4498438835144043 1500
0.45079493522644043 1500
0.45183587074279785 1500
0.45183587074279785 1500
0.452739953994751 1500
0.4540259838104248 1500
0.4540259838104248 1500
0.45485401153564453 1500
0.4557969570159912 1500
0.4569830894470215 1500
0.4569830894470215 1500
0.45785999298095703 1500
0.459028959274292 1500
0.459028959274292 1500
0.4598710536956787 1500
0.46080994606018066 1500
0.46178603172302246 1500
0.46178603172302246 1500
0.46285295486450195 1500
0.46402788162231445 1500
0.465069055557251 1500
0.465069055557251 1500
0.46603989601135254 1500
0.46689391136169434 1500
0.46689391136169434 1500
0.46800994873046875 1500
0.46880102157592773 1500
0.4700760841369629 1500
0.4700760841369629 1500
0.4710240364074707 1500
0.4717519283294678 1500
0.4717519283294678 1500
0.47303295135498047 1500
0.4737980365753174 1500
0.4749579429626465 1500
0.4749579429626465 1500
0.47595906257629395 1500
0.4769299030303955 1500
0.47788500785827637 1500
0.47788500785827637 1500
0.4789090156555176 1500
0.4798309803009033 1500
0.4798309803009033 1500
0.48099493980407715 1500
0.48184800148010254 1500
0.4829080104827881 1500
0.4829080104827881 1500
0.484220027923584 1500
0.4850740432739258 1500
0.4850740432739258 1500
0.48587703704833984 1500
0.4869680404663086 1500
0.48773193359375 1500
0.48773193359375 1500
0.48883485794067383 1500
0.4914519786834717 1500
0.4914519786834717 1500
0.4914519786834717 1500
0.4919579029083252 1500
0.49291300773620605 1500
0.49291300773620605 1500
0.4936819076538086 1500
0.4947800636291504 1500
0.49575304985046387 1500
0.49575304985046387 1500
0.4968118667602539 1500
0.49791908264160156 1500
0.49791908264160156 1500
0.49895691871643066 1500
0.49968600273132324 1500
0.5009169578552246 1500
0.5009169578552246 1500
0.5019159317016602 1500
0.5027198791503906 1500
0.5038800239562988 1500
0.5038800239562988 1500
0.5048198699951172 1500
