1049740
0.0 1460
0.0 1460
1.1920928955078125e-06 1460
2.1457672119140625e-06 1460
2.1457672119140625e-06 1460
3.0994415283203125e-06 1460
4.0531158447265625e-06 1460
4.0531158447265625e-06 1460
5.0067901611328125e-06 1460
0.0019311904907226562 1460
0.0038449764251708984 1460
0.003854036331176758 1460
0.003854036331176758 1460
0.003854990005493164 1460
0.005568981170654297 1460
0.005570173263549805 1460
0.005571126937866211 1460
0.005572080612182617 1460
0.005572080612182617 1460
0.0055730342864990234 1460
0.00557398796081543 1460
0.0055751800537109375 1460
0.005576133728027344 1460
0.03252005577087402 1460
0.03252100944519043 1460
0.03432297706604004 1460
0.03432416915893555 1460
0.03432416915893555 1460
0.03641796112060547 1460
0.03641915321350098 1460
0.03642010688781738 1460
0.03642106056213379 1460
0.036422014236450195 1460
0.036422014236450195 1460
0.0364229679107666 1460
0.05457115173339844 1460
0.05457115173339844 1460
0.1043710708618164 1460
0.1043710708618164 1460
0.10437202453613281 1460
0.10437202453613281 1460
0.1102299690246582 1460
0.1102299690246582 1460
0.11023116111755371 1460
0.11023116111755371 1460
0.11023211479187012 1460
0.11023211479187012 1460
0.11023211479187012 1460
0.11023306846618652 1460
0.11023306846618652 1460
0.11023402214050293 1460
0.11023402214050293 1460
0.11023497581481934 1460
0.11023497581481934 1460
0.11023497581481934 1460
0.11023616790771484 1460
0.1121981143951416 1460
0.11219906806945801 1460
0.11219906806945801 1460
0.11219906806945801 1460
0.11220002174377441 1460
0.11220002174377441 1460
0.11220097541809082 1460
0.11220097541809082 1460
0.11220216751098633 1460
0.11220216751098633 1460
0.11220312118530273 1460
0.11220312118530273 1460
0.11220312118530273 1460
0.11220407485961914 1460
0.11220407485961914 1460
0.11382412910461426 1460
0.11382412910461426 1460
0.11382508277893066 1460
0.11382508277893066 1460
0.11382603645324707 1460
0.11573910713195801 1460
0.11574006080627441 1460
0.11574006080627441 1460
0.11574006080627441 1460
0.11574101448059082 1460
0.11574411392211914 1460
0.11574411392211914 1460
0.11574411392211914 1460
0.11574506759643555 1460
0.11574506759643555 1460
0.11764097213745117 1460
0.11946916580200195 1460
0.11947011947631836 1460
0.11947011947631836 1460
0.11947011947631836 1460
0.12156319618225098 1460
0.12156319618225098 1460
0.12156414985656738 1460
0.12156414985656738 1460
0.1406700611114502 1460
0.1406700611114502 1460
0.14262604713439941 1460
0.14262604713439941 1460
0.14262604713439941 1460
0.14262700080871582 1460
0.14262700080871582 1460
0.14262819290161133 1460
0.14262819290161133 1460
0.14262819290161133 1460
0.14262914657592773 1460
0.14262914657592773 1460
0.15617609024047852 1460
0.15617704391479492 1460
0.17518901824951172 1460
0.17518901824951172 1460
0.17518997192382812 1460
0.17518997192382812 1460
0.17518997192382812 1460
0.17519116401672363 1460
0.17519116401672363 1460
0.17519211769104004 1460
0.17519211769104004 1460
0.17733311653137207 1460
0.17733407020568848 1460
0.17733407020568848 1460
0.17733407020568848 1460
0.17733502388000488 1460
0.17733502388000488 1460
0.17733502388000488 1460
0.1773359775543213 1460
0.1773359775543213 1460
0.1773371696472168 1460
0.1773371696472168 1460
0.1773381233215332 1460
0.1773381233215332 1460
0.1773381233215332 1460
0.17906904220581055 1460
0.17906999588012695 1460
0.17906999588012695 1460
0.17906999588012695 1460
0.17907118797302246 1460
0.17907118797302246 1460
0.17907118797302246 1460
0.17907214164733887 1460
0.17907214164733887 1460
0.17907309532165527 1460
0.17907309532165527 1460
0.17907309532165527 1460
0.17907404899597168 1460
0.17907404899597168 1460
0.17907404899597168 1460
0.17907500267028809 1460
0.1806640625 1460
0.1806640625 1460
0.1806650161743164 1460
0.1806650161743164 1460
0.1806659698486328 1460
0.1806659698486328 1460
0.1806659698486328 1460
0.18066716194152832 1460
0.18066716194152832 1460
0.1806809902191162 1460
0.1806809902191162 1460
0.18068218231201172 1460
0.18068218231201172 1460
0.18068313598632812 1460
0.18068313598632812 1460
0.18280696868896484 1460
0.18280696868896484 1460
0.18280696868896484 1460
0.18280816078186035 1460
0.18280816078186035 1460
0.18280816078186035 1460
0.1973271369934082 1460
0.19732904434204102 1460
0.19733214378356934 1460
0.19733309745788574 1460
0.19733405113220215 1460
0.19733500480651855 1460
0.19733619689941406 1460
0.19733715057373047 1460
0.19936203956604004 1460
0.19936203956604004 1460
0.19936299324035645 1460
0.19936299324035645 1460
0.20917510986328125 1460
0.20917510986328125 1460
0.22913718223571777 1460
0.23081612586975098 1460
0.23081707954406738 1460
0.2308180332183838 1460
0.2308189868927002 1460
0.2308201789855957 1460
0.2308211326599121 1460
0.2308211326599121 1460
0.23082208633422852 1460
0.23082304000854492 1460
0.23082399368286133 1460
0.23082399368286133 1460
0.23082518577575684 1460
0.23082613945007324 1460
0.23082709312438965 1460
0.23082804679870605 1460
0.23082900047302246 1460
0.23287415504455566 1460
0.23287510871887207 1460
0.23287510871887207 1460
0.23287606239318848 1460
0.23287606239318848 1460
0.23287701606750488 1460
0.23287701606750488 1460
0.23287701606750488 1460
0.2328779697418213 1460
0.2328779697418213 1460
0.2328791618347168 1460
0.2328791618347168 1460
0.2328801155090332 1460
0.2328801155090332 1460
0.2328801155090332 1460
0.2328810691833496 1460
0.2350931167602539 1460
0.2350931167602539 1460
0.2350940704345703 1460
0.2350940704345703 1460
0.23509502410888672 1460
0.23509502410888672 1460
0.23509502410888672 1460
0.23509597778320312 1460
0.23509597778320312 1460
0.23509716987609863 1460
0.23509716987609863 1460
0.23509716987609863 1460
0.23509812355041504 1460
0.23509812355041504 1460
0.23509812355041504 1460
0.23509907722473145 1460
0.2367110252380371 1460
0.23671197891235352 1460
0.23671197891235352 1460
0.23671317100524902 1460
0.23671317100524902 1460
0.23850417137145996 1460
0.23850417137145996 1460
0.23850512504577637 1460
0.23850512504577637 1460
0.23850607872009277 1460
0.23850703239440918 1460
0.23850703239440918 1460
0.25188612937927246 1460
0.25188708305358887 1460
0.25188708305358887 1460
0.2518880367279053 1460
0.2518880367279053 1460
0.2518880367279053 1460
0.2518889904022217 1460
0.2518889904022217 1460
0.2518889904022217 1460
0.2518901824951172 1460
0.2518901824951172 1460
0.26349902153015137 1460
0.2634999752044678 1460
0.2635011672973633 1460
0.28461217880249023 1460
0.28461313247680664 1460
0.28461313247680664 1460
0.28461313247680664 1460
0.28461408615112305 1460
0.2864391803741455 1460
0.2864391803741455 1460
0.2864401340484619 1460
0.2864401340484619 1460
0.2864401340484619 1460
0.2864410877227783 1460
0.2864410877227783 1460
0.2864420413970947 1460
0.2864420413970947 1460
0.2864420413970947 1460
0.28644299507141113 1460
0.28644299507141113 1460
0.28644299507141113 1460
0.28644418716430664 1460
0.28644418716430664 1460
0.28644514083862305 1460
0.28844499588012695 1460
0.28844499588012695 1460
0.28844618797302246 1460
0.28844618797302246 1460
0.2884480953216553 1460
0.2884480953216553 1460
0.2884490489959717 1460
0.2884490489959717 1460
0.2884500026702881 1460
0.2884500026702881 1460
0.2884500026702881 1460
0.3153650760650635 1460
0.3153660297393799 1460
0.3153660297393799 1460
0.3153691291809082 1460
0.3153691291809082 1460
0.31562209129333496 1460
0.3171730041503906 1460
0.3171730041503906 1460
0.3171730041503906 1460
0.31717419624328613 1460
0.31717419624328613 1460
0.31717514991760254 1460
0.31717514991760254 1460
0.31717610359191895 1460
0.31717610359191895 1460
0.31717610359191895 1460
0.31717705726623535 1460
0.31717801094055176 1460
0.31717896461486816 1460
0.31901097297668457 1460
0.3190121650695801 1460
0.32088303565979004 1460
0.32088303565979004 1460
0.32088303565979004 1460
0.32088398933410645 1460
0.32088708877563477 1460
0.32088708877563477 1460
0.3226020336151123 1460
0.3226029872894287 1460
0.37293004989624023 1460
0.37293004989624023 1460
0.37460899353027344 1460
0.37461018562316895 1460
0.37461113929748535 1460
0.37461209297180176 1460
0.3746170997619629 1460
0.3746211528778076 1460
0.374622106552124 1460
0.37462615966796875 1460
0.3901240825653076 1460
0.3901240825653076 1460
0.39200806617736816 1460
0.39200901985168457 1460
0.42530202865600586 1460
0.42530298233032227 1460
0.42530298233032227 1460
0.4253041744232178 1460
0.4253041744232178 1460
0.4253051280975342 1460
0.4253060817718506 1460
0.4258871078491211 1460
0.4258880615234375 1460
0.4258890151977539 1460
0.42722606658935547 1460
0.4272270202636719 1460
0.4272279739379883 1460
0.4272279739379883 1460
0.4272291660308838 1460
0.4272291660308838 1460
0.4272301197052002 1460
0.4272301197052002 1460
0.4272310733795166 1460
0.4272310733795166 1460
0.427232027053833 1460
0.427232027053833 1460
0.4272329807281494 1460
0.45607614517211914 1460
0.45607900619506836 1460
0.45608019828796387 1460
0.4560811519622803 1460
0.4560811519622803 1460
0.4560821056365967 1460
0.4560830593109131 1460
0.4560830593109131 1460
0.4560840129852295 1460
0.4560849666595459 1460
0.4560849666595459 1460
0.4560861587524414 1460
0.4560871124267578 1460
0.4560871124267578 1460
0.4560880661010742 1460
0.4560890197753906 1460
0.45804309844970703 1460
0.45804405212402344 1460
0.45804405212402344 1460
0.45804500579833984 1460
0.45804500579833984 1460
0.45804619789123535 1460
0.4599001407623291 1460
0.4599001407623291 1460
0.4599010944366455 1460
0.4599010944366455 1460
0.4599020481109619 1460
0.4599020481109619 1460
0.4599030017852783 1460
0.46210408210754395 1460
0.5119161605834961 1460
0.5119171142578125 1460
0.5119171142578125 1460
0.5119180679321289 1460
0.5119180679321289 1460
0.5119180679321289 1460
0.5119190216064453 1460
0.5119190216064453 1460
0.5119199752807617 1460
0.5138561725616455 1460
0.5278520584106445 1460
0.5278520584106445 1460
0.5299570560455322 1460
0.5299580097198486 1460
0.56072998046875 1460
0.5607311725616455 1460
0.5607311725616455 1460
0.5607321262359619 1460
0.5607321262359619 1460
0.5607330799102783 1460
0.5607330799102783 1460
0.5607330799102783 1460
0.5626931190490723 1460
0.5626940727233887 1460
0.5626950263977051 1460
0.5626950263977051 1460
0.5626981258392334 1460
0.5626981258392334 1460
0.5626990795135498 1460
0.5626990795135498 1460
0.5627000331878662 1460
0.5627000331878662 1460
0.5627000331878662 1460
0.5627009868621826 1460
0.610267162322998 1460
0.6102681159973145 1460
0.6102690696716309 1460
0.6102690696716309 1460
0.6102700233459473 1460
0.6102700233459473 1460
0.6102709770202637 1460
0.6102721691131592 1460
0.6102721691131592 1460
0.6102731227874756 1460
0.610274076461792 1460
0.6113600730895996 1460
0.6113600730895996 1460
0.611361026763916 1460
0.611361026763916 1460
0.6113619804382324 1460
0.6113619804382324 1460
0.6113631725311279 1460
0.6113719940185547 1460
0.6381871700286865 1460
0.6381871700286865 1460
0.6381881237030029 1460
0.6381881237030029 1460
0.6381890773773193 1460
0.6400179862976074 1460
0.6400191783905029 1460
0.6400191783905029 1460
0.6400201320648193 1460
0.6400241851806641 1460
0.6555130481719971 1460
0.6555130481719971 1460
0.6573641300201416 1460
0.6573641300201416 1460
0.6841800212860107 1460
0.6850700378417969 1460
0.6850700378417969 1460
0.6850709915161133 1460
0.6863009929656982 1460
0.6863009929656982 1460
0.6863021850585938 1460
0.6863021850585938 1460
0.6863021850585938 1460
0.6863031387329102 1460
0.6863031387329102 1460
0.6863040924072266 1460
0.686305046081543 1460
0.686305046081543 1460
0.6863059997558594 1460
0.6863059997558594 1460
0.6863059997558594 1460
0.6880660057067871 1460
0.6880671977996826 1460
0.6880671977996826 1460
0.7064321041107178 1460
0.7064321041107178 1460
0.7064330577850342 1460
0.7064330577850342 1460
0.706434965133667 1460
0.7064361572265625 1460
0.7064361572265625 1460
0.7064371109008789 1460
0.7064371109008789 1460
0.7064371109008789 1460
0.7064380645751953 1460
0.7180831432342529 1460
0.7180831432342529 1460
0.7180840969085693 1460
0.7180840969085693 1460
0.7180850505828857 1460
0.7180850505828857 1460
0.7180850505828857 1460
0.7180860042572021 1460
0.7540731430053711 1460
0.7540731430053711 1460
0.7540731430053711 1460
0.7540740966796875 1460
0.7540740966796875 1460
0.7562131881713867 1460
0.7562131881713867 1460
0.7562141418457031 1460
0.7562141418457031 1460
0.7722351551055908 1460
0.7722361087799072 1460
0.7722361087799072 1460
0.7745170593261719 1460
0.7764220237731934 1460
0.7780070304870605 1460
0.799476146697998 1460
0.799476146697998 1460
0.7994771003723145 1460
0.7994790077209473 1460
0.8018550872802734 1460
0.8018560409545898 1460
0.8018581867218018 1460
0.8018581867218018 1460
0.8018591403961182 1460
0.8018600940704346 1460
0.801861047744751 1460
0.801861047744751 1460
0.8018620014190674 1460
0.8018631935119629 1460
0.8018631935119629 1460
0.8018641471862793 1460
0.8018651008605957 1460
0.8018651008605957 1460
0.8018660545349121 1460
0.8018660545349121 1460
0.8216981887817383 1460
0.8216991424560547 1460
0.8216991424560547 1460
0.8217000961303711 1460
0.8217000961303711 1460
0.8217010498046875 1460
0.8217020034790039 1460
0.8217020034790039 1460
0.8217031955718994 1460
0.8229601383209229 1460
0.8229641914367676 1460
0.8290941715240479 1460
0.8290951251983643 1460
0.8290951251983643 1460
0.8290960788726807 1460
0.8290960788726807 1460
0.8290970325469971 1460
0.8290970325469971 1460
0.8309900760650635 1460
0.8677361011505127 1460
0.8677370548248291 1460
0.8677370548248291 1460
0.8677380084991455 1460
0.8694989681243896 1460
0.8695001602172852 1460
0.8716399669647217 1460
0.8716411590576172 1460
0.8716421127319336 1460
0.87164306640625 1460
0.8888430595397949 1460
0.8888440132141113 1460
0.8910419940948486 1460
0.8910431861877441 1460
0.9160130023956299 1460
0.9160141944885254 1460
0.9160141944885254 1460
0.9160151481628418 1460
0.9160161018371582 1460
0.9160161018371582 1460
0.9160170555114746 1460
0.916018009185791 1460
0.916018009185791 1460
0.9171321392059326 1460
0.9171340465545654 1460
0.9171340465545654 1460
0.9171350002288818 1460
0.9171350002288818 1460
0.9171361923217773 1460
0.9171371459960938 1460
0.9171371459960938 1460
0.9171380996704102 1460
0.9171390533447266 1460
0.9171390533447266 1460
0.917140007019043 1460
0.9355180263519287 1460
0.9355189800262451 1460
0.9355201721191406 1460
0.9355201721191406 1460
0.937157154083252 1460
0.9371581077575684 1460
0.9371590614318848 1460
0.9371590614318848 1460
0.9371631145477295 1460
0.9389619827270508 1460
0.9389710426330566 1460
0.938971996307373 1460
0.9450380802154541 1460
0.9450390338897705 1460
0.9450399875640869 1460
0.9450399875640869 1460
0.9450771808624268 1460
0.9450781345367432 1460
0.9823391437530518 1460
0.9823391437530518 1460
0.9823400974273682 1460
0.9823431968688965 1460
0.9823441505432129 1460
0.9844391345977783 1460
0.9844460487365723 1460
0.9844470024108887 1460
0.9844481945037842 1460
0.986436128616333 1460
0.986436128616333 1460
0.9864370822906494 1460
1.00553297996521 1460
1.0055341720581055 1460
1.0077040195465088 1460
1.0077040195465088 1460
1.0292940139770508 1460
1.0292940139770508 1460
1.0292949676513672 1460
1.0292949676513672 1460
1.0292961597442627 1460
1.0292961597442627 1460
1.029297113418579 1460
1.0292980670928955 1460
1.0292980670928955 1460
1.0310070514678955 1460
1.0310070514678955 1460
1.031008005142212 1460
1.0310091972351074 1460
1.0310101509094238 1460
1.0328881740570068 1460
1.0328891277313232 1460
1.0328900814056396 1460
1.0328900814056396 1460
1.032891035079956 1460
1.032891035079956 1460
1.0328919887542725 1460
1.0328919887542725 1460
1.0505399703979492 1460
1.0505411624908447 1460
1.0505421161651611 1460
1.0505421161651611 1460
1.0523359775543213 1460
1.0523371696472168 1460
1.0539631843566895 1460
1.0539641380310059 1460
1.0550310611724854 1460
1.0550310611724854 1460
1.0550320148468018 1460
1.0550329685211182 1460
1.0571560859680176 1460
1.057157039642334 1460
1.057157039642334 1460
1.0571579933166504 1460
1.057159185409546 1460
1.0571601390838623 1460
1.0800530910491943 1460
1.0800540447235107 1460
1.0800540447235107 1460
1.0800549983978271 1460
1.0821239948272705 1460
1.082125186920166 1460
1.083909034729004 1460
1.0839099884033203 1460
1.0839099884033203 1460
1.0839111804962158 1460
1.0857961177825928 1460
1.0857961177825928 1460
1.1071619987487793 1460
1.1071631908416748 1460
1.1071641445159912 1460
1.1071650981903076 1460
1.1307330131530762 1460
1.1307330131530762 1460
1.1307339668273926 1460
1.130735158920288 1460
1.130735158920288 1460
1.1307361125946045 1460
1.1307361125946045 1460
1.130737066268921 1460
1.1307380199432373 1460
1.1307380199432373 1460
1.1316750049591064 1460
1.1316750049591064 1460
1.131676197052002 1460
1.1316771507263184 1460
1.1316771507263184 1460
1.1316781044006348 1460
1.1316790580749512 1460
1.1316800117492676 1460
1.131680965423584 1460
1.131680965423584 1460
1.1316821575164795 1460
1.131683111190796 1460
1.1331579685211182 1460
1.1331591606140137 1460
1.1347181797027588 1460
1.1347191333770752 1460
1.1347191333770752 1460
1.1347200870513916 1460
1.134721040725708 1460
1.134721040725708 1460
1.1347219944000244 1460
1.13472318649292 1460
1.13472318649292 1460
1.1347241401672363 1460
1.1347250938415527 1460
1.1347260475158691 1460
1.1347260475158691 1460
1.1347270011901855 1460
1.134728193283081 1460
1.134728193283081 1460
1.1363890171051025 1460
1.136389970779419 1460
1.136389970779419 1460
1.1363911628723145 1460
1.1363921165466309 1460
1.1363921165466309 1460
1.1363930702209473 1460
1.1363940238952637 1460
