1048620
0.0 1500
0.0013360977172851562 1500
0.0023729801177978516 1500
0.0023729801177978516 1500
0.003123044967651367 1500
0.0040929317474365234 1500
0.005295991897583008 1500
0.005295991897583008 1500
0.006745100021362305 1500
0.007082939147949219 1500
0.007082939147949219 1500
0.008616924285888672 1500
0.009222984313964844 1500
0.010481119155883789 1500
0.010481119155883789 1500
0.01114201545715332 1500
0.0124969482421875 1500
0.01329493522644043 1500
0.01329493522644043 1500
0.013982057571411133 1500
0.01518702507019043 1500
0.01518702507019043 1500
0.016386032104492188 1500
0.017069101333618164 1500
0.018420934677124023 1500
0.018420934677124023 1500
0.019225120544433594 1500
0.020295143127441406 1500
0.020295143127441406 1500
0.021054983139038086 1500
0.022150039672851562 1500
0.023268938064575195 1500
0.023268938064575195 1500
0.024340152740478516 1500
0.025377988815307617 1500
0.026093006134033203 1500
0.026093006134033203 1500
0.027225971221923828 1500
0.0283811092376709 1500
0.0283811092376709 1500
0.02908492088317871 1500
0.030224084854125977 1500
0.031250953674316406 1500
0.031250953674316406 1500
0.03314805030822754 1500
0.03314805030822754 1500
0.3240549564361572 1448
0.6744730472564697 40
1.2430150508880615 40
2.0370819568634033 1500
2.0370819568634033 1500
2.038100004196167 1500
2.038100004196167 1500
2.038100004196167 1500
2.0393009185791016 932
2.2443389892578125 1500
2.2443389892578125 1500
2.2443389892578125 1500
2.2444159984588623 1500
2.2450921535491943 1500
2.2450921535491943 1500
2.2503950595855713 1500
2.2503950595855713 1500
2.2503950595855713 1500
2.2505979537963867 660
2.2505979537963867 1500
2.2505979537963867 1500
2.2505979537963867 1500
2.2505979537963867 1500
2.2513859272003174 1500
2.2513859272003174 1500
2.2513859272003174 1500
2.2513859272003174 1500
2.2523460388183594 1500
2.2523460388183594 1500
2.2523460388183594 1500
2.2523460388183594 1500
2.25333309173584 1500
2.25333309173584 1500
2.25333309173584 1500
2.254034996032715 1500
2.254941940307617 1500
2.254941940307617 1500
2.256103038787842 1500
2.2571749687194824 1500
2.2571749687194824 1500
2.25797700881958 1500
2.2594311237335205 1500
2.260113000869751 1500
2.260113000869751 1500
2.2623729705810547 1500
2.2623729705810547 1500
2.2623729705810547 1500
2.2631680965423584 1500
2.2640440464019775 1500
2.265058994293213 1500
2.265058994293213 1500
2.2661681175231934 1500
2.2669880390167236 1500
2.2680890560150146 1500
2.2680890560150146 1500
2.269050121307373 1500
2.270430088043213 1500
2.270430088043213 1500
2.2711479663848877 1500
2.272331953048706 1500
2.2728350162506104 1500
2.2728350162506104 1500
2.275421142578125 1500
2.275421142578125 1500
2.275421142578125 1500
2.275998115539551 1500
2.277895927429199 1500
2.277895927429199 1500
2.277895927429199 1500
2.2794179916381836 1500
2.2799899578094482 1500
2.2813241481781006 1500
2.2813241481781006 1500
2.2820069789886475 1500
2.2833640575408936 1500
2.2833640575408936 1500
2.284147024154663 1500
2.2850699424743652 1500
2.286271095275879 1500
2.286271095275879 1500
2.2890329360961914 1500
2.2890329360961914 1500
2.2890329360961914 1500
2.2890329360961914 1500
2.291177988052368 1500
2.291177988052368 1500
2.2916159629821777 1500
2.2922489643096924 1500
2.2930989265441895 1500
2.2943530082702637 1500
2.2943530082702637 1500
2.295053005218506 1500
2.296255111694336 1500
2.296255111694336 1500
2.2970120906829834 1500
2.2980411052703857 1500
2.3000340461730957 1500
2.3000340461730957 1500
2.3000340461730957 1500
2.300987958908081 1500
2.300987958908081 1500
2.3018240928649902 1500
2.3031561374664307 1500
2.304094076156616 1500
2.30411696434021 1500
2.3050639629364014 1500
2.305994987487793 1500
2.3071630001068115 1500
2.3071630001068115 1500
2.3078079223632812 1500
2.3089959621429443 1500
2.3089959621429443 1500
2.3099849224090576 1500
2.3111801147460938 1500
2.3120360374450684 1500
2.3120360374450684 1500
2.313730001449585 1500
2.3139219284057617 1500
2.3139219284057617 1500
2.3149330615997314 1500
2.3160929679870605 1500
2.3171069622039795 1500
2.3171069622039795 1500
2.3179500102996826 1500
2.3190629482269287 1500
2.319934129714966 1500
2.3199880123138428 1500
2.321120023727417 1500
2.3219809532165527 1500
2.3219809532165527 1500
2.322906017303467 1500
2.32381010055542 1500
2.3249430656433105 1500
2.3249430656433105 1500
2.3262600898742676 1500
2.3272249698638916 1500
2.3272249698638916 1500
2.328110933303833 1500
2.3291521072387695 1500
2.330122947692871 1500
2.330122947692871 1500
2.331002950668335 1500
2.3322219848632812 1500
2.3328781127929688 1500
2.3328781127929688 1500
2.3340210914611816 1500
2.334831953048706 1500
2.334831953048706 1500
2.3363821506500244 1500
2.336812973022461 1500
2.338665008544922 1500
2.338665008544922 1500
2.339003086090088 1500
2.3400959968566895 1500
2.3400959968566895 1500
2.3408520221710205 1500
2.3427839279174805 1500
2.3429880142211914 1500
2.3429880142211914 1500
2.3443450927734375 1500
2.345349073410034 1500
2.346205949783325 1500
2.346205949783325 1500
2.3470470905303955 1500
2.3483939170837402 1500
2.3483939170837402 1500
2.349092960357666 1500
2.3507449626922607 1500
2.3513901233673096 1500
2.3513901233673096 1500
2.352066993713379 1500
2.353066921234131 1500
2.353066921234131 1500
2.35404896736145 1500
2.355342149734497 1500
2.3561201095581055 1500
2.3561201095581055 1500
2.357067108154297 1500
2.3580470085144043 1500
2.359372138977051 1500
2.359372138977051 1500
2.360063076019287 1500
2.3610739707946777 1500
2.3610739707946777 1500
2.362070083618164 1500
2.3631911277770996 1500
2.3641159534454346 1500
2.3641159534454346 1500
2.36507511138916 1500
2.3663480281829834 1500
2.3663480281829834 1500
2.3670389652252197 1500
2.368683099746704 1500
2.368927001953125 1500
2.368927001953125 1500
2.370384931564331 1500
2.3718349933624268 1500
2.3720641136169434 1500
2.3734130859375 1500
2.3734130859375 1500
2.374290943145752 1500
2.374290943145752 1500
2.3750030994415283 1500
2.3763959407806396 1500
2.377324104309082 1500
2.377324104309082 1500
2.378314971923828 1500
2.3789310455322266 1500
2.3789310455322266 1500
2.3803651332855225 1500
2.380859136581421 1500
2.3818869590759277 1500
2.3818869590759277 1500
2.382810115814209 1500
2.3846120834350586 1500
2.3846120834350586 1500
2.3848180770874023 1500
2.3861870765686035 1500
2.386937141418457 1500
2.386937141418457 1500
2.3878700733184814 1500
2.3888180255889893 1500
2.390300989151001 1500
2.390300989151001 1500
2.3909101486206055 1500
2.3923940658569336 1500
2.3923940658569336 1500
2.392810106277466 1500
2.394010066986084 1500
2.3959920406341553 1500
2.3959920406341553 1500
2.3959920406341553 1500
2.397300958633423 1500
2.397300958633423 1500
2.397813081741333 1500
2.3992059230804443 1500
2.399919033050537 1500
2.399919033050537 1500
2.4010610580444336 1500
2.4019949436187744 1500
2.403162956237793 1500
2.403162956237793 1500
2.404000997543335 1500
2.405269145965576 1500
2.405269145965576 1500
2.4059810638427734 1500
2.4069700241088867 1500
2.4079670906066895 1500
2.4079670906066895 1500
2.4089410305023193 1500
2.410109043121338 1500
2.410109043121338 1500
2.4111390113830566 1500
2.411881923675537 1500
2.4133119583129883 1500
2.4133119583129883 1500
2.4139609336853027 1500
2.415132999420166 1500
2.4162509441375732 1500
2.4162509441375732 1500
2.417598009109497 1500
2.417952060699463 1500
2.417952060699463 1500
2.419373035430908 1500
2.4200360774993896 1500
2.4210400581359863 1500
2.4210400581359863 1500
2.422261953353882 1500
2.4231231212615967 1500
2.4231231212615967 1500
2.4242820739746094 1500
2.4250309467315674 1500
2.4261879920959473 1500
2.4261879920959473 1500
2.427253007888794 1500
2.4280240535736084 1500
2.4290380477905273 1500
2.4290380477905273 1500
2.4302139282226562 1500
2.430885076522827 1500
2.430885076522827 1500
2.43222713470459 1500
2.43298602104187 1500
2.433932065963745 1500
2.433932065963745 1500
2.434998035430908 1500
2.4361789226531982 1500
2.4370059967041016 1500
2.4370059967041016 1500
2.4382541179656982 1500
2.4390060901641846 1500
2.4390060901641846 1500
2.44035005569458 1500
2.441946029663086 1500
2.441946029663086 1500
2.441946029663086 1500
2.4432051181793213 1500
2.444003105163574 1500
2.444003105163574 1500
2.445050001144409 1500
2.4462101459503174 1500
2.4473800659179688 1500
2.4473800659179688 1500
2.4482710361480713 1500
2.4490749835968018 1500
2.449984073638916 1500
2.449984073638916 1500
2.4514501094818115 1500
2.4519870281219482 1500
2.4519870281219482 1500
2.4537179470062256 1500
2.453927993774414 1500
2.4552059173583984 1500
2.4552059173583984 1500
2.4557790756225586 1500
2.457153081893921 1500
2.457245111465454 1500
2.4578020572662354 1500
2.4590070247650146 1500
2.4598701000213623 1500
2.4598701000213623 1500
2.4609780311584473 1500
2.4619030952453613 1500
2.4628889560699463 1500
2.4630019664764404 1500
2.4640300273895264 1500
2.4655821323394775 1500
2.4655821323394775 1500
2.466212034225464 1500
2.4668750762939453 1500
2.4695279598236084 1500
2.4695279598236084 1500
2.4695279598236084 1500
2.4700870513916016 1500
2.4700870513916016 1500
2.4712281227111816 1500
2.472136974334717 1500
2.472921133041382 1500
2.472921133041382 1500
2.4743731021881104 1500
2.4750590324401855 1500
2.4763920307159424 1500
2.4763920307159424 1500
2.476824998855591 1500
2.478055953979492 1500
2.478055953979492 1500
2.4791131019592285 1500
2.4801111221313477 1500
2.481003999710083 1500
2.481003999710083 1500
2.481998920440674 1500
2.483144998550415 1500
2.483144998550415 1500
2.484055995941162 1500
2.4849700927734375 1500
2.485952138900757 1500
2.485952138900757 1500
2.4870641231536865 1500
2.48852801322937 1500
2.4893109798431396 1500
2.4893109798431396 1500
2.4902701377868652 1500
2.49113392829895 1500
2.49113392829895 1500
2.4920010566711426 1500
2.49301815032959 1500
2.493988037109375 1500
2.493988037109375 1500
2.4950530529022217 1500
2.496211051940918 1500
2.496211051940918 1500
2.4970381259918213 1500
2.498228073120117 1500
2.5003819465637207 1500
2.5004940032958984 1500
2.5004940032958984 1500
2.5017950534820557 1500
2.5019519329071045 1500
2.5019519329071045 1500
2.503143072128296 1500
2.503857135772705 1500
2.5039241313934326 1500
2.5050859451293945 1500
2.506011962890625 1500
2.5072920322418213 1500
2.5072920322418213 1500
2.50783109664917 1500
2.5088589191436768 1500
2.5088589191436768 1500
2.5098390579223633 1500
2.511381149291992 1500
2.512010097503662 1500
2.512010097503662 1500
2.513275146484375 1500
2.514112949371338 1500
2.5148470401763916 1500
2.5148470401763916 1500
2.5161049365997314 1500
2.5170390605926514 1500
2.5170390605926514 1500
2.518036127090454 1500
2.519055128097534 1500
2.5198731422424316 1500
2.5198731422424316 1500
2.5210630893707275 1500
2.5230300426483154 1500
2.5230300426483154 1500
2.5230300426483154 1500
2.5241010189056396 1500
2.524973154067993 1500
2.524973154067993 1500
2.5261709690093994 1500
2.527156114578247 1500
2.528200149536133 1500
2.528291940689087 1500
2.528913974761963 1500
2.530050039291382 1500
2.530050039291382 1500
2.530825138092041 1500
2.5320470333099365 1500
2.5329749584198 1500
2.5329749584198 1500
2.5343101024627686 1500
2.5349690914154053 1500
2.5349690914154053 1500
2.5364251136779785 1500
2.5372910499572754 1500
2.5382230281829834 1500
2.5382230281829834 1500
2.538844108581543 1500
2.540276050567627 1500
2.540276050567627 1500
2.540861129760742 1500
2.5420889854431152 1500
2.542945146560669 1500
2.542945146560669 1500
2.544059991836548 1500
2.544856071472168 1500
2.546886920928955 1500
2.546886920928955 1500
2.546886920928955 1500
2.547917127609253 1500
2.547917127609253 1500
2.5488409996032715 1500
2.5501151084899902 1500
2.5510799884796143 1500
2.5510799884796143 1500
2.551954984664917 1500
2.5528640747070312 1500
2.5528640747070312 1500
2.554168939590454 1500
2.5548510551452637 1500
2.5560851097106934 1500
2.5560851097106934 1500
2.5568671226501465 1500
2.5589921474456787 1500
2.5589921474456787 1500
2.5590131282806396 1500
2.559947967529297 1500
2.5608811378479004 1500
2.5608811378479004 1500
2.562016010284424 1500
2.562864065170288 1500
2.5639209747314453 1500
2.5639209747314453 1500
2.5649020671844482 1500
2.566067934036255 1500
2.566067934036255 1500
2.5668439865112305 1500
2.567897081375122 1500
2.568795919418335 1500
2.568932056427002 1500
2.5699779987335205 1500
2.571974039077759 1500
2.571974039077759 1500
2.571974039077759 1500
2.573198080062866 1500
2.5742270946502686 1500
2.5742270946502686 1500
2.5751309394836426 1500
2.5762360095977783 1500
2.5773861408233643 1500
2.5773861408233643 1500
2.5780229568481445 1500
2.579508066177368 1500
2.579508066177368 1500
2.580349922180176 1500
2.580928087234497 1500
2.5825469493865967 1500
2.5825469493865967 1500
2.5830371379852295 1500
2.584146022796631 1500
2.5850179195404053 1500
2.5850179195404053 1500
2.586534023284912 1500
2.5872280597686768 1500
2.5872280597686768 1500
2.588107109069824 1500
2.5888850688934326 1500
2.5900800228118896 1500
2.5900800228118896 1500
2.590956926345825 1500
2.592118978500366 1500
2.592118978500366 1500
2.594356060028076 1500
2.594356060028076 1500
2.595741033554077 1500
2.595741033554077 1500
2.596562147140503 1500
2.5974490642547607 1500
2.5977981090545654 1500
2.598015069961548 1500
2.5990500450134277 1500
2.5999369621276855 1500
2.5999369621276855 1500
2.601155996322632 1500
2.60214900970459 1500
2.603079080581665 1500
2.603079080581665 1500
2.6038930416107178 1500
2.6063010692596436 1500
2.6063010692596436 1500
2.6063010692596436 1500
2.6071231365203857 1500
2.6080739498138428 1500
2.608293056488037 1500
2.6092529296875 1500
2.6102559566497803 1500
2.611091136932373 1500
2.611091136932373 1500
2.6118860244750977 1500
2.6130740642547607 1500
2.6130740642547607 1500
2.613983154296875 1500
2.61515212059021 1500
2.6162021160125732 1500
2.6162021160125732 1500
2.617056131362915 1500
2.618025064468384 1500
2.618098020553589 1500
2.619084119796753 1500
2.6201491355895996 1500
2.621066093444824 1500
2.621066093444824 1500
2.621915102005005 1500
2.6229679584503174 1500
2.6239700317382812 1500
2.6239700317382812 1500
2.6249239444732666 1500
2.626120090484619 1500
2.626120090484619 1500
2.6268551349639893 1500
2.629462957382202 1500
2.629580020904541 1500
2.629580020904541 1500
2.6298489570617676 1500
2.6308441162109375 1500
2.6308441162109375 1500
2.632056951522827 1500
2.633419990539551 1500
2.6341960430145264 1500
2.6341960430145264 1500
2.6348559856414795 1500
2.6360831260681152 1500
2.636898994445801 1500
2.636898994445801 1500
2.6380209922790527 1500
2.638859987258911 1500
2.638859987258911 1500
2.640855073928833 1500
2.640855073928833 1500
2.642238140106201 1500
2.642238140106201 1500
2.6428189277648926 1500
2.644191026687622 1500
2.644191026687622 1500
2.6449520587921143 1500
2.6460580825805664 1500
2.6469030380249023 1500
2.6469030380249023 1500
2.6480391025543213 1500
2.648829936981201 1500
2.650062084197998 1500
2.650062084197998 1500
2.6508309841156006 1500
2.653193950653076 1500
2.653193950653076 1500
2.653193950653076 1500
2.65385103225708 1500
2.6548449993133545 1500
2.6548449993133545 1500
2.6562891006469727 1500
2.656991958618164 1500
2.656991958618164 1500
2.658018112182617 1500
2.6592321395874023 1500
2.659865140914917 1500
2.659865140914917 1500
2.6608409881591797 1500
2.661957025527954 1500
2.6630239486694336 1500
2.6630239486694336 1500
2.663918972015381 1500
2.6658201217651367 1500
2.6658201217651367 1500
2.6658201217651367 1500
2.66694712638855 1500
2.668071985244751 1500
2.668071985244751 1500
2.668905019760132 1500
2.6699941158294678 1500
2.6699941158294678 1500
2.6709959506988525 1500
2.6718080043792725 1500
2.6729750633239746 1500
2.6729750633239746 1500
2.674030065536499 1500
2.674989938735962 1500
2.6762049198150635 1500
2.6762049198150635 1500
2.677906036376953 1500
2.677953004837036 1500
2.677953004837036 1500
2.679734945297241 1500
2.680418014526367 1500
2.6808810234069824 1500
2.6808810234069824 1500
2.682291030883789 1500
2.6831090450286865 1500
2.683385133743286 1500
2.6839420795440674 1500
2.684896945953369 1500
2.686511993408203 1500
2.686511993408203 1500
2.6872520446777344 1500
2.6886000633239746 1500
2.688936948776245 1500
2.688936948776245 1500
2.6902689933776855 1500
2.6911840438842773 1500
2.6911840438842773 1500
2.6921401023864746 1500
2.693042039871216 1500
2.6940131187438965 1500
2.6940131187438965 1500
2.695004940032959 1500
2.6961331367492676 1500
2.6961331367492676 1500
2.697042942047119 1500
2.6979169845581055 1500
2.699146032333374 1500
2.699146032333374 1500
2.700505018234253 1500
2.7007980346679688 1500
2.7007980346679688 1500
2.70190691947937 1500
