1049740
0.0 1460
0.0 1460
0.0016338825225830078 1460
0.0026750564575195312 1460
0.0047910213470458984 1460
0.0047910213470458984 1460
0.006181955337524414 1460
0.006181955337524414 1460
0.007911920547485352 1460
0.007911920547485352 1460
0.00904083251953125 1460
0.00904083251953125 1460
0.010637998580932617 1460
0.010637998580932617 1460
0.013309955596923828 1460
0.013309955596923828 1460
0.01506805419921875 1460
0.01506805419921875 1460
0.01653289794921875 1460
0.01653289794921875 1460
0.0179598331451416 1460
0.0179598331451416 1460
0.02018904685974121 1460
0.02018904685974121 1460
0.021138906478881836 1460
0.021138906478881836 1460
0.022800922393798828 1460
0.022800922393798828 1460
0.025950908660888672 1460
0.025950908660888672 1460
0.026486873626708984 1460
0.027518033981323242 1460
0.02795886993408203 1460
0.02795886993408203 1460
0.02979588508605957 1460
0.02979588508605957 1460
0.03155994415283203 1460
0.03155994415283203 1460
0.03155994415283203 1460
0.033102989196777344 1460
0.033102989196777344 1460
0.03443789482116699 1460
0.03443789482116699 1460
0.03482389450073242 1460
0.03482389450073242 1460
0.036087989807128906 1460
0.036427974700927734 1460
0.03786897659301758 1460
0.03786897659301758 1460
0.03943800926208496 1460
0.03943800926208496 1460
0.03975200653076172 1460
0.03975200653076172 1460
0.04132485389709473 1460
0.04132485389709473 1460
0.04169797897338867 1460
0.04169797897338867 1460
0.043115854263305664 1460
0.04352283477783203 1460
0.0449368953704834 1460
0.0449368953704834 1460
0.0449368953704834 1460
0.0449368953704834 1460
0.045343875885009766 1460
0.04683089256286621 1460
0.047235965728759766 1460
0.048742055892944336 1460
0.048742055892944336 1460
0.048742055892944336 1460
0.04915189743041992 1460
0.04915189743041992 1460
0.05054783821105957 1460
0.05094003677368164 1460
0.05362391471862793 1460
0.05362391471862793 1460
0.05400705337524414 1460
0.05400705337524414 1460
0.055066823959350586 1460
0.055066823959350586 1460
0.05672001838684082 1460
0.05672001838684082 1460
0.05709099769592285 1460
0.05709099769592285 1460
0.05841398239135742 1460
0.05841398239135742 1460
0.05841398239135742 1460
0.06336688995361328 1460
0.06336688995361328 1460
0.06336688995361328 1460
0.06336688995361328 1460
0.06467986106872559 1460
0.06467986106872559 1460
0.0650789737701416 1460
0.0650789737701416 1460
0.0650789737701416 1460
0.0650789737701416 1460
0.0676429271697998 1460
0.0676429271697998 1460
0.06884598731994629 1460
0.0691678524017334 1460
0.07054495811462402 1460
0.07054495811462402 1460
0.07092094421386719 1460
0.07092094421386719 1460
0.07240486145019531 1460
0.07279491424560547 1460
0.07279491424560547 1460
0.07279491424560547 1460
0.07425189018249512 1460
0.07425189018249512 1460
0.07475996017456055 1460
0.07475996017456055 1460
0.07693696022033691 1460
0.07693696022033691 1460
0.07693696022033691 1460
0.07693696022033691 1460
0.07769489288330078 1460
0.07769489288330078 1460
0.07985591888427734 1460
0.07985591888427734 1460
0.07985591888427734 1460
0.07985591888427734 1460
0.09030699729919434 1460
0.09030699729919434 1460
0.09030699729919434 1460
0.09030699729919434 1460
0.09240484237670898 1460
0.09240484237670898 1460
0.0928490161895752 1460
0.09526586532592773 1460
0.09526586532592773 1460
0.09526586532592773 1460
0.09526586532592773 1460
0.09572005271911621 1460
0.09572005271911621 1460
0.09758496284484863 1460
0.09758496284484863 1460
0.09799790382385254 1460
0.09799790382385254 1460
0.0993959903717041 1460
0.0993959903717041 1460
0.10234189033508301 1460
0.10234189033508301 1460
0.10423493385314941 1460
0.10423493385314941 1460
0.10779094696044922 1460
0.10779094696044922 1460
0.10930085182189941 1460
0.10930085182189941 1460
0.11108899116516113 1460
0.11108899116516113 1460
0.11395001411437988 1460
0.11433196067810059 1460
0.11586284637451172 1460
0.11586284637451172 1460
0.12100505828857422 1460
0.12100505828857422 1460
0.12281203269958496 1460
0.12322187423706055 1460
0.12484002113342285 1460
0.12484002113342285 1460
0.12626194953918457 1460
0.12818598747253418 1460
0.12818598747253418 1460
0.12818598747253418 1460
0.13202285766601562 1460
0.13202285766601562 1460
0.13202285766601562 1460
0.13202285766601562 1460
0.13463902473449707 1460
0.13463902473449707 1460
0.13612604141235352 1460
0.13612604141235352 1460
0.13638591766357422 1460
0.13756799697875977 1460
0.13756799697875977 1460
0.13799405097961426 1460
0.13799405097961426 1460
0.13916301727294922 1460
0.13916301727294922 1460
0.14339995384216309 1460
0.14339995384216309 1460
0.15546703338623047 1460
0.15546703338623047 1460
0.15623688697814941 1460
0.15623688697814941 1460
0.15623688697814941 1460
0.15623688697814941 1460
0.15670990943908691 1460
0.15670990943908691 1460
0.15670990943908691 1460
0.15670990943908691 1460
0.15670990943908691 1460
0.15670990943908691 1460
0.15670990943908691 1460
0.15781903266906738 1460
0.15781903266906738 1460
0.15781903266906738 1460
0.15781903266906738 1460
0.15781903266906738 1460
0.15929698944091797 1460
0.15929698944091797 1460
0.16435885429382324 1460
0.16435885429382324 1460
0.16435885429382324 1460
0.16435885429382324 1460
0.16435885429382324 1460
0.16435885429382324 1460
0.16435885429382324 1460
0.16435885429382324 1460
0.16666698455810547 1460
0.16666698455810547 1460
0.16666698455810547 1460
0.16666698455810547 1460
0.1684739589691162 1460
0.1684739589691162 1460
0.1697230339050293 1460
0.1697230339050293 1460
0.17010784149169922 1460
0.1716630458831787 1460
0.1716630458831787 1460
0.17206883430480957 1460
0.17206883430480957 1460
0.17400693893432617 1460
0.17400693893432617 1460
0.17714595794677734 1460
0.17714595794677734 1460
0.17714595794677734 1460
0.17714595794677734 1460
0.17714595794677734 1460
0.1784830093383789 1460
0.1788029670715332 1460
0.1788029670715332 1460
0.1807880401611328 1460
0.1807880401611328 1460
0.18148183822631836 1460
0.18148183822631836 1460
0.1947019100189209 1460
0.1947019100189209 1460
0.1947019100189209 1460
0.1947019100189209 1460
0.1947019100189209 1460
0.1947019100189209 1460
0.19531488418579102 1460
0.19531488418579102 1460
0.19580793380737305 1460
0.19580793380737305 1460
0.19751596450805664 1460
0.19751596450805664 1460
0.19902896881103516 1460
0.1994459629058838 1460
0.1994459629058838 1460
0.1994459629058838 1460
0.20097088813781738 1460
0.20136594772338867 1460
0.20136594772338867 1460
0.20136594772338867 1460
0.20328903198242188 1460
0.20328903198242188 1460
0.20462894439697266 1460
0.20462894439697266 1460
0.2053840160369873 1460
0.2053840160369873 1460
0.20675301551818848 1460
0.20799589157104492 1460
0.2084980010986328 1460
0.2099759578704834 1460
0.2099759578704834 1460
0.21144795417785645 1460
0.21144795417785645 1460
0.21177291870117188 1460
0.21177291870117188 1460
0.21362996101379395 1460
0.21362996101379395 1460
0.21932387351989746 1460
0.22083497047424316 1460
0.22083497047424316 1460
0.221235990524292 1460
0.22628498077392578 1460
0.22628498077392578 1460
0.22628498077392578 1460
0.22628498077392578 1460
0.22628498077392578 1460
0.22628498077392578 1460
0.22628498077392578 1460
0.22689199447631836 1460
0.22689199447631836 1460
0.2286360263824463 1460
0.22963690757751465 1460
0.22963690757751465 1460
0.2344050407409668 1460
0.2344050407409668 1460
0.23496389389038086 1460
0.23496389389038086 1460
0.2382349967956543 1460
0.2382349967956543 1460
0.24518895149230957 1460
0.24518895149230957 1460
0.2469499111175537 1460
0.2469499111175537 1460
0.2483689785003662 1460
0.2483689785003662 1460
0.24870991706848145 1460
0.24975800514221191 1460
0.25368285179138184 1460
0.25368285179138184 1460
0.25557494163513184 1460
0.2568240165710449 1460
0.2568240165710449 1460
0.2582409381866455 1460
0.2587299346923828 1460
0.2615969181060791 1460
0.26354384422302246 1460
0.26354384422302246 1460
0.26354384422302246 1460
0.26354384422302246 1460
0.26525187492370605 1460
0.26525187492370605 1460
0.26877403259277344 1460
0.26877403259277344 1460
0.26877403259277344 1460
0.26877403259277344 1460
0.2697880268096924 1460
0.2697880268096924 1460
0.2715718746185303 1460
0.2715718746185303 1460
0.2715718746185303 1460
0.2719459533691406 1460
0.2719459533691406 1460
0.2719459533691406 1460
0.2736070156097412 1460
0.2736070156097412 1460
0.2753598690032959 1460
0.2753598690032959 1460
0.2886679172515869 1460
0.2886679172515869 1460
0.29001283645629883 1460
0.29001283645629883 1460
0.29001283645629883 1460
0.29027605056762695 1460
0.29265594482421875 1460
0.29265594482421875 1460
0.2944049835205078 1460
0.2944049835205078 1460
0.29554295539855957 1460
0.29554295539855957 1460
0.2975649833679199 1460
0.29870104789733887 1460
0.3009328842163086 1460
0.3009328842163086 1460
0.3022928237915039 1460
0.3022928237915039 1460
0.30391693115234375 1460
0.30391693115234375 1460
0.3042929172515869 1460
0.3042929172515869 1460
0.30611491203308105 1460
0.30611491203308105 1460
0.30802392959594727 1460
0.30802392959594727 1460
0.3094618320465088 1460
0.3094618320465088 1460
0.3094618320465088 1460
0.3094618320465088 1460
0.3111579418182373 1460
0.3111579418182373 1460
0.3122889995574951 1460
0.3122889995574951 1460
0.31267595291137695 1460
0.31267595291137695 1460
0.3145790100097656 1460
0.3145790100097656 1460
0.31641292572021484 1460
0.31641292572021484 1460
0.3172638416290283 1460
0.3172638416290283 1460
0.3176429271697998 1460
0.31902384757995605 1460
0.31902384757995605 1460
0.3194258213043213 1460
0.32097601890563965 1460
0.32097601890563965 1460
0.32526493072509766 1460
0.32526493072509766 1460
0.32526493072509766 1460
0.32526493072509766 1460
0.3265390396118164 1460
0.32690882682800293 1460
0.32837700843811035 1460
0.32837700843811035 1460
0.32880592346191406 1460
0.32880592346191406 1460
0.3302018642425537 1460
0.3302018642425537 1460
0.33062100410461426 1460
0.33062100410461426 1460
0.3318610191345215 1460
0.332273006439209 1460
0.332273006439209 1460
0.332273006439209 1460
0.332273006439209 1460
0.3352019786834717 1460
0.3352019786834717 1460
0.3357088565826416 1460
0.3357088565826416 1460
0.33609890937805176 1460
0.33757805824279785 1460
0.3379859924316406 1460
0.3379859924316406 1460
0.3379859924316406 1460
0.33942103385925293 1460
0.33982205390930176 1460
0.33982205390930176 1460
0.3418149948120117 1460
0.3418149948120117 1460
0.3418149948120117 1460
0.3418149948120117 1460
0.345073938369751 1460
0.345073938369751 1460
0.36101293563842773 1460
0.36101293563842773 1460
0.36101293563842773 1460
0.36264991760253906 1460
0.36264991760253906 1460
0.36264991760253906 1460
0.36264991760253906 1460
0.366318941116333 1460
0.366318941116333 1460
0.3723750114440918 1460
0.3723750114440918 1460
0.3776679039001465 1460
0.3776679039001465 1460
0.3803858757019043 1460
0.3803858757019043 1460
0.3819918632507324 1460
0.3819918632507324 1460
0.38352489471435547 1460
0.38352489471435547 1460
0.38637590408325195 1460
0.38637590408325195 1460
0.38680005073547363 1460
0.38680005073547363 1460
0.39493584632873535 1460
0.39493584632873535 1460
0.3982880115509033 1460
0.3982880115509033 1460
0.39981985092163086 1460
0.39981985092163086 1460
0.39981985092163086 1460
0.39981985092163086 1460
0.39981985092163086 1460
0.39981985092163086 1460
0.4036219120025635 1460
0.4047369956970215 1460
0.4051058292388916 1460
0.4051058292388916 1460
0.40773582458496094 1460
0.40773582458496094 1460
0.42057299613952637 1460
0.42057299613952637 1460
0.4209449291229248 1460
0.4209449291229248 1460
0.4223058223724365 1460
0.4223058223724365 1460
0.4243929386138916 1460
0.4243929386138916 1460
0.4276130199432373 1460
0.4276130199432373 1460
0.4279959201812744 1460
0.4279959201812744 1460
0.43069887161254883 1460
0.43069887161254883 1460
0.43175482749938965 1460
0.43175482749938965 1460
0.4330918788909912 1460
0.4330918788909912 1460
0.4347808361053467 1460
0.4347808361053467 1460
0.43512701988220215 1460
0.4366269111633301 1460
0.44769787788391113 1460
0.44769787788391113 1460
0.45139288902282715 1460
0.45139288902282715 1460
0.4520139694213867 1460
0.4520139694213867 1460
0.4520139694213867 1460
0.4520139694213867 1460
0.4520139694213867 1460
0.4520139694213867 1460
0.4520139694213867 1460
0.4520139694213867 1460
0.45250582695007324 1460
0.45250582695007324 1460
0.45250582695007324 1460
0.45250582695007324 1460
0.45250582695007324 1460
0.45250582695007324 1460
0.4528329372406006 1460
0.4528329372406006 1460
0.453657865524292 1460
0.453657865524292 1460
0.453657865524292 1460
0.453657865524292 1460
0.453657865524292 1460
0.453657865524292 1460
0.4542360305786133 1460
0.4542360305786133 1460
0.4542360305786133 1460
0.4542360305786133 1460
0.4542360305786133 1460
0.45540404319763184 1460
0.45540404319763184 1460
0.45540404319763184 1460
0.45540404319763184 1460
0.45540404319763184 1460
0.4579780101776123 1460
0.4579780101776123 1460
0.4579780101776123 1460
0.4583859443664551 1460
0.45882487297058105 1460
0.45882487297058105 1460
0.4601879119873047 1460
0.4601879119873047 1460
0.4605748653411865 1460
0.4605748653411865 1460
0.4605748653411865 1460
0.4621429443359375 1460
0.4621429443359375 1460
0.46256184577941895 1460
0.46256184577941895 1460
0.472012996673584 1460
0.4729299545288086 1460
0.4755840301513672 1460
0.4755840301513672 1460
0.4755840301513672 1460
0.4755840301513672 1460
0.4755840301513672 1460
0.4755840301513672 1460
0.4763779640197754 1460
0.4763779640197754 1460
0.4763779640197754 1460
0.4763779640197754 1460
0.47737598419189453 1460
0.47737598419189453 1460
0.4815189838409424 1460
0.4815189838409424 1460
0.4815189838409424 1460
0.4815189838409424 1460
0.4829719066619873 1460
0.4832320213317871 1460
0.4832320213317871 1460
0.48432397842407227 1460
0.48432397842407227 1460
0.4847688674926758 1460
0.4847688674926758 1460
0.4862630367279053 1460
0.4862630367279053 1460
0.48853492736816406 1460
0.48853492736816406 1460
0.4900670051574707 1460
0.4900670051574707 1460
0.4927530288696289 1460
0.4927530288696289 1460
0.49445390701293945 1460
0.49445390701293945 1460
0.4957408905029297 1460
0.4957408905029297 1460
0.5101430416107178 1460
0.5101430416107178 1460
0.5114710330963135 1460
0.5114710330963135 1460
0.5123200416564941 1460
0.513422966003418 1460
0.513422966003418 1460
0.5137279033660889 1460
0.5137279033660889 1460
0.5168788433074951 1460
0.5182428359985352 1460
0.5247628688812256 1460
0.5247628688812256 1460
0.5247628688812256 1460
0.5247628688812256 1460
0.5247628688812256 1460
0.5247628688812256 1460
0.5247628688812256 1460
0.5301368236541748 1460
0.5301368236541748 1460
0.5317628383636475 1460
0.5317628383636475 1460
0.5322120189666748 1460
0.5322120189666748 1460
0.5331718921661377 1460
0.5331718921661377 1460
0.533519983291626 1460
0.535459041595459 1460
0.535459041595459 1460
0.535459041595459 1460
0.535459041595459 1460
0.536888837814331 1460
0.5372169017791748 1460
0.5372169017791748 1460
0.5391428470611572 1460
0.5391428470611572 1460
0.5406210422515869 1460
0.5406210422515869 1460
0.5410408973693848 1460
0.5425529479980469 1460
0.5429208278656006 1460
0.5429208278656006 1460
0.5448338985443115 1460
0.5460758209228516 1460
0.5463800430297852 1460
0.5463800430297852 1460
0.5516839027404785 1460
0.5516839027404785 1460
0.5546619892120361 1460
0.5546619892120361 1460
0.55765700340271 1460
0.5591568946838379 1460
0.5616059303283691 1460
0.5616059303283691 1460
0.5636930465698242 1460
0.5636930465698242 1460
0.5656759738922119 1460
0.5656759738922119 1460
0.5656759738922119 1460
0.5656759738922119 1460
0.5673849582672119 1460
0.5673849582672119 1460
0.5678079128265381 1460
0.5678079128265381 1460
0.5678079128265381 1460
0.5678079128265381 1460
0.5695488452911377 1460
0.5695488452911377 1460
0.5695488452911377 1460
0.5699179172515869 1460
0.5712180137634277 1460
0.5712180137634277 1460
0.5720310211181641 1460
0.5720310211181641 1460
0.5735650062561035 1460
0.5735650062561035 1460
0.5735650062561035 1460
0.5735650062561035 1460
0.5749340057373047 1460
0.5749340057373047 1460
0.5749340057373047 1460
0.5749340057373047 1460
0.5753459930419922 1460
0.5768148899078369 1460
0.5768148899078369 1460
0.5768148899078369 1460
0.5780808925628662 1460
0.5780808925628662 1460
0.5784668922424316 1460
0.5784668922424316 1460
0.5800719261169434 1460
0.5800719261169434 1460
0.5804450511932373 1460
0.5804450511932373 1460
0.58182692527771 1460
0.58182692527771 1460
0.5822269916534424 1460
0.5822269916534424 1460
0.5841319561004639 1460
0.5841319561004639 1460
0.5857398509979248 1460
0.5860528945922852 1460
0.5860528945922852 1460
0.5873489379882812 1460
0.5877878665924072 1460
0.5890848636627197 1460
0.5890848636627197 1460
0.5908548831939697 1460
0.5908548831939697 1460
0.594977855682373 1460
0.594977855682373 1460
0.5957870483398438 1460
0.5961909294128418 1460
0.5964410305023193 1460
0.5964410305023193 1460
0.5983128547668457 1460
0.5983128547668457 1460
0.5983128547668457 1460
0.5983128547668457 1460
0.5991709232330322 1460
0.5991709232330322 1460
0.5995528697967529 1460
0.5995528697967529 1460
0.6009650230407715 1460
0.6009650230407715 1460
0.6013329029083252 1460
0.6013329029083252 1460
0.6047208309173584 1460
0.6047208309173584 1460
0.6061580181121826 1460
0.6061580181121826 1460
0.6065428256988525 1460
0.6065428256988525 1460
0.609673023223877 1460
0.609673023223877 1460
0.6100459098815918 1460
0.6100459098815918 1460
0.611785888671875 1460
0.611785888671875 1460
0.6133270263671875 1460
0.6159570217132568 1460
0.6159570217132568 1460
0.618121862411499 1460
0.618121862411499 1460
0.6196279525756836 1460
0.6200659275054932 1460
0.6200659275054932 1460
0.6215758323669434 1460
0.6234378814697266 1460
0.6304910182952881 1460
0.6304910182952881 1460
