1049757
0.0 1460
0.02685689926147461 1460
0.02685689926147461 1460
0.026857852935791016 1460
0.034741878509521484 1460
0.03474283218383789 1460
0.03474283218383789 1460
0.0347440242767334 1460
0.0347440242767334 1437
0.06953787803649902 40
0.2983109951019287 1460
0.2983119487762451 1460
0.2983129024505615 1460
0.29831385612487793 1460
0.29831504821777344 1460
0.29831600189208984 1460
0.29831695556640625 1460
0.3046598434448242 1460
0.30466198921203613 1460
0.30466198921203613 1460
0.5441858768463135 1460
0.7244658470153809 1460
0.7244670391082764 1460
0.7244679927825928 1460
0.7244689464569092 1460
0.7530269622802734 1460
0.7530269622802734 1460
0.7530279159545898 1460
0.7530279159545898 1460
0.7530288696289062 1460
0.757875919342041 1460
0.757875919342041 1460
0.7810280323028564 1460
0.7825078964233398 1460
0.7825088500976562 1460
0.7825100421905518 1460
0.7825100421905518 1460
0.8112659454345703 1460
0.8112678527832031 1460
0.8112709522247314 1460
0.8112719058990479 1460
0.8208169937133789 1460
0.8208179473876953 1460
0.8412058353424072 1460
0.8412058353424072 1460
0.8430719375610352 1460
0.8430719375610352 1460
0.8430719375610352 1460
0.8561608791351318 1460
0.8561618328094482 1460
0.8595960140228271 1460
0.8717198371887207 1460
0.8808300495147705 1460
0.8897249698638916 1460
0.889725923538208 1460
0.9135768413543701 1460
0.9135780334472656 1460
0.9669249057769775 1460
0.966925859451294 1460
0.9669418334960938 1460
0.9669418334960938 1460
0.9669418334960938 1460
0.9669430255889893 1460
0.9669430255889893 1460
0.9669439792633057 1460
0.9669449329376221 1460
0.9669449329376221 1460
0.9994618892669678 1460
0.9994628429412842 1460
0.9994659423828125 1460
0.9994659423828125 1460
0.9994668960571289 1460
0.9994668960571289 1460
1.009361982345581 1460
1.009361982345581 1460
1.009361982345581 1460
1.0093629360198975 1460
1.0256030559539795 1460
1.0256030559539795 1460
1.025604009628296 1460
1.025604009628296 1460
1.025604009628296 1460
1.0320029258728027 1460
1.0400969982147217 1460
1.0400969982147217 1460
1.040097951889038 1460
1.040097951889038 1460
1.0507009029388428 1460
1.0507009029388428 1460
1.0507018566131592 1460
1.0586400032043457 1460
1.058640956878662 1460
1.058640956878662 1460
1.0669379234313965 1460
1.0669379234313965 1460
1.066938877105713 1460
1.066938877105713 1460
1.0911238193511963 1460
1.0911238193511963 1460
1.0911250114440918 1460
1.0911259651184082 1460
1.0911259651184082 1460
1.0911269187927246 1460
1.0958600044250488 1460
1.0958609580993652 1460
1.0958609580993652 1460
1.0958619117736816 1460
1.1184618473052979 1460
1.1184630393981934 1460
1.1184630393981934 1460
1.1184639930725098 1460
1.1184639930725098 1460
1.1184649467468262 1460
1.1263139247894287 1460
1.1263148784637451 1460
1.1263148784637451 1460
1.1263158321380615 1460
1.152575969696045 1460
1.1525769233703613 1460
1.1534779071807861 1460
1.1534788608551025 1460
1.1534788608551025 1460
1.153480052947998 1460
1.1534810066223145 1460
1.1593060493469238 1460
1.3477919101715088 1460
1.3477928638458252 1460
1.3478038311004639 1460
1.3478050231933594 1460
1.3478059768676758 1460
1.3478069305419922 1460
1.3478078842163086 1460
1.347808837890625 1460
1.3478100299835205 1460
1.3495910167694092 1460
1.3797650337219238 1460
1.3797659873962402 1460
1.3797659873962402 1460
1.3797669410705566 1460
1.389704942703247 1460
1.3897058963775635 1460
1.3897058963775635 1460
1.3897068500518799 1460
1.4166688919067383 1460
1.4166698455810547 1460
1.4166698455810547 1460
1.4166698455810547 1460
1.425818920135498 1460
1.4258198738098145 1460
1.4258198738098145 1460
1.4258208274841309 1460
1.4499218463897705 1460
1.449923038482666 1460
1.4499239921569824 1460
1.4499249458312988 1460
1.453984022140503 1460
1.4539849758148193 1460
1.4539859294891357 1460
1.4539899826049805 1460
1.479707956314087 1460
1.479707956314087 1460
1.4797089099884033 1460
1.4797089099884033 1460
1.48350191116333 1460
1.4835059642791748 1460
1.4835078716278076 1460
1.483508825302124 1460
1.5364840030670166 1460
1.536484956741333 1460
1.536484956741333 1460
1.536484956741333 1460
1.5364859104156494 1460
1.5659639835357666 1460
1.565964937210083 1460
1.5659658908843994 1460
1.5659668445587158 1460
1.5659680366516113 1460
1.5906448364257812 1460
1.5906460285186768 1460
1.5906469821929932 1460
1.5906469821929932 1460
1.5906479358673096 1460
1.6205189228057861 1460
1.6205198764801025 1460
1.620520830154419 1460
1.6205220222473145 1460
1.6205229759216309 1460
1.6205239295959473 1460
1.7392909526824951 1460
1.7393178939819336 1460
1.7397868633270264 1460
1.7397880554199219 1460
1.7397890090942383 1460
1.7397899627685547 1460
1.7397918701171875 1460
1.739792823791504 1460
1.7699389457702637 1460
1.7699449062347412 1460
1.7699458599090576 1460
1.7699508666992188 1460
1.7793169021606445 1460
1.7793190479278564 1460
1.7793190479278564 1460
1.7793200016021729 1460
1.8094160556793213 1460
1.809417963027954 1460
1.8094189167022705 1460
1.8094189167022705 1460
1.8403739929199219 1460
1.8403739929199219 1460
1.8403749465942383 1460
1.8716869354248047 1460
1.8716888427734375 1460
1.871690034866333 1460
1.8732209205627441 1460
1.8981578350067139 1460
1.8981590270996094 1460
1.8998548984527588 1460
1.8998548984527588 1460
2.0012829303741455 1460
2.047773838043213 1460
2.0754899978637695 1460
2.080806016921997 1460
2.109311819076538 1460
2.1093130111694336 1460
2.1366050243377686 1460
2.136605978012085 1460
2.136608839035034 1460
2.166105031967163 1460
2.1661059856414795 1460
2.166106939315796 1460
2.1661078929901123 1460
2.2024378776550293 1460
2.2024388313293457 1460
2.202440023422241 1460
2.202440023422241 1460
2.235067844390869 1460
2.235069990158081 1460
2.2350709438323975 1460
2.2350709438323975 1460
2.396185874938965 1460
2.4240128993988037 1460
2.42401385307312 1460
2.42401385307312 1460
2.4240150451660156 1460
2.4270389080047607 1460
2.437966823577881 1460
2.4530069828033447 1460
2.4530069828033447 1460
2.4556620121002197 1460
2.4556639194488525 1460
2.461761951446533 1460
2.4688148498535156 1460
2.483881950378418 1460
2.4838829040527344 1460
2.492002010345459 1460
2.492002010345459 1460
2.4964699745178223 1460
2.4964728355407715 1460
2.511673927307129 1460
2.5116748809814453 1460
2.521646022796631 1460
2.5216469764709473 1460
2.526732921600342 1460
2.526733875274658 1460
2.5833539962768555 1460
2.583354949951172 1460
2.6134469509124756 1460
2.6134469509124756 1460
2.6469130516052246 1460
2.646914005279541 1460
2.6469149589538574 1460
2.6722090244293213 1460
2.6722099781036377 1460
2.682420015335083 1460
2.682421922683716 1460
2.7924859523773193 1460
2.7963039875030518 1460
2.796304941177368 1460
2.7963058948516846 1460
2.7963318824768066 1460
2.796332836151123 1460
2.8277199268341064 1460
2.827720880508423 1460
2.8277230262756348 1460
2.8277928829193115 1460
2.8322808742523193 1460
2.8598320484161377 1460
2.859833002090454 1460
2.859837055206299 1460
2.8598380088806152 1460
2.8686869144439697 1460
2.868687868118286 1460
2.868687868118286 1460
2.8686888217926025 1460
2.8686888217926025 1460
2.868690013885498 1460
2.895598888397217 1460
2.895599842071533 1460
2.8956010341644287 1460
2.895601987838745 1460
2.8956029415130615 1460
2.895603895187378 1460
2.8956048488616943 1460
2.899099826812744 1460
2.899101972579956 1460
2.8991029262542725 1460
2.9233648777008057 1460
2.923365831375122 1460
2.923365831375122 1460
2.9233670234680176 1460
2.9233670234680176 1460
2.923367977142334 1460
2.927000045776367 1460
2.9270009994506836 1460
2.927001953125 1460
2.927001953125 1460
2.960247039794922 1460
2.9602479934692383 1460
2.9602479934692383 1460
2.969472885131836 1460
2.969475030899048 1460
2.969475030899048 1460
2.9694759845733643 1460
2.9694759845733643 1460
2.9694769382476807 1460
2.969477891921997 1460
3.0070438385009766 1460
3.0070438385009766 1460
3.0070998668670654 1460
3.007100820541382 1460
3.007100820541382 1460
3.0071020126342773 1460
3.0071020126342773 1460
3.0071029663085938 1460
3.0071029663085938 1460
3.0071029663085938 1460
3.03804087638855 1460
3.038041830062866 1460
3.038041830062866 1460
3.0380430221557617 1460
3.0380449295043945 1460
3.0648820400238037 1460
3.06488299369812 1460
3.0648839473724365 1460
3.0648839473724365 1460
3.064884901046753 1460
3.093142032623291 1460
3.093142032623291 1460
3.0931429862976074 1460
3.0931429862976074 1460
3.093143939971924 1460
3.0986359119415283 1460
3.0986368656158447 1460
3.0986368656158447 1460
3.0986368656158447 1460
3.098637819290161 1460
3.123422861099243 1460
3.1234240531921387 1460
3.1234240531921387 1460
3.123425006866455 1460
3.127032995223999 1460
3.1270370483398438 1460
3.1270370483398438 1460
3.129520893096924 1460
3.1295218467712402 1460
3.1295230388641357 1460
3.1515069007873535 1460
3.153377056121826 1460
3.1533780097961426 1460
3.1533780097961426 1460
3.156147003173828 1460
3.1561479568481445 1460
3.156151056289673 1460
3.156151056289673 1460
3.1561520099639893 1460
3.1561529636383057 1460
3.1825149059295654 1460
3.182515859603882 1460
3.1825180053710938 1460
3.1825199127197266 1460
3.184332847595215 1460
3.184332847595215 1460
3.1843340396881104 1460
3.1843349933624268 1460
3.186952829360962 1460
3.1869540214538574 1460
3.210392951965332 1460
3.210392951965332 1460
3.2103939056396484 1460
3.2103939056396484 1460
3.2103960514068604 1460
3.2103970050811768 1460
3.2103970050811768 1460
3.2103970050811768 1460
3.2204489707946777 1460
3.2204489707946777 1460
3.2382519245147705 1460
3.2382519245147705 1460
3.238252878189087 1460
3.2382538318634033 1460
3.2382538318634033 1460
3.238255023956299 1460
3.2382559776306152 1460
3.2382559776306152 1460
3.258723020553589 1460
3.258723020553589 1460
3.4443228244781494 1460
3.444324016571045 1460
3.4443249702453613 1460
3.4443249702453613 1460
3.4443259239196777 1460
3.4443259239196777 1460
3.444326877593994 1460
3.4443278312683105 1460
3.4844019412994385 1460
3.484402894973755 1460
3.4844038486480713 1460
3.4844038486480713 1460
3.4913148880004883 1460
3.4913148880004883 1460
3.4913158416748047 1460
3.4913158416748047 1460
3.515810012817383 1460
3.515810966491699 1460
3.515810966491699 1460
3.5245168209075928 1460
3.5245180130004883 1460
3.5245189666748047 1460
3.5245189666748047 1460
3.5464210510253906 1460
3.546422004699707 1460
3.546422004699707 1460
3.550367832183838 1460
3.5503690242767334 1460
3.55036997795105 1460
3.550370931625366 1460
3.5503718852996826 1460
3.6309268474578857 1460
3.632460832595825 1460
3.6324620246887207 1460
3.632462978363037 1460
3.6324868202209473 1460
3.6728968620300293 1460
3.672898054122925 1460
3.672899007797241 1460
3.672899007797241 1460
3.6728999614715576 1460
3.7002809047698975 1460
3.700281858444214 1460
3.700284004211426 1460
3.700284957885742 1460
3.700284957885742 1460
3.7038629055023193 1460
3.726085901260376 1460
3.726085901260376 1460
3.7260868549346924 1460
3.7260868549346924 1460
3.727911949157715 1460
3.727911949157715 1460
3.8393168449401855 1460
3.839318037033081 1460
3.839318037033081 1460
3.8393189907073975 1460
3.8397598266601562 1460
3.8397610187530518 1460
3.848031997680664 1460
3.8685879707336426 1460
3.868588924407959 1460
3.8700928688049316 1460
3.8700928688049316 1460
3.870093822479248 1460
3.8768608570098877 1460
3.8953659534454346 1460
3.8953659534454346 1460
3.903856039047241 1460
3.9038569927215576 1460
3.9038589000701904 1460
3.903859853744507 1460
3.910240888595581 1460
3.9328298568725586 1460
3.932831048965454 1460
3.9369590282440186 1460
3.936959981918335 1460
3.9369609355926514 1460
3.9457638263702393 1460
3.9457638263702393 1460
3.9457650184631348 1460
3.960479974746704 1460
3.960479974746704 1460
3.9857559204101562 1460
3.9857559204101562 1460
3.9857778549194336 1460
3.985779047012329 1460
3.985779047012329 1460
3.9857800006866455 1460
4.026484966278076 1460
4.026484966278076 1460
4.035646915435791 1460
4.035647869110107 1460
4.035647869110107 1460
4.035648822784424 1460
4.035648822784424 1460
4.035650014877319 1460
4.059578895568848 1460
4.059579849243164 1460
4.059579849243164 1460
4.05958104133606 1460
4.05958104133606 1460
4.059581995010376 1460
4.087568044662476 1460
4.087568998336792 1460
4.087568998336792 1460
4.087569952011108 1460
4.087569952011108 1460
4.087570905685425 1460
4.115993022918701 1460
4.115993976593018 1460
4.115993976593018 1460
4.117807865142822 1460
4.117808818817139 1460
4.117808818817139 1460
4.117808818817139 1460
4.144973039627075 1460
4.1492698192596436 1460
4.1492698192596436 1460
4.149271011352539 1460
4.149271011352539 1460
4.149276971817017 1460
4.174054861068726 1460
4.174057960510254 1460
4.17405891418457 1460
4.17405891418457 1460
4.174059867858887 1460
4.174060821533203 1460
4.174060821533203 1460
4.198706865310669 1460
4.198706865310669 1460
4.198707818984985 1460
4.198709011077881 1460
4.198709964752197 1460
4.198710918426514 1460
4.2018890380859375 1460
4.225553035736084 1460
4.2255539894104 1460
4.225584983825684 1460
4.231513023376465 1460
4.231514930725098 1460
4.231515884399414 1460
4.2315168380737305 1460
4.258699893951416 1460
4.258699893951416 1460
4.258700847625732 1460
4.258700847625732 1460
4.258700847625732 1460
4.262720823287964 1460
4.262722015380859 1460
4.299295902252197 1460
4.299296855926514 1460
4.299296855926514 1460
4.299296855926514 1460
4.299298048019409 1460
4.299298048019409 1460
4.299298048019409 1460
4.299299001693726 1460
4.494464874267578 1460
4.4944658279418945 1460
4.4944658279418945 1460
4.49446702003479 1460
4.4944679737091064 1460
4.494468927383423 1460
4.494468927383423 1460
4.494469881057739 1460
4.494470834732056 1460
4.551483869552612 1460
4.551484823226929 1460
4.551484823226929 1460
4.551486015319824 1460
4.551486015319824 1460
4.551486968994141 1460
4.551486968994141 1460
4.551491022109985 1460
4.580688953399658 1460
4.580689907073975 1460
4.582167863845825 1460
4.582169055938721 1460
4.5821709632873535 1460
4.58217191696167 1460
4.611207008361816 1460
4.611208915710449 1460
4.611209869384766 1460
4.617589950561523 1460
4.61759090423584 1460
4.617591857910156 1460
4.617593050003052 1460
4.644947052001953 1460
4.644947052001953 1460
4.647848844528198 1460
4.64785099029541 1460
4.64785099029541 1460
4.647851943969727 1460
4.647852897644043 1460
4.675685882568359 1460
4.675686836242676 1460
4.675688982009888 1460
4.6796228885650635 1460
4.67962384223938 1460
4.679625034332275 1460
4.679625988006592 1460
4.705867052078247 1460
4.7058680057525635 1460
4.705878973007202 1460
4.7058799266815186 1460
4.7058799266815186 1460
4.707118988037109 1460
4.707119941711426 1460
4.707120895385742 1460
4.732091903686523 1460
4.732091903686523 1460
4.73209285736084 1460
4.73209285736084 1460
4.735071897506714 1460
4.73507285118103 1460
4.735074043273926 1460
4.735074043273926 1460
4.758527040481567 1460
4.7585289478302 1460
4.758529901504517 1460
4.758529901504517 1460
4.762285947799683 1460
4.762286901473999 1460
4.762287855148315 1460
4.762287855148315 1460
4.885201930999756 1460
4.885202884674072 1460
4.885203838348389 1460
4.885203838348389 1460
4.8852150440216064 1460
4.885217905044556 1460
4.885218858718872 1460
4.885218858718872 1460
4.885220050811768 1460
4.915532827377319 1460
4.915534019470215 1460
4.918210029602051 1460
4.918210029602051 1460
4.918210983276367 1460
4.918211936950684 1460
4.918211936950684 1460
4.918212890625 1460
4.943542957305908 1460
4.943553924560547 1460
4.943553924560547 1460
4.943554878234863 1460
4.950417995452881 1460
4.950418949127197 1460
4.972563982009888 1460
4.972563982009888 1460
4.972564935684204 1460
4.981217861175537 1460
4.981219053268433 1460
4.981219053268433 1460
4.981219053268433 1460
5.01612401008606 1460
5.044061899185181 1460
5.071943998336792 1460
5.071943998336792 1460
5.071945905685425 1460
5.071945905685425 1460
5.071946859359741 1460
5.079133987426758 1460
5.079133987426758 1460
5.111516952514648 1460
5.111516952514648 1460
5.12025785446167 1460
5.120259046554565 1460
5.120260000228882 1460
5.142081022262573 1460
5.14208197593689 1460
5.148306846618652 1460
5.153226852416992 1460
5.153226852416992 1460
5.153228044509888 1460
5.18115496635437 1460
5.183559894561768 1460
5.183559894561768 1460
5.183560848236084 1460
5.211611032485962 1460
5.211611032485962 1460
5.217648029327393 1460
5.217648983001709 1460
5.217649936676025 1460
5.238601922988892 1460
5.24545693397522 1460
5.247441053390503 1460
5.247442007064819 1460
5.247442007064819 1460
5.272253036499023 1460
5.273735046386719 1460
5.280078887939453 1460
5.2800798416137695 1460
5.2800798416137695 1460
5.3005218505859375 1460
5.300528049468994 1460
5.307920932769775 1460
5.307920932769775 1460
5.309396982192993 1460
5.348197937011719 1460
5.348197937011719 1460
5.348209857940674 1460
5.348211050033569 1460
5.3482208251953125 1460
5.348222017288208 1460
5.544688940048218 1460
5.544688940048218 1460
5.544689893722534 1460
5.544689893722534 1460
5.544692039489746 1460
5.544692039489746 1460
5.5446929931640625 1460
