1050000
0.0 1500
0.0007970333099365234 1500
0.0021979808807373047 1500
0.0021979808807373047 1500
0.002804994583129883 1500
0.004662036895751953 1500
0.004662036895751953 1500
0.004662036895751953 1500
0.006679058074951172 1500
0.007012128829956055 1500
0.007012128829956055 1500
0.007834196090698242 1500
0.008726119995117188 1500
0.009694099426269531 1500
0.009694099426269531 1500
0.01058197021484375 1500
0.011831998825073242 1500
0.011831998825073242 1500
0.012858152389526367 1500
0.015423059463500977 1500
0.015423059463500977 1500
0.015423059463500977 1500
0.015887975692749023 1500
0.016784191131591797 1500
0.016784191131591797 1500
0.017911195755004883 1500
0.018870115280151367 1500
0.019989967346191406 1500
0.019989967346191406 1500
0.02083301544189453 1500
0.021995067596435547 1500
0.022816181182861328 1500
0.022816181182861328 1500
0.02365899085998535 1500
0.024682044982910156 1500
0.024682044982910156 1500
0.025887012481689453 1500
0.02662801742553711 1500
0.02759099006652832 1500
0.02759099006652832 1500
0.0290071964263916 1500
0.029743194580078125 1500
0.029743194580078125 1500
0.030647993087768555 1500
0.03170514106750488 1500
0.032935142517089844 1500
0.032935142517089844 1500
0.03360104560852051 1500
0.03557419776916504 1500
0.03579902648925781 1500
0.03579902648925781 1500
0.036772966384887695 1500
0.03786516189575195 1500
0.03786516189575195 1500
0.03876209259033203 1500
0.040032148361206055 1500
0.0406341552734375 1500
0.0406341552734375 1500
0.04267716407775879 1500
0.04308915138244629 1500
0.04308915138244629 1500
0.043836116790771484 1500
0.04467415809631348 1500
0.04575800895690918 1500
0.0457761287689209 1500
0.046949148178100586 1500
0.047654151916503906 1500
0.047654151916503906 1500
0.04882407188415527 1500
0.049935102462768555 1500
0.05084109306335449 1500
0.05084109306335449 1500
0.05169105529785156 1500
0.05263710021972656 1500
0.053652048110961914 1500
0.053652048110961914 1500
0.05488109588623047 1500
0.05603313446044922 1500
0.05603313446044922 1500
0.056626081466674805 1500
0.05770301818847656 1500
0.05892300605773926 1500
0.05892300605773926 1500
0.05970501899719238 1500
0.060781002044677734 1500
0.060781002044677734 1500
0.06185412406921387 1500
0.0626680850982666 1500
0.0638570785522461 1500
0.06396603584289551 1500
0.06498003005981445 1500
0.06564903259277344 1500
0.06660008430480957 1500
0.06660008430480957 1500
0.06807518005371094 1500
0.06867718696594238 1500
0.06867718696594238 1500
0.06964612007141113 1500
0.07076096534729004 1500
0.07183408737182617 1500
0.07183408737182617 1500
0.07278108596801758 1500
0.07362103462219238 1500
0.07362103462219238 1500
0.07470297813415527 1500
0.07573318481445312 1500
0.07669997215270996 1500
0.07669997215270996 1500
0.0775749683380127 1500
0.07891011238098145 1500
0.07972311973571777 1500
0.07972311973571777 1500
0.08128118515014648 1500
0.08185219764709473 1500
0.08185219764709473 1500
0.08290219306945801 1500
0.08388113975524902 1500
0.08525204658508301 1500
0.08525204658508301 1500
0.08580613136291504 1500
0.08684706687927246 1500
0.08696103096008301 1500
0.08799600601196289 1500
0.08873701095581055 1500
0.08981609344482422 1500
0.08981609344482422 1500
0.09112215042114258 1500
0.09192705154418945 1500
0.09287405014038086 1500
0.09287405014038086 1500
0.09387707710266113 1500
0.09483814239501953 1500
0.09483814239501953 1500
0.09587717056274414 1500
0.0967400074005127 1500
0.09796714782714844 1500
0.09796714782714844 1500
0.09883713722229004 1500
0.09976696968078613 1500
0.09976696968078613 1500
0.1007239818572998 1500
0.10248398780822754 1500
0.10283613204956055 1500
0.10283613204956055 1500
0.1038510799407959 1500
0.10478615760803223 1500
0.10564899444580078 1500
0.10564899444580078 1500
0.10663414001464844 1500
0.10790205001831055 1500
0.10790205001831055 1500
0.10881900787353516 1500
0.11001896858215332 1500
0.11088204383850098 1500
0.11088204383850098 1500
0.11188507080078125 1500
0.11280703544616699 1500
0.11280703544616699 1500
0.1139681339263916 1500
0.11500310897827148 1500
0.11564302444458008 1500
0.11564302444458008 1500
0.11684918403625488 1500
0.11775016784667969 1500
0.11882305145263672 1500
0.11882305145263672 1500
0.11977219581604004 1500
0.12110614776611328 1500
0.12110614776611328 1500
0.1219329833984375 1500
0.1228780746459961 1500
0.12376904487609863 1500
0.12376904487609863 1500
0.12485909461975098 1500
0.12597417831420898 1500
0.12597417831420898 1500
0.12667202949523926 1500
0.12830901145935059 1500
0.1287691593170166 1500
0.1287691593170166 1500
0.13018107414245605 1500
0.13062214851379395 1500
0.1319420337677002 1500
0.1319420337677002 1500
0.13322019577026367 1500
0.13392305374145508 1500
0.13392305374145508 1500
0.13479018211364746 1500
0.1369030475616455 1500
0.1369030475616455 1500
0.1369030475616455 1500
0.13805198669433594 1500
0.13865900039672852 1500
0.13865900039672852 1500
0.14014816284179688 1500
0.14068102836608887 1500
0.14193415641784668 1500
0.14193415641784668 1500
0.14278316497802734 1500
0.14394903182983398 1500
0.14502406120300293 1500
0.14502406120300293 1500
0.14598917961120605 1500
0.146806001663208 1500
0.146806001663208 1500
0.14807915687561035 1500
0.14861702919006348 1500
0.14987802505493164 1500
0.1499931812286377 1500
0.1512601375579834 1500
0.1521131992340088 1500
0.1521131992340088 1500
0.15306806564331055 1500
0.15407109260559082 1500
0.1547989845275879 1500
0.1547989845275879 1500
0.15589499473571777 1500
0.15681719779968262 1500
0.15810203552246094 1500
0.15810203552246094 1500
0.15882396697998047 1500
0.16010499000549316 1500
0.16010499000549316 1500
0.16117501258850098 1500
0.16277098655700684 1500
0.16277098655700684 1500
0.16277098655700684 1500
0.1638641357421875 1500
0.1647961139678955 1500
0.1647961139678955 1500
0.1660480499267578 1500
0.16678118705749512 1500
0.16780400276184082 1500
0.16780400276184082 1500
0.16884398460388184 1500
0.16989803314208984 1500
0.17069101333618164 1500
0.17069101333618164 1500
0.1719951629638672 1500
0.1727750301361084 1500
0.1727750301361084 1500
0.17379307746887207 1500
0.1748671531677246 1500
0.1757810115814209 1500
0.1757810115814209 1500
0.17689013481140137 1500
0.177962064743042 1500
0.177962064743042 1500
0.1790921688079834 1500
0.17989897727966309 1500
0.18086600303649902 1500
0.18086600303649902 1500
0.1818830966949463 1500
0.1828320026397705 1500
0.1839771270751953 1500
0.1839771270751953 1500
0.18484902381896973 1500
0.18582415580749512 1500
0.18582415580749512 1500
0.1870131492614746 1500
0.18790316581726074 1500
0.18903017044067383 1500
0.18903017044067383 1500
0.19016098976135254 1500
0.19082903861999512 1500
0.19082903861999512 1500
0.19203805923461914 1500
0.19301819801330566 1500
0.19394516944885254 1500
0.19394516944885254 1500
0.1947951316833496 1500
0.19578003883361816 1500
0.19682097434997559 1500
0.19682097434997559 1500
0.19780206680297852 1500
0.19898700714111328 1500
0.19898700714111328 1500
0.19989418983459473 1500
0.20081305503845215 1500
0.20206308364868164 1500
0.20206308364868164 1500
0.2029881477355957 1500
0.20398402214050293 1500
0.20398402214050293 1500
0.20499801635742188 1500
0.2058091163635254 1500
0.20688319206237793 1500
0.20688319206237793 1500
0.20781517028808594 1500
0.20885801315307617 1500
0.21089911460876465 1500
0.21089911460876465 1500
0.21089911460876465 1500
0.21203207969665527 1500
0.21203207969665527 1500
0.21304011344909668 1500
0.2142620086669922 1500
0.21504807472229004 1500
0.21504807472229004 1500
0.21584105491638184 1500
0.2171180248260498 1500
0.2171180248260498 1500
0.21791696548461914 1500
0.21880602836608887 1500
0.22003698348999023 1500
0.22003698348999023 1500
0.22084617614746094 1500
0.2229011058807373 1500
0.2229011058807373 1500
0.2229011058807373 1500
0.22370600700378418 1500
0.22465896606445312 1500
0.22465896606445312 1500
0.22569513320922852 1500
0.22682809829711914 1500
0.2277851104736328 1500
0.2277851104736328 1500
0.22866606712341309 1500
0.22996306419372559 1500
0.22996306419372559 1500
0.2310190200805664 1500
0.23203015327453613 1500
0.23288512229919434 1500
0.23288512229919434 1500
0.23492217063903809 1500
0.23492217063903809 1500
0.23492217063903809 1500
0.23608708381652832 1500
0.23698902130126953 1500
0.23780202865600586 1500
0.23780202865600586 1500
0.23909401893615723 1500
0.23979401588439941 1500
0.24061203002929688 1500
0.24061203002929688 1500
0.24199318885803223 1500
0.24288296699523926 1500
0.24288296699523926 1500
0.24389314651489258 1500
0.24464917182922363 1500
0.24580001831054688 1500
0.24580001831054688 1500
0.24700498580932617 1500
0.24782419204711914 1500
0.24782419204711914 1500
0.24875712394714355 1500
0.24987196922302246 1500
0.25087809562683105 1500
0.25087809562683105 1500
0.25180602073669434 1500
0.2529621124267578 1500
0.25368809700012207 1500
0.25368809700012207 1500
0.2547121047973633 1500
0.25563502311706543 1500
0.25563502311706543 1500
0.25677013397216797 1500
0.25760698318481445 1500
0.25882506370544434 1500
0.25882506370544434 1500
0.26053810119628906 1500
0.2607300281524658 1500
0.2607300281524658 1500
0.26175498962402344 1500
0.26263999938964844 1500
0.263883113861084 1500
0.263883113861084 1500
0.26494598388671875 1500
0.2657279968261719 1500
0.2666471004486084 1500
0.2666471004486084 1500
0.2679750919342041 1500
0.2686481475830078 1500
0.2686481475830078 1500
0.2697420120239258 1500
0.2706131935119629 1500
0.271806001663208 1500
0.271806001663208 1500
0.27289915084838867 1500
0.27387499809265137 1500
0.27387499809265137 1500
0.27498316764831543 1500
0.2758140563964844 1500
0.2767961025238037 1500
0.2767961025238037 1500
0.2777822017669678 1500
0.2786710262298584 1500
0.2800130844116211 1500
0.2800130844116211 1500
0.28110504150390625 1500
0.28197312355041504 1500
0.28197312355041504 1500
0.282818078994751 1500
0.2841219902038574 1500
0.2848091125488281 1500
0.2848091125488281 1500
0.28580713272094727 1500
0.2867610454559326 1500
0.2867610454559326 1500
0.2877941131591797 1500
0.28897905349731445 1500
0.29016613960266113 1500
0.29016613960266113 1500
0.2907710075378418 1500
0.2921271324157715 1500
0.2929561138153076 1500
0.2929561138153076 1500
0.2936391830444336 1500
0.29525303840637207 1500
0.29525303840637207 1500
0.29686498641967773 1500
0.29686498641967773 1500
0.29783010482788086 1500
0.29783010482788086 1500
0.298781156539917 1500
0.3001291751861572 1500
0.3001291751861572 1500
0.3006861209869385 1500
0.3021509647369385 1500
0.303145170211792 1500
0.303145170211792 1500
0.3038170337677002 1500
0.3047161102294922 1500
0.3059120178222656 1500
0.3059120178222656 1500
0.30677008628845215 1500
0.3078031539916992 1500
0.3078031539916992 1500
0.30889415740966797 1500
0.3098289966583252 1500
0.31086015701293945 1500
0.31086015701293945 1500
0.31203413009643555 1500
0.31277012825012207 1500
0.31277012825012207 1500
0.3138911724090576 1500
0.3147740364074707 1500
0.31585001945495605 1500
0.31585001945495605 1500
0.31688618659973145 1500
0.31767797470092773 1500
0.3197650909423828 1500
0.3197650909423828 1500
0.3211710453033447 1500
0.3211710453033447 1500
0.3211710453033447 1500
0.32227396965026855 1500
0.3226590156555176 1500
0.3239281177520752 1500
0.3239281177520752 1500
0.32480502128601074 1500
0.32578301429748535 1500
0.32578301429748535 1500
0.32707905769348145 1500
0.32778215408325195 1500
0.32871508598327637 1500
0.32871508598327637 1500
0.33256006240844727 1500
0.33256006240844727 1500
0.33256006240844727 1500
0.33256006240844727 1500
0.3326880931854248 1500
0.3359050750732422 1500
0.3359050750732422 1500
0.3359050750732422 1500
0.3359050750732422 1500
0.33727097511291504 1500
0.33727097511291504 1500
0.3388991355895996 1500
0.3388991355895996 1500
0.3388991355895996 1500
0.3398740291595459 1500
0.3407120704650879 1500
0.3419160842895508 1500
0.3419160842895508 1500
0.34258604049682617 1500
0.34369897842407227 1500
0.3456230163574219 1500
0.3456230163574219 1500
0.3457009792327881 1500
0.34710097312927246 1500
0.34710097312927246 1500
0.3481161594390869 1500
0.3486330509185791 1500
0.3508620262145996 1500
0.3508620262145996 1500
0.3509790897369385 1500
0.3518331050872803 1500
0.3518331050872803 1500
0.35291218757629395 1500
0.35367417335510254 1500
0.35479211807250977 1500
0.35479211807250977 1500
0.3558011054992676 1500
0.35695815086364746 1500
0.357666015625 1500
0.35862207412719727 1500
0.35862207412719727 1500
0.3598001003265381 1500
0.3598001003265381 1500
0.3607921600341797 1500
0.3620471954345703 1500
0.3632020950317383 1500
0.3632020950317383 1500
0.3638119697570801 1500
0.3651301860809326 1500
0.3651301860809326 1500
0.36571216583251953 1500
0.3667631149291992 1500
0.3681950569152832 1500
0.3681950569152832 1500
0.3688380718231201 1500
0.3698091506958008 1500
0.3707551956176758 1500
0.3707551956176758 1500
0.3717670440673828 1500
0.3728201389312744 1500
0.3728201389312744 1500
0.37395811080932617 1500
0.37488508224487305 1500
0.3761730194091797 1500
0.3761730194091797 1500
0.3769841194152832 1500
0.3781709671020508 1500
0.3781709671020508 1500
0.3787109851837158 1500
0.37957215309143066 1500
0.38098812103271484 1500
0.38098812103271484 1500
0.3819701671600342 1500
0.3826141357421875 1500
0.3826141357421875 1500
0.3836519718170166 1500
0.3860340118408203 1500
0.3860340118408203 1500
0.3860340118408203 1500
0.3867621421813965 1500
0.38783812522888184 1500
0.3887171745300293 1500
0.3887171745300293 1500
0.38971400260925293 1500
0.3907470703125 1500
0.3907470703125 1500
0.3917551040649414 1500
0.39285707473754883 1500
0.394301176071167 1500
0.394301176071167 1500
0.3949770927429199 1500
0.3958170413970947 1500
0.3958170413970947 1500
0.39689111709594727 1500
0.3987870216369629 1500
0.3987870216369629 1500
0.3987870216369629 1500
0.4003431797027588 1500
0.4006311893463135 1500
0.4019629955291748 1500
0.4019629955291748 1500
0.4035181999206543 1500
0.4035770893096924 1500
0.40379905700683594 1500
0.4048500061035156 1500
0.40592217445373535 1500
0.4068770408630371 1500
0.4068770408630371 1500
0.40786218643188477 1500
0.40902018547058105 1500
0.40902018547058105 1500
0.4097909927368164 1500
0.41066503524780273 1500
0.4123351573944092 1500
0.4123351573944092 1500
0.4127371311187744 1500
0.4139370918273926 1500
0.41503310203552246 1500
0.41503310203552246 1500
0.4158511161804199 1500
0.41677403450012207 1500
0.41677403450012207 1500
0.4178941249847412 1500
0.4191889762878418 1500
0.41977405548095703 1500
0.41977405548095703 1500
0.4211440086364746 1500
0.42215919494628906 1500
0.42215919494628906 1500
0.42285919189453125 1500
0.42383718490600586 1500
0.42481303215026855 1500
0.42481303215026855 1500
0.4263761043548584 1500
0.4267740249633789 1500
0.42797112464904785 1500
0.42797112464904785 1500
0.4292001724243164 1500
0.42998218536376953 1500
0.42998218536376953 1500
0.43106818199157715 1500
0.43209004402160645 1500
0.43277716636657715 1500
0.43277716636657715 1500
0.4338510036468506 1500
0.4349510669708252 1500
0.4349510669708252 1500
0.4359300136566162 1500
0.43705105781555176 1500
0.438060998916626 1500
0.438060998916626 1500
0.43880200386047363 1500
0.43985700607299805 1500
0.4408900737762451 1500
0.4408900737762451 1500
0.44188809394836426 1500
0.44264817237854004 1500
0.44264817237854004 1500
0.44376301765441895 1500
0.4447751045227051 1500
0.4459700584411621 1500
0.4459700584411621 1500
0.4470841884613037 1500
0.4479961395263672 1500
0.4479961395263672 1500
0.4498109817504883 1500
0.4498109817504883 1500
0.45064806938171387 1500
0.45064806938171387 1500
0.45181703567504883 1500
0.4530770778656006 1500
0.4539480209350586 1500
0.4539480209350586 1500
0.4547891616821289 1500
0.45595312118530273 1500
0.45595312118530273 1500
0.4568061828613281 1500
0.4578671455383301 1500
0.4587860107421875 1500
0.4587860107421875 1500
0.4599001407623291 1500
0.4607980251312256 1500
0.4607980251312256 1500
0.46189212799072266 1500
0.463184118270874 1500
0.463914155960083 1500
0.463914155960083 1500
0.46480703353881836 1500
0.46596503257751465 1500
0.46714115142822266 1500
0.46714115142822266 1500
0.4678151607513428 1500
0.4686250686645508 1500
0.4686250686645508 1500
0.46996402740478516 1500
0.4708740711212158 1500
0.4720730781555176 1500
0.4720730781555176 1500
0.4727630615234375 1500
0.47405219078063965 1500
0.47405219078063965 1500
0.47476816177368164 1500
0.47604918479919434 1500
0.4767630100250244 1500
0.4767630100250244 1500
0.4777870178222656 1500
0.47855520248413086 1500
0.48118114471435547 1500
0.48118114471435547 1500
0.48118114471435547 1500
0.4819831848144531 1500
0.4819831848144531 1500
0.4828979969024658 1500
0.4838380813598633 1500
0.4847900867462158 1500
0.4847900867462158 1500
0.4857640266418457 1500
0.48694610595703125 1500
0.48694610595703125 1500
0.4877450466156006 1500
0.48876309394836426 1500
0.49003100395202637 1500
0.49003100395202637 1500
0.491361141204834 1500
0.4919581413269043 1500
0.4927661418914795 1500
0.4927661418914795 1500
0.4937551021575928 1500
0.4956531524658203 1500
0.4956531524658203 1500
0.4959750175476074 1500
0.49671506881713867 1500
0.4977610111236572 1500
0.4977610111236572 1500
0.49880003929138184 1500
0.5000441074371338 1500
0.5000441074371338 1500
0.5008080005645752 1500
0.5019111633300781 1500
0.5027999877929688 1500
0.5027999877929688 1500
0.504086971282959 1500
0.504763126373291 1500
