1050000
0.0 1500
0.0 1500
0.0007920265197753906 1500
0.0015120506286621094 1500
0.0015120506286621094 1500
0.0028688907623291016 1500
0.003863096237182617 1500
0.00469207763671875 1500
0.0048139095306396484 1500
0.006119966506958008 1500
0.006833076477050781 1500
0.007989883422851562 1500
0.007989883422851562 1500
0.00850987434387207 1500
0.009437084197998047 1500
0.009437084197998047 1500
0.010636091232299805 1500
0.01143789291381836 1500
0.012634038925170898 1500
0.012634038925170898 1500
0.013501882553100586 1500
0.014519929885864258 1500
0.014519929885864258 1500
0.015700101852416992 1500
0.0166928768157959 1500
0.017787933349609375 1500
0.017787933349609375 1500
0.018752098083496094 1500
0.019861936569213867 1500
0.021962881088256836 1500
0.021962881088256836 1500
0.021962881088256836 1500
0.022845029830932617 1500
0.022845029830932617 1500
0.023560047149658203 1500
0.024441003799438477 1500
0.02570199966430664 1500
0.025842905044555664 1500
0.026627063751220703 1500
0.02773308753967285 1500
0.02773308753967285 1500
0.028743982315063477 1500
0.029567956924438477 1500
0.03050088882446289 1500
0.03050088882446289 1500
0.0328519344329834 1500
0.0328519344329834 1500
0.033928871154785156 1500
0.033928871154785156 1500
0.034583091735839844 1500
0.035978078842163086 1500
0.035978078842163086 1500
0.0368199348449707 1500
0.03783893585205078 1500
0.03848910331726074 1500
0.03848910331726074 1500
0.040582895278930664 1500
0.04063892364501953 1500
0.04085087776184082 1500
0.04196310043334961 1500
0.04259490966796875 1500
0.04377388954162598 1500
0.04377388954162598 1500
0.04483604431152344 1500
0.04615187644958496 1500
0.046983957290649414 1500
0.046983957290649414 1500
0.047944068908691406 1500
0.04900693893432617 1500
0.04900693893432617 1500
0.049833059310913086 1500
0.05102205276489258 1500
0.05176806449890137 1500
0.05176806449890137 1500
0.052908897399902344 1500
0.053930044174194336 1500
0.053930044174194336 1500
0.05479288101196289 1500
0.055880069732666016 1500
0.05666399002075195 1500
0.05666399002075195 1500
0.057446956634521484 1500
0.05860590934753418 1500
0.059678077697753906 1500
0.059678077697753906 1500
0.060920000076293945 1500
0.06178092956542969 1500
0.06178092956542969 1500
0.06297588348388672 1500
0.06372594833374023 1500
0.06491208076477051 1500
0.06491208076477051 1500
0.0657949447631836 1500
0.06661200523376465 1500
0.06661200523376465 1500
0.06846809387207031 1500
0.06846809387207031 1500
0.06977295875549316 1500
0.06977295875549316 1500
0.07061409950256348 1500
0.0717320442199707 1500
0.07291698455810547 1500
0.07291698455810547 1500
0.07391905784606934 1500
0.07455301284790039 1500
0.07455301284790039 1500
0.07635998725891113 1500
0.0767059326171875 1500
0.07770395278930664 1500
0.07770395278930664 1500
0.07883405685424805 1500
0.07984399795532227 1500
0.07984399795532227 1500
0.08085894584655762 1500
0.08170604705810547 1500
0.08236193656921387 1500
0.08247590065002441 1500
0.08378291130065918 1500
0.08449006080627441 1500
0.08577990531921387 1500
0.08577990531921387 1500
0.08662986755371094 1500
0.08767199516296387 1500
0.08767199516296387 1500
0.0886690616607666 1500
0.08962106704711914 1500
0.09067106246948242 1500
0.09067106246948242 1500
0.0918130874633789 1500
0.09258699417114258 1500
0.09258699417114258 1500
0.09477591514587402 1500
0.09477591514587402 1500
0.09581303596496582 1500
0.09581303596496582 1500
0.0969400405883789 1500
0.09795498847961426 1500
0.09901309013366699 1500
0.09901309013366699 1500
0.09985089302062988 1500
0.10070300102233887 1500
0.10070300102233887 1500
0.1015779972076416 1500
0.10252594947814941 1500
0.1039130687713623 1500
0.1039130687713623 1500
0.10625505447387695 1500
0.10625505447387695 1500
0.10625505447387695 1500
0.10691595077514648 1500
0.10775899887084961 1500
0.10863089561462402 1500
0.10863089561462402 1500
0.10950493812561035 1500
0.1117699146270752 1500
0.1117699146270752 1500
0.1117699146270752 1500
0.11275196075439453 1500
0.11379504203796387 1500
0.11379504203796387 1500
0.11464595794677734 1500
0.11560797691345215 1500
0.11677694320678711 1500
0.11677694320678711 1500
0.11790299415588379 1500
0.11872196197509766 1500
0.11872196197509766 1500
0.119873046875 1500
0.12069392204284668 1500
0.12191390991210938 1500
0.12191390991210938 1500
0.1228189468383789 1500
0.1237339973449707 1500
0.12491989135742188 1500
0.12491989135742188 1500
0.12658405303955078 1500
0.12658405303955078 1500
0.12658405303955078 1500
0.12788891792297363 1500
0.12856101989746094 1500
0.13002991676330566 1500
0.13002991676330566 1500
0.13053297996520996 1500
0.13194894790649414 1500
0.13194894790649414 1500
0.13278889656066895 1500
0.13396692276000977 1500
0.13455796241760254 1500
0.13455796241760254 1500
0.13567209243774414 1500
0.13718795776367188 1500
0.13812804222106934 1500
0.13812804222106934 1500
0.1390988826751709 1500
0.13992905616760254 1500
0.13992905616760254 1500
0.14069008827209473 1500
0.14174199104309082 1500
0.14268708229064941 1500
0.14268708229064941 1500
0.14386606216430664 1500
0.14473700523376465 1500
0.14473700523376465 1500
0.14584803581237793 1500
0.14684510231018066 1500
0.14763593673706055 1500
0.14763593673706055 1500
0.14889788627624512 1500
0.1498088836669922 1500
0.1498088836669922 1500
0.15065908432006836 1500
0.15206098556518555 1500
0.15280699729919434 1500
0.15280699729919434 1500
0.15398192405700684 1500
0.15508699417114258 1500
0.15575909614562988 1500
0.15575909614562988 1500
0.15667295455932617 1500
0.1578989028930664 1500
0.1578989028930664 1500
0.15900397300720215 1500
0.15958404541015625 1500
0.16081595420837402 1500
0.16081595420837402 1500
0.1620628833770752 1500
0.16244101524353027 1500
0.16274809837341309 1500
0.16389107704162598 1500
0.1647329330444336 1500
0.16555094718933105 1500
0.16555094718933105 1500
0.1665968894958496 1500
0.16766691207885742 1500
0.16884994506835938 1500
0.16884994506835938 1500
0.16977500915527344 1500
0.17121195793151855 1500
0.17121195793151855 1500
0.17183709144592285 1500
0.17302894592285156 1500
0.17377591133117676 1500
0.17377591133117676 1500
0.1748828887939453 1500
0.17572999000549316 1500
0.17572999000549316 1500
0.17670488357543945 1500
0.1777360439300537 1500
0.17863702774047852 1500
0.17863702774047852 1500
0.17963099479675293 1500
0.18162298202514648 1500
0.18162298202514648 1500
0.18162298202514648 1500
0.18284201622009277 1500
0.18368792533874512 1500
0.18368792533874512 1500
0.1848468780517578 1500
0.18581509590148926 1500
0.18685197830200195 1500
0.18685197830200195 1500
0.18767690658569336 1500
0.18903589248657227 1500
0.18903589248657227 1500
0.18942999839782715 1500
0.19130492210388184 1500
0.19147586822509766 1500
0.19176292419433594 1500
0.19292306900024414 1500
0.19366693496704102 1500
0.1945810317993164 1500
0.1945810317993164 1500
0.19605088233947754 1500
0.19666099548339844 1500
0.19666099548339844 1500
0.19774103164672852 1500
0.19882893562316895 1500
0.19997191429138184 1500
0.19997191429138184 1500
0.20069003105163574 1500
0.20159387588500977 1500
0.20159387588500977 1500
0.20275402069091797 1500
0.20379090309143066 1500
0.2046830654144287 1500
0.2046830654144287 1500
0.2058699131011963 1500
0.20650601387023926 1500
0.20766496658325195 1500
0.20766496658325195 1500
0.20896291732788086 1500
0.20969891548156738 1500
0.20969891548156738 1500
0.21062588691711426 1500
0.21185994148254395 1500
0.21294188499450684 1500
0.21294188499450684 1500
0.21372199058532715 1500
0.21532607078552246 1500
0.21532607078552246 1500
0.21554303169250488 1500
0.21700406074523926 1500
0.217879056930542 1500
0.217879056930542 1500
0.21891999244689941 1500
0.21963095664978027 1500
0.22071599960327148 1500
0.22071599960327148 1500
0.22162294387817383 1500
0.2227339744567871 1500
0.2227339744567871 1500
0.2236769199371338 1500
0.22531509399414062 1500
0.22582507133483887 1500
0.22582507133483887 1500
0.2269120216369629 1500
0.22761988639831543 1500
0.22761988639831543 1500
0.22899103164672852 1500
0.2298290729522705 1500
0.23075199127197266 1500
0.23075199127197266 1500
0.23195290565490723 1500
0.23267793655395508 1500
0.23365998268127441 1500
0.23365998268127441 1500
0.23566007614135742 1500
0.23566007614135742 1500
0.23566007614135742 1500
0.23673391342163086 1500
0.23793697357177734 1500
0.23871493339538574 1500
0.23871493339538574 1500
0.23970508575439453 1500
0.2406768798828125 1500
0.2406768798828125 1500
0.24198007583618164 1500
0.24296307563781738 1500
0.24396204948425293 1500
0.24396204948425293 1500
0.2447509765625 1500
0.24569988250732422 1500
0.24770092964172363 1500
0.24775409698486328 1500
0.24775409698486328 1500
0.2484750747680664 1500
0.2484750747680664 1500
0.24985289573669434 1500
0.25048089027404785 1500
0.2517259120941162 1500
0.2517259120941162 1500
0.25244808197021484 1500
0.2535278797149658 1500
0.2535278797149658 1500
0.25486087799072266 1500
0.255565881729126 1500
0.25649404525756836 1500
0.25649404525756836 1500
0.2577860355377197 1500
0.25879693031311035 1500
0.2594900131225586 1500
0.2594900131225586 1500
0.26105189323425293 1500
0.26151394844055176 1500
0.26151394844055176 1500
0.26259899139404297 1500
0.26346707344055176 1500
0.26468586921691895 1500
0.26468586921691895 1500
0.26567602157592773 1500
0.26668405532836914 1500
0.26668405532836914 1500
0.2675960063934326 1500
0.26959705352783203 1500
0.26959705352783203 1500
0.2697720527648926 1500
0.2706599235534668 1500
0.2718360424041748 1500
0.2726149559020996 1500
0.2726149559020996 1500
0.27374887466430664 1500
0.27467989921569824 1500
0.27467989921569824 1500
0.2757530212402344 1500
0.27698302268981934 1500
0.277677059173584 1500
0.277677059173584 1500
0.27881789207458496 1500
0.27995896339416504 1500
0.27995896339416504 1500
0.28098487854003906 1500
0.2819540500640869 1500
0.28269195556640625 1500
0.28269195556640625 1500
0.28368496894836426 1500
0.28525400161743164 1500
0.2859060764312744 1500
0.2859060764312744 1500
0.2866981029510498 1500
0.2875339984893799 1500
0.2875339984893799 1500
0.2888369560241699 1500
0.289949893951416 1500
0.2906320095062256 1500
0.2906320095062256 1500
0.292773962020874 1500
0.292773962020874 1500
0.292773962020874 1500
0.2944340705871582 1500
0.2949650287628174 1500
0.2957010269165039 1500
0.2957010269165039 1500
0.2967500686645508 1500
0.29760098457336426 1500
0.29848194122314453 1500
0.29848194122314453 1500
0.29962801933288574 1500
0.3007819652557373 1500
0.3007819652557373 1500
0.3018178939819336 1500
0.30377697944641113 1500
0.30377697944641113 1500
0.30377697944641113 1500
0.3045780658721924 1500
0.3059990406036377 1500
0.3059990406036377 1500
0.3068099021911621 1500
0.30750489234924316 1500
0.3086118698120117 1500
0.3086118698120117 1500
0.3095870018005371 1500
0.31075501441955566 1500
0.31185388565063477 1500
0.31185388565063477 1500
0.31261205673217773 1500
0.3135800361633301 1500
0.3135800361633301 1500
0.3147850036621094 1500
0.31548190116882324 1500
0.3168470859527588 1500
0.3168470859527588 1500
0.31793904304504395 1500
0.3190290927886963 1500
0.3190290927886963 1500
0.3195040225982666 1500
0.32094907760620117 1500
0.3216280937194824 1500
0.3216280937194824 1500
0.3229079246520996 1500
0.3237040042877197 1500
0.3237040042877197 1500
0.32486701011657715 1500
0.3255350589752197 1500
0.3267860412597656 1500
0.3267860412597656 1500
0.32762789726257324 1500
0.3287649154663086 1500
0.32985687255859375 1500
0.32985687255859375 1500
0.33057093620300293 1500
0.33196187019348145 1500
0.33196187019348145 1500
0.3325469493865967 1500
0.3337249755859375 1500
0.33461499214172363 1500
0.33461499214172363 1500
0.3358938694000244 1500
0.3368990421295166 1500
0.3368990421295166 1500
0.3378419876098633 1500
0.33862900733947754 1500
0.3397979736328125 1500
0.3397979736328125 1500
0.3410820960998535 1500
0.34197187423706055 1500
0.34389209747314453 1500
0.34389209747314453 1500
0.34389209747314453 1500
0.3448660373687744 1500
0.3448660373687744 1500
0.34546709060668945 1500
0.34662389755249023 1500
0.3475639820098877 1500
0.3475639820098877 1500
0.3486649990081787 1500
0.3496999740600586 1500
0.3496999740600586 1500
0.35105299949645996 1500
0.35163307189941406 1500
0.3529520034790039 1500
0.3529520034790039 1500
0.35378503799438477 1500
0.354935884475708 1500
0.3556969165802002 1500
0.3556969165802002 1500
0.35651707649230957 1500
0.3577120304107666 1500
0.3577120304107666 1500
0.3588240146636963 1500
0.3597590923309326 1500
0.36080408096313477 1500
0.36080408096313477 1500
0.36171889305114746 1500
0.36287903785705566 1500
0.36287903785705566 1500
0.3639950752258301 1500
0.3649570941925049 1500
0.3656270503997803 1500
0.3656270503997803 1500
0.36673498153686523 1500
0.36757397651672363 1500
0.36931490898132324 1500
0.36931490898132324 1500
0.37004590034484863 1500
0.37041306495666504 1500
0.37041306495666504 1500
0.3717050552368164 1500
0.3727269172668457 1500
0.37392306327819824 1500
0.37392306327819824 1500
0.3750789165496826 1500
0.3757030963897705 1500
0.3757030963897705 1500
0.37674498558044434 1500
0.3782660961151123 1500
0.3789079189300537 1500
0.3789079189300537 1500
0.3800179958343506 1500
0.38081789016723633 1500
0.38167810440063477 1500
0.38167810440063477 1500
0.3829619884490967 1500
0.3835270404815674 1500
0.3835270404815674 1500
0.3848860263824463 1500
0.3858339786529541 1500
0.38675594329833984 1500
0.38675594329833984 1500
0.3879220485687256 1500
0.38864588737487793 1500
0.38864588737487793 1500
0.3899719715118408 1500
0.391071081161499 1500
0.39199399948120117 1500
0.39199399948120117 1500
0.3925440311431885 1500
0.39392995834350586 1500
0.3944089412689209 1500
0.3944089412689209 1500
0.39557790756225586 1500
0.3973550796508789 1500
0.3973550796508789 1500
0.39768505096435547 1500
0.3987419605255127 1500
0.3998301029205322 1500
0.3998301029205322 1500
0.4009130001068115 1500
0.40141892433166504 1500
0.40141892433166504 1500
0.4024689197540283 1500
0.4036400318145752 1500
0.4055609703063965 1500
0.4055609703063965 1500
0.4055609703063965 1500
0.4066140651702881 1500
0.407512903213501 1500
0.407512903213501 1500
0.4087519645690918 1500
0.4106869697570801 1500
0.4106869697570801 1500
0.4106869697570801 1500
0.4119288921356201 1500
0.41285204887390137 1500
0.41285204887390137 1500
0.41362690925598145 1500
0.4149150848388672 1500
0.4149150848388672 1500
0.4158790111541748 1500
0.4166998863220215 1500
0.41805195808410645 1500
0.41805195808410645 1500
0.41885995864868164 1500
0.4210178852081299 1500
0.4210178852081299 1500
0.4210178852081299 1500
0.42154502868652344 1500
0.4225900173187256 1500
0.4225900173187256 1500
0.4237029552459717 1500
0.4246549606323242 1500
0.4257059097290039 1500
0.4257059097290039 1500
0.4268069267272949 1500
0.4279820919036865 1500
0.4279820919036865 1500
0.42865800857543945 1500
0.4298529624938965 1500
0.43067097663879395 1500
0.43067097663879395 1500
0.43169593811035156 1500
0.4329860210418701 1500
0.4336888790130615 1500
0.4336888790130615 1500
0.4348180294036865 1500
0.4356710910797119 1500
0.4356710910797119 1500
0.4369959831237793 1500
0.4376969337463379 1500
0.43872809410095215 1500
0.43872809410095215 1500
0.4398000240325928 1500
0.44144392013549805 1500
0.44144392013549805 1500
0.44174790382385254 1500
0.442889928817749 1500
0.44399094581604004 1500
0.44399094581604004 1500
0.4450340270996094 1500
0.4458498954772949 1500
0.4469940662384033 1500
0.4469940662384033 1500
0.4479188919067383 1500
0.44892191886901855 1500
0.44892191886901855 1500
0.44955992698669434 1500
0.45090198516845703 1500
0.4517049789428711 1500
0.4517049789428711 1500
0.45275306701660156 1500
0.4536581039428711 1500
0.4536581039428711 1500
0.45554089546203613 1500
0.45577502250671387 1500
0.45756006240844727 1500
0.45756006240844727 1500
0.45756006240844727 1500
0.45883798599243164 1500
0.4598069190979004 1500
0.4598069190979004 1500
0.4608268737792969 1500
0.4616529941558838 1500
0.4616529941558838 1500
0.4626750946044922 1500
0.46369004249572754 1500
0.46449995040893555 1500
0.46449995040893555 1500
0.4654409885406494 1500
0.46735692024230957 1500
0.46735692024230957 1500
0.46761393547058105 1500
0.468595027923584 1500
0.46976494789123535 1500
0.46976494789123535 1500
0.471498966217041 1500
0.47173404693603516 1500
0.4726889133453369 1500
0.4726889133453369 1500
0.47362303733825684 1500
0.4758720397949219 1500
0.4758720397949219 1500
0.4758720397949219 1500
0.47675204277038574 1500
0.4778730869293213 1500
0.4778730869293213 1500
0.47873997688293457 1500
0.47968506813049316 1500
0.47968506813049316 1500
0.4810640811920166 1500
0.4817240238189697 1500
0.482759952545166 1500
0.482759952545166 1500
0.4836459159851074 1500
0.4862239360809326 1500
0.4862239360809326 1500
0.4862239360809326 1500
0.4866979122161865 1500
0.4878659248352051 1500
0.4878659248352051 1500
0.48879289627075195 1500
0.48989200592041016 1500
0.49070191383361816 1500
0.49070191383361816 1500
0.49198389053344727 1500
0.4924499988555908 1500
0.4924499988555908 1500
0.4935128688812256 1500
0.49462294578552246 1500
0.4968860149383545 1500
0.4968860149383545 1500
0.4970519542694092 1500
0.49773097038269043 1500
0.49773097038269043 1500
0.4992220401763916 1500
0.49984192848205566 1500
0.5008230209350586 1500
0.5008230209350586 1500
0.5018489360809326 1500
0.5027968883514404 1500
0.5039808750152588 1500
0.5039808750152588 1500
