1050000
0.0 1500
0.0 1500
0.0 1500
0.002122163772583008 1500
0.0023491382598876953 1500
0.0023491382598876953 1500
0.0038051605224609375 1500
0.00440216064453125 1500
0.005185127258300781 1500
0.005185127258300781 1500
0.0061490535736083984 1500
0.0071392059326171875 1500
0.0071392059326171875 1500
0.008664131164550781 1500
0.009534120559692383 1500
0.010358095169067383 1500
0.010358095169067383 1500
0.011266231536865234 1500
0.014002084732055664 1500
0.014002084732055664 1500
0.014002084732055664 1500
0.014189004898071289 1500
0.015818119049072266 1500
0.015818119049072266 1500
0.016074180603027344 1500
0.018116235733032227 1500
0.018116235733032227 1500
0.01820206642150879 1500
0.020345211029052734 1500
0.020345211029052734 1500
0.020345211029052734 1500
0.021406173706054688 1500
0.022166013717651367 1500
0.023227214813232422 1500
0.023227214813232422 1500
0.024264097213745117 1500
0.025446176528930664 1500
0.027209043502807617 1500
0.027209043502807617 1500
0.027209043502807617 1500
0.02921009063720703 1500
0.02921009063720703 1500
0.02921009063720703 1500
0.030370235443115234 1500
0.03134512901306152 1500
0.03134512901306152 1500
0.032221078872680664 1500
0.033222198486328125 1500
0.033222198486328125 1500
0.03438305854797363 1500
0.03577423095703125 1500
0.036089181900024414 1500
0.036089181900024414 1500
0.037650108337402344 1500
0.03809618949890137 1500
0.03915905952453613 1500
0.03915905952453613 1500
0.04131913185119629 1500
0.04131913185119629 1500
0.04131913185119629 1500
0.04254603385925293 1500
0.043331146240234375 1500
0.04417610168457031 1500
0.04417610168457031 1500
0.04514813423156738 1500
0.04654121398925781 1500
0.04654121398925781 1500
0.04725503921508789 1500
0.048223018646240234 1500
0.049218177795410156 1500
0.049218177795410156 1500
0.05013608932495117 1500
0.051261186599731445 1500
0.05213022232055664 1500
0.05213022232055664 1500
0.054488182067871094 1500
0.054488182067871094 1500
0.054488182067871094 1500
0.055912017822265625 1500
0.05596613883972168 1500
0.05745506286621094 1500
0.05745506286621094 1500
0.05894017219543457 1500
0.05910205841064453 1500
0.05910205841064453 1500
0.06067514419555664 1500
0.0621190071105957 1500
0.06218123435974121 1500
0.06218123435974121 1500
0.06413102149963379 1500
0.06413102149963379 1500
0.06586718559265137 1500
0.06586718559265137 1500
0.06612515449523926 1500
0.06747722625732422 1500
0.06747722625732422 1500
0.06826305389404297 1500
0.06962800025939941 1500
0.07016611099243164 1500
0.07016611099243164 1500
0.07183623313903809 1500
0.07202720642089844 1500
0.07202720642089844 1500
0.07328104972839355 1500
0.07415103912353516 1500
0.07559013366699219 1500
0.07559013366699219 1500
0.07615804672241211 1500
0.07790303230285645 1500
0.07790303230285645 1500
0.07798004150390625 1500
0.08019018173217773 1500
0.08019018173217773 1500
0.08019018173217773 1500
0.08188009262084961 1500
0.08213520050048828 1500
0.08380603790283203 1500
0.08380603790283203 1500
0.08446621894836426 1500
0.08517313003540039 1500
0.08517313003540039 1500
0.08618307113647461 1500
0.08732819557189941 1500
0.0892341136932373 1500
0.0892341136932373 1500
0.0892341136932373 1500
0.09084820747375488 1500
0.09217619895935059 1500
0.09217619895935059 1500
0.0923771858215332 1500
0.09318804740905762 1500
0.09318804740905762 1500
0.09540319442749023 1500
0.09540319442749023 1500
0.09720015525817871 1500
0.09720015525817871 1500
0.09758520126342773 1500
0.09880614280700684 1500
0.09880614280700684 1500
0.0994729995727539 1500
0.10023117065429688 1500
0.10122919082641602 1500
0.10122919082641602 1500
0.10218620300292969 1500
0.10342001914978027 1500
0.10416316986083984 1500
0.10416316986083984 1500
0.10538911819458008 1500
0.10616612434387207 1500
0.10616612434387207 1500
0.10859107971191406 1500
0.10859107971191406 1500
0.10926008224487305 1500
0.10926008224487305 1500
0.11012816429138184 1500
0.11236000061035156 1500
0.11236000061035156 1500
0.11252021789550781 1500
0.11426210403442383 1500
0.11426210403442383 1500
0.11426210403442383 1500
0.11636209487915039 1500
0.11636209487915039 1500
0.11782217025756836 1500
0.11782217025756836 1500
0.11947321891784668 1500
0.11947321891784668 1500
0.11947321891784668 1500
0.12114810943603516 1500
0.12231016159057617 1500
0.12231016159057617 1500
0.12231016159057617 1500
0.12332010269165039 1500
0.12417411804199219 1500
0.12417411804199219 1500
0.12566304206848145 1500
0.12592101097106934 1500
0.12759804725646973 1500
0.12759804725646973 1500
0.1282660961151123 1500
0.12982511520385742 1500
0.13006210327148438 1500
0.13006210327148438 1500
0.1318371295928955 1500
0.1320791244506836 1500
0.1320791244506836 1500
0.13392210006713867 1500
0.13407301902770996 1500
0.13608217239379883 1500
0.13608217239379883 1500
0.13608217239379883 1500
0.13808608055114746 1500
0.13808608055114746 1500
0.13808608055114746 1500
0.14045405387878418 1500
0.14153122901916504 1500
0.14153122901916504 1500
0.14153122901916504 1500
0.14337420463562012 1500
0.14412713050842285 1500
0.14530110359191895 1500
0.1454780101776123 1500
0.14638209342956543 1500
0.1475071907043457 1500
0.1482250690460205 1500
0.1494300365447998 1500
0.15018320083618164 1500
0.15148115158081055 1500
0.1521902084350586 1500
0.15350723266601562 1500
0.15441107749938965 1500
0.15555906295776367 1500
0.15619921684265137 1500
0.15757012367248535 1500
0.15817022323608398 1500
0.15817022323608398 1500
0.15944814682006836 1500
0.16016817092895508 1500
0.16152310371398926 1500
0.1623232364654541 1500
0.16317105293273926 1500
0.16402220726013184 1500
0.16413211822509766 1500
0.16551518440246582 1500
0.16617202758789062 1500
0.16726207733154297 1500
0.16910815238952637 1500
0.16910815238952637 1500
0.16910815238952637 1500
0.17072105407714844 1500
0.17145109176635742 1500
0.17215609550476074 1500
0.1734170913696289 1500
0.1741321086883545 1500
0.1741321086883545 1500
0.17612600326538086 1500
0.17612600326538086 1500
0.1779651641845703 1500
0.1779651641845703 1500
0.1795330047607422 1500
0.180861234664917 1500
0.18108105659484863 1500
0.18108105659484863 1500
0.18302202224731445 1500
0.18302202224731445 1500
0.18473219871520996 1500
0.18546104431152344 1500
0.1862170696258545 1500
0.1875770092010498 1500
0.1881551742553711 1500
0.18915915489196777 1500
0.19042301177978516 1500
0.19042301177978516 1500
0.19153308868408203 1500
0.19272923469543457 1500
0.19358110427856445 1500
0.19466710090637207 1500
0.19545722007751465 1500
0.19634103775024414 1500
0.1973562240600586 1500
0.19851016998291016 1500
0.2008521556854248 1500
0.2009890079498291 1500
0.2027890682220459 1500
0.2041020393371582 1500
0.2057812213897705 1500
0.2064831256866455 1500
0.20798110961914062 1500
0.20842814445495605 1500
0.2110280990600586 1500
0.2110280990600586 1500
0.21283316612243652 1500
0.2129061222076416 1500
0.21527814865112305 1500
0.21527814865112305 1500
0.21625304222106934 1500
0.21712017059326172 1500
0.21812200546264648 1500
0.21912312507629395 1500
0.2201251983642578 1500
0.22143101692199707 1500
0.2220470905303955 1500
0.22323322296142578 1500
0.22423410415649414 1500
0.22507405281066895 1500
0.22524619102478027 1500
0.22617411613464355 1500
0.2272322177886963 1500
0.22921013832092285 1500
0.22993707656860352 1500
0.23095321655273438 1500
0.2319331169128418 1500
0.23299908638000488 1500
0.23456811904907227 1500
0.2351682186126709 1500
0.23615503311157227 1500
0.2371511459350586 1500
0.23814010620117188 1500
0.23900508880615234 1500
0.24070501327514648 1500
0.24100923538208008 1500
0.24241900444030762 1500
0.24330806732177734 1500
0.2445511817932129 1500
0.24553823471069336 1500
0.24632906913757324 1500
0.24704909324645996 1500
0.24837303161621094 1500
0.250150203704834 1500
0.2505471706390381 1500
0.2514791488647461 1500
0.25216007232666016 1500
0.2535421848297119 1500
0.25426506996154785 1500
0.256162166595459 1500
0.256162166595459 1500
0.2576560974121094 1500
0.25803303718566895 1500
0.25803303718566895 1500
0.25967907905578613 1500
0.2600290775299072 1500
0.26115918159484863 1500
0.26214122772216797 1500
0.2631552219390869 1500
0.2631552219390869 1500
0.2640352249145508 1500
0.2651681900024414 1500
0.266207218170166 1500
0.26842617988586426 1500
0.26842617988586426 1500
0.26842617988586426 1500
0.26906609535217285 1500
0.2710380554199219 1500
0.2710380554199219 1500
0.2727231979370117 1500
0.27320218086242676 1500
0.2744112014770508 1500
0.27522802352905273 1500
0.2761361598968506 1500
0.2761361598968506 1500
0.27721118927001953 1500
0.2781660556793213 1500
0.2791571617126465 1500
0.280332088470459 1500
0.28116512298583984 1500
0.28226613998413086 1500
0.28313708305358887 1500
0.2843141555786133 1500
0.2851371765136719 1500
0.28614020347595215 1500
0.28711700439453125 1500
0.28711700439453125 1500
0.28913021087646484 1500
0.28913021087646484 1500
0.2902801036834717 1500
0.29114413261413574 1500
0.29227113723754883 1500
0.2931241989135742 1500
0.2931241989135742 1500
0.29465317726135254 1500
0.29547619819641113 1500
0.2962040901184082 1500
0.29763221740722656 1500
0.29817819595336914 1500
0.2991361618041992 1500
0.3003270626068115 1500
0.3003270626068115 1500
0.3011460304260254 1500
0.30213308334350586 1500
0.3034660816192627 1500
0.3034660816192627 1500
0.305070161819458 1500
0.33118319511413574 1500
0.33118319511413574 1500
0.3321530818939209 1500
0.3321530818939209 1500
0.35899901390075684 1500
0.35899901390075684 1500
0.35899901390075684 1500
0.36119914054870605 1500
0.38718605041503906 1500
0.38718605041503906 1500
0.38718605041503906 1500
0.3890712261199951 1500
0.41553521156311035 1500
0.41553521156311035 1500
0.41553521156311035 1500
0.41944217681884766 1500
0.4462552070617676 1500
0.4462552070617676 1500
0.4470810890197754 1500
0.4470810890197754 1500
0.4753401279449463 1500
0.4753401279449463 1500
0.4764220714569092 1500
0.4764220714569092 1500
0.5037081241607666 1500
0.5037081241607666 1500
0.5041651725769043 1500
0.5041651725769043 1500
0.536452054977417 1500
0.536452054977417 1500
0.536452054977417 1500
0.536452054977417 1500
0.5387551784515381 1500
0.5403931140899658 1500
0.5417520999908447 1500
0.5425541400909424 1500
0.543485164642334 1500
0.544342041015625 1500
0.5454831123352051 1500
0.5461351871490479 1500
0.5461351871490479 1500
0.5473730564117432 1500
0.5485150814056396 1500
0.549436092376709 1500
0.550267219543457 1500
0.551516056060791 1500
0.5525622367858887 1500
0.5531530380249023 1500
0.5544271469116211 1500
0.5544271469116211 1500
0.5551741123199463 1500
0.5563421249389648 1500
0.5571820735931396 1500
0.5583431720733643 1500
0.5601050853729248 1500
0.5601050853729248 1500
0.5601050853729248 1500
0.5615251064300537 1500
0.5621790885925293 1500
0.5631341934204102 1500
0.5631341934204102 1500
0.56451416015625 1500
0.5653641223907471 1500
0.5675241947174072 1500
0.5675241947174072 1500
0.567702054977417 1500
0.5680432319641113 1500
0.5695371627807617 1500
0.5711722373962402 1500
0.5711722373962402 1500
0.5713720321655273 1500
0.5727670192718506 1500
0.5733411312103271 1500
0.5743751525878906 1500
0.5752251148223877 1500
0.5752251148223877 1500
0.5763931274414062 1500
0.5771610736846924 1500
0.5781121253967285 1500
0.5793070793151855 1500
0.5793070793151855 1500
0.580125093460083 1500
0.5811221599578857 1500
0.5826361179351807 1500
0.5826361179351807 1500
0.5830872058868408 1500
0.5846312046051025 1500
0.5846312046051025 1500
0.5850791931152344 1500
0.5865330696105957 1500
0.5875082015991211 1500
0.5875082015991211 1500
0.5881412029266357 1500
0.5881412029266357 1500
0.5891430377960205 1500
0.5910730361938477 1500
0.5910730361938477 1500
0.5911581516265869 1500
0.5923621654510498 1500
0.5923621654510498 1500
0.5932080745697021 1500
0.5943260192871094 1500
0.595116138458252 1500
0.5953090190887451 1500
0.5963871479034424 1500
0.5971870422363281 1500
0.5971870422363281 1500
0.5984401702880859 1500
0.5997130870819092 1500
0.5997130870819092 1500
0.5999801158905029 1500
0.601506233215332 1500
0.6031231880187988 1500
0.6031231880187988 1500
0.6031231880187988 1500
0.6045210361480713 1500
0.6045210361480713 1500
0.6055271625518799 1500
0.6061201095581055 1500
0.6061201095581055 1500
0.6072812080383301 1500
0.6081252098083496 1500
0.6081252098083496 1500
0.6089601516723633 1500
0.6089601516723633 1500
0.610450029373169 1500
0.6112160682678223 1500
0.6121120452880859 1500
0.6121120452880859 1500
0.613286018371582 1500
0.6141281127929688 1500
0.6141281127929688 1500
0.615354061126709 1500
0.6161201000213623 1500
0.6173141002655029 1500
0.6173141002655029 1500
0.6184821128845215 1500
0.6193051338195801 1500
0.6199750900268555 1500
0.6199750900268555 1500
0.6219160556793213 1500
0.6219160556793213 1500
0.6219751834869385 1500
0.6237301826477051 1500
0.6245241165161133 1500
0.6252272129058838 1500
0.6266210079193115 1500
0.6266210079193115 1500
0.6274521350860596 1500
0.628366231918335 1500
0.6291220188140869 1500
0.6291220188140869 1500
0.6302840709686279 1500
0.6312901973724365 1500
0.6312901973724365 1500
0.6321640014648438 1500
0.6321640014648438 1500
0.633554220199585 1500
0.6340210437774658 1500
0.6342310905456543 1500
0.6356701850891113 1500
0.6356701850891113 1500
0.636444091796875 1500
0.636444091796875 1500
0.6371970176696777 1500
0.6386370658874512 1500
0.6386370658874512 1500
0.6395220756530762 1500
0.6400370597839355 1500
0.6402320861816406 1500
0.641024112701416 1500
0.641834020614624 1500
0.6422731876373291 1500
0.643132209777832 1500
0.643132209777832 1500
0.6441390514373779 1500
0.6443490982055664 1500
0.6453661918640137 1500
0.6462750434875488 1500
0.6463382244110107 1500
0.6469841003417969 1500
0.6470382213592529 1500
0.647996187210083 1500
0.6494221687316895 1500
0.6495230197906494 1500
0.6500580310821533 1500
0.6513950824737549 1500
0.6515851020812988 1500
0.6525471210479736 1500
0.6530911922454834 1500
0.6532320976257324 1500
0.6541042327880859 1500
0.6549921035766602 1500
0.656731128692627 1500
0.6569061279296875 1500
0.6574380397796631 1500
0.6584861278533936 1500
0.6591200828552246 1500
0.6593430042266846 1500
0.6604340076446533 1500
0.6613011360168457 1500
0.66196608543396 1500
0.662121057510376 1500
0.6631112098693848 1500
0.663964033126831 1500
0.6649260520935059 1500
0.6650760173797607 1500
0.666100025177002 1500
0.6675832271575928 1500
0.6675832271575928 1500
0.6684122085571289 1500
0.6691911220550537 1500
0.6701672077178955 1500
0.6715152263641357 1500
0.6715152263641357 1500
0.6723630428314209 1500
0.6735630035400391 1500
0.6744711399078369 1500
0.6752262115478516 1500
0.6755962371826172 1500
0.6762831211090088 1500
0.6776020526885986 1500
0.6781601905822754 1500
0.6796560287475586 1500
0.6803250312805176 1500
0.6803250312805176 1500
0.6814360618591309 1500
0.6821630001068115 1500
0.6821630001068115 1500
0.683272123336792 1500
0.6844971179962158 1500
0.6851100921630859 1500
0.6851100921630859 1500
0.6862020492553711 1500
0.6880490779876709 1500
0.6882741451263428 1500
0.6884560585021973 1500
0.6890561580657959 1500
0.6901521682739258 1500
0.6911370754241943 1500
0.6913051605224609 1500
0.692575216293335 1500
0.693336009979248 1500
0.693540096282959 1500
0.6942241191864014 1500
0.6955912113189697 1500
0.6961362361907959 1500
0.6961362361907959 1500
0.6974701881408691 1500
0.6985671520233154 1500
0.6992650032043457 1500
0.6992650032043457 1500
0.7001891136169434 1500
0.7015271186828613 1500
0.7021632194519043 1500
0.7029190063476562 1500
0.703646183013916 1500
0.7040722370147705 1500
0.7049281597137451 1500
0.7052772045135498 1500
0.7059340476989746 1500
0.707024097442627 1500
0.7071001529693604 1500
0.7079551219940186 1500
0.7089581489562988 1500
0.7101700305938721 1500
0.7102792263031006 1500
0.7109811305999756 1500
0.7119481563568115 1500
0.7131850719451904 1500
0.713900089263916 1500
0.7140932083129883 1500
0.7149641513824463 1500
0.7160391807556152 1500
0.7160391807556152 1500
0.716947078704834 1500
0.7183952331542969 1500
0.7184982299804688 1500
0.719123125076294 1500
0.7200322151184082 1500
0.7200322151184082 1500
0.7212491035461426 1500
0.7220661640167236 1500
0.7221801280975342 1500
0.7234110832214355 1500
0.7240350246429443 1500
0.7240350246429443 1500
0.7251510620117188 1500
0.726438045501709 1500
0.726992130279541 1500
0.7270810604095459 1500
0.7280251979827881 1500
0.7280251979827881 1500
0.7292490005493164 1500
0.729971170425415 1500
0.7310221195220947 1500
0.7312021255493164 1500
0.7319211959838867 1500
0.7329142093658447 1500
0.7330331802368164 1500
0.7344231605529785 1500
0.7352020740509033 1500
0.735281229019165 1500
0.7363190650939941 1500
0.736915111541748 1500
0.737037181854248 1500
0.7382221221923828 1500
0.7403080463409424 1500
0.7404210567474365 1500
0.7407960891723633 1500
0.7410750389099121 1500
0.7413210868835449 1500
0.7419261932373047 1500
0.74300217628479 1500
0.7432131767272949 1500
0.7439842224121094 1500
0.7451901435852051 1500
0.7453510761260986 1500
0.7462420463562012 1500
0.746995210647583 1500
0.7473211288452148 1500
0.748258113861084 1500
0.7490310668945312 1500
0.7493212223052979 1500
0.7501320838928223 1500
0.7514641284942627 1500
0.7519171237945557 1500
0.7520251274108887 1500
