583136
0.0 1452
0.0 1452
0.0 1452
0.0 1452
0.0004010200500488281 1452
0.0008349418640136719 1452
0.0008349418640136719 1452
0.0008349418640136719 1452
0.0008349418640136719 1452
0.0012140274047851562 1452
0.0012140274047851562 1452
0.001641988754272461 1452
0.001641988754272461 1452
0.0020568370819091797 1452
0.0020568370819091797 1452
0.002476930618286133 1452
0.002476930618286133 1452
0.002476930618286133 1452
0.002476930618286133 1452
0.002908945083618164 1452
0.002908945083618164 1452
0.003259897232055664 1452
0.003259897232055664 1452
0.0036840438842773438 1452
0.0036840438842773438 1452
0.0036840438842773438 1452
0.0041120052337646484 1452
0.004528999328613281 1452
0.004954814910888672 1452
0.004954814910888672 1452
0.004954814910888672 1452
0.004954814910888672 1452
0.005331993103027344 1452
0.005331993103027344 1452
0.005331993103027344 1452
0.005789995193481445 1452
0.009855031967163086 1452
0.010242938995361328 1452
0.010242938995361328 1452
0.010680913925170898 1452
0.010680913925170898 1452
0.01110696792602539 1452
0.01110696792602539 1452
0.01152801513671875 1452
0.01152801513671875 1452
0.01152801513671875 1452
0.01152801513671875 1452
0.011937856674194336 1452
0.011937856674194336 1452
0.01228785514831543 1452
0.01228785514831543 1452
0.01228785514831543 1452
0.012729883193969727 1452
0.012729883193969727 1452
0.013142824172973633 1452
0.013579845428466797 1452
0.013579845428466797 1452
0.013579845428466797 1452
0.013579845428466797 1452
0.01400303840637207 1452
0.01400303840637207 1452
0.01400303840637207 1452
0.014387845993041992 1452
0.014387845993041992 1452
0.014387845993041992 1452
0.014817953109741211 1452
0.014817953109741211 1452
0.015213966369628906 1452
0.015213966369628906 1452
0.015213966369628906 1452
0.01564502716064453 1452
0.01564502716064453 1452
0.016072988510131836 1452
0.016072988510131836 1452
0.016072988510131836 1452
0.016472816467285156 1452
0.016472816467285156 1452
0.016472816467285156 1452
0.016885995864868164 1452
0.016885995864868164 1452
0.017287015914916992 1452
0.017287015914916992 1452
0.017287015914916992 1452
0.017724037170410156 1452
0.017724037170410156 1452
0.018121004104614258 1452
0.018121004104614258 1452
0.018121004104614258 1452
0.018561840057373047 1452
0.018561840057373047 1452
0.018976926803588867 1452
0.018976926803588867 1452
0.018976926803588867 1452
0.019376039505004883 1452
0.022151947021484375 1452
0.02252197265625 1452
0.02252197265625 1452
0.02252197265625 1452
0.022969961166381836 1452
0.022969961166381836 1452
0.02330303192138672 1452
0.02330303192138672 1452
0.02330303192138672 1452
0.023653030395507812 1452
0.024003028869628906 1452
0.024003028869628906 1452
0.024348974227905273 1452
0.024348974227905273 1452
0.024704933166503906 1452
0.024704933166503906 1452
0.025104999542236328 1452
0.025104999542236328 1452
0.02548694610595703 1452
0.02548694610595703 1452
0.02548694610595703 1452
0.025864839553833008 1452
0.025864839553833008 1452
0.025864839553833008 1452
0.02625894546508789 1452
0.02625894546508789 1452
0.02660083770751953 1452
0.02660083770751953 1452
0.02660083770751953 1452
0.027040958404541016 1452
0.027040958404541016 1452
0.027436017990112305 1452
0.027436017990112305 1452
0.027436017990112305 1452
0.02786397933959961 1452
0.02786397933959961 1452
0.028276920318603516 1452
0.028276920318603516 1452
0.028276920318603516 1452
0.0286409854888916 1452
0.0286409854888916 1452
0.0286409854888916 1452
0.02906489372253418 1452
0.02946186065673828 1452
0.02946186065673828 1452
0.02946186065673828 1452
0.02946186065673828 1452
0.03327298164367676 1452
0.03369903564453125 1452
0.03369903564453125 1452
0.03410196304321289 1452
0.03410196304321289 1452
0.03410196304321289 1452
0.03410196304321289 1452
0.03454184532165527 1452
0.03495001792907715 1452
0.03495001792907715 1452
0.03495001792907715 1452
0.03537702560424805 1452
0.03537702560424805 1452
0.03587484359741211 1452
0.03587484359741211 1452
0.03587484359741211 1452
0.03587484359741211 1452
0.03636789321899414 1452
0.03636789321899414 1452
0.03677797317504883 1452
0.03677797317504883 1452
0.03677797317504883 1452
0.03717684745788574 1452
0.03717684745788574 1452
0.03767991065979004 1452
0.03767991065979004 1452
0.03767991065979004 1452
0.03767991065979004 1452
0.03806281089782715 1452
0.03806281089782715 1452
0.03855586051940918 1452
0.03855586051940918 1452
0.03855586051940918 1452
0.03896594047546387 1452
0.03896594047546387 1452
0.03896594047546387 1452
0.039456844329833984 1452
0.039456844329833984 1452
0.039456844329833984 1452
0.0399930477142334 1452
0.0399930477142334 1452
0.0399930477142334 1452
0.0402989387512207 1452
0.0402989387512207 1452
0.04064488410949707 1452
0.04064488410949707 1452
0.04064488410949707 1452
0.04103899002075195 1452
0.04140782356262207 1452
0.04140782356262207 1452
0.04140782356262207 1452
0.04174685478210449 1452
0.04581904411315918 1452
0.04581904411315918 1452
0.046196937561035156 1452
0.046196937561035156 1452
0.046196937561035156 1452
0.04658699035644531 1452
0.046977996826171875 1452
0.046977996826171875 1452
0.046977996826171875 1452
0.04732704162597656 1452
0.04732704162597656 1452
0.04732704162597656 1452
0.047673940658569336 1452
0.048027992248535156 1452
0.048027992248535156 1452
0.048027992248535156 1452
0.048416852951049805 1452
0.048416852951049805 1452
0.04880094528198242 1452
0.04880094528198242 1452
0.04918503761291504 1452
0.04918503761291504 1452
0.049530029296875 1452
0.049530029296875 1452
0.049530029296875 1452
0.04991793632507324 1452
0.04991793632507324 1452
0.04991793632507324 1452
0.050302982330322266 1452
0.05068802833557129 1452
0.05068802833557129 1452
0.05068802833557129 1452
0.05107593536376953 1452
0.05107593536376953 1452
0.051422834396362305 1452
0.051422834396362305 1452
0.05176997184753418 1452
0.05176997184753418 1452
0.05176997184753418 1452
0.05211687088012695 1452
0.05246591567993164 1452
0.05246591567993164 1452
0.05246591567993164 1452
0.05287790298461914 1452
0.05287790298461914 1452
0.05287790298461914 1452
0.05326390266418457 1452
0.05326390266418457 1452
0.05365395545959473 1452
0.05365395545959473 1452
0.05365395545959473 1452
0.0540468692779541 1452
0.054428815841674805 1452
0.054428815841674805 1452
0.054428815841674805 1452
0.0547788143157959 1452
0.0547788143157959 1452
0.05881500244140625 1452
0.05881500244140625 1452
0.05915093421936035 1452
0.05915093421936035 1452
0.05915093421936035 1452
0.059500932693481445 1452
0.05985593795776367 1452
0.05985593795776367 1452
0.06024503707885742 1452
0.06024503707885742 1452
0.06024503707885742 1452
0.060688018798828125 1452
0.060688018798828125 1452
0.061087846755981445 1452
0.061087846755981445 1452
0.061087846755981445 1452
0.06147289276123047 1452
0.06147289276123047 1452
0.06147289276123047 1452
0.061964988708496094 1452
0.061964988708496094 1452
0.06247282028198242 1452
0.06247282028198242 1452
0.06247282028198242 1452
0.06247282028198242 1452
0.06297183036804199 1452
0.06297183036804199 1452
0.06336784362792969 1452
0.06336784362792969 1452
0.06378388404846191 1452
0.06378388404846191 1452
0.06378388404846191 1452
0.06378388404846191 1452
0.06415390968322754 1452
0.06467103958129883 1452
0.06467103958129883 1452
0.06467103958129883 1452
0.06467103958129883 1452
0.06467103958129883 1452
0.06499981880187988 1452
0.06552481651306152 1452
0.06552481651306152 1452
0.06552481651306152 1452
0.06603002548217773 1452
0.06603002548217773 1452
0.06603002548217773 1452
0.06653285026550293 1452
0.06653285026550293 1452
0.06653285026550293 1452
0.06704902648925781 1452
0.06704902648925781 1452
0.06704902648925781 1452
0.07100701332092285 1452
0.07100701332092285 1452
0.07100701332092285 1452
0.0713949203491211 1452
0.0713949203491211 1452
0.0713949203491211 1452
0.07191085815429688 1452
0.07191085815429688 1452
0.0722959041595459 1452
0.0722959041595459 1452
0.0722959041595459 1452
0.0722959041595459 1452
0.07272887229919434 1452
0.07272887229919434 1452
0.0732269287109375 1452
0.0732269287109375 1452
0.0732269287109375 1452
0.0732269287109375 1452
0.07390999794006348 1452
0.07390999794006348 1452
0.07432699203491211 1452
0.07432699203491211 1452
0.07432699203491211 1452
0.07432699203491211 1452
0.07466793060302734 1452
0.0750129222869873 1452
0.0750129222869873 1452
0.0750129222869873 1452
0.0753638744354248 1452
0.0753638744354248 1452
0.07621097564697266 1452
0.07664084434509277 1452
0.07664084434509277 1452
0.07664084434509277 1452
0.07713603973388672 1452
0.07713603973388672 1452
0.07713603973388672 1452
0.07713603973388672 1452
0.0775299072265625 1452
0.0775299072265625 1452
0.0775299072265625 1452
0.0775299072265625 1452
0.07803082466125488 1452
0.07803082466125488 1452
0.07803082466125488 1452
0.07803082466125488 1452
0.07841897010803223 1452
0.07841897010803223 1452
0.07889795303344727 1452
0.07889795303344727 1452
0.07889795303344727 1452
0.07889795303344727 1452
0.07931900024414062 1452
0.07931900024414062 1452
0.07931900024414062 684
0.08452486991882324 1452
0.08501482009887695 1452
0.08501482009887695 1452
0.08501482009887695 1452
0.08501482009887695 1452
0.08552384376525879 1452
0.08552384376525879 1452
0.08603787422180176 1452
0.08603787422180176 1452
0.08603787422180176 1452
0.08603787422180176 1452
0.08645081520080566 1452
0.08645081520080566 1452
0.08645081520080566 1452
0.08685994148254395 1452
0.08685994148254395 1452
0.08685994148254395 1452
0.08735299110412598 1452
0.08735299110412598 1452
0.08775186538696289 1452
0.08775186538696289 1452
0.08775186538696289 1452
0.08775186538696289 1452
0.09711503982543945 1452
0.09711503982543945 1452
0.09711503982543945 1452
0.09711503982543945 1452
0.09762382507324219 1452
0.09762382507324219 1452
0.09762382507324219 1452
0.09762382507324219 1452
0.09799981117248535 1452
0.09799981117248535 1452
0.09799981117248535 1452
0.09841084480285645 1452
0.09841084480285645 1452
0.09841084480285645 1452
0.09891295433044434 1452
0.09891295433044434 1452
0.09891295433044434 1452
0.09891295433044434 1452
0.09942984580993652 1452
0.09942984580993652 1452
0.09942984580993652 1452
0.09942984580993652 1452
0.355165958404541 40
0.83477783203125 40
1.7869908809661865 40
3.6426379680633545 40
7.354910850524902 40
