1048620
0.0 1500
0.0011038780212402344 1500
0.0020799636840820312 1500
0.0020799636840820312 1500
0.003078937530517578 1500
0.0041620731353759766 1500
0.005003929138183594 1500
0.005003929138183594 1500
0.0058519840240478516 1500
0.006989002227783203 1500
0.006989002227783203 1500
0.008028030395507812 1500
0.009655952453613281 1500
0.010339021682739258 1500
0.010339021682739258 1500
0.011015892028808594 1500
0.01228189468383789 1500
0.01228189468383789 1500
0.013037919998168945 1500
0.014857053756713867 1500
0.016078948974609375 1500
0.016078948974609375 1500
0.016078948974609375 1500
0.017433881759643555 1500
0.01813793182373047 1500
0.01813793182373047 1500
0.04410195350646973 1500
0.044981956481933594 1500
0.04624199867248535 1500
0.04624199867248535 1500
0.0730741024017334 1500
0.0730741024017334 1500
0.07400107383728027 1500
0.07400107383728027 1500
0.10201287269592285 1500
0.10201287269592285 1500
0.10201287269592285 1500
0.1020960807800293 1500
0.13147997856140137 1500
0.13147997856140137 1500
0.13147997856140137 1500
0.13147997856140137 1500
0.1610240936279297 1500
0.1610240936279297 1500
0.1610240936279297 1500
0.1610240936279297 1500
0.1892080307006836 1500
0.1892080307006836 1500
0.19012093544006348 1500
0.19012093544006348 1500
0.21755290031433105 1500
0.21755290031433105 1500
0.2194530963897705 1500
0.2194530963897705 1500
0.24669504165649414 1500
0.24720287322998047 1500
0.24720287322998047 1500
0.24720287322998047 1500
0.2495419979095459 1500
0.2495419979095459 1500
0.250277042388916 1500
0.2503509521484375 1500
0.2511560916900635 1500
0.2511560916900635 1500
0.25316596031188965 1500
0.25316596031188965 1500
0.2543818950653076 1500
0.2543818950653076 1500
0.2563960552215576 1500
0.2563960552215576 1500
0.2580239772796631 1500
0.2580239772796631 1500
0.2599940299987793 1500
0.2599940299987793 1500
0.2603468894958496 1500
0.2603468894958496 1500
0.26245903968811035 1500
0.26245903968811035 1500
0.2633659839630127 1500
0.2633659839630127 1500
0.26421689987182617 1500
0.26421689987182617 1500
0.266279935836792 1500
0.266279935836792 1500
0.2671689987182617 1500
0.2671689987182617 1500
0.2689990997314453 1500
0.2689990997314453 1500
0.2702350616455078 1500
0.2702350616455078 1500
0.27232909202575684 1500
0.27232909202575684 1500
0.2734858989715576 1500
0.2734858989715576 1500
0.27420592308044434 1500
0.27562594413757324 1500
0.2763400077819824 1500
0.2763400077819824 1500
0.27746009826660156 1500
0.27746009826660156 1500
0.2794229984283447 1500
0.2794229984283447 1500
0.28023409843444824 1500
0.28023409843444824 1500
0.2825748920440674 1500
0.2825748920440674 1500
0.2850639820098877 1500
0.2850639820098877 1500
0.28527402877807617 1500
0.2854459285736084 1500
0.28621506690979004 1500
0.28621506690979004 1500
0.28723597526550293 1500
0.28723597526550293 1500
0.2892930507659912 1500
0.2892930507659912 1500
0.291766881942749 1500
0.291766881942749 1500
0.2923579216003418 1500
0.2923579216003418 1500
0.2934529781341553 1500
0.2934529781341553 1500
0.2953929901123047 1500
0.2953929901123047 1500
0.296267032623291 1500
0.296267032623291 1500
0.29859304428100586 1500
0.29859304428100586 1500
0.2991750240325928 1500
0.2991750240325928 1500
0.3011050224304199 1500
0.3011050224304199 1500
0.30301594734191895 1500
0.30301594734191895 1500
0.30301594734191895 1500
0.3030829429626465 1500
0.30545997619628906 1500
0.30545997619628906 1500
0.30614304542541504 1500
0.30614304542541504 1500
0.3087890148162842 1500
0.3087890148162842 1500
0.3101680278778076 1500
0.3101680278778076 1500
0.3101680278778076 1500
0.31023502349853516 1500
0.31128406524658203 1500
0.31128406524658203 1500
0.3123159408569336 1500
0.3123159408569336 1500
0.31359291076660156 1500
0.31414103507995605 1500
0.31414103507995605 1500
0.31526899337768555 1500
0.31613993644714355 1500
0.31613993644714355 1500
0.3171210289001465 1500
0.3171210289001465 1500
0.3182499408721924 1500
0.3182499408721924 1500
0.3193368911743164 1500
0.3193368911743164 1500
0.3203439712524414 1500
0.3203439712524414 1500
0.32234907150268555 1500
0.32234907150268555 1500
0.32325100898742676 1500
0.32325100898742676 1500
0.32442688941955566 1500
0.32442688941955566 1500
0.32533907890319824 1500
0.32533907890319824 1500
0.32732605934143066 1500
0.32732605934143066 1500
0.3281090259552002 1500
0.32816505432128906 1500
0.3289918899536133 1500
0.3289918899536133 1500
0.33037304878234863 1500
0.33037304878234863 1500
0.3313300609588623 1500
0.3313300609588623 1500
0.33241891860961914 1500
0.33241891860961914 1500
0.33315396308898926 1500
0.33315396308898926 1500
0.3353230953216553 1500
0.3353230953216553 1500
0.3364529609680176 1500
0.3364529609680176 1500
0.33731794357299805 1500
0.33731794357299805 1500
0.3382859230041504 1500
0.3382859230041504 1500
0.33925700187683105 1500
0.33925700187683105 1500
0.3403608798980713 1500
0.3403608798980713 1500
0.34108710289001465 1500
0.3424849510192871 1500
0.3434178829193115 1500
0.3434178829193115 1500
0.34413695335388184 1500
0.34519195556640625 1500
0.34519195556640625 1500
0.3461630344390869 1500
0.34905409812927246 1500
0.34905409812927246 1500
0.34905409812927246 1500
0.34932804107666016 1500
0.3499000072479248 1500
0.3499000072479248 1500
0.3514420986175537 1500
0.35225605964660645 1500
0.35225605964660645 1500
0.35346102714538574 1500
0.35422801971435547 1500
0.3554079532623291 1500
0.3554079532623291 1500
0.35619592666625977 1500
0.35737109184265137 1500
0.3581109046936035 1500
0.3581109046936035 1500
0.35909509658813477 1500
0.3599560260772705 1500
0.3599560260772705 1500
0.3609039783477783 1500
0.36226391792297363 1500
0.36310887336730957 1500
0.36310887336730957 1500
0.364016056060791 1500
0.36513209342956543 1500
0.36513209342956543 1500
0.3662710189819336 1500
0.36713194847106934 1500
0.3681340217590332 1500
0.3681340217590332 1500
0.36890506744384766 1500
0.37056803703308105 1500
0.37120509147644043 1500
0.37120509147644043 1500
0.3735060691833496 1500
0.3735060691833496 1500
0.3735060691833496 1500
0.37450194358825684 1500
0.3750779628753662 1500
0.37618589401245117 1500
0.37618589401245117 1500
0.37717604637145996 1500
0.37845587730407715 1500
0.37845587730407715 1500
0.37921690940856934 1500
0.38022494316101074 1500
0.3810560703277588 1500
0.3810560703277588 1500
0.38213205337524414 1500
0.38311195373535156 1500
0.3841090202331543 1500
0.3841090202331543 1500
0.38607096672058105 1500
0.38607096672058105 1500
0.38607096672058105 1500
0.38735103607177734 1500
0.3883540630340576 1500
0.38916492462158203 1500
0.38930797576904297 1500
0.38999390602111816 1500
0.3912029266357422 1500
0.3912029266357422 1500
0.39272189140319824 1500
0.39344000816345215 1500
0.39414095878601074 1500
0.39414095878601074 1500
0.3950629234313965 1500
0.3962419033050537 1500
0.3968949317932129 1500
0.3968949317932129 1500
0.39787793159484863 1500
0.3992300033569336 1500
0.3992300033569336 1500
0.3998260498046875 1500
0.4010469913482666 1500
0.40204501152038574 1500
0.40204501152038574 1500
0.4033639430999756 1500
0.40424394607543945 1500
0.40424394607543945 1500
0.405040979385376 1500
0.40584301948547363 1500
0.4070279598236084 1500
0.4070279598236084 1500
0.4080049991607666 1500
0.4089360237121582 1500
0.4099729061126709 1500
0.4099729061126709 1500
0.4110989570617676 1500
0.41205692291259766 1500
0.41205692291259766 1500
0.4131040573120117 1500
0.41406798362731934 1500
0.41529107093811035 1500
0.41529107093811035 1500
0.41620588302612305 1500
0.41716599464416504 1500
0.41716599464416504 1500
0.418104887008667 1500
0.41948795318603516 1500
0.4200398921966553 1500
0.4200398921966553 1500
0.420975923538208 1500
0.4221959114074707 1500
0.42331600189208984 1500
0.42331600189208984 1500
0.4240438938140869 1500
0.4251410961151123 1500
0.4251410961151123 1500
0.42614197731018066 1500
0.4271540641784668 1500
0.4281649589538574 1500
0.4281649589538574 1500
0.4291830062866211 1500
0.43035387992858887 1500
0.43035387992858887 1500
0.4310441017150879 1500
0.4324150085449219 1500
0.4330329895019531 1500
0.4330329895019531 1500
0.43406200408935547 1500
0.4350619316101074 1500
0.43755602836608887 1500
0.43755602836608887 1500
0.43755602836608887 1500
0.4384028911590576 1500
0.4384028911590576 1500
0.4388768672943115 1500
0.44077110290527344 1500
0.4409940242767334 1500
0.4409940242767334 1500
0.4425070285797119 1500
0.4431490898132324 1500
0.4431490898132324 1500
0.4442319869995117 1500
0.4450559616088867 1500
0.44621801376342773 1500
0.44621801376342773 1500
0.44768309593200684 1500
0.44925689697265625 1500
0.44925689697265625 1500
0.44925689697265625 1500
0.45098209381103516 1500
0.45126795768737793 1500
0.45126795768737793 1500
0.45234107971191406 1500
0.4530770778656006 1500
0.45427989959716797 1500
0.45427989959716797 1500
0.4550940990447998 1500
0.4560580253601074 1500
0.4560580253601074 1500
0.4574720859527588 1500
0.4592130184173584 1500
0.4592130184173584 1500
0.4592130184173584 1500
0.4604659080505371 1500
0.4609670639038086 1500
0.46228909492492676 1500
0.46228909492492676 1500
0.46297287940979004 1500
0.4645519256591797 1500
0.4645519256591797 1500
0.46518993377685547 1500
0.46636199951171875 1500
0.46718287467956543 1500
0.46718287467956543 1500
0.4680919647216797 1500
0.46930694580078125 1500
0.46930694580078125 1500
0.47179508209228516 1500
0.47179508209228516 1500
0.47202301025390625 1500
0.47218799591064453 1500
0.47298598289489746 1500
0.47420501708984375 1500
0.47420501708984375 1500
0.4751889705657959 1500
0.47627687454223633 1500
0.4768960475921631 1500
0.4768960475921631 1500
0.47795891761779785 1500
0.4788339138031006 1500
0.47995805740356445 1500
0.47995805740356445 1500
0.48082804679870605 1500
0.482619047164917 1500
0.482619047164917 1500
0.48317694664001465 1500
0.48392701148986816 1500
0.48484086990356445 1500
0.48484086990356445 1500
0.4860799312591553 1500
0.7688789367675781 1320
1.1123859882354736 40
1.6878390312194824 40
2.2811849117279053 1500
2.2811849117279053 1500
2.2823290824890137 1500
2.2823290824890137 1500
2.284579038619995 1500
2.284579038619995 1500
2.284579038619995 1500
2.284730911254883 1500
2.2848739624023438 1500
2.286195993423462 1500
2.286195993423462 1500
2.287292003631592 1500
2.287971019744873 1500
2.287990093231201 1500
2.2893009185791016 1500
2.2893009185791016 1500
2.2899210453033447 1500
2.2899820804595947 1500
2.290989875793457 1500
2.290989875793457 1500
2.2920939922332764 1500
2.2920939922332764 1500
2.2944769859313965 1500
2.2944769859313965 1500
2.295137882232666 1500
2.295137882232666 1500
2.297663927078247 1500
2.297663927078247 1500
2.297663927078247 1500
2.2978579998016357 1500
2.2982470989227295 1500
2.2982470989227295 1500
2.3002219200134277 1500
2.3002219200134277 1500
2.301223039627075 1500
2.301223039627075 1500
2.3023838996887207 1500
2.3023838996887207 1500
2.3031599521636963 1500
2.3031599521636963 1500
2.3042409420013428 1500
2.3042409420013428 1500
2.3053090572357178 1500
2.3053090572357178 220
2.3062939643859863 1500
2.3062939643859863 1500
2.307884931564331 1500
2.307884931564331 1500
2.307884931564331 1500
2.309453010559082 1500
2.3100030422210693 1500
2.3100030422210693 1500
2.311084032058716 1500
2.311084032058716 1500
2.312185049057007 1500
2.312185049057007 1500
2.3130459785461426 1500
2.3130459785461426 1500
2.31402587890625 1500
2.31402587890625 1500
2.3150360584259033 1500
2.316070079803467 1500
2.3171820640563965 1500
2.3171820640563965 1500
2.3182668685913086 1500
2.3182668685913086 1500
2.319101095199585 1500
2.319101095199585 1500
2.3211560249328613 1500
2.3211560249328613 1500
2.321837902069092 1500
2.321837902069092 1500
2.3231239318847656 1500
2.324002981185913 1500
2.324002981185913 1500
2.325073003768921 1500
2.325896978378296 1500
2.3270909786224365 1500
2.3270909786224365 1500
2.3279569149017334 1500
2.329195022583008 1500
2.329195022583008 1500
2.330103874206543 1500
2.331247091293335 1500
2.3325729370117188 1500
2.3325729370117188 1500
2.332948923110962 1500
2.3342440128326416 1500
2.335162878036499 1500
2.335162878036499 1500
2.335805892944336 1500
2.33732008934021 1500
2.33732008934021 1500
2.3378400802612305 1500
2.3390989303588867 1500
2.340053081512451 1500
2.340053081512451 1500
2.340985059738159 1500
2.3419060707092285 1500
2.3419060707092285 1500
2.342928886413574 1500
2.344244956970215 1500
2.3448948860168457 1500
2.3448948860168457 1500
2.345829963684082 1500
2.346975088119507 1500
2.348093032836914 1500
2.348093032836914 1500
2.3488590717315674 1500
2.3500900268554688 1500
2.3500900268554688 1500
2.3509140014648438 1500
2.352118968963623 1500
2.353153944015503 1500
2.353153944015503 1500
2.3540499210357666 1500
2.354969024658203 1500
2.354969024658203 1500
2.3562800884246826 1500
2.3568320274353027 1500
2.3580639362335205 1500
2.3580639362335205 1500
2.3588309288024902 1500
2.3601620197296143 1500
2.360809087753296 1500
2.360809087753296 1500
2.362109899520874 1500
2.3628358840942383 1500
2.3628358840942383 1500
2.3643040657043457 1500
2.364896059036255 1500
2.3661880493164062 1500
2.3661880493164062 1500
2.3670458793640137 1500
2.368105888366699 1500
2.368105888366699 1500
2.3688290119171143 1500
2.3699491024017334 1500
2.370929002761841 1500
2.370929002761841 1500
2.372205972671509 1500
2.3729569911956787 1500
2.374907970428467 1500
2.374907970428467 1500
2.374907970428467 1500
2.3763959407806396 1500
2.3763959407806396 1500
2.37705397605896 1500
2.378351926803589 1500
2.3790740966796875 1500
2.3790740966796875 1500
2.3800718784332275 1500
2.380949020385742 1500
2.380949020385742 1500
2.3824188709259033 1500
2.3828818798065186 1500
2.3839900493621826 1500
2.384169101715088 1500
2.3848440647125244 1500
2.385953903198242 1500
2.386894941329956 1500
2.386894941329956 1500
2.3879950046539307 1500
2.3889970779418945 1500
2.3889970779418945 1500
2.3902029991149902 1500
2.3908309936523438 1500
2.3922080993652344 1500
2.3922080993652344 1500
2.3930299282073975 1500
2.3940980434417725 1500
2.3940980434417725 1500
2.395066976547241 1500
2.395969867706299 1500
2.3971219062805176 1500
2.3971219062805176 1500
2.398228883743286 1500
2.3989319801330566 1500
2.39990496635437 1500
2.39990496635437 1500
2.4009199142456055 1500
2.4021239280700684 1500
2.4021239280700684 1500
2.402838945388794 1500
2.4039530754089355 1500
2.4050068855285645 1500
2.4050068855285645 1500
2.4060230255126953 1500
2.406933069229126 1500
2.406933069229126 1500
2.408092975616455 1500
2.409008026123047 1500
2.4100289344787598 1500
2.4100289344787598 1500
2.410897970199585 1500
2.412116050720215 1500
2.412945032119751 1500
2.412945032119751 1500
2.4143259525299072 1500
2.4148318767547607 1500
2.4148318767547607 1500
2.416692018508911 1500
2.416862964630127 1500
2.418255090713501 1500
2.418255090713501 1500
2.4188830852508545 1500
2.4202139377593994 1500
2.4202139377593994 1500
2.4208450317382812 1500
2.4220778942108154 1500
2.4229440689086914 1500
2.4229440689086914 1500
2.424298048019409 1500
2.4249448776245117 1500
2.425963878631592 1500
2.425963878631592 1500
2.4269940853118896 1500
2.429020881652832 1500
2.429020881652832 1500
2.429020881652832 1500
2.4299910068511963 1500
2.4310200214385986 1500
2.4310200214385986 1500
2.432194948196411 1500
2.4328689575195312 1500
2.4328689575195312 1500
2.434251070022583 1500
2.4348559379577637 1500
2.4361538887023926 1500
2.4361538887023926 1500
2.436933994293213 1500
2.437941074371338 1500
2.438839912414551 1500
2.438839912414551 1500
2.4401209354400635 1500
2.441045045852661 1500
2.441045045852661 1500
2.4425160884857178 1500
2.442957878112793 1500
2.4441308975219727 1500
2.4441308975219727 1500
2.444851875305176 1500
2.4459688663482666 1500
2.4459688663482666 1500
2.4470889568328857 1500
2.447896957397461 1500
2.4491260051727295 1500
2.4491260051727295 1500
2.449928045272827 1500
2.4508678913116455 1500
2.4508678913116455 1500
2.452162027359009 1500
2.452881097793579 1500
2.455004930496216 1500
2.455004930496216 1500
2.455004930496216 1500
2.4561150074005127 1500
2.4568729400634766 1500
2.4568729400634766 1500
2.4579648971557617 1500
2.45886492729187 1500
2.45886492729187 1500
2.460222005844116 1500
2.461158037185669 1500
2.462238073348999 1500
2.462238073348999 1500
2.462977886199951 1500
2.4640839099884033 1500
2.4640839099884033 1500
2.464962959289551 1500
2.465904951095581 1500
2.466953992843628 1500
2.466953992843628 1500
2.4684898853302 1500
2.468838930130005 1500
2.4700450897216797 1500
2.4700450897216797 1500
2.4709579944610596 1500
2.4721479415893555 1500
2.4721479415893555 1500
2.47310209274292 1500
2.4742369651794434 1500
2.474881887435913 1500
2.474881887435913 1500
2.475943088531494 1500
2.4768729209899902 1500
2.4768729209899902 1500
2.4780659675598145 1500
2.479606866836548 1500
2.4799790382385254 1500
2.4799790382385254 1500
2.48095703125 1500
2.4822170734405518 1500
2.4831409454345703 1500
2.4831409454345703 1500
2.483992099761963 1500
2.4850499629974365 1500
2.4850499629974365 1500
2.4863150119781494 1500
