1049780
0.0 1460
0.0 1460
0.0016078948974609375 1460
0.0016078948974609375 1460
0.002026081085205078 1460
0.0030059814453125 1460
0.003448009490966797 1460
0.003448009490966797 1460
0.005239963531494141 1460
0.005239963531494141 1460
0.006783008575439453 1460
0.006783008575439453 1460
0.007196903228759766 1460
0.007196903228759766 1460
0.008632898330688477 1460
0.008632898330688477 1460
0.009023904800415039 1460
0.009023904800415039 1460
0.010364055633544922 1460
0.010714054107666016 1460
0.010714054107666016 1460
0.012124061584472656 1460
0.014093875885009766 1460
0.014534950256347656 1460
0.014534950256347656 1460
0.019224882125854492 1460
0.019224882125854492 1460
0.019224882125854492 1460
0.019224882125854492 1460
0.019224882125854492 1460
0.019224882125854492 1460
0.019224882125854492 1460
0.019224882125854492 1460
0.020071029663085938 1460
0.020071029663085938 1460
0.0210418701171875 1460
0.0210418701171875 1460
0.02345895767211914 1460
0.02345895767211914 1460
0.02345895767211914 1460
0.02345895767211914 1460
0.024673938751220703 1460
0.024673938751220703 1460
0.025165081024169922 1460
0.025165081024169922 1460
0.025165081024169922 1460
0.025165081024169922 1460
0.02651691436767578 1460
0.02651691436767578 1460
0.02694392204284668 1460
0.02694392204284668 1460
0.028390884399414062 1460
0.028390884399414062 1460
0.030725955963134766 1460
0.03227090835571289 1460
0.03382706642150879 1460
0.03608989715576172 1460
0.03608989715576172 1460
0.037719011306762695 1460
0.037719011306762695 1460
0.03954195976257324 1460
0.03954195976257324 1460
0.0400080680847168 1460
0.0400080680847168 1460
0.041404008865356445 1460
0.041404008865356445 1460
0.04333996772766113 1460
0.04333996772766113 1460
0.04392695426940918 1460
0.04392695426940918 1460
0.0458369255065918 1460
0.0458369255065918 1460
0.0458369255065918 1460
0.0458369255065918 1460
0.047492027282714844 1460
0.047492027282714844 1460
0.0494999885559082 1460
0.0494999885559082 1460
0.05160808563232422 1460
0.05160808563232422 1460
0.052041053771972656 1460
0.052041053771972656 1460
0.05365300178527832 1460
0.05365300178527832 1460
0.0732729434967041 1460
0.0732729434967041 1460
0.0732729434967041 1460
0.0732729434967041 1460
0.0732729434967041 1460
0.0732729434967041 1460
0.07460403442382812 1460
0.07460403442382812 1460
0.07460403442382812 1460
0.07460403442382812 1460
0.07460403442382812 1460
0.07460403442382812 1460
0.07460403442382812 1460
0.07460403442382812 1460
0.07570695877075195 1460
0.07570695877075195 1460
0.07570695877075195 1460
0.07570695877075195 1460
0.07570695877075195 1460
0.07570695877075195 1460
0.0769650936126709 1460
0.0769650936126709 1460
0.0769650936126709 1460
0.07923102378845215 1460
0.0805048942565918 1460
0.0805048942565918 1460
0.08335089683532715 1460
0.08335089683532715 1460
0.08335089683532715 1460
0.08335089683532715 1460
0.08335089683532715 1460
0.08335089683532715 1460
0.08335089683532715 1460
0.08437609672546387 1460
0.08437609672546387 1460
0.08504700660705566 1460
0.08504700660705566 1460
0.08504700660705566 1460
0.08676290512084961 1460
0.08676290512084961 1460
0.08676290512084961 1460
0.08713293075561523 1460
0.08713293075561523 1460
0.08839201927185059 1460
0.08839201927185059 1460
0.0888528823852539 1460
0.0888528823852539 1460
0.09072303771972656 1460
0.09072303771972656 1460
0.09261202812194824 1460
0.09261202812194824 1460
0.09454894065856934 1460
0.09454894065856934 1460
0.0960838794708252 1460
0.0960838794708252 1460
0.09750509262084961 1460
0.09750509262084961 1460
0.09750509262084961 1460
0.09797906875610352 1460
0.09797906875610352 1460
0.09797906875610352 1460
0.1033780574798584 1460
0.1033780574798584 1460
0.1033780574798584 1460
0.1033780574798584 1460
0.1033780574798584 1460
0.1033780574798584 1460
0.1039729118347168 1460
0.1039729118347168 1460
0.1039729118347168 1460
0.1039729118347168 1460
0.10606098175048828 1460
0.10606098175048828 1460
0.10720109939575195 1460
0.10720109939575195 1460
0.1088559627532959 1460
0.10925793647766113 1460
0.10925793647766113 1460
0.10925793647766113 1460
0.10925793647766113 1460
0.11104297637939453 1460
0.11104297637939453 1460
0.11277604103088379 1460
0.11277604103088379 1460
0.11458897590637207 1460
0.11458897590637207 1460
0.11643004417419434 1460
0.11643004417419434 1460
0.11643004417419434 1460
0.11643004417419434 1460
0.11760401725769043 1460
0.11760401725769043 1460
0.11805200576782227 1460
0.11805200576782227 1460
0.11945891380310059 1460
0.11945891380310059 1460
0.11978507041931152 1460
0.11978507041931152 1460
0.12160396575927734 1460
0.12160396575927734 1460
0.12160396575927734 1460
0.12205100059509277 1460
0.12205100059509277 1460
0.12205100059509277 1460
0.12355208396911621 1460
0.12355208396911621 1460
0.12406396865844727 1460
0.12406396865844727 1460
0.1250760555267334 1460
0.1250760555267334 1460
0.12551188468933105 1460
0.12551188468933105 1460
0.12551188468933105 1460
0.12551188468933105 1460
0.1298680305480957 1460
0.1298680305480957 1460
0.1298680305480957 1460
0.1298680305480957 1460
0.1298680305480957 1460
0.1298680305480957 1460
0.1298680305480957 1460
0.13083791732788086 1460
0.13083791732788086 1460
0.13083791732788086 1460
0.13129305839538574 1460
0.13129305839538574 1460
0.13129305839538574 1460
0.13255786895751953 1460
0.13255786895751953 1460
0.13291597366333008 1460
0.13291597366333008 1460
0.13430404663085938 1460
0.13430404663085938 1460
0.13467693328857422 1460
0.13467693328857422 1460
0.1360940933227539 1460
0.1360940933227539 1460
0.1360940933227539 1460
0.1360940933227539 1460
0.13658404350280762 1460
0.13658404350280762 1460
0.13807392120361328 1460
0.13807392120361328 1460
0.13807392120361328 1460
0.13807392120361328 1460
0.1385049819946289 1460
0.1385049819946289 1460
0.13991999626159668 1460
0.13991999626159668 1460
0.1403050422668457 1460
0.1403050422668457 1460
0.14215803146362305 1460
0.14215803146362305 1460
0.14292001724243164 1460
0.14292001724243164 1460
0.14292001724243164 1460
0.14406704902648926 1460
0.14642906188964844 1460
0.14642906188964844 1460
0.14642906188964844 1460
0.14642906188964844 1460
0.14730000495910645 1460
0.14730000495910645 1460
0.14765691757202148 1460
0.14765691757202148 1460
0.14904308319091797 1460
0.14904308319091797 1460
0.14904308319091797 1460
0.14949703216552734 1460
0.14949703216552734 1460
0.1508340835571289 1460
0.1508340835571289 1460
0.1512889862060547 1460
0.15256190299987793 1460
0.15298008918762207 1460
0.15298008918762207 1460
0.15435290336608887 1460
0.15435290336608887 1460
0.15622806549072266 1460
0.15622806549072266 1460
0.15622806549072266 1460
0.1566770076751709 1460
0.1581590175628662 1460
0.1581590175628662 1460
0.1585988998413086 1460
0.1585988998413086 1460
0.16003799438476562 1460
0.16003799438476562 1460
0.16003799438476562 1460
0.16051506996154785 1460
0.17631006240844727 1460
0.17631006240844727 1460
0.1775989532470703 1460
0.1775989532470703 1460
0.1780719757080078 1460
0.1780719757080078 1460
0.18065190315246582 1460
0.18065190315246582 1460
0.181196928024292 40
0.181196928024292 1460
0.181196928024292 1460
0.18165302276611328 1460
0.18165302276611328 1460
0.18309998512268066 1460
0.18309998512268066 1460
0.18352699279785156 1460
0.18352699279785156 1460
0.18486905097961426 1460
0.18486905097961426 1460
0.18514394760131836 1460
0.1874220371246338 1460
0.1874220371246338 1460
0.1874220371246338 1460
0.1874220371246338 1460
0.18851399421691895 1460
0.18851399421691895 1460
0.18883109092712402 1460
0.18883109092712402 1460
0.19050908088684082 1460
0.19050908088684082 1460
0.19254088401794434 1460
0.19254088401794434 1460
0.19298291206359863 1460
0.19298291206359863 1460
0.19420790672302246 1460
0.19420790672302246 1460
0.1944570541381836 1460
0.1944570541381836 1460
0.19566607475280762 1460
0.19566607475280762 1460
0.19609403610229492 1460
0.19609403610229492 1460
0.19609403610229492 1460
0.19759893417358398 1460
0.19806289672851562 1460
0.19806289672851562 1460
0.19939088821411133 1460
0.19939088821411133 1460
0.19983506202697754 1460
0.19983506202697754 1460
0.19983506202697754 1460
0.20125508308410645 1460
0.20125508308410645 1460
0.20125508308410645 1460
0.20154809951782227 1460
0.20154809951782227 1460
0.2034909725189209 1460
0.2034909725189209 1460
0.20536398887634277 1460
0.20536398887634277 1460
0.20814299583435059 1460
0.20856595039367676 1460
0.20856595039367676 1460
0.20856595039367676 1460
0.20991086959838867 1460
0.20991086959838867 1460
0.21143293380737305 1460
0.21143293380737305 1460
0.21143293380737305 1460
0.21291208267211914 1460
0.21291208267211914 1460
0.21334195137023926 1460
0.21334195137023926 1460
0.21518492698669434 1460
0.21518492698669434 1460
0.2165510654449463 1460
0.2165510654449463 1460
0.21802902221679688 1460
0.21842503547668457 1460
0.21842503547668457 1460
0.21842503547668457 1460
0.2199850082397461 1460
0.2199850082397461 1460
0.2216489315032959 1460
0.2216489315032959 1460
0.22205090522766113 1460
0.22205090522766113 1460
0.2247600555419922 1460
0.2247600555419922 1460
0.2247600555419922 1460
0.2247600555419922 1460
0.2247600555419922 1460
0.2247600555419922 1460
0.23022198677062988 1460
0.23022198677062988 1460
0.23022198677062988 1460
0.23066496849060059 1460
0.23066496849060059 1460
0.23066496849060059 1460
0.2325749397277832 1460
0.2325749397277832 1460
0.2325749397277832 1460
0.2330310344696045 1460
0.2330310344696045 1460
0.23419499397277832 1460
0.23419499397277832 1460
0.23419499397277832 1460
0.23419499397277832 1460
0.23463797569274902 1460
0.23463797569274902 1460
0.23669004440307617 1460
0.23669004440307617 1460
0.23742294311523438 1460
0.23742294311523438 1460
0.24008607864379883 1460
0.24008607864379883 1460
0.24063801765441895 1460
0.24063801765441895 1460
0.24212193489074707 1460
0.24212193489074707 1460
0.24350404739379883 1460
0.24350404739379883 1460
0.2439289093017578 1460
0.2439289093017578 1460
0.2456660270690918 1460
0.2456660270690918 1460
0.2469348907470703 1460
0.2469348907470703 1460
0.2473740577697754 1460
0.2473740577697754 1460
0.24886703491210938 1460
0.2493000030517578 1460
0.2493000030517578 1460
0.2507760524749756 1460
0.251223087310791 1460
0.251223087310791 1460
0.251223087310791 1460
0.251223087310791 1460
0.25243496894836426 1460
0.25243496894836426 1460
0.2527890205383301 1460
0.2527890205383301 1460
0.2558460235595703 1460
0.2558460235595703 1460
0.2576608657836914 1460
0.2576608657836914 1460
0.2591989040374756 1460
0.2591989040374756 1460
0.2611570358276367 1460
0.2616279125213623 1460
0.2616279125213623 1460
0.2630279064178467 1460
0.2630279064178467 1460
0.2630279064178467 1460
0.2634708881378174 1460
0.2634708881378174 1460
0.2634708881378174 1460
0.27405691146850586 1460
0.27405691146850586 1460
0.27405691146850586 1460
0.2744779586791992 1460
0.2744779586791992 1460
0.2744779586791992 1460
0.27803707122802734 1460
0.27803707122802734 1460
0.28134703636169434 1460
0.28134703636169434 1460
0.2817680835723877 1460
0.2817680835723877 1460
0.2832660675048828 1460
0.2832660675048828 1460
0.2837090492248535 1460
0.2837090492248535 1460
0.2837090492248535 1460
0.2837090492248535 1460
0.28513598442077637 1460
0.28513598442077637 1460
0.28552794456481934 1460
0.28552794456481934 1460
0.2869229316711426 1460
0.28735804557800293 1460
0.28735804557800293 1460
0.2887718677520752 1460
0.2887718677520752 1460
0.2887718677520752 1460
0.29291701316833496 1460
0.29291701316833496 1460
0.29291701316833496 1460
0.29291701316833496 1460
0.29317688941955566 1460
0.29317688941955566 1460
0.2944149971008301 1460
0.2944149971008301 1460
0.2947509288787842 1460
0.2947509288787842 1460
0.29636597633361816 1460
0.29636597633361816 1460
0.29636597633361816 1460
0.29636597633361816 1460
0.2977008819580078 1460
0.2977008819580078 1460
0.29808688163757324 1460
0.29808688163757324 1460
0.3001739978790283 1460
0.3001739978790283 1460
0.3001739978790283 1460
0.3005959987640381 1460
0.3005959987640381 1460
0.3016228675842285 1460
0.30199599266052246 1460
0.30199599266052246 1460
0.30199599266052246 1460
0.30983686447143555 1460
0.30983686447143555 1460
0.3103199005126953 1460
0.3103199005126953 1460
0.3103199005126953 1460
0.3103199005126953 1460
0.3103199005126953 1460
0.3103199005126953 1460
0.3107450008392334 1460
0.3107450008392334 1460
0.3107450008392334 1460
0.3107450008392334 1460
0.3107450008392334 1460
0.3107450008392334 1460
0.3107450008392334 1460
0.3111848831176758 1460
0.3111848831176758 1460
0.31297993659973145 1460
0.31297993659973145 1460
0.31430792808532715 1460
0.31430792808532715 1460
0.31554293632507324 1460
0.31554293632507324 1460
0.31554293632507324 1460
0.31554293632507324 1460
0.3160240650177002 1460
0.3160240650177002 1460
0.31728196144104004 1460
0.31770992279052734 1460
0.31924986839294434 1460
0.31924986839294434 1460
0.3211488723754883 1460
0.3211488723754883 1460
0.3211488723754883 1460
0.3211488723754883 1460
0.32158899307250977 1460
0.32158899307250977 1460
0.32158899307250977 1460
0.32259488105773926 1460
0.32622408866882324 1460
0.32622408866882324 1460
0.32622408866882324 1460
0.32622408866882324 1460
0.3268930912017822 1460
0.3268930912017822 1460
0.3268930912017822 1460
0.3268930912017822 1460
0.32855892181396484 1460
0.32855892181396484 1460
0.32855892181396484 1460
0.32855892181396484 1460
0.330686092376709 1460
0.330686092376709 1460
0.33113694190979004 1460
0.33113694190979004 1460
0.33159494400024414 1460
0.33159494400024414 1460
0.3319969177246094 1460
0.3336029052734375 1460
0.3339560031890869 1460
0.3339560031890869 1460
0.3355870246887207 1460
0.3355870246887207 1460
0.3392910957336426 1460
0.3392910957336426 1460
0.34232401847839355 1460
0.34232401847839355 1460
0.34232401847839355 1460
0.34232401847839355 1460
0.3427400588989258 1460
0.3427400588989258 1460
0.34407496452331543 1460
0.34407496452331543 1460
0.3444089889526367 1460
0.3444089889526367 1460
0.3444089889526367 1460
0.3459649085998535 1460
0.3459649085998535 1460
0.3459649085998535 1460
0.3475320339202881 1460
0.3475320339202881 1460
0.3475320339202881 1460
0.3488149642944336 1460
0.3488149642944336 1460
0.3488149642944336 1460
0.3492090702056885 1460
0.3510420322418213 1460
0.3510420322418213 1460
0.3510420322418213 1460
0.3510420322418213 1460
0.35239100456237793 1460
0.35239100456237793 1460
0.3528430461883545 1460
0.3528430461883545 1460
0.3545548915863037 1460
0.3545548915863037 1460
0.3545548915863037 1460
0.3545548915863037 1460
0.35864901542663574 1460
0.35864901542663574 1460
0.36788201332092285 1460
0.36788201332092285 1460
0.36788201332092285 1460
0.36788201332092285 1460
0.3695859909057617 1460
0.3695859909057617 1460
0.3712019920349121 1460
0.3712019920349121 1460
0.3751518726348877 1460
0.3751518726348877 1460
0.37709903717041016 1460
0.37709903717041016 1460
0.37709903717041016 1460
0.37856507301330566 1460
0.37903308868408203 1460
0.37903308868408203 1460
0.37903308868408203 1460
0.3803219795227051 1460
0.3808119297027588 1460
0.3808119297027588 1460
0.3820960521697998 1460
0.3820960521697998 1460
0.3820960521697998 1460
0.3820960521697998 1460
0.38251209259033203 1460
0.38251209259033203 1460
0.38251209259033203 1460
0.38459205627441406 1460
0.38459205627441406 1460
0.3864009380340576 1460
0.3864009380340576 1460
0.4228079319000244 1460
0.4228079319000244 1460
0.4228079319000244 1460
0.4228079319000244 1460
0.42342495918273926 1460
0.42342495918273926 1460
0.42493200302124023 1460
0.42493200302124023 1460
0.42493200302124023 1460
0.42493200302124023 1460
0.42493200302124023 1460
0.42493200302124023 1460
0.42493200302124023 1460
0.42493200302124023 1460
0.42665600776672363 1460
0.42665600776672363 1460
0.42665600776672363 1460
0.42665600776672363 1460
0.42665600776672363 1460
0.42665600776672363 1460
0.4273378849029541 1460
0.4273378849029541 1460
0.4273378849029541 1460
0.4273378849029541 1460
0.4304530620574951 1460
0.4304530620574951 1460
0.430980920791626 1460
0.430980920791626 1460
0.430980920791626 1460
0.430980920791626 1460
0.4314870834350586 1460
0.4314870834350586 1460
0.4314870834350586 1460
0.4314870834350586 1460
0.4314870834350586 1460
0.4314870834350586 1460
0.43189287185668945 1460
0.43189287185668945 1460
0.43189287185668945 1460
0.43420886993408203 1460
0.43420886993408203 1460
0.43420886993408203 1460
0.43420886993408203 1460
0.43420886993408203 1460
0.4347829818725586 1460
0.4347829818725586 1460
0.4347829818725586 1460
0.4347829818725586 1460
0.4347829818725586 1460
0.4353039264678955 1460
0.4353039264678955 1460
0.4357008934020996 1460
0.4357008934020996 1460
0.4357008934020996 1460
0.4357008934020996 1460
0.43787503242492676 1460
0.43787503242492676 1460
0.43787503242492676 1460
0.43787503242492676 1460
0.43787503242492676 1460
0.43787503242492676 1460
0.43787503242492676 1460
0.43787503242492676 1460
0.43839287757873535 1460
0.43839287757873535 1460
0.43839287757873535 1460
0.43839287757873535 1460
0.43839287757873535 1460
0.43839287757873535 1460
0.43885302543640137 1460
0.43885302543640137 1460
0.43885302543640137 1460
0.43885302543640137 1460
0.43885302543640137 1460
0.43885302543640137 1460
0.43885302543640137 1460
0.43918800354003906 1460
0.4422628879547119 1460
0.4422628879547119 1460
0.4422628879547119 1460
0.4422628879547119 1460
0.4422628879547119 1460
0.4422628879547119 1460
0.4422628879547119 1460
0.4422628879547119 1460
0.4422628879547119 1460
0.4422628879547119 1460
0.4428720474243164 1460
0.4428720474243164 1460
0.4428720474243164 1460
0.44353508949279785 1460
0.44353508949279785 1460
0.44353508949279785 1460
0.44353508949279785 1460
0.4440178871154785 1460
0.4440178871154785 1460
0.4440178871154785 1460
0.4440178871154785 1460
0.4469759464263916 1460
0.44757509231567383 1460
0.44757509231567383 1460
0.44757509231567383 1460
0.44803404808044434 1460
