1049184
0.0 1440
9.5367431640625e-07 1440
5.9604644775390625e-06 1440
0.00333404541015625 1440
0.0055561065673828125 1440
0.0055561065673828125 1440
0.008340120315551758 1440
0.010487079620361328 1440
0.013195991516113281 1440
0.016523122787475586 1440
0.016524076461791992 1440
0.017946958541870117 1440
0.021433115005493164 1440
0.0227811336517334 1440
0.02658700942993164 1440
0.026587963104248047 1440
0.029139995574951172 1440
0.030781030654907227 1440
0.032447099685668945 1440
0.03574991226196289 1440
0.036956071853637695 1440
0.04109811782836914 1440
0.04110002517700195 1440
0.04311394691467285 1440
0.04960799217224121 1440
0.04960894584655762 1440
0.049610137939453125 1440
0.052320003509521484 1440
0.0543210506439209 1440
0.05682110786437988 1440
0.061335086822509766 1440
0.06133604049682617 1440
0.06559395790100098 1440
0.0727529525756836 1440
0.07275605201721191 1440
0.07442903518676758 1440
0.07466697692871094 1440
0.07866406440734863 1440
0.08072590827941895 1440
0.0844879150390625 1440
0.08759593963623047 1440
0.09057092666625977 1440
0.09253907203674316 1440
0.09451794624328613 1440
0.09733796119689941 1440
0.10261106491088867 1440
0.10273909568786621 1440
0.10592794418334961 1440
0.10843110084533691 1440
0.11289811134338379 1440
0.11760711669921875 1440
0.1194450855255127 1440
0.11994504928588867 1440
0.12316393852233887 1440
0.12439894676208496 1440
0.13013601303100586 1440
0.133436918258667 1440
0.1339559555053711 1440
0.13533997535705566 1440
0.1399550437927246 1440
0.14321208000183105 1440
0.14693999290466309 1440
0.14786410331726074 1440
0.14991998672485352 1440
0.15383005142211914 1440
0.1566910743713379 1440
0.16082406044006348 1440
0.16082501411437988 1440
0.16458702087402344 1440
0.16655206680297852 1440
0.16972994804382324 1440
0.17543601989746094 1440
0.17543697357177734 1440
0.17818403244018555 1440
0.18145108222961426 1440
0.18367505073547363 1440
0.18944501876831055 1440
0.19145798683166504 1440
0.1916639804840088 1440
0.19675803184509277 1440
0.19826793670654297 1440
0.20270299911499023 1440
0.2049570083618164 1440
0.20598506927490234 1440
0.20890402793884277 1440
0.2120380401611328 1440
0.24069595336914062 1440
0.24070096015930176 1440
0.24070191383361816 1440
0.2407059669494629 1440
0.24120807647705078 1440
0.24121403694152832 1440
0.24121904373168945 1440
0.24121999740600586 1440
0.24122405052185059 1440
0.2412281036376953 1440
0.24306511878967285 1440
0.24648714065551758 1440
0.24753713607788086 1440
0.24962902069091797 1440
0.2542130947113037 1440
0.2563791275024414 1440
0.26120996475219727 1440
0.43051600456237793 1440
0.43051600456237793 1440
0.43051791191101074 1440
0.43052005767822266 1440
0.4305229187011719 1440
0.4305291175842285 1440
0.4305291175842285 1440
0.43053197860717773 1440
0.43053293228149414 1440
0.43053698539733887 1440
0.4305391311645508 1440
0.4305391311645508 1440
0.4305419921875 1440
0.4305450916290283 1440
0.43054699897766113 1440
0.43055009841918945 1440
0.43055105209350586 1440
0.43055295944213867 1440
0.4341700077056885 1440
0.4341731071472168 1440
0.434175968170166 1440
0.43417811393737793 1440
0.43417906761169434 1440
0.43418192863464355 1440
0.4341850280761719 1440
0.4341890811920166 1440
0.434190034866333 1440
0.4341909885406494 1440
0.43419313430786133 1440
0.43419504165649414 1440
0.43419694900512695 1440
0.4342000484466553 1440
0.441303014755249 1440
0.44130396842956543 1440
0.44130396842956543 1440
0.44130492210388184 1440
0.44130492210388184 1440
0.44130802154541016 1440
0.4429159164428711 1440
0.4454360008239746 1440
0.44707798957824707 1440
0.44844794273376465 1440
0.4514889717102051 1440
0.45299196243286133 1440
0.45572996139526367 1440
0.45777106285095215 1440
0.45777106285095215 752
0.4605679512023926 1440
0.4699549674987793 40
0.6901531219482422 1440
0.691054105758667 1440
0.6911299228668213 1336
0.6934340000152588 1440
0.6934459209442139 1440
0.6959640979766846 1336
0.6959640979766846 1440
0.6977190971374512 1440
0.702517032623291 1336
0.702517032623291 1440
0.7027740478515625 1440
0.7027750015258789 1336
0.7076270580291748 1440
0.707629919052124 1440
0.707629919052124 1336
0.7088029384613037 1440
0.7093579769134521 1440
0.7124550342559814 1336
0.7179811000823975 1440
0.7179811000823975 1440
0.7179830074310303 1336
0.7179839611053467 1440
0.7197360992431641 1440
0.7197370529174805 1440
0.8239519596099854 1440
0.8239519596099854 1440
0.8239529132843018 1440
0.8239550590515137 1440
0.8239569664001465 1440
0.8239579200744629 1440
0.8239600658416748 1440
0.8239610195159912 1440
0.8239619731903076 1440
0.8239641189575195 1440
0.8239650726318359 1440
0.8239669799804688 1440
0.8239679336547852 1440
0.8239691257476807 1440
0.8239710330963135 1440
0.8239729404449463 1440
0.8239741325378418 1440
0.8240311145782471 1440
0.8240320682525635 1440
0.8240339756011963 1440
0.8240349292755127 1440
0.8240361213684082 1440
0.824038028717041 1440
0.8240389823913574 1440
0.8255629539489746 1440
0.8365559577941895 1440
0.8365569114685059 1440
0.8365581035614014 1440
0.8365590572357178 1440
0.8365600109100342 1440
0.8365609645843506 1440
0.8365609645843506 1440
0.836561918258667 1440
0.8365631103515625 1440
0.8365640640258789 1440
0.8365650177001953 1440
0.8365659713745117 1440
0.8365659713745117 1440
0.8367390632629395 1440
0.8394119739532471 1440
0.8394129276275635 1440
0.8394150733947754 1440
0.8397500514984131 1440
0.8409500122070312 1440
0.8409509658813477 1440
0.8453660011291504 1440
0.8453679084777832 1440
0.8453691005706787 1440
0.8453700542449951 1440
0.8455851078033447 1440
0.8466229438781738 1440
0.8466250896453857 1440
0.8473489284515381 1440
0.8500211238861084 1440
0.8503010272979736 1440
0.85030198097229 1440
0.8510839939117432 1440
0.8750951290130615 1440
0.8750970363616943 1440
0.8750979900360107 1440
0.8750979900360107 1440
0.8750989437103271 1440
0.8751001358032227 1440
0.8751010894775391 1440
0.8751020431518555 1440
0.8751029968261719 1440
0.8751039505004883 1440
0.8751051425933838 1440
0.8751060962677002 1440
0.8751070499420166 1440
0.8751070499420166 1440
0.875108003616333 1440
0.8751089572906494 1440
0.8751099109649658 1440
0.8751111030578613 1440
0.8751120567321777 1440
0.8751130104064941 1440
0.8819630146026611 1440
0.8819639682769775 1440
0.881964921951294 1440
0.8819661140441895 1440
0.8850469589233398 1440
0.8863010406494141 1440
0.8863019943237305 1440
0.8863029479980469 1440
0.8863041400909424 1440
0.8863041400909424 1440
0.8863050937652588 1440
0.8863060474395752 1440
0.8863070011138916 1440
0.886307954788208 1440
0.886307954788208 1440
0.8863089084625244 1440
0.8863101005554199 1440
0.8863110542297363 1440
0.8863110542297363 1440
0.8863120079040527 1440
0.8863129615783691 1440
0.8864080905914307 1440
0.889488935470581 1440
0.8894901275634766 1440
0.889491081237793 1440
0.8926799297332764 1440
0.8926820755004883 1440
0.8926830291748047 1440
0.8998310565948486 1440
0.8998329639434814 1440
0.8998339176177979 1440
0.8998351097106934 1440
0.8998351097106934 1440
0.8998360633850098 1440
0.8998370170593262 1440
0.8998379707336426 1440
0.9028599262237549 1440
0.9028620719909668 1440
0.9028620719909668 1440
0.9028630256652832 1440
0.9028639793395996 1440
0.902864933013916 1440
0.9028661251068115 1440
0.9028680324554443 1440
0.9044890403747559 1440
0.9055929183959961 1440
0.9068470001220703 1440
0.9151051044464111 1440
0.9165089130401611 1440
0.916511058807373 1440
0.9165120124816895 1440
0.9165139198303223 1440
0.9165160655975342 1440
0.916719913482666 1440
0.9182469844818115 1440
0.9198291301727295 1440
0.9258670806884766 1440
0.925868034362793 1440
0.9258689880371094 1440
0.9258711338043213 1440
0.9258720874786377 1440
0.9283909797668457 1440
0.9283919334411621 1440
0.9305980205535889 1440
0.9324939250946045 1440
0.9324960708618164 1440
0.9358320236206055 1440
0.9358339309692383 1440
0.9378819465637207 1440
0.9394681453704834 1440
0.9408540725708008 1440
0.9429609775543213 1440
0.9429631233215332 1440
0.9447119235992432 1440
0.9459779262542725 1440
0.9481351375579834 1440
0.9481370449066162 1440
0.9498679637908936 1440
0.9505150318145752 1440
0.9524729251861572 1440
0.954754114151001 1440
0.9547550678253174 1440
0.9570760726928711 1440
0.9575381278991699 1440
0.9602620601654053 1440
0.9611859321594238 1440
0.9617469310760498 1440
0.9637451171875 1440
0.9644079208374023 1440
0.9667050838470459 1440
0.967414140701294 1440
0.9685051441192627 1440
0.9694499969482422 1440
0.9714291095733643 1440
0.9737820625305176 1440
0.9746460914611816 1440
0.9754359722137451 1440
0.9772651195526123 1440
0.9787240028381348 1440
0.9803810119628906 1440
0.9820561408996582 1440
0.9850709438323975 1440
0.9850730895996094 1440
0.9865319728851318 1440
0.9865329265594482 1440
0.9890999794006348 1440
0.9908859729766846 1440
0.990886926651001 1440
0.9932489395141602 1440
0.9972491264343262 1440
1.0227551460266113 1440
1.0227560997009277 1440
1.0227570533752441 1440
1.0227580070495605 1440
1.0227580070495605 1440
1.0227599143981934 1440
1.0227649211883545 1440
1.0227649211883545 1440
1.0227670669555664 1440
1.0227670669555664 1440
1.0227689743041992 1440
1.0227699279785156 1440
1.0227711200714111 1440
1.0227720737457275 1440
1.022773027420044 1440
1.0228450298309326 1440
1.0255789756774902 1440
1.0255789756774902 1440
1.0255799293518066 1440
1.0255799293518066 1440
1.0255811214447021 1440
1.025583028793335 1440
1.027130126953125 1440
1.0286569595336914 1440
1.0307080745697021 1440
1.0332911014556885 1440
1.034040927886963 1440
1.0346529483795166 1440
1.035377025604248 1440
1.0395519733428955 1440
1.0397961139678955 1440
1.04087495803833 1440
1.0412840843200684 1440
1.0434179306030273 1440
1.045396089553833 1440
1.0471880435943604 1440
1.0478289127349854 1440
1.0486531257629395 1440
1.0494909286499023 1440
1.0525329113006592 1440
1.0525870323181152 1440
1.055872917175293 1440
1.0558741092681885 1440
1.0563349723815918 1440
1.0575439929962158 1440
1.0649449825286865 1440
1.064945936203003 1440
1.0649480819702148 1440
1.0649490356445312 1440
1.064950942993164 1440
1.0664401054382324 1440
1.0706770420074463 1440
1.0718090534210205 1440
1.0740010738372803 1440
1.0745620727539062 1440
1.0775771141052246 1440
1.0801279544830322 1440
1.0822839736938477 1440
1.0834801197052002 1440
1.0896379947662354 1440
1.0918660163879395 1440
1.0918691158294678 1440
1.0936291217803955 1440
1.094783067703247 1440
1.0947849750518799 1440
1.1262531280517578 1440
1.1262550354003906 1440
1.1262590885162354 1440
1.1262600421905518 1440
1.12626314163208 1440
1.1262640953063965 1440
1.1262669563293457 1440
1.1262691020965576 1440
1.1262719631195068 1440
1.1262729167938232 1440
1.126276969909668 1440
1.1262779235839844 1440
1.126281976699829 1440
1.1262850761413574 1440
1.1279480457305908 1440
1.1327629089355469 1440
1.1327669620513916 1440
1.1339149475097656 1440
1.1367099285125732 1440
1.1388170719146729 1440
1.140010118484497 1440
1.141901969909668 1440
1.1436960697174072 1440
1.146794080734253 1440
1.149014949798584 1440
1.1495170593261719 1440
1.1530799865722656 1440
1.155318021774292 1440
1.1568341255187988 1440
1.159182071685791 1440
1.1625211238861084 1440
1.1625220775604248 1440
1.1672370433807373 1440
1.168576955795288 1440
1.1714129447937012 1440
1.1759560108184814 1440
1.1759569644927979 1440
1.180220127105713 1440
1.1826879978179932 1440
1.1855230331420898 1440
1.1884160041809082 1440
1.1894619464874268 1440
1.1922941207885742 1440
1.1959741115570068 1440
1.1996219158172607 1440
1.2028589248657227 1440
1.2036831378936768 1440
1.2070400714874268 1440
1.2096600532531738 1440
1.213068962097168 1440
1.216947078704834 1440
1.218069076538086 1440
1.2196331024169922 1440
1.2236459255218506 1440
1.2279160022735596 1440
1.2308969497680664 1440
1.232450008392334 1440
1.233989953994751 1440
1.2376351356506348 1440
1.2403569221496582 1440
1.2444629669189453 1440
1.2469990253448486 1440
1.247697114944458 1440
1.2508001327514648 1440
1.2546019554138184 1440
1.258470058441162 1440
1.2618069648742676 1440
1.261807918548584 1440
1.2853970527648926 1440
1.2854039669036865 1440
1.2854080200195312 1440
1.285412073135376 1440
1.2854130268096924 1440
1.285417079925537 1440
1.2854211330413818 1440
1.2854270935058594 1440
1.2884550094604492 1440
1.2914619445800781 1440
1.2914631366729736 1440
1.29646897315979 1440
1.299746036529541 1440
1.4783649444580078 1440
1.4783670902252197 1440
1.4783670902252197 1440
1.478369951248169 1440
1.4783720970153809 1440
1.4783740043640137 1440
1.4783759117126465 1440
1.478377103805542 1440
1.4783799648284912 1440
1.4786181449890137 1440
1.4786200523376465 1440
1.4786229133605957 1440
1.4786229133605957 1440
1.4786250591278076 1440
1.4786291122436523 1440
1.4786319732666016 1440
1.4810371398925781 1440
1.4810371398925781 1440
1.481039047241211 232
1.4818530082702637 232
1.5002970695495605 40
1.8691139221191406 1440
1.8691151142120361 1440
1.8691160678863525 1336
1.869117021560669 1440
1.869117021560669 1440
1.8691179752349854 1336
1.8691189289093018 1440
1.8691201210021973 1440
1.8691201210021973 1336
1.8691210746765137 1440
1.86912202835083 1440
1.8691229820251465 1336
1.869123935699463 1440
1.869123935699463 1440
1.8691251277923584 1336
1.8691260814666748 1440
1.8691270351409912 1440
1.8691270351409912 1336
1.8691279888153076 1440
1.869128942489624 1440
1.8691301345825195 1336
1.8691301345825195 1440
1.869131088256836 1440
1.8691320419311523 1336
1.8691329956054688 1440
1.8712680339813232 1440
1.871269941329956 1336
1.8712711334228516 1440
1.871272087097168 1440
1.8712730407714844 1336
1.8712739944458008 1440
1.871293067932129 1440
1.8712940216064453 1336
1.9026670455932617 1440
1.9026689529418945 1440
1.9026720523834229 1440
1.9026761054992676 1440
1.9026811122894287 1440
1.902683973312378 1440
1.9026849269866943 1440
1.902688980102539 1440
1.9026930332183838 1440
1.9026989936828613 1440
1.9027020931243896 1440
1.902703046798706 1440
1.9027070999145508 1440
1.9056510925292969 1440
1.9062039852142334 1440
1.908052921295166 1440
1.909162998199463 1440
1.910534143447876 1440
1.9105350971221924 1440
1.915282964706421 1440
1.9167859554290771 1440
1.9174721240997314 1440
1.9191911220550537 1440
1.9216759204864502 1440
1.9243950843811035 1440
1.9261341094970703 1440
1.9280660152435303 1440
1.9298739433288574 1440
1.9311299324035645 1440
1.9355881214141846 1440
1.9471380710601807 1440
1.9471421241760254 1440
1.9471430778503418 1440
1.9471471309661865 1440
1.949789047241211 1440
1.9571480751037598 1440
1.957153081893921 1440
1.9571540355682373 1440
1.958949089050293 1440
1.9618611335754395 1440
1.9667069911956787 1440
1.968367099761963 1440
1.971740961074829 1440
1.9718749523162842 1440
1.9749600887298584 1440
1.9799790382385254 1440
1.985011100769043 1440
1.9850139617919922 1440
1.9866650104522705 1440
1.9944720268249512 1440
1.9944770336151123 1440
1.996135950088501 1440
1.9989681243896484 1440
2.000427007675171 1440
2.002769947052002 1440
2.006840944290161 1440
2.0103931427001953 1440
2.0123789310455322 1440
2.0154600143432617 1440
2.017620086669922 1440
2.0422110557556152 1440
2.0433340072631836 1440
2.043337106704712 1440
2.043337106704712 1440
2.0433409214019775 1440
2.043344020843506 1440
2.043347120285034 1440
2.043349027633667 1440
2.0433521270751953 1440
2.0433530807495117 1440
2.045128107070923 1440
2.0515670776367188 1440
2.0515711307525635 1440
2.0515739917755127 1440
2.0515761375427246 1440
2.0536890029907227 1440
2.057042121887207 1440
2.0620510578155518 1440
2.062053918838501 1440
2.0620551109313965 1440
2.0654330253601074 1440
2.072479009628296 1440
2.080414056777954 1440
2.080415964126587 1440
2.0804169178009033 1440
2.0804190635681152 1440
2.0804219245910645 1440
2.0804250240325928 1440
2.0814249515533447 1440
2.084104061126709 1440
2.0847620964050293 1440
2.0878829956054688 1440
2.0911121368408203 1440
2.093390941619873 1440
2.0952320098876953 1440
2.0952329635620117 1440
2.098262071609497 1440
2.099937915802002 1440
2.1029770374298096 1440
2.1055150032043457 1440
2.1057019233703613 1440
2.1082000732421875 1440
2.1108241081237793 1440
2.115001916885376 1440
2.1150050163269043 1440
2.119904041290283 1440
2.1199071407318115 1440
2.1233630180358887 1440
2.1510701179504395 1440
2.151071071624756 1440
2.1510729789733887 1440
2.151073932647705 1440
2.1510770320892334 1440
2.1510801315307617 1440
2.151081085205078 1440
2.1510820388793945 1440
2.151082992553711 1440
2.1510839462280273 1440
2.1510870456695557 1440
2.1510889530181885 1440
2.1510910987854004 1440
2.151092052459717 1440
2.151092052459717 1440
2.1510939598083496 1440
2.151097059249878 1440
2.1510980129241943 1440
2.1510989665985107 1440
2.151099920272827 1440
2.1511030197143555 1440
2.1535401344299316 1440
2.1535420417785645 1440
2.1552059650421143 1440
2.1552090644836426 1440
2.156471014022827 1440
2.1584930419921875 1440
2.16035795211792 1440
2.160360097885132 1440
2.1620540618896484 1440
2.1639089584350586 1440
2.165550947189331 1440
2.167509078979492 1440
2.1675100326538086 1440
2.169297933578491 1440
2.1695680618286133 1440
2.173105001449585 1440
2.1747689247131348 1440
2.1747710704803467 1440
2.1766209602355957 1440
2.1776130199432373 1440
2.1791470050811768 1440
2.182806968688965 1440
2.1828091144561768 1440
2.182810068130493 1440
2.1838619709014893 1440
2.1923670768737793 1440
2.192368984222412 1440
2.192371129989624 1440
2.1923720836639404 1440
2.192373037338257 1440
2.1927120685577393 1440
2.1950840950012207 1440
2.196458101272583 1440
2.1967060565948486 1440
2.1980531215667725 1440
2.199799060821533 1440
2.2029879093170166 1440
2.2029900550842285 1440
2.2037720680236816 1440
2.204591989517212 1440
2.2067179679870605 1440
2.2083780765533447 1440
