1050000
0.0 1500
0.0006890296936035156 1500
0.0017549991607666016 1500
0.0017549991607666016 1500
0.0027060508728027344 1500
0.003927946090698242 1500
0.006396055221557617 1500
0.006396055221557617 1500
0.006396055221557617 1500
0.006474018096923828 1500
0.006474018096923828 1500
0.008671045303344727 1500
0.008671045303344727 1500
0.010381937026977539 1500
0.010381937026977539 1500
0.011712074279785156 1500
0.01196908950805664 1500
0.01196908950805664 1500
0.012749910354614258 1500
0.014166116714477539 1500
0.014809131622314453 1500
0.014809131622314453 1500
0.015813112258911133 1500
0.01678609848022461 1500
0.01776909828186035 1500
0.01776909828186035 1500
0.018698930740356445 1500
0.019809961318969727 1500
0.019809961318969727 1500
0.020817995071411133 1500
0.021712064743041992 1500
0.02268195152282715 1500
0.02268195152282715 1500
0.023739099502563477 1500
0.025227069854736328 1500
0.025227069854736328 1500
0.026276111602783203 1500
0.026634931564331055 1500
0.027970075607299805 1500
0.027970075607299805 1500
0.028683900833129883 1500
0.029813051223754883 1500
0.03068709373474121 1500
0.03068709373474121 1500
0.03186798095703125 1500
0.032835960388183594 1500
0.032835960388183594 1500
0.033854007720947266 1500
0.03486204147338867 1500
0.035758018493652344 1500
0.035758018493652344 1500
0.03694510459899902 1500
0.03777313232421875 1500
0.03777313232421875 1500
0.03885698318481445 1500
0.04007601737976074 1500
0.040879011154174805 1500
0.040879011154174805 1500
0.04177212715148926 1500
0.04299306869506836 1500
0.04398608207702637 1500
0.04398608207702637 1500
0.044693946838378906 1500
0.045812129974365234 1500
0.045812129974365234 1500
0.04657697677612305 1500
0.04808807373046875 1500
0.04913496971130371 1500
0.04913496971130371 1500
0.04988908767700195 1500
0.05104207992553711 1500
0.05104207992553711 1500
0.05173611640930176 1500
0.05269503593444824 1500
0.05375409126281738 1500
0.05375409126281738 1500
0.054682016372680664 1500
0.0557401180267334 1500
0.05668210983276367 1500
0.05668210983276367 1500
0.05827593803405762 1500
0.059001922607421875 1500
0.059001922607421875 1500
0.05992293357849121 1500
0.06069493293762207 1500
0.06208491325378418 1500
0.06208491325378418 1500
0.06269311904907227 1500
0.06376194953918457 1500
0.06376194953918457 1500
0.06476807594299316 1500
0.06577301025390625 1500
0.06723308563232422 1500
0.06723308563232422 1500
0.06777501106262207 1500
0.06893706321716309 1500
0.06973505020141602 1500
0.06973505020141602 1500
0.07070398330688477 1500
0.07200908660888672 1500
0.07200908660888672 1500
0.0726919174194336 1500
0.07373905181884766 1500
0.07468509674072266 1500
0.07468509674072266 1500
0.07593011856079102 1500
0.07671809196472168 1500
0.07671809196472168 1500
0.07775092124938965 1500
0.07869410514831543 1500
0.07979393005371094 1500
0.07979393005371094 1500
0.08069705963134766 1500
0.08188295364379883 1500
0.08188295364379883 1500
0.08308196067810059 1500
0.08374190330505371 1500
0.08470511436462402 1500
0.08470511436462402 1500
0.0856940746307373 1500
0.08669495582580566 1500
0.0879359245300293 1500
0.0879359245300293 1500
0.08886194229125977 1500
0.08967089653015137 1500
0.08967089653015137 1500
0.09091806411743164 1500
0.09203600883483887 1500
0.092864990234375 1500
0.092864990234375 1500
0.09400391578674316 1500
0.09468698501586914 1500
0.09468698501586914 1500
0.09583497047424316 1500
0.09683799743652344 1500
0.09774589538574219 1500
0.09774589538574219 1500
0.0986931324005127 1500
0.09974789619445801 1500
0.1007840633392334 1500
0.1007840633392334 1500
0.1020050048828125 1500
0.10267806053161621 1500
0.10267806053161621 1500
0.10390305519104004 1500
0.10500311851501465 1500
0.1058049201965332 1500
0.1058049201965332 1500
0.10668396949768066 1500
0.10773897171020508 1500
0.10773897171020508 1500
0.10875391960144043 1500
0.1100919246673584 1500
0.11068296432495117 1500
0.11068296432495117 1500
0.11174607276916504 1500
0.11302900314331055 1500
0.11373209953308105 1500
0.11373209953308105 1500
0.11479592323303223 1500
0.11574411392211914 1500
0.11574411392211914 1500
0.11667990684509277 1500
0.11790013313293457 1500
0.11869502067565918 1500
0.11869502067565918 1500
0.11973094940185547 1500
0.12072205543518066 1500
0.12072205543518066 1500
0.12193512916564941 1500
0.12302398681640625 1500
0.1238861083984375 1500
0.1238861083984375 1500
0.1246790885925293 1500
0.12591290473937988 1500
0.12711596488952637 1500
0.12711596488952637 1500
0.12775206565856934 1500
0.12869501113891602 1500
0.12869501113891602 1500
0.1300520896911621 1500
0.13068008422851562 1500
0.13155603408813477 1500
0.13155603408813477 1500
0.13259410858154297 1500
0.13374900817871094 1500
0.13374900817871094 1500
0.1347041130065918 1500
0.13575100898742676 1500
0.13668107986450195 1500
0.13668107986450195 1500
0.13760805130004883 1500
0.13867902755737305 1500
0.13960790634155273 1500
0.13960790634155273 1500
0.1405630111694336 1500
0.14273500442504883 1500
0.14273500442504883 1500
0.14273500442504883 1500
0.14409494400024414 1500
0.14470291137695312 1500
0.14470291137695312 1500
0.1457381248474121 1500
0.14697790145874023 1500
0.1480259895324707 1500
0.1480259895324707 1500
0.14870595932006836 1500
0.14983105659484863 1500
0.14983105659484863 1500
0.15079808235168457 1500
0.1517500877380371 1500
0.15268301963806152 1500
0.15268301963806152 1500
0.15375304222106934 1500
0.1547069549560547 1500
0.1547069549560547 1500
0.1557450294494629 1500
0.1567060947418213 1500
0.1577439308166504 1500
0.1577439308166504 1500
0.158843994140625 1500
0.15970396995544434 1500
0.16069507598876953 1500
0.16069507598876953 1500
0.16222190856933594 1500
0.16307401657104492 1500
0.16307401657104492 1500
0.1641221046447754 1500
0.16481590270996094 1500
0.16576290130615234 1500
0.16576290130615234 1500
0.16667795181274414 1500
0.16803693771362305 1500
0.16803693771362305 1500
0.16906094551086426 1500
0.17003393173217773 1500
0.17069196701049805 1500
0.17069196701049805 1500
0.17178106307983398 1500
0.17279601097106934 1500
0.17279601097106934 1500
0.1737830638885498 1500
0.17454910278320312 1500
0.17575502395629883 1500
0.17575502395629883 1500
0.17691707611083984 1500
0.17776703834533691 1500
0.1787099838256836 1500
0.1787099838256836 1500
0.17974495887756348 1500
0.18069195747375488 1500
0.18069195747375488 1500
0.18158507347106934 1500
0.1827859878540039 1500
0.1838381290435791 1500
0.1838381290435791 1500
0.18500304222106934 1500
0.18572592735290527 1500
0.18572592735290527 1500
0.1866910457611084 1500
0.18777894973754883 1500
0.18881702423095703 1500
0.18881702423095703 1500
0.18975591659545898 1500
0.1906890869140625 1500
0.19199299812316895 1500
0.19199299812316895 1500
0.19269490242004395 1500
0.19400906562805176 1500
0.19400906562805176 1500
0.19481897354125977 1500
0.19594812393188477 1500
0.1966869831085205 1500
0.1966869831085205 1500
0.19818496704101562 1500
0.19868206977844238 1500
0.19868206977844238 1500
0.19977593421936035 1500
0.20055508613586426 1500
0.20186710357666016 1500
0.20186710357666016 1500
0.2026810646057129 1500
0.20406103134155273 1500
0.20494699478149414 1500
0.20494699478149414 1500
0.20638108253479004 1500
0.2066359519958496 1500
0.2066359519958496 1500
0.2084369659423828 1500
0.20850706100463867 1500
0.20972895622253418 1500
0.20972895622253418 1500
0.2122349739074707 1500
0.2122349739074707 1500
0.2122349739074707 1500
0.21269798278808594 1500
0.2136859893798828 1500
0.21539306640625 1500
0.21539306640625 1500
0.2155609130859375 1500
0.21681594848632812 1500
0.21754097938537598 1500
0.21754097938537598 1500
0.21905303001403809 1500
0.21972107887268066 1500
0.21972107887268066 1500
0.2207629680633545 1500
0.22179794311523438 1500
0.22359609603881836 1500
0.22359609603881836 1500
0.22359609603881836 1500
0.22478008270263672 1500
0.22478008270263672 1500
0.22568106651306152 1500
0.22685503959655762 1500
0.22792792320251465 1500
0.22792792320251465 1500
0.22875499725341797 1500
0.22978591918945312 1500
0.23092889785766602 1500
0.23092889785766602 1500
0.23170804977416992 1500
0.23453402519226074 1500
0.23453402519226074 1500
0.23453402519226074 1500
0.23453402519226074 1500
0.23596906661987305 1500
0.23596906661987305 1500
0.23689794540405273 1500
0.23772692680358887 1500
0.23772692680358887 1500
0.23874306678771973 1500
0.23975396156311035 1500
0.24062299728393555 1500
0.24062299728393555 1500
0.24171900749206543 1500
0.2427349090576172 1500
0.24373507499694824 1500
0.2446880340576172 1500
0.2446880340576172 1500
0.2456519603729248 1500
0.2456519603729248 1500
0.24703192710876465 1500
0.24822998046875 1500
0.2488269805908203 1500
0.2488269805908203 1500
0.2497389316558838 1500
0.25070905685424805 1500
0.25070905685424805 1500
0.25270700454711914 1500
0.25270700454711914 1500
0.254472017288208 1500
0.254472017288208 1500
0.254472017288208 1500
0.2557699680328369 1500
0.2574799060821533 1500
0.2574799060821533 1500
0.2576770782470703 1500
0.2592759132385254 1500
0.2592759132385254 1500
0.2595250606536865 1500
0.2608349323272705 1500
0.26169490814208984 1500
0.26169490814208984 1500
0.26271510124206543 1500
0.26354503631591797 1500
0.26354503631591797 1500
0.2648429870605469 1500
0.2666769027709961 1500
0.2666769027709961 1500
0.2666769027709961 1500
0.26786303520202637 1500
0.26868391036987305 1500
0.2702500820159912 1500
0.2702500820159912 1500
0.2704601287841797 1500
0.2718849182128906 1500
0.2718849182128906 1500
0.2726719379425049 1500
0.27415990829467773 1500
0.2746260166168213 1500
0.2746260166168213 1500
0.27693891525268555 1500
0.27693891525268555 1500
0.27693891525268555 1500
0.2777559757232666 1500
0.27871012687683105 1500
0.279710054397583 1500
0.279710054397583 1500
0.2809469699859619 1500
0.2816150188446045 1500
0.2825610637664795 1500
0.2825610637664795 1500
0.2838099002838135 1500
0.2845311164855957 1500
0.2845311164855957 1500
0.28558993339538574 1500
0.286574125289917 1500
0.2876560688018799 1500
0.2876560688018799 1500
0.2885560989379883 1500
0.2897510528564453 1500
0.2897510528564453 1500
0.2905900478363037 1500
0.29159092903137207 1500
0.2925570011138916 1500
0.2925570011138916 1500
0.2935929298400879 1500
0.2946920394897461 1500
0.2956230640411377 1500
0.2956230640411377 1500
0.29657506942749023 1500
0.2980160713195801 1500
0.2980160713195801 1500
0.2985351085662842 1500
0.29956793785095215 1500
0.3005859851837158 1500
0.3005859851837158 1500
0.30199599266052246 1500
0.30254411697387695 1500
0.30254411697387695 1500
0.3036220073699951 1500
0.30484890937805176 1500
0.3055729866027832 1500
0.3055729866027832 1500
0.30800700187683105 1500
0.30800700187683105 1500
0.3089640140533447 1500
0.3089640140533447 1500
0.3095409870147705 1500
0.3109290599822998 1500
0.3109290599822998 1500
0.3116919994354248 1500
0.3127861022949219 1500
0.314039945602417 1500
0.314039945602417 1500
0.31482696533203125 1500
0.3159971237182617 1500
0.3159971237182617 1500
0.3170170783996582 1500
0.3181159496307373 1500
0.318713903427124 1500
0.318713903427124 1500
0.32015204429626465 1500
0.32056593894958496 1500
0.3226449489593506 1500
0.3226449489593506 1500
0.3226449489593506 1500
0.32430410385131836 1500
0.32430410385131836 1500
0.3253300189971924 1500
0.3271820545196533 1500
0.3271820545196533 1500
0.3271820545196533 1500
0.3281528949737549 1500
0.3287060260772705 1500
0.3287060260772705 1500
0.3302009105682373 1500
0.33107495307922363 1500
0.33184289932250977 1500
0.3319680690765381 1500
0.33303308486938477 1500
0.3341829776763916 1500
0.3347151279449463 1500
0.3347151279449463 1500
0.33579206466674805 1500
0.33690905570983887 1500
0.33690905570983887 1500
0.3386831283569336 1500
0.3388650417327881 1500
0.3403301239013672 1500
0.3403301239013672 1500
0.3417799472808838 1500
0.3417799472808838 1500
0.3417799472808838 1500
0.3430469036102295 1500
0.3439059257507324 1500
0.3447849750518799 1500
0.3447849750518799 1500
0.3456721305847168 1500
0.3468499183654785 1500
0.3468499183654785 1500
0.34811902046203613 1500
0.348858118057251 1500
0.34981298446655273 1500
0.34981298446655273 1500
0.350722074508667 1500
0.35198211669921875 1500
0.35274195671081543 1500
0.35274195671081543 1500
0.3537180423736572 1500
0.35483407974243164 1500
0.35483407974243164 1500
0.35573291778564453 1500
0.3571329116821289 1500
0.3578181266784668 1500
0.3578181266784668 1500
0.3590409755706787 1500
0.3596949577331543 1500
0.3596949577331543 1500
0.36103296279907227 1500
0.3618590831756592 1500
0.36329102516174316 1500
0.36329102516174316 1500
0.3641080856323242 1500
0.3648691177368164 1500
0.365710973739624 1500
0.365710973739624 1500
0.36814212799072266 1500
0.36814212799072266 1500
0.36814212799072266 1500
0.3687570095062256 1500
0.3699159622192383 1500
0.3707859516143799 1500
0.3707859516143799 1500
0.3717670440673828 1500
0.37297797203063965 1500
0.37297797203063965 1500
0.3739769458770752 1500
0.3747529983520508 1500
0.3755929470062256 1500
0.3755929470062256 1500
0.3770411014556885 1500
0.3778359889984131 1500
0.3788480758666992 1500
0.3788480758666992 1500
0.37967491149902344 1500
0.3808619976043701 1500
0.3808619976043701 1500
0.3818209171295166 1500
0.38312792778015137 1500
0.3838019371032715 1500
0.3850419521331787 1500
0.3850419521331787 1500
0.38567590713500977 1500
0.3867919445037842 1500
0.3867919445037842 1500
0.38850998878479004 1500
0.38850998878479004 1500
0.38997411727905273 1500
0.38997411727905273 1500
0.3908960819244385 1500
0.3919219970703125 1500
0.39267492294311523 1500
0.39267492294311523 1500
0.393934965133667 1500
0.39486002922058105 1500
0.39486002922058105 1500
0.39617490768432617 1500
0.39669108390808105 1500
0.398176908493042 1500
0.398176908493042 1500
0.3986480236053467 1500
0.399730920791626 1500
0.399730920791626 1500
0.4010889530181885 1500
0.4021260738372803 1500
0.40301012992858887 1500
0.40301012992858887 1500
0.40383410453796387 1500
0.4047119617462158 1500
0.40560197830200195 1500
0.40560197830200195 1500
0.40688395500183105 1500
0.40787601470947266 1500
0.40787601470947266 1500
0.40894412994384766 1500
0.41018104553222656 1500
0.411729097366333 1500
0.411729097366333 1500
0.4120519161224365 1500
0.4133269786834717 1500
0.4133269786834717 1500
0.41392993927001953 1500
0.4148120880126953 1500
0.41618800163269043 1500
0.41618800163269043 1500
0.4185500144958496 1500
0.4185500144958496 1500
0.4185500144958496 1500
0.41942691802978516 1500
0.419497013092041 1500
0.42095208168029785 1500
0.42095208168029785 1500
0.4217050075531006 1500
0.42279696464538574 1500
0.4238560199737549 1500
0.4238560199737549 1500
0.4257481098175049 1500
0.4257481098175049 1500
0.4257481098175049 1500
0.42891907691955566 1500
0.42891907691955566 1500
0.4289829730987549 1500
0.4289829730987549 1500
0.43081212043762207 1500
0.43081212043762207 1500
0.43081212043762207 1500
0.4321329593658447 1500
0.43269991874694824 1500
0.43395304679870605 1500
0.43395304679870605 1500
0.43506312370300293 1500
0.43677592277526855 1500
0.43677592277526855 1500
0.43677592277526855 1500
0.43795108795166016 1500
0.4387021064758301 1500
0.4387021064758301 1500
0.43987298011779785 1500
0.44075798988342285 1500
0.4420909881591797 1500
0.4420909881591797 1500
0.44279003143310547 1500
0.4441349506378174 1500
0.4441349506378174 1500
0.4449009895324707 1500
0.44644808769226074 1500
0.44661712646484375 1500
0.44661712646484375 1500
0.44868993759155273 1500
0.44868993759155273 1500
0.45058298110961914 1500
0.45058298110961914 1500
0.45067691802978516 1500
0.4520070552825928 1500
0.4520070552825928 1500
0.45267701148986816 1500
0.45386695861816406 1500
0.45507311820983887 1500
0.45507311820983887 1500
0.4556760787963867 1500
0.4574549198150635 1500
0.4574549198150635 1500
0.45769691467285156 1500
0.4591989517211914 1500
0.46046900749206543 1500
0.46046900749206543 1500
0.4623849391937256 1500
0.4623849391937256 1500
0.46283912658691406 1500
0.46283912658691406 1500
0.4641730785369873 1500
0.4648399353027344 1500
0.4648399353027344 1500
0.4656040668487549 1500
0.46693897247314453 1500
0.46782803535461426 1500
0.46782803535461426 1500
0.4696929454803467 1500
0.4696929454803467 1500
0.4696929454803467 1500
0.4711649417877197 1500
0.4717600345611572 1500
0.4730520248413086 1500
0.4730520248413086 1500
0.47387099266052246 1500
0.47464799880981445 1500
0.4754910469055176 1500
0.4754910469055176 1500
0.47838306427001953 1500
0.47838306427001953 1500
0.47844505310058594 1500
0.47862911224365234 1500
0.48043012619018555 1500
0.48055410385131836 1500
0.48055410385131836 1500
0.48175692558288574 1500
0.48285508155822754 1500
0.48285508155822754 1500
0.48392391204833984 1500
0.48558592796325684 1500
0.48558592796325684 1500
0.4856910705566406 1500
0.4870460033416748 1500
0.4875679016113281 1500
0.4893031120300293 1500
0.4893031120300293 1500
0.4894731044769287 1500
0.49140191078186035 1500
0.49140191078186035 1500
0.4915430545806885 1500
0.4938209056854248 1500
0.4938209056854248 1500
0.4938209056854248 1500
0.49462008476257324 1500
0.49574804306030273 1500
0.49574804306030273 1500
0.4969339370727539 1500
0.4975569248199463 1500
0.5007510185241699 1500
0.5007510185241699 1500
0.5007510185241699 1500
0.5010080337524414 1500
0.5017890930175781 1500
0.5017890930175781 1500
0.5028529167175293 1500
0.5036520957946777 1500
0.5036520957946777 1500
0.5049290657043457 1500
