1050000
0.0 1500
0.0011119842529296875 1500
0.0011119842529296875 1500
0.0020780563354492188 1500
0.002744913101196289 1500
0.0040149688720703125 1500
0.0040149688720703125 1500
0.0050449371337890625 1500
0.006142139434814453 1500
0.006142139434814453 1500
0.006846904754638672 1500
0.007781028747558594 1500
0.009105920791625977 1500
0.009105920791625977 1500
0.010066986083984375 1500
0.011682987213134766 1500
0.011682987213134766 1500
0.012344121932983398 1500
0.012948989868164062 1500
0.014280080795288086 1500
0.014280080795288086 1500
0.014899015426635742 1500
0.016299009323120117 1500
0.017718076705932617 1500
0.017718076705932617 1500
0.01808905601501465 1500
0.018952131271362305 1500
0.018952131271362305 1500
0.020039081573486328 1500
0.02107691764831543 1500
0.02211308479309082 1500
0.02211308479309082 1500
0.02302694320678711 1500
0.023992061614990234 1500
0.023992061614990234 1500
0.025115013122558594 1500
0.026385068893432617 1500
0.027187108993530273 1500
0.027187108993530273 1500
0.028374910354614258 1500
0.028861045837402344 1500
0.03003692626953125 1500
0.03003692626953125 1500
0.03085494041442871 1500
0.0323491096496582 1500
0.0323491096496582 1500
0.03429007530212402 1500
0.03438305854797363 1500
0.03487205505371094 1500
0.03487205505371094 1500
0.03623008728027344 1500
0.03692293167114258 1500
0.03692293167114258 1500
0.03819704055786133 1500
0.03903794288635254 1500
0.04026007652282715 1500
0.04026007652282715 1500
0.04092812538146973 1500
0.04233503341674805 1500
0.04304695129394531 1500
0.04304695129394531 1500
0.044064998626708984 1500
0.04496002197265625 1500
0.04496002197265625 1500
0.04623913764953613 1500
0.04715991020202637 1500
0.048120975494384766 1500
0.048120975494384766 1500
0.04909396171569824 1500
0.05021500587463379 1500
0.05021500587463379 1500
0.05115509033203125 1500
0.05243206024169922 1500
0.05274796485900879 1500
0.05294990539550781 1500
0.05398702621459961 1500
0.05553603172302246 1500
0.05622601509094238 1500
0.05622601509094238 1500
0.05713701248168945 1500
0.05823206901550293 1500
0.05823206901550293 1500
0.0591120719909668 1500
0.06012606620788574 1500
0.0612950325012207 1500
0.0612950325012207 1500
0.06201291084289551 1500
0.06340193748474121 1500
0.06340193748474121 1500
0.06380701065063477 1500
0.06528401374816895 1500
0.06600308418273926 1500
0.06600308418273926 1500
0.06692695617675781 1500
0.06810998916625977 1500
0.06918191909790039 1500
0.06918191909790039 1500
0.07012009620666504 1500
0.07106900215148926 1500
0.07106900215148926 1500
0.07218408584594727 1500
0.07332110404968262 1500
0.07393407821655273 1500
0.07393407821655273 1500
0.07550191879272461 1500
0.07625007629394531 1500
0.07625007629394531 1500
0.07721400260925293 1500
0.0780940055847168 1500
0.07896208763122559 1500
0.07896208763122559 1500
0.07996106147766113 1500
0.08108806610107422 1500
0.08183002471923828 1500
0.08183002471923828 1500
0.08328509330749512 1500
0.08391404151916504 1500
0.08391404151916504 1500
0.0853281021118164 1500
0.08613991737365723 1500
0.08739399909973145 1500
0.08739399909973145 1500
0.0880589485168457 1500
0.0888829231262207 1500
0.08924102783203125 1500
0.0901329517364502 1500
0.09127306938171387 1500
0.09215807914733887 1500
0.09215807914733887 1500
0.09305810928344727 1500
0.09416913986206055 1500
0.09508395195007324 1500
0.09508395195007324 1500
0.09608101844787598 1500
0.09682798385620117 1500
0.09682798385620117 1500
0.09830594062805176 1500
0.09881091117858887 1500
0.09992408752441406 1500
0.09992408752441406 1500
0.10095095634460449 1500
0.10216403007507324 1500
0.10216403007507324 1500
0.10293793678283691 1500
0.1040489673614502 1500
0.10492801666259766 1500
0.10492801666259766 1500
0.10643601417541504 1500
0.10705208778381348 1500
0.1079559326171875 1500
0.1079559326171875 1500
0.10905694961547852 1500
0.1100161075592041 1500
0.1100161075592041 1500
0.11092710494995117 1500
0.11198997497558594 1500
0.11304712295532227 1500
0.11304712295532227 1500
0.11447501182556152 1500
0.11484599113464355 1500
0.11484599113464355 1500
0.11618399620056152 1500
0.1169440746307373 1500
0.11810111999511719 1500
0.11810111999511719 1500
0.11903500556945801 1500
0.12028312683105469 1500
0.12028312683105469 1500
0.1211550235748291 1500
0.12210893630981445 1500
0.12281513214111328 1500
0.12281513214111328 1500
0.12426996231079102 1500
0.12498211860656738 1500
0.12601399421691895 1500
0.12601399421691895 1500
0.1269240379333496 1500
0.12802791595458984 1500
0.12802791595458984 1500
0.1289670467376709 1500
0.13006091117858887 1500
0.13110995292663574 1500
0.13110995292663574 1500
0.13227295875549316 1500
0.13321590423583984 1500
0.13321590423583984 1500
0.13427400588989258 1500
0.1350719928741455 1500
0.13608598709106445 1500
0.13608598709106445 1500
0.13696002960205078 1500
0.13810396194458008 1500
0.13884997367858887 1500
0.13884997367858887 1500
0.1400299072265625 1500
0.14086294174194336 1500
0.14086294174194336 1500
0.14206290245056152 1500
0.14322304725646973 1500
0.14391303062438965 1500
0.14391303062438965 1500
0.14491510391235352 1500
0.1459510326385498 1500
0.1459510326385498 1500
0.1476120948791504 1500
0.14809799194335938 1500
0.14910602569580078 1500
0.14910602569580078 1500
0.1502819061279297 1500
0.15108990669250488 1500
0.15343904495239258 1500
0.15343904495239258 1500
0.15343904495239258 1500
0.15379905700683594 1500
0.15379905700683594 1500
0.1554570198059082 1500
0.1560220718383789 1500
0.15752792358398438 1500
0.15752792358398438 1500
0.15778207778930664 1500
0.1601390838623047 1500
0.1601390838623047 1500
0.1601390838623047 1500
0.16112303733825684 1500
0.16189193725585938 1500
0.16189193725585938 1500
0.16370511054992676 1500
0.16404390335083008 1500
0.16572809219360352 1500
0.16572809219360352 1500
0.1671910285949707 1500
0.1671910285949707 1500
0.1671910285949707 1500
0.17010092735290527 1500
0.17010092735290527 1500
0.17010092735290527 1500
0.17010092735290527 1500
0.1713581085205078 1500
0.17325091361999512 1500
0.17325091361999512 1500
0.17337298393249512 1500
0.17398595809936523 1500
0.17571210861206055 1500
0.17571210861206055 1500
0.17587804794311523 1500
0.17717599868774414 1500
0.17848706245422363 1500
0.17848706245422363 1500
0.17936992645263672 1500
0.18018794059753418 1500
0.18018794059753418 1500
0.18125200271606445 1500
0.18226194381713867 1500
0.1831820011138916 1500
0.1831820011138916 1500
0.18386602401733398 1500
0.18536806106567383 1500
0.18536806106567383 1500
0.18604302406311035 1500
0.18694090843200684 1500
0.1879720687866211 1500
0.1879720687866211 1500
0.18902802467346191 1500
0.19031310081481934 1500
0.19099903106689453 1500
0.19099903106689453 1500
0.19229507446289062 1500
0.19327998161315918 1500
0.19327998161315918 1500
0.19396710395812988 1500
0.1954209804534912 1500
0.19624710083007812 1500
0.19624710083007812 1500
0.19716811180114746 1500
0.19807910919189453 1500
0.19807910919189453 1500
0.1994929313659668 1500
0.20024800300598145 1500
0.20131993293762207 1500
0.20131993293762207 1500
0.2019209861755371 1500
0.20291590690612793 1500
0.20406293869018555 1500
0.20406293869018555 1500
0.20525813102722168 1500
0.20580005645751953 1500
0.20580005645751953 1500
0.20753192901611328 1500
0.20783209800720215 1500
0.20893311500549316 1500
0.21090006828308105 1500
0.21090006828308105 1500
0.21090006828308105 1500
0.21259212493896484 1500
0.21259212493896484 1500
0.21336793899536133 1500
0.21386098861694336 1500
0.2140820026397705 1500
0.21527409553527832 1500
0.21607398986816406 1500
0.2170090675354004 1500
0.2170090675354004 1500
0.21805691719055176 1500
0.21901702880859375 1500
0.21903491020202637 1500
0.22018909454345703 1500
0.22121906280517578 1500
0.22206497192382812 1500
0.22206497192382812 1500
0.22304892539978027 1500
0.22412896156311035 1500
0.22412896156311035 1500
0.22520804405212402 1500
0.22626996040344238 1500
0.22729802131652832 1500
0.22729802131652832 1500
0.22818899154663086 1500
0.22912096977233887 1500
0.2302539348602295 1500
0.2302539348602295 1500
0.23101091384887695 1500
0.2320089340209961 1500
0.2320089340209961 1500
0.23284602165222168 1500
0.23412704467773438 1500
0.23506903648376465 1500
0.23506903648376465 1500
0.2362499237060547 1500
0.23704910278320312 1500
0.23704910278320312 1500
0.23844003677368164 1500
0.23906397819519043 1500
0.24013805389404297 1500
0.24013805389404297 1500
0.24111413955688477 1500
0.24197793006896973 1500
0.2429981231689453 1500
0.2429981231689453 1500
0.24415993690490723 1500
0.24524998664855957 1500
0.24524998664855957 1500
0.24605393409729004 1500
0.24712705612182617 1500
0.24802803993225098 1500
0.24802803993225098 1500
0.24895000457763672 1500
0.2498791217803955 1500
0.2498791217803955 1500
0.2508540153503418 1500
0.25346803665161133 1500
0.25346803665161133 1500
0.25346803665161133 1500
0.2541229724884033 1500
0.2552359104156494 1500
0.2570230960845947 1500
0.2570230960845947 1500
0.2570230960845947 1500
0.2581040859222412 1500
0.2581040859222412 1500
0.26122498512268066 1500
0.26122498512268066 1500
0.26122498512268066 1500
0.26122498512268066 1500
0.2623450756072998 1500
0.2630429267883301 1500
0.2630429267883301 1500
0.2644059658050537 1500
0.26546502113342285 1500
0.26618003845214844 1500
0.26618003845214844 1500
0.26683998107910156 1500
0.26828598976135254 1500
0.26947903633117676 1500
0.26947903633117676 1500
0.271136999130249 1500
0.271136999130249 1500
0.271136999130249 1500
0.27206993103027344 1500
0.2732701301574707 1500
0.2738919258117676 1500
0.2752649784088135 1500
0.2752649784088135 1500
0.27729296684265137 1500
0.27729296684265137 1500
0.27729296684265137 1500
0.2782719135284424 1500
0.279102087020874 1500
0.279102087020874 1500
0.2802009582519531 1500
0.2809920310974121 1500
0.2819070816040039 1500
0.2819070816040039 1500
0.28458404541015625 1500
0.28458404541015625 1500
0.28458404541015625 1500
0.28616905212402344 1500
0.28616905212402344 1500
0.2874910831451416 1500
0.2874910831451416 1500
0.28826403617858887 1500
0.28913211822509766 1500
0.28913211822509766 1500
0.2908139228820801 1500
0.2908139228820801 1500
0.29240894317626953 1500
0.29240894317626953 1500
0.29308509826660156 1500
0.29431605339050293 1500
0.2949199676513672 1500
0.2949199676513672 1500
0.2970740795135498 1500
0.2970740795135498 1500
0.2970740795135498 1500
0.2981550693511963 1500
0.2989649772644043 1500
0.2999870777130127 1500
0.2999870777130127 1500
0.3011901378631592 1500
0.3019099235534668 1500
0.3019099235534668 1500
0.3028440475463867 1500
0.30388402938842773 1500
0.30504894256591797 1500
0.30504894256591797 1500
0.3062601089477539 1500
0.3069479465484619 1500
0.3079190254211426 1500
0.3079190254211426 1500
0.30910301208496094 1500
0.310230016708374 1500
0.310230016708374 1500
0.31082606315612793 1500
0.3123490810394287 1500
0.313431978225708 1500
0.313431978225708 1500
0.3141660690307617 1500
0.3147709369659424 1500
0.3147709369659424 1500
0.3161001205444336 1500
0.31675195693969727 1500
0.3179640769958496 1500
0.3179640769958496 1500
0.31870102882385254 1500
0.3201301097869873 1500
0.3210561275482178 1500
0.3210561275482178 1500
0.3219311237335205 1500
0.323045015335083 1500
0.323045015335083 1500
0.3240199089050293 1500
0.3247039318084717 1500
0.32591795921325684 1500
0.32591795921325684 1500
0.3267629146575928 1500
0.32796311378479004 1500
0.32796311378479004 1500
0.3288710117340088 1500
0.32973694801330566 1500
0.3308260440826416 1500
0.3308260440826416 1500
0.3320600986480713 1500
0.33284902572631836 1500
0.3343040943145752 1500
0.3343040943145752 1500
0.3350369930267334 1500
0.3362560272216797 1500
0.3362560272216797 1500
0.3368360996246338 1500
0.33796191215515137 1500
0.3391289710998535 1500
0.3391289710998535 1500
0.340162992477417 1500
0.34091997146606445 1500
0.34091997146606445 1500
0.3422269821166992 1500
0.34294700622558594 1500
0.34633493423461914 1500
0.34633493423461914 1500
0.34650492668151855 1500
0.3466830253601074 1500
0.3468620777130127 1500
0.3468620777130127 1500
0.3480360507965088 1500
0.34886598587036133 1500
0.34886598587036133 1500
0.35005998611450195 1500
0.3508450984954834 1500
0.35211706161499023 1500
0.35211706161499023 1500
0.35331296920776367 1500
0.35419392585754395 1500
0.35419392585754395 1500
0.3550870418548584 1500
0.35589098930358887 1500
0.356889009475708 1500
0.356889009475708 1500
0.3579671382904053 1500
0.35886597633361816 1500
0.36029791831970215 1500
0.36029791831970215 1500
0.3610250949859619 1500
0.3619711399078369 1500
0.3619711399078369 1500
0.36302804946899414 1500
0.36441493034362793 1500
0.36482810974121094 1500
0.36482810974121094 1500
0.36618494987487793 1500
0.3671300411224365 1500
0.3671300411224365 1500
0.3681480884552002 1500
0.3691229820251465 1500
0.3701300621032715 1500
0.3701300621032715 1500
0.3716709613800049 1500
0.37238407135009766 1500
0.37456798553466797 1500
0.37456798553466797 1500
0.37456798553466797 1500
0.37481093406677246 1500
0.37481093406677246 1500
0.37639808654785156 1500
0.3769090175628662 1500
0.37888312339782715 1500
0.37888312339782715 1500
0.3789339065551758 1500
0.3798971176147461 1500
0.3798971176147461 1500
0.38085412979125977 1500
0.3837149143218994 1500
0.3837149143218994 1500
0.3837149143218994 1500
0.3843269348144531 1500
0.3850679397583008 1500
0.3850679397583008 1500
0.38593292236328125 1500
0.38704609870910645 1500
0.3879969120025635 1500
0.3879969120025635 1500
0.39009809494018555 1500
0.39009809494018555 1500
0.3909339904785156 1500
0.3909339904785156 1500
0.3920910358428955 1500
0.3930830955505371 1500
0.3930830955505371 1500
0.39382505416870117 1500
0.39507293701171875 1500
0.395949125289917 1500
0.395949125289917 1500
0.396989107131958 1500
0.39792704582214355 1500
0.39792704582214355 1500
0.39896702766418457 1500
0.40033698081970215 1500
0.4019649028778076 1500
0.4019649028778076 1500
0.40291595458984375 1500
0.40291595458984375 1500
0.40424299240112305 1500
0.40424299240112305 1500
0.40532612800598145 1500
0.4071071147918701 1500
0.4071071147918701 1500
0.4071071147918701 1500
0.4084460735321045 1500
0.4088869094848633 1500
0.4088869094848633 1500
0.41205906867980957 1500
0.41205906867980957 1500
0.41205906867980957 1500
0.41240596771240234 1500
0.41317296028137207 1500
0.41541099548339844 1500
0.41541099548339844 1500
0.41541099548339844 1500
0.41704297065734863 1500
0.41794395446777344 1500
0.41794395446777344 1500
0.41794395446777344 1500
0.41950201988220215 1500
0.41950201988220215 1500
0.4197549819946289 1500
0.4212620258331299 1500
0.42207813262939453 1500
0.42207813262939453 1500
0.4252040386199951 1500
0.4252040386199951 1500
0.4252040386199951 1500
0.4252040386199951 1500
0.42807793617248535 1500
0.42807793617248535 1500
0.42807793617248535 1500
0.42807793617248535 1500
0.4290621280670166 1500
0.4305849075317383 1500
0.4305849075317383 1500
0.4309680461883545 1500
0.4339020252227783 1500
0.4339020252227783 1500
0.4339020252227783 1500
0.4339020252227783 1500
0.43593311309814453 1500
0.43593311309814453 1500
0.43593311309814453 1500
0.4378790855407715 1500
0.43812012672424316 1500
0.43812012672424316 1500
0.43888211250305176 1500
0.43974900245666504 1500
0.43974900245666504 1500
0.4413120746612549 1500
0.442249059677124 1500
0.443126916885376 1500
0.443126916885376 1500
0.44409894943237305 1500
0.4453599452972412 1500
0.4453599452972412 1500
0.44614505767822266 1500
0.4474010467529297 1500
0.44792890548706055 1500
0.44792890548706055 1500
0.44951891899108887 1500
0.4518430233001709 1500
0.4518430233001709 1500
0.4518430233001709 1500
0.4532930850982666 1500
0.4532930850982666 1500
0.4532930850982666 1500
0.45482707023620605 1500
0.45482707023620605 1500
0.45726990699768066 1500
0.45726990699768066 1500
0.45726990699768066 1500
0.45833897590637207 1500
0.45833897590637207 1500
0.4588150978088379 1500
0.4600949287414551 1500
0.4609041213989258 1500
0.4609041213989258 1500
0.4623570442199707 1500
0.46307992935180664 1500
0.4647080898284912 1500
0.4647080898284912 1500
0.46514296531677246 1500
0.4660301208496094 1500
0.4660301208496094 1500
0.46713805198669434 1500
0.46768712997436523 1500
0.46886396408081055 1500
0.46886396408081055 1500
0.46984100341796875 1500
0.4707770347595215 1500
0.4707770347595215 1500
0.4722459316253662 1500
0.47284913063049316 1500
0.4738759994506836 1500
0.4738759994506836 1500
0.4748549461364746 1500
0.4759089946746826 1500
0.4770491123199463 1500
0.4770491123199463 1500
0.4779059886932373 1500
0.47921204566955566 1500
0.47921204566955566 1500
0.4799320697784424 1500
0.4812130928039551 1500
0.4820380210876465 1500
0.4820380210876465 1500
0.48294901847839355 1500
0.48374390602111816 1500
0.48374390602111816 1500
0.48496413230895996 1500
0.4861900806427002 1500
0.48694300651550293 1500
0.48694300651550293 1500
0.4879310131072998 1500
0.48939013481140137 1500
0.4901299476623535 1500
0.4901299476623535 1500
0.4912230968475342 1500
0.492095947265625 1500
0.492095947265625 1500
0.49327611923217773 1500
0.49384212493896484 1500
0.49521303176879883 1500
0.49521303176879883 1500
0.49584102630615234 1500
0.49702000617980957 1500
0.49702000617980957 1500
0.4980471134185791 1500
0.49895596504211426 1500
0.5000331401824951 1500
0.5000331401824951 1500
0.5010509490966797 1500
0.5018630027770996 1500
0.5035159587860107 1500
0.5035159587860107 1500
0.5039551258087158 1500
0.5051069259643555 1500
