1050000
0.0 1500
0.0016570091247558594 1500
0.0020089149475097656 1500
0.0020089149475097656 1500
0.003314971923828125 1500
0.003979921340942383 1500
0.005198001861572266 1500
0.005198001861572266 1500
0.006186962127685547 1500
0.007128000259399414 1500
0.007128000259399414 1500
0.008124828338623047 1500
0.009326934814453125 1500
0.009984970092773438 1500
0.009984970092773438 1500
0.01125478744506836 1500
0.011917829513549805 1500
0.013154983520507812 1500
0.013154983520507812 1500
0.013925790786743164 1500
0.014934778213500977 1500
0.014934778213500977 1500
0.015938997268676758 1500
0.01697683334350586 1500
0.01788187026977539 1500
0.01788187026977539 1500
0.019053936004638672 1500
0.020013809204101562 1500
0.020013809204101562 1500
0.02118086814880371 1500
0.022435903549194336 1500
0.023257970809936523 1500
0.023257970809936523 1500
0.02432084083557129 1500
0.024776935577392578 1500
0.025957822799682617 1500
0.025957822799682617 1500
0.026871919631958008 1500
0.02792978286743164 1500
0.02792978286743164 1500
0.028882980346679688 1500
0.029961824417114258 1500
0.030797958374023438 1500
0.030797958374023438 1500
0.03381180763244629 1500
0.03381180763244629 1500
0.03381180763244629 1500
0.03456687927246094 1500
0.034924983978271484 1500
0.03601884841918945 1500
0.03601884841918945 1500
0.037393808364868164 1500
0.038172006607055664 1500
0.03915691375732422 1500
0.03915691375732422 1500
0.0401308536529541 1500
0.04099392890930176 1500
0.04099392890930176 1500
0.04195094108581543 1500
0.0442049503326416 1500
0.0442049503326416 1500
0.0442049503326416 1500
0.04508495330810547 1500
0.0461118221282959 1500
0.0461118221282959 1500
0.04721784591674805 1500
0.04814600944519043 1500
0.049292802810668945 1500
0.049292802810668945 1500
0.05010080337524414 1500
0.05116081237792969 1500
0.05209493637084961 1500
0.05209493637084961 1500
0.053114891052246094 1500
0.054003000259399414 1500
0.054003000259399414 1500
0.054878950119018555 1500
0.05592489242553711 1500
0.057029008865356445 1500
0.057029008865356445 1500
0.05778193473815918 1500
0.05919289588928223 1500
0.05919289588928223 1500
0.060196876525878906 1500
0.061293840408325195 1500
0.06188392639160156 1500
0.06188392639160156 1500
0.06293082237243652 1500
0.0641179084777832 1500
0.0651547908782959 1500
0.0651547908782959 1500
0.06603479385375977 1500
0.06711483001708984 1500
0.06711483001708984 1500
0.06788182258605957 1500
0.0689389705657959 1500
0.06999087333679199 1500
0.06999087333679199 1500
0.07118487358093262 1500
0.07210278511047363 1500
0.07210278511047363 1500
0.07274794578552246 1500
0.0741729736328125 1500
0.07498288154602051 1500
0.07498288154602051 1500
0.0760338306427002 1500
0.07703495025634766 1500
0.07703495025634766 1500
0.07802891731262207 1500
0.07919692993164062 1500
0.0800178050994873 1500
0.0800178050994873 1500
0.08101201057434082 1500
0.08214783668518066 1500
0.0833439826965332 1500
0.0833439826965332 1500
0.08428287506103516 1500
0.08515596389770508 1500
0.08515596389770508 1500
0.08582592010498047 1500
0.08703994750976562 1500
0.08790087699890137 1500
0.08790087699890137 1500
0.08942079544067383 1500
0.08982300758361816 1500
0.08982300758361816 1500
0.09102296829223633 1500
0.0920720100402832 1500
0.09313583374023438 1500
0.09313583374023438 1500
0.09430098533630371 1500
0.09476184844970703 1500
0.09589195251464844 1500
0.09589195251464844 1500
0.09702491760253906 1500
0.09920191764831543 1500
0.09920191764831543 1500
0.09920191764831543 1500
0.10001683235168457 1500
0.10112595558166504 1500
0.10112595558166504 1500
0.10202193260192871 1500
0.10348987579345703 1500
0.10348987579345703 1500
0.1041409969329834 1500
0.10495400428771973 1500
0.10671687126159668 1500
0.10671687126159668 1500
0.1069939136505127 1500
0.10808491706848145 1500
0.10927891731262207 1500
0.10927891731262207 1500
0.1100919246673584 1500
0.11110401153564453 1500
0.11110401153564453 1500
0.11224484443664551 1500
0.11302900314331055 1500
0.11422991752624512 1500
0.11422991752624512 1500
0.11526083946228027 1500
0.11635279655456543 1500
0.11635279655456543 1500
0.11698389053344727 1500
0.11844587326049805 1500
0.11917901039123535 1500
0.11917901039123535 1500
0.11981892585754395 1500
0.12104296684265137 1500
0.12202978134155273 1500
0.12202978134155273 1500
0.12424278259277344 1500
0.12424278259277344 1500
0.12424278259277344 1500
0.12512898445129395 1500
0.12603282928466797 1500
0.12727785110473633 1500
0.12727785110473633 1500
0.12802886962890625 1500
0.12949895858764648 1500
0.12949895858764648 1500
0.13001298904418945 1500
0.13110995292663574 1500
0.13215088844299316 1500
0.13215088844299316 1500
0.1330568790435791 1500
0.13393282890319824 1500
0.13638877868652344 1500
0.13638877868652344 1500
0.13638877868652344 1500
0.1372988224029541 1500
0.1372988224029541 1500
0.13792800903320312 1500
0.139373779296875 1500
0.14108800888061523 1500
0.14108800888061523 1500
0.14108800888061523 1500
0.1418919563293457 1500
0.1418919563293457 1500
0.14296293258666992 1500
0.14389586448669434 1500
0.14489293098449707 1500
0.14489293098449707 1500
0.14589595794677734 1500
0.14792799949645996 1500
0.14792799949645996 1500
0.14792799949645996 1500
0.14926481246948242 1500
0.14981579780578613 1500
0.14981579780578613 1500
0.15160083770751953 1500
0.15183687210083008 1500
0.15303897857666016 1500
0.15303897857666016 1500
0.15406394004821777 1500
0.15502691268920898 1500
0.15502691268920898 1500
0.15599489212036133 1500
0.1569678783416748 1500
0.16017484664916992 1500
0.16017484664916992 1500
0.16017484664916992 1500
0.16017484664916992 1500
0.1612718105316162 1500
0.1612718105316162 1500
0.16203784942626953 1500
0.16314482688903809 1500
0.16314482688903809 1500
0.1641709804534912 1500
0.16521382331848145 1500
0.16600298881530762 1500
0.16600298881530762 1500
0.16689181327819824 1500
0.16820383071899414 1500
0.16820383071899414 1500
0.16881179809570312 1500
0.1702589988708496 1500
0.17125678062438965 1500
0.17125678062438965 1500
0.17193388938903809 1500
0.1728808879852295 1500
0.17391395568847656 1500
0.17391395568847656 1500
0.17487883567810059 1500
0.17593884468078613 1500
0.17593884468078613 1500
0.17740178108215332 1500
0.1778090000152588 1500
0.1792278289794922 1500
0.1792278289794922 1500
0.17992687225341797 1500
0.18069100379943848 1500
0.18074488639831543 1500
0.1826169490814209 1500
0.1827709674835205 1500
0.18391680717468262 1500
0.18391680717468262 1500
0.18577980995178223 1500
0.18612980842590332 1500
0.18717193603515625 1500
0.18717193603515625 1500
0.18821978569030762 1500
0.18919587135314941 1500
0.18919587135314941 1500
0.18992185592651367 1500
0.19088196754455566 1500
0.1930677890777588 1500
0.1930677890777588 1500
0.1930677890777588 1500
0.19408798217773438 1500
0.19408798217773438 1500
0.19508981704711914 1500
0.19589781761169434 1500
0.19702577590942383 1500
0.19702577590942383 1500
0.1978759765625 1500
0.19887900352478027 1500
0.19990301132202148 1500
0.19990301132202148 1500
0.20089197158813477 1500
0.20188093185424805 1500
0.20188093185424805 1500
0.20299196243286133 1500
0.20390796661376953 1500
0.20526480674743652 1500
0.20526480674743652 1500
0.20588088035583496 1500
0.20720696449279785 1500
0.20720696449279785 1500
0.20788788795471191 1500
0.20968079566955566 1500
0.20968079566955566 1500
0.20968079566955566 1500
0.21123480796813965 1500
0.21270298957824707 1500
0.2131659984588623 1500
0.2131659984588623 1500
0.21438097953796387 1500
0.21499991416931152 1500
0.21499991416931152 1500
0.21602296829223633 1500
0.21697187423706055 1500
0.21791601181030273 1500
0.21791601181030273 1500
0.21896100044250488 1500
0.21983098983764648 1500
0.21983098983764648 1500
0.2208878993988037 1500
0.22188997268676758 1500
0.22308993339538574 1500
0.22308993339538574 1500
0.22390198707580566 1500
0.22487783432006836 1500
0.2259068489074707 1500
0.2259068489074707 1500
0.226942777633667 1500
0.22794580459594727 1500
0.22794580459594727 1500
0.22989296913146973 1500
0.22989296913146973 1500
0.23090386390686035 1500
0.23090386390686035 1500
0.23188400268554688 1500
0.23302078247070312 1500
0.23302078247070312 1500
0.23404979705810547 1500
0.23522281646728516 1500
0.23577284812927246 1500
0.23577284812927246 1500
0.23691797256469727 1500
0.23878693580627441 1500
0.23878693580627441 1500
0.23902297019958496 1500
0.23987984657287598 1500
0.24091577529907227 1500
0.24091577529907227 1500
0.24170684814453125 1500
0.24269580841064453 1500
0.24375700950622559 1500
0.24375700950622559 1500
0.24492883682250977 1500
0.24602389335632324 1500
0.24602389335632324 1500
0.2470378875732422 1500
0.24809980392456055 1500
0.24914288520812988 1500
0.24914288520812988 1500
0.25024890899658203 1500
0.25075483322143555 1500
0.25075483322143555 1500
0.2520778179168701 1500
0.25345778465270996 1500
0.253964900970459 1500
0.253964900970459 1500
0.25534987449645996 1500
0.25589895248413086 1500
0.2570347785949707 1500
0.25714993476867676 1500
0.2580568790435791 1500
0.25931477546691895 1500
0.25931477546691895 1500
0.2599329948425293 1500
0.2610960006713867 1500
0.26207995414733887 1500
0.26207995414733887 1500
0.26302099227905273 1500
0.2643709182739258 1500
0.2643709182739258 1500
0.2651498317718506 1500
0.26623988151550293 1500
0.2671339511871338 1500
0.2671339511871338 1500
0.2681138515472412 1500
0.2690417766571045 1500
0.26994800567626953 1500
0.26994800567626953 1500
0.2709639072418213 1500
0.2718799114227295 1500
0.2718799114227295 1500
0.27306580543518066 1500
0.2738039493560791 1500
0.27529001235961914 1500
0.27529001235961914 1500
0.27599477767944336 1500
0.2770669460296631 1500
0.2770669460296631 1500
0.27803897857666016 1500
0.27890586853027344 1500
0.2800300121307373 1500
0.2800300121307373 1500
0.28121089935302734 1500
0.2820119857788086 1500
0.28305482864379883 1500
0.28305482864379883 1500
0.2848799228668213 1500
0.2848799228668213 1500
0.285869836807251 1500
0.285869836807251 1500
0.2872920036315918 1500
0.28807783126831055 1500
0.28807783126831055 1500
0.2888829708099365 1500
0.2900509834289551 1500
0.2900509834289551 1500
0.2908778190612793 1500
0.29216480255126953 1500
0.29370784759521484 1500
0.29370784759521484 1500
0.2944669723510742 1500
0.29497790336608887 1500
0.2965219020843506 1500
0.2965219020843506 1500
0.29674482345581055 1500
0.2980499267578125 1500
0.29854893684387207 1500
0.2991008758544922 1500
0.30019378662109375 1500
0.30100488662719727 1500
0.30100488662719727 1500
0.3021528720855713 1500
0.30304694175720215 1500
0.30304694175720215 1500
0.30411481857299805 1500
0.3047759532928467 1500
0.30679893493652344 1500
0.30679893493652344 1500
0.30679893493652344 1500
0.3081347942352295 1500
0.3099029064178467 1500
0.3099029064178467 1500
0.3099029064178467 1500
0.310701847076416 1500
0.31076884269714355 1500
0.31187987327575684 1500
0.312910795211792 1500
0.3138759136199951 1500
0.3138759136199951 1500
0.31470584869384766 1500
0.31587886810302734 1500
0.31587886810302734 1500
0.3169229030609131 1500
0.31822991371154785 1500
0.3189678192138672 1500
0.3189678192138672 1500
0.31990694999694824 1500
0.32256579399108887 1500
0.32256579399108887 1500
0.32256579399108887 1500
0.3229818344116211 1500
0.32390379905700684 1500
0.32390379905700684 1500
0.32489490509033203 1500
0.32591795921325684 1500
0.3269178867340088 1500
0.3269178867340088 1500
0.3280038833618164 1500
0.3289778232574463 1500
0.3289778232574463 1500
0.3298909664154053 1500
0.3307809829711914 1500
0.3318798542022705 1500
0.3318798542022705 1500
0.33388185501098633 1500
0.33388185501098633 1500
0.33495497703552246 1500
0.33495497703552246 1500
0.33586883544921875 1500
0.3368489742279053 1500
0.3368489742279053 1500
0.33811187744140625 1500
0.33887791633605957 1500
0.340120792388916 1500
0.340120792388916 1500
0.34094882011413574 1500
0.3421149253845215 1500
0.3421149253845215 1500
0.3429248332977295 1500
0.34387898445129395 1500
0.34493589401245117 1500
0.34493589401245117 1500
0.34591078758239746 1500
0.3472177982330322 1500
0.34792280197143555 1500
0.34792280197143555 1500
0.3488759994506836 1500
0.34992098808288574 1500
0.34992098808288574 1500
0.35092782974243164 1500
0.35190486907958984 1500
0.35285282135009766 1500
0.35285282135009766 1500
0.35433292388916016 1500
0.3550899028778076 1500
0.3550899028778076 1500
0.35597801208496094 1500
0.35689282417297363 1500
0.35794782638549805 1500
0.35794782638549805 1500
0.3588728904724121 1500
0.3599817752838135 1500
0.360886812210083 1500
0.360886812210083 1500
0.3619389533996582 1500
0.3631308078765869 1500
0.3631308078765869 1500
0.363893985748291 1500
0.3652188777923584 1500
0.3663787841796875 1500
0.3663787841796875 1500
0.36673784255981445 1500
0.36925292015075684 1500
0.36925292015075684 1500
0.36925292015075684 1500
0.36971092224121094 1500
0.37082886695861816 1500
0.37082886695861816 1500
0.3721039295196533 1500
0.37281179428100586 1500
0.3739898204803467 1500
0.3739898204803467 1500
0.37502193450927734 1500
0.3761308193206787 1500
0.3761308193206787 1500
0.37700986862182617 1500
0.3782079219818115 1500
0.3791987895965576 1500
0.3791987895965576 1500
0.3801708221435547 1500
0.380964994430542 1500
0.380964994430542 1500
0.3820688724517822 1500
0.3828718662261963 1500
0.38416099548339844 1500
0.38416099548339844 1500
0.38503479957580566 1500
0.3858499526977539 1500
0.3869788646697998 1500
0.3869788646697998 1500
0.38831400871276855 1500
0.38887882232666016 1500
0.38887882232666016 1500
0.3899269104003906 1500
0.3908979892730713 1500
0.3920259475708008 1500
0.3920259475708008 1500
0.3929109573364258 1500
0.3939828872680664 1500
0.3939828872680664 1500
0.39522886276245117 1500
0.3960127830505371 1500
0.3969879150390625 1500
0.3969879150390625 1500
0.3982508182525635 1500
0.399155855178833 1500
0.40023279190063477 1500
0.40023279190063477 1500
0.40116381645202637 1500
0.4019019603729248 1500
0.4019019603729248 1500
0.4029109477996826 1500
0.40456080436706543 1500
0.40486788749694824 1500
0.40486788749694824 1500
0.40596485137939453 1500
0.40696096420288086 1500
0.40696096420288086 1500
0.4080948829650879 1500
0.40897083282470703 1500
0.4100468158721924 1500
0.4100468158721924 1500
0.41107678413391113 1500
0.4119689464569092 1500
0.4119689464569092 1500
0.4129798412322998 1500
0.41399192810058594 1500
0.4149818420410156 1500
0.4149818420410156 1500
0.416363000869751 1500
0.41704797744750977 1500
0.4185068607330322 1500
0.4185068607330322 1500
0.4190669059753418 1500
0.4200279712677002 1500
0.4200279712677002 1500
0.4212977886199951 1500
0.42230796813964844 1500
0.42301487922668457 1500
0.42301487922668457 1500
0.4241909980773926 1500
0.424954891204834 1500
0.424954891204834 1500
0.426210880279541 1500
0.42696690559387207 1500
0.428466796875 1500
0.428466796875 1500
0.4290440082550049 1500
0.4301888942718506 1500
0.43103981018066406 1500
0.43103981018066406 1500
0.432283878326416 1500
0.4329819679260254 1500
0.4329819679260254 1500
0.4341428279876709 1500
0.43494200706481934 1500
0.4360389709472656 1500
0.4360389709472656 1500
0.436870813369751 1500
0.43975090980529785 1500
0.43975090980529785 1500
0.43975090980529785 1500
0.44000983238220215 1500
0.4409949779510498 1500
0.4409949779510498 1500
0.44194984436035156 1500
0.44302797317504883 1500
0.44396185874938965 1500
0.44396185874938965 1500
0.44487690925598145 1500
0.4459857940673828 1500
0.4459857940673828 1500
0.44687581062316895 1500
0.44807982444763184 1500
0.4490959644317627 1500
0.4490959644317627 1500
0.45014190673828125 1500
0.4538719654083252 1500
0.4538719654083252 1500
0.454265832901001 1500
0.454265832901001 1500
0.4545459747314453 1500
0.4545459747314453 1500
0.4548459053039551 1500
0.45626282691955566 1500
0.4569699764251709 1500
0.4569699764251709 1500
0.45815086364746094 1500
0.4592568874359131 1500
0.4592568874359131 1500
0.4602649211883545 1500
0.4610168933868408 1500
0.46186280250549316 1500
0.46186280250549316 1500
0.4629518985748291 1500
0.46381187438964844 1500
0.46381187438964844 1500
0.464871883392334 1500
0.4667840003967285 1500
0.4669950008392334 1500
0.4672207832336426 1500
0.4681828022003174 1500
0.4689788818359375 1500
0.4701528549194336 1500
0.4701528549194336 1500
0.4714548587799072 1500
0.47215700149536133 1500
0.47215700149536133 1500
0.4731738567352295 1500
0.47405195236206055 1500
0.4754459857940674 1500
0.4754459857940674 1500
0.47586584091186523 1500
0.4771308898925781 1500
0.4771308898925781 1500
0.4780290126800537 1500
0.4791579246520996 1500
0.4802429676055908 1500
0.4802429676055908 1500
0.4810678958892822 1500
0.4822049140930176 1500
0.4830479621887207 1500
0.4830479621887207 1500
0.4851198196411133 1500
0.4851198196411133 1500
0.4851198196411133 1500
0.4858708381652832 1500
0.48712897300720215 1500
0.48806095123291016 1500
0.48806095123291016 1500
0.4890739917755127 1500
0.49022698402404785 1500
0.49022698402404785 1500
0.4910738468170166 1500
0.4921247959136963 1500
0.49292588233947754 1500
0.49294400215148926 1500
0.49515295028686523 1500
0.49527883529663086 1500
0.4960038661956787 1500
0.4960038661956787 1500
0.4967668056488037 1500
0.49777698516845703 1500
0.49777698516845703 1500
0.49881887435913086 1500
0.4998128414154053 1500
0.5012907981872559 1500
0.5012907981872559 1500
0.5023448467254639 1500
0.5030949115753174 1500
0.5030949115753174 1500
0.5038158893585205 1500
0.5057568550109863 1500
