1050000
0.0 1500
0.0011639595031738281 1500
0.002131938934326172 1500
0.002131938934326172 1500
0.0030939579010009766 1500
0.003911018371582031 1500
0.003935813903808594 1500
0.005160808563232422 1500
0.006256818771362305 1500
0.006994009017944336 1500
0.006994009017944336 1500
0.008232831954956055 1500
0.009485960006713867 1500
0.009485960006713867 1500
0.010200977325439453 1500
0.011245965957641602 1500
0.012141942977905273 1500
0.012141942977905273 1500
0.013326883316040039 1500
0.014381885528564453 1500
0.014966964721679688 1500
0.014966964721679688 1500
0.016798973083496094 1500
0.017062902450561523 1500
0.017062902450561523 1500
0.019289016723632812 1500
0.019289016723632812 1500
0.020000934600830078 1500
0.020000934600830078 1500
0.021008968353271484 1500
0.022250890731811523 1500
0.022250890731811523 1500
0.023205995559692383 1500
0.024361848831176758 1500
0.025354862213134766 1500
0.025354862213134766 1500
0.025969982147216797 1500
0.027377843856811523 1500
0.028416872024536133 1500
0.028416872024536133 1500
0.029532909393310547 1500
0.03025984764099121 1500
0.03025984764099121 1500
0.031180858612060547 1500
0.03234982490539551 1500
0.033455848693847656 1500
0.033455848693847656 1500
0.0341649055480957 1500
0.035188913345336914 1500
0.035188913345336914 1500
0.036212921142578125 1500
0.0371859073638916 1500
0.038233041763305664 1500
0.038233041763305664 1500
0.039337873458862305 1500
0.04018402099609375 1500
0.041211843490600586 1500
0.041211843490600586 1500
0.04210686683654785 1500
0.04300999641418457 1500
0.04300999641418457 1500
0.04401588439941406 1500
0.045094966888427734 1500
0.0459139347076416 1500
0.0459139347076416 1500
0.04840683937072754 1500
0.04840683937072754 1500
0.04840683937072754 1500
0.04927682876586914 1500
0.050128936767578125 1500
0.05138587951660156 1500
0.05138587951660156 1500
0.0520169734954834 1500
0.05306601524353027 1500
0.05428791046142578 1500
0.05428791046142578 1500
0.055294036865234375 1500
0.055908918380737305 1500
0.055908918380737305 1500
0.05706286430358887 1500
0.058197021484375 1500
0.058949947357177734 1500
0.058949947357177734 1500
0.06038188934326172 1500
0.06105399131774902 1500
0.06105399131774902 1500
0.06222891807556152 1500
0.06292295455932617 1500
0.06413698196411133 1500
0.06413698196411133 1500
0.06494593620300293 1500
0.06625580787658691 1500
0.06736898422241211 1500
0.06736898422241211 1500
0.06801581382751465 1500
0.06888604164123535 1500
0.06888604164123535 1500
0.07007503509521484 1500
0.07143402099609375 1500
0.07222485542297363 1500
0.07222485542297363 1500
0.07322192192077637 1500
0.07413387298583984 1500
0.07413387298583984 1500
0.07523202896118164 1500
0.07611489295959473 1500
0.07731986045837402 1500
0.07731986045837402 1500
0.07944893836975098 1500
0.07944893836975098 1500
0.08083391189575195 1500
0.08083391189575195 1500
0.0810248851776123 1500
0.08318495750427246 1500
0.08318495750427246 1500
0.08318495750427246 1500
0.08467602729797363 1500
0.08504796028137207 1500
0.08504796028137207 1500
0.08641695976257324 1500
0.08737587928771973 1500
0.08737587928771973 1500
0.08818984031677246 1500
0.08932995796203613 1500
0.09048199653625488 1500
0.09048199653625488 1500
0.09116983413696289 1500
0.09218788146972656 1500
0.09342098236083984 1500
0.09342098236083984 1500
0.09441685676574707 1500
0.09525585174560547 1500
0.09525585174560547 1500
0.0962519645690918 1500
0.09733295440673828 1500
0.09830784797668457 1500
0.09830784797668457 1500
0.09917783737182617 1500
0.1002359390258789 1500
0.1002359390258789 1500
0.10158395767211914 1500
0.10212182998657227 1500
0.10341095924377441 1500
0.10341095924377441 1500
0.10406899452209473 1500
0.10529494285583496 1500
0.10610103607177734 1500
0.10610103607177734 1500
0.10742688179016113 1500
0.10809183120727539 1500
0.10809183120727539 1500
0.10927200317382812 1500
0.11028194427490234 1500
0.11109495162963867 1500
0.11109495162963867 1500
0.1122138500213623 1500
0.11308097839355469 1500
0.11308097839355469 1500
0.11414980888366699 1500
0.11504101753234863 1500
0.11620187759399414 1500
0.11620187759399414 1500
0.11741089820861816 1500
0.11816883087158203 1500
0.12076282501220703 1500
0.12076282501220703 1500
0.12076282501220703 1500
0.12121295928955078 1500
0.12121295928955078 1500
0.1222999095916748 1500
0.12311792373657227 1500
0.12429285049438477 1500
0.12429285049438477 1500
0.1252129077911377 1500
0.12619400024414062 1500
0.12619400024414062 1500
0.12712693214416504 1500
0.1280689239501953 1500
0.12909793853759766 1500
0.12909793853759766 1500
0.13008880615234375 1500
0.13116693496704102 1500
0.13310885429382324 1500
0.13310885429382324 1500
0.13310885429382324 1500
0.1349039077758789 1500
0.1349039077758789 1500
0.1349039077758789 1500
0.13648700714111328 1500
0.13717198371887207 1500
0.13717198371887207 1500
0.1380329132080078 1500
0.13924098014831543 1500
0.13924098014831543 1500
0.14028596878051758 1500
0.14135503768920898 1500
0.1420738697052002 1500
0.1420738697052002 1500
0.1431729793548584 1500
0.1441969871520996 1500
0.14608192443847656 1500
0.14608192443847656 1500
0.1463768482208252 1500
0.14722990989685059 1500
0.14722990989685059 1500
0.14809489250183105 1500
0.1493549346923828 1500
0.15004587173461914 1500
0.15004587173461914 1500
0.1513209342956543 1500
0.15210795402526855 1500
0.15210795402526855 1500
0.15293002128601074 1500
0.15405488014221191 1500
0.15514397621154785 1500
0.15514397621154785 1500
0.15657782554626465 1500
0.15723085403442383 1500
0.15725183486938477 1500
0.1582019329071045 1500
0.15897583961486816 1500
0.16006994247436523 1500
0.16006994247436523 1500
0.16120386123657227 1500
0.16241002082824707 1500
0.1629469394683838 1500
0.1629469394683838 1500
0.16428589820861816 1500
0.16495895385742188 1500
0.16495895385742188 1500
0.16620588302612305 1500
0.16695284843444824 1500
0.16815400123596191 1500
0.16832900047302246 1500
0.1693708896636963 1500
0.17002487182617188 1500
0.17002487182617188 1500
0.17141389846801758 1500
0.17214703559875488 1500
0.17340397834777832 1500
0.17340397834777832 1500
0.1741628646850586 1500
0.17524480819702148 1500
0.17613887786865234 1500
0.17613887786865234 1500
0.1773219108581543 1500
0.17819786071777344 1500
0.17819786071777344 1500
0.17911291122436523 1500
0.1802198886871338 1500
0.1812899112701416 1500
0.1812899112701416 1500
0.1821608543395996 1500
0.18311691284179688 1500
0.18311691284179688 1500
0.18407988548278809 1500
0.18511199951171875 1500
0.18628597259521484 1500
0.18628597259521484 1500
0.18726301193237305 1500
0.18833494186401367 1500
0.1891319751739502 1500
0.1891319751739502 1500
0.19011187553405762 1500
0.1911449432373047 1500
0.1911449432373047 1500
0.19227981567382812 1500
0.1931748390197754 1500
0.19413185119628906 1500
0.19413185119628906 1500
0.1953599452972412 1500
0.19618582725524902 1500
0.19618582725524902 1500
0.19717693328857422 1500
0.19811081886291504 1500
0.19920802116394043 1500
0.19920802116394043 1500
0.20023202896118164 1500
0.20124101638793945 1500
0.20189189910888672 1500
0.20189189910888672 1500
0.20322680473327637 1500
0.2040259838104248 1500
0.2040259838104248 1500
0.20536589622497559 1500
0.20673894882202148 1500
0.20730996131896973 1500
0.20730996131896973 1500
0.20827102661132812 1500
0.20937800407409668 1500
0.20937800407409668 1500
0.21044492721557617 1500
0.21129488945007324 1500
0.2121269702911377 1500
0.2121269702911377 1500
0.2132549285888672 1500
0.21405696868896484 1500
0.2151780128479004 1500
0.2151780128479004 1500
0.21642398834228516 1500
0.21732497215270996 1500
0.21732497215270996 1500
0.21814203262329102 1500
0.219343900680542 1500
0.22008395195007324 1500
0.22008395195007324 1500
0.22113680839538574 1500
0.22224092483520508 1500
0.22224092483520508 1500
0.22334790229797363 1500
0.22417902946472168 1500
0.22535300254821777 1500
0.22535300254821777 1500
0.22614097595214844 1500
0.22708487510681152 1500
0.22845792770385742 1500
0.22845792770385742 1500
0.22907185554504395 1500
0.23032402992248535 1500
0.23032402992248535 1500
0.23116183280944824 1500
0.23209381103515625 1500
0.23300886154174805 1500
0.23300886154174805 1500
0.23398303985595703 1500
0.23570799827575684 1500
0.23570799827575684 1500
0.23593497276306152 1500
0.23766398429870605 1500
0.23801898956298828 1500
0.23801898956298828 1500
0.23913788795471191 1500
0.24045801162719727 1500
0.24117183685302734 1500
0.24117183685302734 1500
0.24210095405578613 1500
0.24317002296447754 1500
0.24317002296447754 1500
0.24413490295410156 1500
0.24519681930541992 1500
0.2461559772491455 1500
0.2461559772491455 1500
0.24727392196655273 1500
0.2480008602142334 1500
0.2480008602142334 1500
0.24922680854797363 1500
0.2500579357147217 1500
0.25138282775878906 1500
0.25138282775878906 1500
0.25223302841186523 1500
0.2535820007324219 1500
0.2539808750152588 1500
0.2539808750152588 1500
0.25514984130859375 1500
0.25629591941833496 1500
0.25629591941833496 1500
0.2571108341217041 1500
0.2580838203430176 1500
0.2591269016265869 1500
0.2591269016265869 1500
0.26011085510253906 1500
0.2611069679260254 1500
0.2611069679260254 1500
0.2620878219604492 1500
0.2630138397216797 1500
0.26412296295166016 1500
0.26412296295166016 1500
0.26507091522216797 1500
0.2659280300140381 1500
0.26694202423095703 1500
0.26694202423095703 1500
0.2680070400238037 1500
0.2696540355682373 1500
0.2696540355682373 1500
0.2708170413970947 1500
0.27108097076416016 1500
0.27253198623657227 1500
0.27253198623657227 1500
0.2739388942718506 1500
0.27402186393737793 1500
0.27402186393737793 1500
0.27591800689697266 1500
0.27591800689697266 1500
0.27767395973205566 1500
0.27767395973205566 1500
0.27845001220703125 1500
0.2791609764099121 1500
0.2803030014038086 1500
0.2803030014038086 1500
0.28111886978149414 1500
0.2821228504180908 1500
0.2821228504180908 1500
0.28346800804138184 1500
0.28415989875793457 1500
0.285383939743042 1500
0.285383939743042 1500
0.2862398624420166 1500
0.28717899322509766 1500
0.28717899322509766 1500
0.2881178855895996 1500
0.289233922958374 1500
0.2903008460998535 1500
0.2903008460998535 1500
0.2912619113922119 1500
0.2921888828277588 1500
0.2931239604949951 1500
0.2931239604949951 1500
0.29418492317199707 1500
0.2949178218841553 1500
0.2949178218841553 1500
0.2960209846496582 1500
0.29727983474731445 1500
0.2982628345489502 1500
0.2982628345489502 1500
0.29928088188171387 1500
0.30025386810302734 1500
0.30025386810302734 1500
0.3011798858642578 1500
0.3019700050354004 1500
0.30309391021728516 1500
0.30309391021728516 1500
0.30420494079589844 1500
0.3051469326019287 1500
0.30631089210510254 1500
0.30631089210510254 1500
0.3072519302368164 1500
0.30813097953796387 1500
0.30813097953796387 1500
0.30907392501831055 1500
0.30998992919921875 1500
0.3111438751220703 1500
0.3111438751220703 1500
0.31215381622314453 1500
0.313154935836792 1500
0.313154935836792 1500
0.3143019676208496 1500
0.31550002098083496 1500
0.31596803665161133 1500
0.31596803665161133 1500
0.31716084480285645 1500
0.31824588775634766 1500
0.31958603858947754 1500
0.31958603858947754 1500
0.3199329376220703 1500
0.32115793228149414 1500
0.32115793228149414 1500
0.32320189476013184 1500
0.32320189476013184 1500
0.32428884506225586 1500
0.32428884506225586 1500
0.3251039981842041 1500
0.3261439800262451 1500
0.3261439800262451 1500
0.3270859718322754 1500
0.3284568786621094 1500
0.32924985885620117 1500
0.32924985885620117 1500
0.33019280433654785 1500
0.33107590675354004 1500
0.33107590675354004 1500
0.331967830657959 1500
0.33316683769226074 1500
0.3341410160064697 1500
0.33432698249816895 1500
0.3354799747467041 1500
0.336223840713501 1500
0.3373758792877197 1500
0.3373758792877197 1500
0.3379178047180176 1500
0.3393399715423584 1500
0.3393399715423584 1500
0.3405430316925049 1500
0.3415858745574951 1500
0.3419208526611328 1500
0.3419208526611328 1500
0.3431830406188965 1500
0.34453296661376953 1500
0.34453296661376953 1500
0.3452160358428955 1500
0.3462798595428467 1500
0.3472869396209717 1500
0.3472869396209717 1500
0.348114013671875 1500
0.3491230010986328 1500
0.34992003440856934 1500
0.34992003440856934 1500
0.3511199951171875 1500
0.3521080017089844 1500
0.3521080017089844 1500
0.3530728816986084 1500
0.3540618419647217 1500
0.3554048538208008 1500
0.3554048538208008 1500
0.3561379909515381 1500
0.357388973236084 1500
0.357388973236084 1500
0.35797786712646484 1500
0.3591029644012451 1500
0.3601360321044922 1500
0.3601360321044922 1500
0.36108899116516113 1500
0.3621790409088135 1500
0.36321496963500977 1500
0.36321496963500977 1500
0.3641469478607178 1500
0.36522388458251953 1500
0.36522388458251953 1500
0.3660738468170166 1500
0.3673388957977295 1500
0.36794281005859375 1500
0.36794281005859375 1500
0.36900782585144043 1500
0.37018799781799316 1500
0.37018799781799316 1500
0.37093186378479004 1500
0.3721909523010254 1500
0.37307000160217285 1500
0.37307000160217285 1500
0.3741438388824463 1500
0.37505483627319336 1500
0.37616491317749023 1500
0.37616491317749023 1500
0.377086877822876 1500
0.3781609535217285 1500
0.3781609535217285 1500
0.37927794456481934 1500
0.38019394874572754 1500
0.38126087188720703 1500
0.38126087188720703 1500
0.3822319507598877 1500
0.38341784477233887 1500
0.38341784477233887 1500
0.3841378688812256 1500
0.3852088451385498 1500
0.38614797592163086 1500
0.38614797592163086 1500
0.38723301887512207 1500
0.38826584815979004 1500
0.38915085792541504 1500
0.38915085792541504 1500
0.3902428150177002 1500
0.3911478519439697 1500
0.3911478519439697 1500
0.3921029567718506 1500
0.3932318687438965 1500
0.39408087730407715 1500
0.39408087730407715 1500
0.39543986320495605 1500
0.39617085456848145 1500
0.39617085456848145 1500
0.39730286598205566 1500
0.3979949951171875 1500
0.39919090270996094 1500
0.39919090270996094 1500
0.4002268314361572 1500
0.40120482444763184 1500
0.4021458625793457 1500
0.4021458625793457 1500
0.40337085723876953 1500
0.4039788246154785 1500
0.4039788246154785 1500
0.40496301651000977 1500
0.4064958095550537 1500
0.4070289134979248 1500
0.4070289134979248 1500
0.4079270362854004 1500
0.4093749523162842 1500
0.4093749523162842 1500
0.41005492210388184 1500
0.41143202781677246 1500
0.412139892578125 1500
0.412139892578125 1500
0.4130978584289551 1500
0.4139268398284912 1500
0.41517186164855957 1500
0.41517186164855957 1500
0.4161059856414795 1500
0.4171559810638428 1500
0.4171559810638428 1500
0.41799092292785645 1500
0.41933202743530273 1500
0.4201188087463379 1500
0.4201188087463379 1500
0.42099881172180176 1500
0.42199087142944336 1500
0.42199087142944336 1500
0.4232509136199951 1500
0.42404699325561523 1500
0.4253499507904053 1500
0.4253499507904053 1500
0.42605090141296387 1500
0.42717480659484863 1500
0.4282708168029785 1500
0.4282708168029785 1500
0.4290649890899658 1500
0.4299938678741455 1500
0.4299938678741455 1500
0.4316368103027344 1500
0.4321119785308838 1500
0.4333198070526123 1500
0.4333198070526123 1500
0.4341719150543213 1500
0.43523383140563965 1500
0.43523383140563965 1500
0.43622803688049316 1500
0.43708086013793945 1500
0.43795299530029297 1500
0.43795299530029297 1500
0.43913698196411133 1500
0.44023585319519043 1500
0.4413459300994873 1500
0.4413459300994873 1500
0.4422879219055176 1500
0.4431040287017822 1500
0.4431040287017822 1500
0.44432783126831055 1500
0.44506382942199707 1500
0.44605088233947754 1500
0.44605088233947754 1500
0.4472188949584961 1500
0.44805097579956055 1500
0.44805097579956055 1500
0.4493248462677002 1500
0.45012903213500977 1500
0.4514288902282715 1500
0.4514288902282715 1500
0.45214200019836426 1500
0.453441858291626 1500
0.4540369510650635 1500
0.4540369510650635 1500
0.4554738998413086 1500
0.456043004989624 1500
0.456043004989624 1500
0.45734596252441406 1500
0.45826196670532227 1500
0.45919203758239746 1500
0.45919203758239746 1500
0.46016383171081543 1500
0.4610710144042969 1500
0.4610710144042969 1500
0.46205782890319824 1500
0.463162899017334 1500
0.46426987648010254 1500
0.46426987648010254 1500
0.4651758670806885 1500
0.46611595153808594 1500
0.46702098846435547 1500
0.46702098846435547 1500
0.46823883056640625 1500
0.46924591064453125 1500
0.46924591064453125 1500
0.4703049659729004 1500
0.4710359573364258 1500
0.4722588062286377 1500
0.4722588062286377 1500
0.47315096855163574 1500
0.4739689826965332 1500
0.4739689826965332 1500
0.4750208854675293 1500
0.47667884826660156 1500
0.47809386253356934 1500
0.47809386253356934 1500
0.47809386253356934 1500
0.4797170162200928 1500
0.480151891708374 1500
0.480151891708374 1500
0.48119688034057617 1500
0.48209190368652344 1500
0.48209190368652344 1500
0.483090877532959 1500
0.48419785499572754 1500
0.4851698875427246 1500
0.4851698875427246 1500
0.4862668514251709 1500
0.48707103729248047 1500
0.48707103729248047 1500
0.4898979663848877 1500
0.4898979663848877 1500
0.49039196968078613 1500
0.49039196968078613 1500
0.4911818504333496 1500
0.49245691299438477 1500
0.49245691299438477 1500
0.4932568073272705 1500
0.49416184425354004 1500
0.49518895149230957 1500
0.49518895149230957 1500
0.49607300758361816 1500
0.4974639415740967 1500
0.4981238842010498 1500
0.4981238842010498 1500
0.49913787841796875 1500
0.5004868507385254 1500
0.5004868507385254 1500
0.5012729167938232 1500
0.5022330284118652 1500
0.5033018589019775 1500
0.5033018589019775 1500
0.5043759346008301 1500
0.50518798828125 1500
