1050000
0.0 1500
0.0009849071502685547 1500
0.0019829273223876953 1500
0.0019829273223876953 1500
0.0031118392944335938 1500
0.004122018814086914 1500
0.004122018814086914 1500
0.005079984664916992 1500
0.006073951721191406 1500
0.006986856460571289 1500
0.006986856460571289 1500
0.007987022399902344 1500
0.008983850479125977 1500
0.008983850479125977 1500
0.010008811950683594 1500
0.011087894439697266 1500
0.012105941772460938 1500
0.012105941772460938 1500
0.013012886047363281 1500
0.014227867126464844 1500
0.014227867126464844 1500
0.01508188247680664 1500
0.01719498634338379 1500
0.01719498634338379 1500
0.01719498634338379 1500
0.018539905548095703 1500
0.018994808197021484 1500
0.02025294303894043 1500
0.02025294303894043 1500
0.02111196517944336 1500
0.022015810012817383 1500
0.022015810012817383 1500
0.022986888885498047 1500
0.02399301528930664 1500
0.02484297752380371 1500
0.02484297752380371 1500
0.025992870330810547 1500
0.027177810668945312 1500
0.027177810668945312 1500
0.028259992599487305 1500
0.029053926467895508 1500
0.029986858367919922 1500
0.029986858367919922 1500
0.031044960021972656 1500
0.03215479850769043 1500
0.03317379951477051 1500
0.03317379951477051 1500
0.03400301933288574 1500
0.0349879264831543 1500
0.0349879264831543 1500
0.03615379333496094 1500
0.0368809700012207 1500
0.037956953048706055 1500
0.037956953048706055 1500
0.0388028621673584 1500
0.03982186317443848 1500
0.03982186317443848 1500
0.040799856185913086 1500
0.04180002212524414 1500
0.04381680488586426 1500
0.04381680488586426 1500
0.04381680488586426 1500
0.045297861099243164 1500
0.04604601860046387 1500
0.04604601860046387 1500
0.04715085029602051 1500
0.04800891876220703 1500
0.04800891876220703 1500
0.04899096488952637 1500
0.05096793174743652 1500
0.05096793174743652 1500
0.05096793174743652 1500
0.05204200744628906 1500
0.052845001220703125 1500
0.052845001220703125 1500
0.05385398864746094 1500
0.055522918701171875 1500
0.05622696876525879 1500
0.05622696876525879 1500
0.05752992630004883 1500
0.05812692642211914 1500
0.05922389030456543 1500
0.05922389030456543 1500
0.060051918029785156 1500
0.06110882759094238 1500
0.06110882759094238 1500
0.06220388412475586 1500
0.06300997734069824 1500
0.06423592567443848 1500
0.06423592567443848 1500
0.06618499755859375 1500
0.06618499755859375 1500
0.06618499755859375 1500
0.06728291511535645 1500
0.06804180145263672 1500
0.06896281242370605 1500
0.06896281242370605 1500
0.07033181190490723 1500
0.07104086875915527 1500
0.07204294204711914 1500
0.07204294204711914 1500
0.07298779487609863 1500
0.07384586334228516 1500
0.07384586334228516 1500
0.07516098022460938 1500
0.07626700401306152 1500
0.07709383964538574 1500
0.07709383964538574 1500
0.0779879093170166 1500
0.07899188995361328 1500
0.07899188995361328 1500
0.08000683784484863 1500
0.08151483535766602 1500
0.08190393447875977 1500
0.08190393447875977 1500
0.08339595794677734 1500
0.08412981033325195 1500
0.08516788482666016 1500
0.08516788482666016 1500
0.08625197410583496 1500
0.08684301376342773 1500
0.08684301376342773 1500
0.08826994895935059 1500
0.08898186683654785 1500
0.09026384353637695 1500
0.09026384353637695 1500
0.0916140079498291 1500
0.09189796447753906 1500
0.09189796447753906 1500
0.09298992156982422 1500
0.09400296211242676 1500
0.09499096870422363 1500
0.09499096870422363 1500
0.09618592262268066 1500
0.09697794914245605 1500
0.09804081916809082 1500
0.09804081916809082 1500
0.09895801544189453 1500
0.0999000072479248 1500
0.0999000072479248 1500
0.10104894638061523 1500
0.10199284553527832 1500
0.10351300239562988 1500
0.10351300239562988 1500
0.10411190986633301 1500
0.10498595237731934 1500
0.10498595237731934 1500
0.10615086555480957 1500
0.1071169376373291 1500
0.10798382759094238 1500
0.10798382759094238 1500
0.1092839241027832 1500
0.11000895500183105 1500
0.11097884178161621 1500
0.11097884178161621 1500
0.11198282241821289 1500
0.11298394203186035 1500
0.11298394203186035 1500
0.11400699615478516 1500
0.11498594284057617 1500
0.1162118911743164 1500
0.1162118911743164 1500
0.11706781387329102 1500
0.11983489990234375 1500
0.11983489990234375 1500
0.11983489990234375 1500
0.11983489990234375 1500
0.12260890007019043 1500
0.12260890007019043 1500
0.12260890007019043 1500
0.12284302711486816 1500
0.12398290634155273 1500
0.12398290634155273 1500
0.12524986267089844 1500
0.12624001502990723 1500
0.12624001502990723 1500
0.1270759105682373 1500
0.12798595428466797 1500
0.12918996810913086 1500
0.12918996810913086 1500
0.1299757957458496 1500
0.1309819221496582 1500
0.1309819221496582 1500
0.13188600540161133 1500
0.13319087028503418 1500
0.13399481773376465 1500
0.13399481773376465 1500
0.13515996932983398 1500
0.1359858512878418 1500
0.13687682151794434 1500
0.13687682151794434 1500
0.13814783096313477 1500
0.1388540267944336 1500
0.1388540267944336 1500
0.13998198509216309 1500
0.14098501205444336 1500
0.14209794998168945 1500
0.14209794998168945 1500
0.14323186874389648 1500
0.1441798210144043 1500
0.1441798210144043 1500
0.14505887031555176 1500
0.14652180671691895 1500
0.14695286750793457 1500
0.14695286750793457 1500
0.14816999435424805 1500
0.1494460105895996 1500
0.14987683296203613 1500
0.14987683296203613 1500
0.1510319709777832 1500
0.15227389335632324 1500
0.15227389335632324 1500
0.15305280685424805 1500
0.15411686897277832 1500
0.1553499698638916 1500
0.1553499698638916 1500
0.15629887580871582 1500
0.1572890281677246 1500
0.1572890281677246 1500
0.15830183029174805 1500
0.15912580490112305 1500
0.1603410243988037 1500
0.1603410243988037 1500
0.16094684600830078 1500
0.16216492652893066 1500
0.16279196739196777 1500
0.16279196739196777 1500
0.16404199600219727 1500
0.1649158000946045 1500
0.1649158000946045 1500
0.1662449836730957 1500
0.1674950122833252 1500
0.16819500923156738 1500
0.16819500923156738 1500
0.16920995712280273 1500
0.1701829433441162 1500
0.1701829433441162 1500
0.17105889320373535 1500
0.17220282554626465 1500
0.17330694198608398 1500
0.17330694198608398 1500
0.17389893531799316 1500
0.1749880313873291 1500
0.17627882957458496 1500
0.17627882957458496 1500
0.1772298812866211 1500
0.17792296409606934 1500
0.17792296409606934 1500
0.17894196510314941 1500
0.17976880073547363 1500
0.18157196044921875 1500
0.18157196044921875 1500
0.18191194534301758 1500
0.1829519271850586 1500
0.1829519271850586 1500
0.18395495414733887 1500
0.18512296676635742 1500
0.18677091598510742 1500
0.18677091598510742 1500
0.1869800090789795 1500
0.18865180015563965 1500
0.18865180015563965 1500
0.1893458366394043 1500
0.1900339126586914 1500
0.19112300872802734 1500
0.19112300872802734 1500
0.19204998016357422 1500
0.1928398609161377 1500
0.19385480880737305 1500
0.19385480880737305 1500
0.19505000114440918 1500
0.19600296020507812 1500
0.19600296020507812 1500
0.19745182991027832 1500
0.19805002212524414 1500
0.1989579200744629 1500
0.1989579200744629 1500
0.20015501976013184 1500
0.20096397399902344 1500
0.20096397399902344 1500
0.20195293426513672 1500
0.2029578685760498 1500
0.20417094230651855 1500
0.20417094230651855 1500
0.20517683029174805 1500
0.2060699462890625 1500
0.20737290382385254 1500
0.20737290382385254 1500
0.2079629898071289 1500
0.20896100997924805 1500
0.20896100997924805 1500
0.20998382568359375 1500
0.21095895767211914 1500
0.2124040126800537 1500
0.2124040126800537 1500
0.21276092529296875 1500
0.21412897109985352 1500
0.21412897109985352 1500
0.21529197692871094 1500
0.21614694595336914 1500
0.21733593940734863 1500
0.21733593940734863 1500
0.2179698944091797 1500
0.21896696090698242 1500
0.2200160026550293 1500
0.2200160026550293 1500
0.2208847999572754 1500
0.22198081016540527 1500
0.22198081016540527 1500
0.22281694412231445 1500
0.22457480430603027 1500
0.22482085227966309 1500
0.22482085227966309 1500
0.22625279426574707 1500
0.2276759147644043 1500
0.2276759147644043 1500
0.22823190689086914 1500
0.2289578914642334 1500
0.22995781898498535 1500
0.22995781898498535 1500
0.2309558391571045 1500
0.2320690155029297 1500
0.2329568862915039 1500
0.2329568862915039 1500
0.23483490943908691 1500
0.23483490943908691 1500
0.23483490943908691 1500
0.23633694648742676 1500
0.23689699172973633 1500
0.23785185813903809 1500
0.23785185813903809 1500
0.23880791664123535 1500
0.23991680145263672 1500
0.23991680145263672 1500
0.2411489486694336 1500
0.24267196655273438 1500
0.2429349422454834 1500
0.2429349422454834 1500
0.24396800994873047 1500
0.24495601654052734 1500
0.24612784385681152 1500
0.24612784385681152 1500
0.24709296226501465 1500
0.2479708194732666 1500
0.2479708194732666 1500
0.24912190437316895 1500
0.24996399879455566 1500
0.2509620189666748 1500
0.2509620189666748 1500
0.2521669864654541 1500
0.2528798580169678 1500
0.2530198097229004 1500
0.2540709972381592 1500
0.2554738521575928 1500
0.2561469078063965 1500
0.2561469078063965 1500
0.257037878036499 1500
0.25795888900756836 1500
0.25931382179260254 1500
0.25931382179260254 1500
0.2608039379119873 1500
0.2608039379119873 1500
0.2608039379119873 1500
0.26198697090148926 1500
0.26302599906921387 1500
0.26398181915283203 1500
0.26398181915283203 1500
0.26497483253479004 1500
0.26607489585876465 1500
0.26607489585876465 1500
0.2669539451599121 1500
0.2679758071899414 1500
0.26892995834350586 1500
0.26892995834350586 1500
0.26981496810913086 1500
0.2711470127105713 1500
0.2720940113067627 1500
0.2720940113067627 1500
0.2732548713684082 1500
0.2739598751068115 1500
0.2739598751068115 1500
0.27495789527893066 1500
0.27612996101379395 1500
0.2772188186645508 1500
0.2772188186645508 1500
0.27818989753723145 1500
0.27980494499206543 1500
0.27980494499206543 1500
0.2800478935241699 1500
0.2809569835662842 1500
0.28184080123901367 1500
0.28192687034606934 1500
0.2836318016052246 1500
0.2839968204498291 1500
0.2850978374481201 1500
0.2850978374481201 1500
0.28597497940063477 1500
0.28703999519348145 1500
0.28703999519348145 1500
0.2879509925842285 1500
0.2890608310699463 1500
0.28980493545532227 1500
0.28980493545532227 1500
0.29157090187072754 1500
0.2917928695678711 1500
0.2917928695678711 1500
0.2928190231323242 1500
0.29381799697875977 1500
0.29504895210266113 1500
0.29504895210266113 1500
0.29588985443115234 1500
0.2968168258666992 1500
0.29813385009765625 1500
0.29813385009765625 1500
0.2988708019256592 1500
0.29993200302124023 1500
0.29993200302124023 1500
0.3009669780731201 1500
0.30199193954467773 1500
0.30306291580200195 1500
0.30306291580200195 1500
0.3039529323577881 1500
0.30510401725769043 1500
0.30510401725769043 1500
0.306459903717041 1500
0.307269811630249 1500
0.307952880859375 1500
0.307952880859375 1500
0.30896782875061035 1500
0.3102400302886963 1500
0.31119585037231445 1500
0.31119585037231445 1500
0.3120739459991455 1500
0.31304383277893066 1500
0.31304383277893066 1500
0.31398797035217285 1500
0.31491899490356445 1500
0.31607580184936523 1500
0.31607580184936523 1500
0.3167879581451416 1500
0.31783580780029297 1500
0.31783580780029297 1500
0.31920480728149414 1500
0.3200359344482422 1500
0.3208320140838623 1500
0.3208320140838623 1500
0.3220069408416748 1500
0.32309889793395996 1500
0.3240020275115967 1500
0.3240020275115967 1500
0.3252089023590088 1500
0.3260350227355957 1500
0.3260350227355957 1500
0.32738780975341797 1500
0.328218936920166 1500
0.3292980194091797 1500
0.3292980194091797 1500
0.32999300956726074 1500
0.3313419818878174 1500
0.3313419818878174 1500
0.3319540023803711 1500
0.333266019821167 1500
0.3339569568634033 1500
0.3339569568634033 1500
0.33496689796447754 1500
0.3359568119049072 1500
0.33701586723327637 1500
0.33701586723327637 1500
0.3379678726196289 1500
0.3389718532562256 1500
0.3389718532562256 1500
0.3399639129638672 1500
0.3418698310852051 1500
0.3418698310852051 1500
0.34197187423706055 1500
0.3433549404144287 1500
0.3439810276031494 1500
0.3439810276031494 1500
0.3449978828430176 1500
0.3460359573364258 1500
0.3468339443206787 1500
0.3468339443206787 1500
0.3486349582672119 1500
0.35003089904785156 1500
0.35003089904785156 1500
0.35003089904785156 1500
0.3515009880065918 1500
0.3518798351287842 1500
0.3518798351287842 1500
0.35301995277404785 1500
0.354144811630249 1500
0.3551158905029297 1500
0.3551158905029297 1500
0.3560469150543213 1500
0.35719990730285645 1500
0.35719990730285645 1500
0.3579578399658203 1500
0.35898280143737793 1500
0.3598928451538086 1500
0.3598928451538086 1500
0.3609809875488281 1500
0.3619558811187744 1500
0.3619558811187744 1500
0.3629570007324219 1500
0.3639519214630127 1500
0.3651919364929199 1500
0.3651919364929199 1500
0.36638593673706055 1500
0.3673279285430908 1500
0.36795687675476074 1500
0.36795687675476074 1500
0.36898088455200195 1500
0.3700428009033203 1500
0.3700428009033203 1500
0.3711419105529785 1500
0.3719768524169922 1500
0.37326598167419434 1500
0.37326598167419434 1500
0.37415599822998047 1500
0.37545180320739746 1500
0.37545180320739746 1500
0.37624382972717285 1500
0.3768908977508545 1500
0.37816786766052246 1500
0.37816786766052246 1500
0.37976980209350586 1500
0.3801229000091553 1500
0.3809700012207031 1500
0.3809700012207031 1500
0.38249993324279785 1500
0.3830568790435791 1500
0.3830568790435791 1500
0.38396787643432617 1500
0.3850879669189453 1500
0.3862159252166748 1500
0.3862159252166748 1500
0.3869948387145996 1500
0.38797783851623535 1500
0.38797783851623535 1500
0.389326810836792 1500
0.38996291160583496 1500
0.3910489082336426 1500
0.3910489082336426 1500
0.3920168876647949 1500
0.39297986030578613 1500
0.3939688205718994 1500
0.3939688205718994 1500
0.3949778079986572 1500
0.39612889289855957 1500
0.39612889289855957 1500
0.3976879119873047 1500
0.39806485176086426 1500
0.3990459442138672 1500
0.3990459442138672 1500
0.3999760150909424 1500
0.4010438919067383 1500
0.4010438919067383 1500
0.40195298194885254 1500
0.4029519557952881 1500
0.40396690368652344 1500
0.40396690368652344 1500
0.4062938690185547 1500
0.4062938690185547 1500
0.4072458744049072 1500
0.4072458744049072 1500
0.40796780586242676 1500
0.40892887115478516 1500
0.40892887115478516 1500
0.4099998474121094 1500
0.4110989570617676 1500
0.41247081756591797 1500
0.41247081756591797 1500
0.41324901580810547 1500
0.413956880569458 1500
0.413956880569458 1500
0.41482090950012207 1500
0.4158918857574463 1500
0.4170999526977539 1500
0.4170999526977539 1500
0.41878700256347656 1500
0.41878700256347656 1500
0.4200139045715332 1500
0.4200139045715332 1500
0.42174482345581055 1500
0.4220139980316162 1500
0.4220139980316162 1500
0.42292284965515137 1500
0.4239819049835205 1500
0.42490291595458984 1500
0.42490291595458984 1500
0.4260067939758301 1500
0.42699599266052246 1500
0.42699599266052246 1500
0.4278249740600586 1500
0.4288818836212158 1500
0.4300529956817627 1500
0.4300529956817627 1500
0.4309089183807373 1500
0.43200087547302246 1500
0.43282580375671387 1500
0.43282580375671387 1500
0.43381500244140625 1500
0.4349339008331299 1500
0.4349339008331299 1500
0.43592190742492676 1500
0.4371018409729004 1500
0.4379270076751709 1500
0.4379270076751709 1500
0.438823938369751 1500
0.439924955368042 1500
0.439924955368042 1500
0.44084882736206055 1500
0.4419820308685303 1500
0.4430828094482422 1500
0.4430828094482422 1500
0.44479894638061523 1500
0.44479894638061523 1500
0.4458580017089844 1500
0.4458580017089844 1500
0.4467909336090088 1500
0.4479517936706543 1500
0.4479517936706543 1500
0.44911789894104004 1500
0.4498448371887207 1500
0.4512648582458496 1500
0.4512648582458496 1500
0.4519078731536865 1500
0.45300889015197754 1500
0.45300889015197754 1500
0.45412683486938477 1500
0.45502495765686035 1500
0.4561879634857178 1500
0.4561879634857178 1500
0.4569709300994873 1500
0.45800280570983887 1500
0.45917487144470215 1500
0.45917487144470215 1500
0.46024084091186523 1500
0.4610588550567627 1500
0.4610588550567627 1500
0.46184587478637695 1500
0.46318483352661133 1500
0.4642448425292969 1500
0.4642448425292969 1500
0.46495580673217773 1500
0.4661719799041748 1500
0.4661719799041748 1500
0.46693992614746094 1500
0.4681868553161621 1500
0.4688270092010498 1500
0.4688270092010498 1500
0.4701578617095947 1500
0.47115397453308105 1500
0.47194480895996094 1500
0.47194480895996094 1500
0.47279787063598633 1500
0.47441887855529785 1500
0.47441887855529785 1500
0.47487688064575195 1500
0.476240873336792 1500
0.4772000312805176 1500
0.4772000312805176 1500
0.47800588607788086 1500
0.47916197776794434 1500
0.47916197776794434 1500
0.4800388813018799 1500
0.48095202445983887 1500
0.48264002799987793 1500
0.48264002799987793 1500
0.48299479484558105 1500
0.4842948913574219 1500
0.4852168560028076 1500
0.4852168560028076 1500
0.4864339828491211 1500
0.4868779182434082 1500
0.4868779182434082 1500
0.48801684379577637 1500
0.4890718460083008 1500
0.49012088775634766 1500
0.49012088775634766 1500
0.49096083641052246 1500
0.49245595932006836 1500
0.49245595932006836 1500
0.49327588081359863 1500
0.4944767951965332 1500
0.4950098991394043 1500
0.4950098991394043 1500
0.4962949752807617 1500
0.4969508647918701 1500
0.4979548454284668 1500
0.4979548454284668 1500
0.49912285804748535 1500
0.5000038146972656 1500
0.5000038146972656 1500
0.500950813293457 1500
0.5019848346710205 1500
0.5031068325042725 1500
0.5031068325042725 1500
0.504040002822876 1500
0.5054399967193604 1500
