1049820
0.0 1460
0.0013680458068847656 1460
0.0013680458068847656 1460
0.0013680458068847656 1460
0.0013680458068847656 1460
0.002980947494506836 1460
0.002980947494506836 1460
0.0032689571380615234 1460
0.0032689571380615234 1460
0.005049943923950195 1460
0.005049943923950195 1460
0.014488935470581055 1460
0.014488935470581055 1460
0.019522905349731445 1460
0.019522905349731445 1460
0.019522905349731445 1460
0.019522905349731445 1460
0.019522905349731445 1460
0.019522905349731445 1460
0.019522905349731445 1460
0.019522905349731445 1460
0.019522905349731445 1460
0.019522905349731445 1460
0.020372867584228516 1460
0.020372867584228516 1460
0.020372867584228516 1460
0.020372867584228516 1460
0.020372867584228516 1460
0.020372867584228516 1460
0.020372867584228516 1460
0.020372867584228516 1460
0.020372867584228516 1460
0.021149873733520508 1460
0.021149873733520508 1460
0.021149873733520508 1460
0.021149873733520508 1460
0.021149873733520508 1460
0.021149873733520508 1460
0.021149873733520508 1460
0.021149873733520508 1460
0.021149873733520508 1460
0.021149873733520508 1460
0.021149873733520508 1460
0.021702051162719727 1460
0.021702051162719727 1460
0.021702051162719727 1460
0.021702051162719727 1460
0.021702051162719727 1460
0.021702051162719727 1460
0.025493860244750977 1460
0.025493860244750977 1460
0.025493860244750977 1460
0.025493860244750977 1460
0.025493860244750977 1460
0.025935888290405273 1460
0.025935888290405273 1460
0.025935888290405273 1460
0.025935888290405273 1460
0.025935888290405273 1460
0.025935888290405273 1460
0.025935888290405273 1460
0.029017925262451172 1460
0.029017925262451172 1460
0.029017925262451172 1460
0.0294950008392334 1460
0.0294950008392334 1460
0.0294950008392334 1460
0.0294950008392334 1460
0.031395912170410156 1460
0.031395912170410156 1460
0.031395912170410156 1460
0.031395912170410156 1460
0.03273200988769531 1460
0.03307485580444336 1460
0.03307485580444336 1460
0.03307485580444336 1460
0.0340578556060791 1460
0.0340578556060791 1460
0.0340578556060791 1460
0.03635096549987793 1460
0.03635096549987793 1460
0.039515018463134766 1460
0.039515018463134766 1460
0.039515018463134766 1460
0.039515018463134766 1460
0.04006195068359375 1460
0.040318965911865234 1460
0.04162907600402832 1460
0.04162907600402832 1460
0.043170928955078125 1460
0.043170928955078125 1460
0.04497790336608887 1460
0.04497790336608887 1460
0.04497790336608887 1460
0.04497790336608887 1460
0.04684185981750488 1460
0.04684185981750488 1460
0.04684185981750488 1460
0.04684185981750488 1460
0.04725289344787598 1460
0.04725289344787598 1460
0.048384904861450195 1460
0.048384904861450195 1460
0.048750877380371094 1460
0.048750877380371094 1460
0.048750877380371094 1460
0.048750877380371094 1460
0.16646385192871094 1460
0.16646385192871094 1460
0.16646385192871094 1460
0.16646385192871094 1460
0.16646385192871094 1460
0.1675090789794922 1460
0.1675090789794922 1460
0.1675090789794922 1460
0.1675090789794922 1460
0.1675090789794922 1460
0.1675090789794922 1460
0.1675090789794922 1460
0.1675090789794922 1460
0.1675090789794922 1460
0.1675090789794922 1460
0.1675090789794922 1460
0.1675090789794922 1460
0.1675090789794922 1460
0.1675090789794922 1460
0.1675090789794922 1460
0.1675090789794922 1460
0.1675090789794922 1460
0.1675090789794922 1460
0.16834402084350586 1460
0.16834402084350586 1460
0.16834402084350586 1460
0.16834402084350586 1460
0.16834402084350586 1460
0.16834402084350586 1460
0.16834402084350586 1460
0.16834402084350586 1460
0.16834402084350586 1460
0.16834402084350586 1460
0.16834402084350586 1460
0.16834402084350586 1460
0.16834402084350586 1460
0.16834402084350586 1460
0.16834402084350586 1460
0.16834402084350586 1460
0.1734168529510498 1460
0.1840200424194336 1460
0.1840200424194336 1460
0.18437600135803223 1460
0.18437600135803223 1460
0.18437600135803223 1460
0.2049729824066162 1460
0.2049729824066162 1460
0.2049729824066162 1460
0.20893406867980957 1460
0.20893406867980957 1460
0.20893406867980957 1460
0.20893406867980957 1460
0.20893406867980957 1460
0.20893406867980957 1460
0.20893406867980957 1460
0.20893406867980957 1460
0.20893406867980957 1460
0.20893406867980957 1460
0.20893406867980957 1460
0.20893406867980957 1460
0.20893406867980957 1460
0.20893406867980957 1460
0.2094728946685791 1460
0.2094728946685791 1460
0.2094728946685791 1460
0.2094728946685791 1460
0.2094728946685791 1460
0.2094728946685791 1460
0.21013808250427246 1460
0.21013808250427246 1460
0.21013808250427246 1460
0.21013808250427246 1460
0.21013808250427246 1460
0.21013808250427246 1460
0.21013808250427246 1460
0.21013808250427246 1460
0.21013808250427246 1460
0.21013808250427246 1460
0.21013808250427246 1460
0.21013808250427246 1460
0.21013808250427246 1460
0.21013808250427246 1460
0.21013808250427246 1460
0.21058297157287598 1460
0.21058297157287598 1460
0.21058297157287598 1460
0.21058297157287598 1460
0.21058297157287598 1460
0.21058297157287598 1460
0.21058297157287598 1460
0.21058297157287598 1460
0.21058297157287598 1460
0.21058297157287598 1460
0.22719788551330566 1460
0.22719788551330566 1460
0.23169803619384766 1460
0.23169803619384766 1460
0.23169803619384766 1460
0.23169803619384766 1460
0.23255586624145508 1460
0.23255586624145508 1460
0.23255586624145508 1460
0.23255586624145508 1460
0.23255586624145508 1460
0.23255586624145508 1460
0.23255586624145508 1460
0.23255586624145508 1460
0.23255586624145508 1460
0.23255586624145508 1460
0.23255586624145508 1460
0.23255586624145508 1460
0.23255586624145508 1460
0.23618292808532715 1460
0.23618292808532715 1460
0.23618292808532715 1460
0.23618292808532715 1460
0.23618292808532715 1460
0.23618292808532715 1460
0.2365279197692871 1460
0.2365279197692871 1460
0.2365279197692871 1460
0.2365279197692871 1460
0.2365279197692871 1460
0.24351286888122559 1460
0.24351286888122559 1460
0.24351286888122559 1460
0.24351286888122559 1460
0.24351286888122559 1460
0.24351286888122559 1460
0.24351286888122559 1460
0.24351286888122559 1460
0.24351286888122559 1460
0.24351286888122559 1460
0.24351286888122559 1460
0.24351286888122559 1460
0.24351286888122559 1460
0.24462008476257324 1460
0.24462008476257324 1460
0.24603700637817383 1460
0.24603700637817383 1460
0.24603700637817383 1460
0.24603700637817383 1460
0.24603700637817383 1460
0.24649906158447266 1460
0.24649906158447266 1460
0.24649906158447266 1460
0.2484910488128662 1460
0.2484910488128662 1460
0.2484910488128662 1460
0.2484910488128662 1460
0.24889588356018066 1460
0.24889588356018066 1460
0.24889588356018066 1460
0.25472402572631836 1460
0.25472402572631836 1460
0.25472402572631836 1460
0.25472402572631836 1460
0.25472402572631836 1460
0.25472402572631836 1460
0.25472402572631836 1460
0.25472402572631836 1460
0.25472402572631836 1460
0.25472402572631836 1460
0.25472402572631836 1460
0.2561919689178467 1460
0.2561919689178467 1460
0.2561919689178467 1460
0.2561919689178467 1460
0.2565629482269287 1460
0.2565629482269287 1460
0.2588019371032715 1460
0.2588019371032715 1460
0.2588019371032715 1460
0.2591269016265869 1460
0.2591269016265869 1460
0.2591269016265869 1460
0.2620999813079834 1460
0.2620999813079834 1460
0.2620999813079834 1460
0.2620999813079834 1460
0.26253795623779297 1460
0.26253795623779297 1460
0.26253795623779297 1460
0.26253795623779297 1460
0.26633501052856445 1460
0.26633501052856445 1460
0.26633501052856445 1460
0.26633501052856445 1460
0.26633501052856445 1460
0.26673388481140137 1460
0.26673388481140137 1460
0.26673388481140137 1460
0.26673388481140137 1460
0.26673388481140137 1460
0.26673388481140137 1460
0.26958394050598145 1460
0.26958394050598145 1460
0.26958394050598145 1460
0.2700200080871582 1460
0.2700200080871582 1460
0.2700200080871582 1460
0.2700200080871582 1460
0.2721669673919678 1460
0.2721669673919678 1460
0.2721669673919678 1460
0.27257800102233887 1460
0.27257800102233887 1460
0.27257800102233887 1460
0.27257800102233887 1460
0.2741529941558838 1460
0.2741529941558838 1460
0.27453088760375977 1460
0.27453088760375977 1460
0.2767460346221924 1460
0.27721285820007324 1460
0.27721285820007324 1460
0.27721285820007324 1460
0.27721285820007324 1460
0.27721285820007324 1460
0.27721285820007324 1460
0.2789759635925293 1460
0.2789759635925293 1460
0.2789759635925293 1460
0.279278039932251 1460
0.2881200313568115 1460
0.2917790412902832 1460
0.2917790412902832 1460
0.2917790412902832 1460
0.2917790412902832 1460
0.2917790412902832 1460
0.2917790412902832 1460
0.2917790412902832 1460
0.2917790412902832 1460
0.29253101348876953 1460
0.29253101348876953 1460
0.29253101348876953 1460
0.29253101348876953 1460
0.29253101348876953 1460
0.29253101348876953 1460
0.29253101348876953 1460
0.29253101348876953 1460
0.29253101348876953 1460
0.29253101348876953 1460
0.29253101348876953 1460
0.29253101348876953 1460
0.29253101348876953 1460
0.2931530475616455 1460
0.2931530475616455 1460
0.2931530475616455 1460
0.2931530475616455 1460
0.2931530475616455 1460
0.2931530475616455 1460
0.29384303092956543 1460
0.29384303092956543 1460
0.29384303092956543 1460
0.29384303092956543 1460
0.29384303092956543 1460
0.29384303092956543 1460
0.29384303092956543 1460
0.29384303092956543 1460
0.29780006408691406 1460
0.29780006408691406 1460
0.29780006408691406 1460
0.29780006408691406 1460
0.29780006408691406 1460
0.29780006408691406 1460
0.2981860637664795 1460
0.2981860637664795 1460
0.2981860637664795 1460
0.2981860637664795 1460
0.2993650436401367 1460
0.2993650436401367 1460
0.299699068069458 1460
0.299699068069458 1460
0.3012430667877197 1460
0.3012430667877197 1460
0.30231785774230957 1460
0.30231785774230957 1460
0.30263686180114746 1460
0.30263686180114746 1460
0.30405688285827637 1460
0.304473876953125 1460
0.304473876953125 1460
0.30579185485839844 1460
0.30579185485839844 1460
0.3061370849609375 1460
0.3061370849609375 1460
0.30747008323669434 1460
0.30747008323669434 1460
0.30789995193481445 1460
0.30789995193481445 1460
0.30995893478393555 1460
0.30995893478393555 1460
0.30995893478393555 1460
0.30995893478393555 1460
0.31148791313171387 1460
0.31148791313171387 1460
0.31190991401672363 1460
0.31190991401672363 1460
0.31339192390441895 1460
0.31339192390441895 1460
0.31496691703796387 1460
0.31496691703796387 1460
0.3153369426727295 1460
0.3153369426727295 1460
0.3168759346008301 1460
0.3168759346008301 1460
0.3168759346008301 1460
0.3168759346008301 1460
0.31726908683776855 1460
0.31726908683776855 1460
0.3186490535736084 1460
0.3186490535736084 1460
0.3189830780029297 1460
0.3189830780029297 1460
0.3189830780029297 40
0.3189830780029297 1460
0.3189830780029297 1460
0.32078099250793457 1460
0.32078099250793457 1460
0.32325005531311035 1460
0.32325005531311035 1460
0.32325005531311035 1460
0.32325005531311035 1460
0.32325005531311035 1460
0.32325005531311035 1460
0.32325005531311035 1460
0.3245408535003662 1460
0.3245408535003662 1460
0.3245408535003662 1460
0.3245408535003662 1460
0.3245408535003662 1460
0.3245408535003662 1460
0.32732701301574707 1460
0.32732701301574707 1460
0.32828307151794434 1460
0.32828307151794434 1460
0.32828307151794434 1460
0.32828307151794434 1460
0.32828307151794434 1460
0.3295609951019287 1460
0.3295609951019287 1460
0.32992100715637207 1460
0.3316619396209717 1460
0.3320748805999756 1460
0.3337209224700928 1460
0.3337209224700928 1460
0.3340940475463867 1460
0.3340940475463867 1460
0.3340940475463867 1460
0.3340940475463867 1460
0.3353888988494873 1460
0.3353888988494873 1460
0.3353888988494873 1460
0.3353888988494873 1460
0.33581089973449707 1460
0.33581089973449707 1460
0.3373429775238037 1460
0.3373429775238037 1460
0.3373429775238037 1460
0.3373429775238037 1460
0.3377358913421631 1460
0.3377358913421631 1460
0.33922791481018066 1460
0.33922791481018066 1460
0.3396599292755127 1460
0.3396599292755127 1460
0.3396599292755127 1460
0.3396599292755127 1460
0.34125208854675293 1460
0.34125208854675293 1460
0.34150004386901855 1460
0.34150004386901855 1460
0.34150004386901855 1460
0.34279894828796387 1460
0.34279894828796387 1460
0.3432309627532959 1460
0.3432309627532959 1460
0.3459899425506592 1460
0.3459899425506592 1460
0.34836697578430176 1460
0.34836697578430176 1460
0.34836697578430176 1460
0.34836697578430176 1460
0.35034799575805664 1460
0.35170888900756836 1460
0.35196995735168457 1460
0.35196995735168457 1460
0.3534259796142578 1460
0.3534259796142578 1460
0.3534259796142578 1460
0.3538670539855957 1460
0.3538670539855957 1460
0.3538670539855957 1460
0.3538670539855957 1460
0.3538670539855957 1460
0.35537004470825195 1460
0.35537004470825195 1460
0.35537004470825195 1460
0.35576796531677246 1460
0.35576796531677246 1460
0.35576796531677246 1460
0.35686492919921875 1460
0.35749006271362305 1460
0.35749006271362305 1460
0.35749006271362305 1460
0.35749006271362305 1460
0.35749006271362305 1460
0.4757518768310547 1460
0.4757518768310547 1460
0.47672486305236816 1460
0.47672486305236816 1460
0.47672486305236816 1460
0.47672486305236816 1460
0.47672486305236816 1460
0.47672486305236816 1460
0.47672486305236816 1460
0.47672486305236816 1460
0.47672486305236816 1460
0.47672486305236816 1460
0.47672486305236816 1460
0.4774630069732666 1460
0.4774630069732666 1460
0.4774630069732666 1460
0.4774630069732666 1460
0.4774630069732666 1460
0.4774630069732666 1460
0.4774630069732666 1460
0.4774630069732666 1460
0.4818458557128906 1460
0.4818458557128906 1460
0.5081429481506348 1460
0.5081429481506348 1460
0.5081429481506348 1460
0.5081429481506348 1460
0.5081429481506348 1460
0.5081429481506348 1460
0.5081429481506348 1460
0.5081429481506348 1460
0.5081429481506348 1460
0.5081429481506348 1460
0.5081429481506348 1460
0.5081429481506348 1460
0.5087249279022217 1460
0.5087249279022217 1460
0.5087249279022217 1460
0.5087249279022217 1460
0.5087249279022217 1460
0.5087249279022217 1460
0.5087249279022217 1460
0.5087249279022217 1460
0.5087249279022217 1460
0.5087249279022217 1460
0.5091719627380371 1460
0.5091719627380371 1460
0.5091719627380371 1460
0.5091719627380371 1460
0.5251469612121582 1460
0.5251469612121582 1460
0.5251469612121582 1460
0.5251469612121582 1460
0.5270569324493408 1460
0.5284099578857422 1460
0.5288870334625244 1460
0.5288870334625244 1460
0.5311720371246338 1460
0.5316200256347656 1460
0.5316200256347656 1460
0.5316200256347656 1460
0.5341758728027344 1460
0.5341758728027344 1460
0.5360920429229736 1460
0.5360920429229736 1460
0.5379960536956787 1460
0.5400650501251221 1460
0.5400650501251221 1460
0.5400650501251221 1460
0.5400650501251221 1460
0.5437710285186768 1460
0.5437710285186768 1460
0.5437710285186768 1460
0.5443110466003418 1460
0.5443110466003418 1460
0.5478870868682861 1460
0.5478870868682861 1460
0.5482320785522461 1460
0.5482320785522461 1460
0.5507628917694092 1460
0.5511770248413086 1460
0.5511770248413086 1460
0.5528159141540527 1460
0.5528159141540527 1460
0.5544130802154541 1460
0.5544130802154541 1460
0.5547559261322021 1460
0.5547559261322021 1460
0.5574209690093994 1460
0.5574209690093994 1460
0.5592939853668213 1460
0.5592939853668213 1460
0.56215500831604 1460
0.56215500831604 1460
0.5636329650878906 1460
0.5636329650878906 1460
0.5636329650878906 1460
0.5655629634857178 1460
0.5660190582275391 1460
0.5660190582275391 1460
0.567918062210083 1460
0.567918062210083 1460
0.5813710689544678 1460
0.5813710689544678 1460
0.5813710689544678 1460
0.5813710689544678 1460
0.5831248760223389 1460
0.5831248760223389 1460
0.5831248760223389 1460
0.5831248760223389 1460
0.5865089893341064 1460
0.5865089893341064 1460
0.5865089893341064 1460
0.5865089893341064 1460
0.5865089893341064 1460
0.5865089893341064 1460
0.5865089893341064 1460
0.5865089893341064 1460
0.5876569747924805 1460
0.5876569747924805 1460
0.5876569747924805 1460
0.5876569747924805 1460
0.5876569747924805 1460
0.5876569747924805 1460
0.5918500423431396 1460
0.5918500423431396 1460
0.5918500423431396 1460
0.5922858715057373 1460
0.5922858715057373 1460
0.5922858715057373 1460
0.5922858715057373 1460
0.5966799259185791 1460
0.5966799259185791 1460
0.5966799259185791 1460
0.5966799259185791 1460
0.5970330238342285 1460
0.5970330238342285 1460
0.6022489070892334 1460
0.6022489070892334 1460
0.6022489070892334 1460
0.6028499603271484 1460
0.6028499603271484 1460
0.6028499603271484 1460
0.6054868698120117 1460
0.6058590412139893 1460
0.6058590412139893 1460
0.6083118915557861 1460
0.6083118915557861 1460
0.6087510585784912 1460
0.6087510585784912 1460
0.6214048862457275 1460
0.6214048862457275 1460
0.6222128868103027 1460
0.6222128868103027 1460
0.6230859756469727 1460
0.6230859756469727 1460
0.6230859756469727 1460
0.6230859756469727 1460
0.6230859756469727 1460
0.6230859756469727 1460
0.6236879825592041 1460
0.6236879825592041 1460
0.6236879825592041 1460
0.6236879825592041 1460
0.6236879825592041 1460
0.6236879825592041 1460
0.6242859363555908 1460
0.6242859363555908 1460
0.626924991607666 1460
0.626924991607666 1460
0.627479076385498 1460
0.627479076385498 1460
0.6298890113830566 1460
0.6298890113830566 1460
0.6332740783691406 1460
0.6332740783691406 1460
0.6332740783691406 1460
0.6332740783691406 1460
0.634800910949707 1460
0.634800910949707 1460
0.6365878582000732 1460
0.6368730068206787 1460
0.6390979290008545 1460
0.6390979290008545 1460
0.6409850120544434 1460
0.6409850120544434 1460
0.6413750648498535 1460
0.6413750648498535 1460
0.6432459354400635 1460
0.6456520557403564 1460
0.6456520557403564 1460
0.6473000049591064 40
0.647723913192749 1460
0.647723913192749 1460
0.6504600048065186 1460
0.6504600048065186 1460
0.6504600048065186 1460
0.6504600048065186 1460
0.6532340049743652 1460
0.6532340049743652 1460
0.654123067855835 1460
0.654123067855835 1460
0.6558308601379395 1460
0.6558308601379395 1460
0.6562139987945557 1460
0.6562139987945557 1460
