1050000
0.0 1500
0.0010099411010742188 1500
0.002834796905517578 1500
0.002834796905517578 1500
0.0029168128967285156 1500
0.0043179988861083984 1500
0.004976987838745117 1500
0.005096912384033203 1500
0.006150007247924805 1500
0.007084846496582031 1500
0.007084846496582031 1500
0.008021831512451172 1500
0.009146928787231445 1500
0.009855985641479492 1500
0.009855985641479492 1500
0.010875940322875977 1500
0.012243986129760742 1500
0.012847900390625 1500
0.012847900390625 1500
0.014046907424926758 1500
0.01531982421875 1500
0.01531982421875 1500
0.01646590232849121 1500
0.01729893684387207 1500
0.018513917922973633 1500
0.018513917922973633 1500
0.019166946411132812 1500
0.020132780075073242 1500
0.020132780075073242 1500
0.021391868591308594 1500
0.02196478843688965 1500
0.023029804229736328 1500
0.023029804229736328 1500
0.024034976959228516 1500
0.02506279945373535 1500
0.02506279945373535 1500
0.026286840438842773 1500
0.02720189094543457 1500
0.02839183807373047 1500
0.02851581573486328 1500
0.02907586097717285 1500
0.029991865158081055 1500
0.031148910522460938 1500
0.031148910522460938 1500
0.032318830490112305 1500
0.0332639217376709 1500
0.0332639217376709 1500
0.034073829650878906 1500
0.03504681587219238 1500
0.0361788272857666 1500
0.03619694709777832 1500
0.037286996841430664 1500
0.03825688362121582 1500
0.03825688362121582 1500
0.03899693489074707 1500
0.04021883010864258 1500
0.041237831115722656 1500
0.041237831115722656 1500
0.04215598106384277 1500
0.04332590103149414 1500
0.04420185089111328 1500
0.04420185089111328 1500
0.04555392265319824 1500
0.045918941497802734 1500
0.045918941497802734 1500
0.04729485511779785 1500
0.04807591438293457 1500
0.04912281036376953 1500
0.04912281036376953 1500
0.05135679244995117 1500
0.05148887634277344 1500
0.05148887634277344 1500
0.05208086967468262 1500
0.05336499214172363 1500
0.05407381057739258 1500
0.05407381057739258 1500
0.05645585060119629 1500
0.05645585060119629 1500
0.05723977088928223 1500
0.05723977088928223 1500
0.0581209659576416 1500
0.05919599533081055 1500
0.05919599533081055 1500
0.060150861740112305 1500
0.061334848403930664 1500
0.06217479705810547 1500
0.06217479705810547 1500
0.06300592422485352 1500
0.06428194046020508 1500
0.06428194046020508 1500
0.06572985649108887 1500
0.06577587127685547 1500
0.06690597534179688 1500
0.06690597534179688 1500
0.06806588172912598 1500
0.06916499137878418 1500
0.06990480422973633 1500
0.06990480422973633 1500
0.07080388069152832 1500
0.07181692123413086 1500
0.07183599472045898 1500
0.07338595390319824 1500
0.0738837718963623 1500
0.07486891746520996 1500
0.07486891746520996 1500
0.07712888717651367 1500
0.0771479606628418 1500
0.07718896865844727 1500
0.07834482192993164 1500
0.07898092269897461 1500
0.08151984214782715 1500
0.08151984214782715 1500
0.08151984214782715 1500
0.08202481269836426 1500
0.08321094512939453 1500
0.08321094512939453 1500
0.0841817855834961 1500
0.08498883247375488 1500
0.08510398864746094 1500
0.08612489700317383 1500
0.08735799789428711 1500
0.08815288543701172 1500
0.08815288543701172 1500
0.08908891677856445 1500
0.09010100364685059 1500
0.09129095077514648 1500
0.09129095077514648 1500
0.09220290184020996 1500
0.09301590919494629 1500
0.09301590919494629 1500
0.09427595138549805 1500
0.09529590606689453 1500
0.09624195098876953 1500
0.09624195098876953 1500
0.09724593162536621 1500
0.09787178039550781 1500
0.09787178039550781 1500
0.09921383857727051 1500
0.10008382797241211 1500
0.10143399238586426 1500
0.10143399238586426 1500
0.10221290588378906 1500
0.10322785377502441 1500
0.10412383079528809 1500
0.10412383079528809 1500
0.10538697242736816 1500
0.10609698295593262 1500
0.10609698295593262 1500
0.10708093643188477 1500
0.10823678970336914 1500
0.10899591445922852 1500
0.10899591445922852 1500
0.11008381843566895 1500
0.11095881462097168 1500
0.11095881462097168 1500
0.1121518611907959 1500
0.11310386657714844 1500
0.11422991752624512 1500
0.11427187919616699 1500
0.11524081230163574 1500
0.11607098579406738 1500
0.11714696884155273 1500
0.11714696884155273 1500
0.11797690391540527 1500
0.1190178394317627 1500
0.1190178394317627 1500
0.12009692192077637 1500
0.12106180191040039 1500
0.12212991714477539 1500
0.12212991714477539 1500
0.12323284149169922 1500
0.12421488761901855 1500
0.12421488761901855 1500
0.12514185905456543 1500
0.12603282928466797 1500
0.12694883346557617 1500
0.12694883346557617 1500
0.12793493270874023 1500
0.1290428638458252 1500
0.130018949508667 1500
0.130018949508667 1500
0.1310877799987793 1500
0.13202977180480957 1500
0.13202977180480957 1500
0.13315391540527344 1500
0.1340808868408203 1500
0.13511300086975098 1500
0.13511300086975098 1500
0.13606977462768555 1500
0.1377718448638916 1500
0.1377718448638916 1500
0.13801884651184082 1500
0.14055395126342773 1500
0.14055395126342773 1500
0.14055395126342773 1500
0.14116191864013672 1500
0.14221978187561035 1500
0.14335894584655762 1500
0.14335894584655762 1500
0.1439218521118164 1500
0.14501380920410156 1500
0.14501380920410156 1500
0.14641094207763672 1500
0.14729595184326172 1500
0.14831900596618652 1500
0.14831900596618652 1500
0.14932799339294434 1500
0.15014386177062988 1500
0.15014386177062988 1500
0.15179085731506348 1500
0.15215778350830078 1500
0.15309977531433105 1500
0.15309977531433105 1500
0.15429997444152832 1500
0.15514588356018066 1500
0.15602684020996094 1500
0.15602684020996094 1500
0.15712499618530273 1500
0.15844082832336426 1500
0.15844082832336426 1500
0.1591789722442627 1500
0.160261869430542 1500
0.162855863571167 1500
0.162855863571167 1500
0.162855863571167 1500
0.16390395164489746 1500
0.16390395164489746 1500
0.1645979881286621 1500
0.1652538776397705 1500
0.16592979431152344 1500
0.16592979431152344 1500
0.16723299026489258 1500
0.1681668758392334 1500
0.1691579818725586 1500
0.1691579818725586 1500
0.17021894454956055 1500
0.17146086692810059 1500
0.17146086692810059 1500
0.1722719669342041 1500
0.17319178581237793 1500
0.1740889549255371 1500
0.1740889549255371 1500
0.17512893676757812 1500
0.17621183395385742 1500
0.17621183395385742 1500
0.1769728660583496 1500
0.17786097526550293 1500
0.1793348789215088 1500
0.1793348789215088 1500
0.18029093742370605 1500
0.18207693099975586 1500
0.18207693099975586 1500
0.18223881721496582 1500
0.18308186531066895 1500
0.18385791778564453 1500
0.18385791778564453 1500
0.18522191047668457 1500
0.18599486351013184 1500
0.1868898868560791 1500
0.1868898868560791 1500
0.18796992301940918 1500
0.18893694877624512 1500
0.18893694877624512 1500
0.18998384475708008 1500
0.1909167766571045 1500
0.19247984886169434 1500
0.19247984886169434 1500
0.19299888610839844 1500
0.19405198097229004 1500
0.19405198097229004 1500
0.19539499282836914 1500
0.19587993621826172 1500
0.19748997688293457 1500
0.19748997688293457 1500
0.1982259750366211 1500
0.19924092292785645 1500
0.200394868850708 1500
0.200394868850708 1500
0.20110177993774414 1500
0.20211482048034668 1500
0.20211482048034668 1500
0.20389890670776367 1500
0.20426082611083984 1500
0.2053689956665039 1500
0.2053689956665039 1500
0.20595884323120117 1500
0.20728278160095215 1500
0.20728278160095215 1500
0.20801687240600586 1500
0.2093338966369629 1500
0.20998191833496094 1500
0.20998191833496094 1500
0.21097278594970703 1500
0.21308588981628418 1500
0.21308588981628418 1500
0.21308588981628418 1500
0.21468877792358398 1500
0.21497488021850586 1500
0.21497488021850586 1500
0.21604299545288086 1500
0.21739578247070312 1500
0.2181568145751953 1500
0.2181568145751953 1500
0.21922993659973145 1500
0.220167875289917 1500
0.220167875289917 1500
0.2214498519897461 1500
0.22208189964294434 1500
0.22292184829711914 1500
0.22292184829711914 1500
0.22399282455444336 1500
0.2251749038696289 1500
0.22648191452026367 1500
0.22648191452026367 1500
0.2271738052368164 1500
0.2284259796142578 1500
0.2284259796142578 1500
0.22878694534301758 1500
0.2300407886505127 1500
0.23107695579528809 1500
0.23107695579528809 1500
0.23238587379455566 1500
0.2330470085144043 1500
0.2330470085144043 1500
0.23433184623718262 1500
0.23508787155151367 1500
0.23608899116516113 1500
0.23608899116516113 1500
0.2371058464050293 1500
0.23809194564819336 1500
0.23942780494689941 1500
0.23942780494689941 1500
0.24010086059570312 1500
0.24112987518310547 1500
0.24112987518310547 1500
0.24213790893554688 1500
0.2431349754333496 1500
0.2440328598022461 1500
0.2440328598022461 1500
0.24531292915344238 1500
0.24635791778564453 1500
0.24635791778564453 1500
0.247175931930542 1500
0.24816489219665527 1500
0.24944782257080078 1500
0.24944782257080078 1500
0.2501847743988037 1500
0.2511868476867676 1500
0.25229597091674805 1500
0.25229597091674805 1500
0.25313878059387207 1500
0.2542870044708252 1500
0.2542870044708252 1500
0.255281925201416 1500
0.2563199996948242 1500
0.25731778144836426 1500
0.25731778144836426 1500
0.2580409049987793 1500
0.25948286056518555 1500
0.25948286056518555 1500
0.2601468563079834 1500
0.26125478744506836 1500
0.26189684867858887 1500
0.26189684867858887 1500
0.2633218765258789 1500
0.2641868591308594 1500
0.2651097774505615 1500
0.2651097774505615 1500
0.26668787002563477 1500
0.26705384254455566 1500
0.26705384254455566 1500
0.26816296577453613 1500
0.2692098617553711 1500
0.2710747718811035 1500
0.2710747718811035 1500
0.2710747718811035 1500
0.2721529006958008 1500
0.2721529006958008 1500
0.2731618881225586 1500
0.2747378349304199 1500
0.2754077911376953 1500
0.2754077911376953 1500
0.27617597579956055 1500
0.2786688804626465 1500
0.2786688804626465 1500
0.2786688804626465 1500
0.2796509265899658 1500
0.28011298179626465 1500
0.28011298179626465 1500
0.28116393089294434 1500
0.2823059558868408 1500
0.2832629680633545 1500
0.2832629680633545 1500
0.2842228412628174 1500
0.2854008674621582 1500
0.2854008674621582 1500
0.2862548828125 1500
0.2873117923736572 1500
0.288287878036499 1500
0.288287878036499 1500
0.2891218662261963 1500
0.29053282737731934 1500
0.2913639545440674 1500
0.2913639545440674 1500
0.2922179698944092 1500
0.2931849956512451 1500
0.2931849956512451 1500
0.2943689823150635 1500
0.29531192779541016 1500
0.29636693000793457 1500
0.29636693000793457 1500
0.29755187034606934 1500
0.2982358932495117 1500
0.2982358932495117 1500
0.29923081398010254 1500
0.30020880699157715 1500
0.3014059066772461 1500
0.3014059066772461 1500
0.30196595191955566 1500
0.30301880836486816 1500
0.3040199279785156 1500
0.3040199279785156 1500
0.3054177761077881 1500
0.3061859607696533 1500
0.3061859607696533 1500
0.30696892738342285 1500
0.30814480781555176 1500
0.3092038631439209 1500
0.3092038631439209 1500
0.309816837310791 1500
0.3112609386444092 1500
0.3112609386444092 1500
0.3119168281555176 1500
0.31330299377441406 1500
0.31488585472106934 1500
0.31488585472106934 1500
0.3159189224243164 1500
0.3159189224243164 1500
0.31707096099853516 1500
0.31707096099853516 1500
0.3180539608001709 1500
0.31912779808044434 1500
0.31912779808044434 1500
0.3198988437652588 1500
0.32163095474243164 1500
0.3220407962799072 1500
0.3220407962799072 1500
0.32352280616760254 1500
0.3243708610534668 1500
0.3243708610534668 1500
0.32515978813171387 1500
0.3265359401702881 1500
0.3271048069000244 1500
0.3271048069000244 1500
0.32836484909057617 1500
0.3291440010070801 1500
0.3303709030151367 1500
0.3303709030151367 1500
0.3313608169555664 1500
0.33238697052001953 1500
0.33238697052001953 1500
0.3328738212585449 1500
0.3350088596343994 1500
0.3350088596343994 1500
0.3350088596343994 1500
0.33654284477233887 1500
0.3372049331665039 1500
0.3372049331665039 1500
0.33828282356262207 1500
0.33913278579711914 1500
0.3402378559112549 1500
0.3402378559112549 1500
0.34128785133361816 1500
0.34218287467956543 1500
0.34218287467956543 1500
0.3431088924407959 1500
0.3440737724304199 1500
0.34524989128112793 1500
0.34524989128112793 1500
0.34806394577026367 1500
0.34806394577026367 1500
0.34806394577026367 1500
0.34806394577026367 1500
0.34984898567199707 1500
0.3510599136352539 1500
0.3510599136352539 1500
0.3512909412384033 1500
0.3521897792816162 1500
0.3532218933105469 1500
0.3532218933105469 1500
0.35405898094177246 1500
0.3551468849182129 1500
0.3551468849182129 1500
0.35607481002807617 1500
0.35712289810180664 1500
0.3589339256286621 1500
0.3589339256286621 1500
0.3589339256286621 1500
0.360076904296875 1500
0.3611009120941162 1500
0.3611009120941162 1500
0.36208486557006836 1500
0.3630537986755371 1500
0.3630537986755371 1500
0.36398983001708984 1500
0.3655109405517578 1500
0.3660459518432617 1500
0.3660459518432617 1500
0.3669929504394531 1500
0.3691117763519287 1500
0.3691117763519287 1500
0.3691117763519287 1500
0.37027478218078613 1500
0.37111687660217285 1500
0.37111687660217285 1500
0.37389183044433594 1500
0.37389183044433594 1500
0.3741729259490967 1500
0.3741729259490967 1500
0.37542200088500977 1500
0.37725186347961426 1500
0.37725186347961426 1500
0.37725186347961426 1500
0.37914180755615234 1500
0.37914180755615234 1500
0.3793618679046631 1500
0.3804919719696045 1500
0.3809528350830078 1500
0.3809528350830078 1500
0.38234877586364746 1500
0.38304781913757324 1500
0.38413095474243164 1500
0.38413095474243164 1500
0.3851618766784668 1500
0.3865067958831787 1500
0.38716888427734375 1500
0.38716888427734375 1500
0.38945698738098145 1500
0.38945698738098145 1500
0.38945698738098145 1500
0.3904449939727783 1500
0.39130496978759766 1500
0.39215779304504395 1500
0.39215779304504395 1500
0.3933389186859131 1500
0.3943018913269043 1500
0.3943018913269043 1500
0.395129919052124 1500
0.396068811416626 1500
0.3971138000488281 1500
0.3971138000488281 1500
0.4002039432525635 1500
0.4002039432525635 1500
0.400270938873291 1500
0.400479793548584 1500
0.4012448787689209 1500
0.40213680267333984 1500
0.40213680267333984 1500
0.4033088684082031 1500
0.4044218063354492 1500
0.40543389320373535 1500
0.40543389320373535 1500
0.40643978118896484 1500
0.4071338176727295 1500
0.4071338176727295 1500
0.40819883346557617 1500
0.40938687324523926 1500
0.41007089614868164 1500
0.41007089614868164 1500
0.41136980056762695 1500
0.41230297088623047 1500
0.4132699966430664 1500
0.4132699966430664 1500
0.41426587104797363 1500
0.4150218963623047 1500
0.4150218963623047 1500
0.41614580154418945 1500
0.4172348976135254 1500
0.4181208610534668 1500
0.4181208610534668 1500
0.41907191276550293 1500
0.42035984992980957 1500
0.42035984992980957 1500
0.4213399887084961 1500
0.4224097728729248 1500
0.4233109951019287 1500
0.4233109951019287 1500
0.4242849349975586 1500
0.42557287216186523 1500
0.42595887184143066 1500
0.42595887184143066 1500
0.4268178939819336 1500
0.4283487796783447 1500
0.4283487796783447 1500
0.4295017719268799 1500
0.4299018383026123 1500
0.4311788082122803 1500
0.4311788082122803 1500
0.4326298236846924 1500
0.4335038661956787 1500
0.4335038661956787 1500
0.4343538284301758 1500
0.43514490127563477 1500
0.4363088607788086 1500
0.4363088607788086 1500
0.437053918838501 1500
0.43801188468933105 1500
0.4391789436340332 1500
0.4391789436340332 1500
0.4400358200073242 1500
0.4409518241882324 1500
0.4409518241882324 1500
0.442274808883667 1500
0.444354772567749 1500
0.44473791122436523 1500
0.44473791122436523 1500
0.4451429843902588 1500
0.44629693031311035 1500
0.44629693031311035 1500
0.44717884063720703 1500
0.44825077056884766 1500
0.44992494583129883 1500
0.44992494583129883 1500
0.44992494583129883 1500
0.4512629508972168 1500
0.45218896865844727 1500
0.45218896865844727 1500
0.4533519744873047 1500
0.4542968273162842 1500
0.4542968273162842 1500
0.4553039073944092 1500
0.45615386962890625 1500
0.457183837890625 1500
0.457183837890625 1500
0.45810699462890625 1500
0.45894479751586914 1500
0.45894479751586914 1500
0.46022677421569824 1500
0.46121883392333984 1500
0.462352991104126 1500
0.462352991104126 1500
0.4633908271789551 1500
0.4642210006713867 1500
0.46547889709472656 1500
0.46547889709472656 1500
0.4664127826690674 1500
0.46752381324768066 1500
0.46752381324768066 1500
0.468303918838501 1500
0.4694089889526367 1500
0.4703388214111328 1500
0.4703388214111328 1500
0.47159600257873535 1500
0.4719569683074951 1500
0.4719569683074951 1500
0.47368693351745605 1500
0.4747607707977295 1500
0.4752068519592285 1500
0.4752068519592285 1500
0.4764750003814697 1500
0.47753286361694336 1500
0.47846293449401855 1500
0.47846293449401855 1500
0.47916579246520996 1500
0.4801290035247803 1500
0.4801290035247803 1500
0.48105692863464355 1500
0.4820859432220459 1500
0.48333287239074707 1500
0.48333287239074707 1500
0.4842259883880615 1500
0.4851088523864746 1500
0.4851088523864746 1500
0.4859960079193115 1500
0.48703980445861816 1500
0.4880869388580322 1500
0.4880869388580322 1500
0.48909592628479004 1500
0.4902358055114746 1500
0.49149298667907715 1500
0.49149298667907715 1500
0.49180078506469727 1500
0.49314093589782715 1500
0.4940459728240967 1500
0.4940459728240967 1500
0.4950709342956543 1500
0.4958369731903076 1500
0.4958369731903076 1500
0.4969778060913086 1500
0.49808692932128906 1500
0.49808692932128906 1500
0.4992198944091797 1500
0.5003118515014648 1500
0.5012989044189453 1500
0.5012989044189453 1500
0.5020599365234375 1500
0.5030288696289062 1500
0.5039339065551758 1500
0.5039339065551758 1500
0.505314826965332 1500
