1048598
0.0 1460
0.0 1460
0.0 1460
0.0 1460
0.0 1460
0.0 1460
0.0 1460
0.0 1460
0.0014967918395996094 1460
0.0014967918395996094 1460
0.0014967918395996094 1460
0.0014967918395996094 1460
0.0019228458404541016 1460
0.0019228458404541016 1460
0.0019228458404541016 1460
0.0019228458404541016 1460
0.0019228458404541016 1460
0.0019228458404541016 1460
0.0019228458404541016 1460
0.0019228458404541016 1460
0.0019228458404541016 1460
0.003239870071411133 1460
0.003239870071411133 1460
0.003239870071411133 1460
0.003239870071411133 1460
0.003239870071411133 1460
0.003239870071411133 1460
0.0037169456481933594 1460
0.0037169456481933594 1460
0.0037169456481933594 1460
0.0037169456481933594 1460
0.0037169456481933594 1460
0.0037169456481933594 1460
0.0037169456481933594 1460
0.011263847351074219 1460
0.011263847351074219 1460
0.011263847351074219 1460
0.012780904769897461 1460
0.012780904769897461 1460
0.012780904769897461 1460
0.012780904769897461 1460
0.012780904769897461 1460
0.012780904769897461 1460
0.012780904769897461 1460
0.013136863708496094 1460
0.013136863708496094 1460
0.013136863708496094 1460
0.013136863708496094 1460
0.013136863708496094 1460
0.013136863708496094 1460
0.014577865600585938 1460
0.014577865600585938 1460
0.014577865600585938 1460
0.014577865600585938 1460
0.014577865600585938 1460
0.014577865600585938 1460
0.014577865600585938 1460
0.015057802200317383 1460
0.015057802200317383 1460
0.015057802200317383 1460
0.015057802200317383 1460
0.015057802200317383 1460
0.015057802200317383 1460
0.016871929168701172 1460
0.016871929168701172 1460
0.016871929168701172 1460
0.016871929168701172 1460
0.016871929168701172 1460
0.016871929168701172 1460
0.016871929168701172 1460
0.016871929168701172 1460
0.016871929168701172 1460
0.016871929168701172 1460
0.016871929168701172 1460
0.016871929168701172 1460
0.016871929168701172 1460
0.018178939819335938 1460
0.018178939819335938 1460
0.018178939819335938 1460
0.018178939819335938 1460
0.018178939819335938 1460
0.018178939819335938 1460
0.018568992614746094 1460
0.018568992614746094 1460
0.018568992614746094 1460
0.018568992614746094 1460
0.018568992614746094 1460
0.018568992614746094 1460
0.01984882354736328 1460
0.01984882354736328 1460
0.01984882354736328 1460
0.01984882354736328 1460
0.01984882354736328 1460
0.01984882354736328 1460
0.01984882354736328 1460
0.020218849182128906 1460
0.020218849182128906 1460
0.020218849182128906 1460
0.020218849182128906 1460
0.020218849182128906 1460
0.020218849182128906 1460
0.020218849182128906 1460
0.0217587947845459 1460
0.0217587947845459 1460
0.0217587947845459 1460
0.0217587947845459 1460
0.0217587947845459 1460
0.022179841995239258 1460
0.022179841995239258 1460
0.022179841995239258 1460
0.022179841995239258 1460
0.022179841995239258 1460
0.022179841995239258 1460
0.022179841995239258 1460
0.022179841995239258 1460
0.022179841995239258 1460
0.02355194091796875 1460
0.02355194091796875 1372
0.0240478515625 1460
0.0240478515625 1460
0.0240478515625 1460
0.0240478515625 1460
0.025290966033935547 1460
0.025290966033935547 1460
0.025290966033935547 1460
0.025290966033935547 1460
0.025290966033935547 1460
0.025290966033935547 1460
0.025290966033935547 1460
0.025688886642456055 826
0.025688886642456055 1460
0.025688886642456055 1460
0.025688886642456055 1460
0.025688886642456055 1460
0.025688886642456055 1460
0.026875972747802734 1460
0.026875972747802734 1460
0.026875972747802734 1460
0.026875972747802734 1460
0.027297019958496094 1460
0.027297019958496094 1460
0.027297019958496094 1460
0.027297019958496094 1460
0.027297019958496094 1460
0.028770923614501953 1460
0.028770923614501953 1460
0.030363798141479492 1460
0.030363798141479492 1460
0.030363798141479492 1460
0.030363798141479492 1460
0.031909942626953125 1460
0.031909942626953125 1460
0.031909942626953125 1460
0.03313398361206055 1460
0.03313398361206055 1460
0.03313398361206055 1460
0.03454780578613281 1460
0.03454780578613281 1460
0.03454780578613281 1460
0.03500485420227051 1460
0.03500485420227051 1460
0.03500485420227051 1460
0.03500485420227051 1460
0.03639698028564453 1460
0.03639698028564453 1460
0.03639698028564453 1460
0.03639698028564453 1460
0.03685498237609863 1460
0.03685498237609863 1460
0.03685498237609863 1460
0.03685498237609863 1460
0.03685498237609863 1460
0.03685498237609863 1460
0.03863096237182617 1460
0.03863096237182617 1460
0.03863096237182617 1460
0.03863096237182617 1460
0.03863096237182617 1460
0.04070591926574707 1460
0.04070591926574707 1460
0.04070591926574707 1460
0.04070591926574707 1460
0.04070591926574707 1460
0.04070591926574707 1460
0.04198288917541504 1460
0.04198288917541504 1460
0.04198288917541504 1460
0.04198288917541504 1460
0.04198288917541504 1460
0.04198288917541504 1460
0.04198288917541504 1460
0.04246187210083008 1460
0.04246187210083008 1460
0.04246187210083008 1460
0.056387901306152344 1460
0.056387901306152344 1460
0.056387901306152344 1460
0.056387901306152344 1460
0.056387901306152344 1460
0.056387901306152344 1460
0.056387901306152344 1460
0.056387901306152344 1460
0.05779695510864258 1460
0.05779695510864258 1460
0.05779695510864258 1460
0.05779695510864258 1460
0.06624698638916016 292
0.06624698638916016 1460
0.06624698638916016 1460
0.06624698638916016 1460
0.06624698638916016 1460
0.06624698638916016 1460
0.06624698638916016 1460
0.06624698638916016 1460
0.06624698638916016 1460
0.06624698638916016 1460
0.06750702857971191 1460
0.06750702857971191 1460
0.06750702857971191 1460
0.06750702857971191 1460
0.06750702857971191 1460
0.0679788589477539 1460
0.0679788589477539 1460
0.0679788589477539 1460
0.0679788589477539 1460
0.0679788589477539 1460
0.0679788589477539 1460
0.0679788589477539 1460
0.0679788589477539 1460
0.06940484046936035 1460
0.06940484046936035 1460
0.06940484046936035 1460
0.06940484046936035 1460
0.06940484046936035 1460
0.06982898712158203 1460
0.06982898712158203 1460
0.06982898712158203 1460
0.06982898712158203 1460
0.06982898712158203 1460
0.06982898712158203 1460
0.06982898712158203 1460
0.06982898712158203 1460
0.06982898712158203 1460
0.07135295867919922 1460
0.07135295867919922 1460
0.07135295867919922 1460
0.07135295867919922 1460
0.07135295867919922 1460
0.07175493240356445 1460
0.07175493240356445 1460
0.07175493240356445 1460
0.07175493240356445 1460
0.07175493240356445 1460
0.07175493240356445 1460
0.07175493240356445 1460
0.07175493240356445 1460
0.0734398365020752 1460
0.0734398365020752 1460
0.0734398365020752 1460
0.0734398365020752 1460
0.0734398365020752 1460
0.07429981231689453 1460
0.07429981231689453 1460
0.07429981231689453 1460
0.07429981231689453 1460
0.07429981231689453 1460
0.07429981231689453 1460
0.07429981231689453 1460
0.07429981231689453 1460
0.07543492317199707 1460
0.07543492317199707 1460
0.07543492317199707 1460
0.07543492317199707 1460
0.07543492317199707 1460
0.07587194442749023 1460
0.07587194442749023 1460
0.07587194442749023 1460
0.07587194442749023 1460
0.07587194442749023 1460
0.07587194442749023 1460
0.07587194442749023 1460
0.07587194442749023 1460
0.07716679573059082 1460
0.07716679573059082 1460
0.07716679573059082 1460
0.07716679573059082 1460
0.07761788368225098 1460
0.07761788368225098 1460
0.07761788368225098 1460
0.07761788368225098 1460
0.07761788368225098 1460
0.07761788368225098 1460
0.07761788368225098 1460
0.07761788368225098 1460
0.07761788368225098 1460
0.07895779609680176 1460
0.07895779609680176 1460
0.07895779609680176 1460
0.07895779609680176 1460
0.07895779609680176 1460
0.07895779609680176 1460
0.07933592796325684 1460
0.07933592796325684 1460
0.07933592796325684 1460
0.07933592796325684 1460
0.07933592796325684 1460
0.07933592796325684 1460
0.07933592796325684 1460
0.07933592796325684 1460
0.07933592796325684 1460
0.08079099655151367 1460
0.08079099655151367 1460
0.08079099655151367 1460
0.08079099655151367 1460
0.08122992515563965 1460
0.08122992515563965 1460
0.08122992515563965 1460
0.08122992515563965 1460
0.08122992515563965 1460
0.08122992515563965 1460
0.08122992515563965 1460
0.08122992515563965 1460
0.08274292945861816 1460
0.08274292945861816 1460
0.08274292945861816 1460
0.08274292945861816 1460
0.08274292945861816 1460
0.0831749439239502 1460
0.0831749439239502 1460
0.0831749439239502 1460
0.0831749439239502 1460
0.0831749439239502 1460
0.0831749439239502 1460
0.0831749439239502 1460
0.0831749439239502 1460
0.08465695381164551 1460
0.08465695381164551 1460
0.08465695381164551 1460
0.08465695381164551 1460
0.08465695381164551 1460
0.08465695381164551 1460
0.0850679874420166 1460
0.0850679874420166 1460
0.0850679874420166 1460
0.0850679874420166 1460
0.0850679874420166 1460
0.0850679874420166 1460
0.0850679874420166 1460
0.0865788459777832 1460
0.0865788459777832 1460
0.0865788459777832 1460
0.0865788459777832 1460
0.0865788459777832 1460
0.0865788459777832 1460
0.0865788459777832 1460
0.08699679374694824 1460
0.08699679374694824 1460
0.08699679374694824 1460
0.08699679374694824 1460
0.08871102333068848 1460
0.08871102333068848 1460
0.08871102333068848 1460
0.08871102333068848 1460
0.08871102333068848 1460
0.08871102333068848 1460
0.08871102333068848 1460
0.08929991722106934 1460
0.08929991722106934 1460
0.08929991722106934 1460
0.0903940200805664 1460
0.0903940200805664 1460
0.0903940200805664 1460
0.09115195274353027 1460
0.09115195274353027 1460
0.09115195274353027 1460
0.09115195274353027 1460
0.09115195274353027 1460
0.09115195274353027 1460
0.09115195274353027 1460
0.09115195274353027 1460
0.09115195274353027 1460
0.09252691268920898 1460
0.09252691268920898 1460
0.09252691268920898 1460
0.09252691268920898 1460
0.09252691268920898 1460
0.09252691268920898 1460
0.09252691268920898 1460
0.09252691268920898 1460
0.09252691268920898 1460
0.09252691268920898 1460
0.09252691268920898 1460
0.09252691268920898 1460
0.09252691268920898 1460
0.09252691268920898 1460
0.09252691268920898 1460
0.09277582168579102 1460
0.09399294853210449 1460
0.09399294853210449 1460
0.09399294853210449 1460
0.09399294853210449 1460
0.09399294853210449 1460
0.09399294853210449 1460
0.09399294853210449 1460
0.09444284439086914 1460
0.09444284439086914 1460
0.09565901756286621 1460
0.09565901756286621 1460
0.09565901756286621 1460
0.09565901756286621 1460
0.09565901756286621 1460
0.09565901756286621 1460
0.0960378646850586 1460
0.0960378646850586 1460
0.0960378646850586 1460
0.0960378646850586 1460
0.0960378646850586 1460
0.09791898727416992 1460
0.09791898727416992 1460
0.09791898727416992 1460
0.09791898727416992 1460
0.09791898727416992 1460
0.09791898727416992 1460
0.09791898727416992 1460
0.09791898727416992 1460
0.09791898727416992 1460
0.09791898727416992 1460
0.09791898727416992 1460
0.09943294525146484 1460
0.09943294525146484 1460
0.09943294525146484 1460
0.09943294525146484 1460
0.09943294525146484 1460
0.09943294525146484 1460
0.0998079776763916 1460
0.0998079776763916 1460
0.10086488723754883 1460
0.10234284400939941 1460
0.10234284400939941 1460
0.10234284400939941 1460
0.10234284400939941 1460
0.10276293754577637 1460
0.10276293754577637 1460
0.10276293754577637 1460
0.10276293754577637 1460
0.10276293754577637 1460
0.10276293754577637 1460
0.10276293754577637 1460
0.10276293754577637 1460
0.1094808578491211 1460
0.1094808578491211 1460
0.1094808578491211 1460
0.1094808578491211 1460
0.1094808578491211 1460
0.1094808578491211 1460
0.1094808578491211 1460
0.1094808578491211 1460
0.1094808578491211 1460
0.1094808578491211 1460
0.1094808578491211 1460
0.1094808578491211 1460
0.1094808578491211 1460
0.1094808578491211 1460
0.1094808578491211 1460
0.1094808578491211 1460
0.1094808578491211 1460
0.1094808578491211 1460
0.1094808578491211 1460
0.1094808578491211 1460
0.1094808578491211 1460
0.1094808578491211 1460
0.1094808578491211 1460
0.1094808578491211 1460
0.1094808578491211 1460
0.1094808578491211 1460
0.11004281044006348 1460
0.11004281044006348 1460
0.11004281044006348 1460
0.11004281044006348 1460
0.11004281044006348 1460
0.11177587509155273 1460
0.11177587509155273 1460
0.11177587509155273 1460
0.11177587509155273 1460
0.11177587509155273 1460
0.11177587509155273 1460
0.11177587509155273 1460
0.11177587509155273 1460
0.11177587509155273 1460
0.11177587509155273 1460
0.11177587509155273 1460
0.11177587509155273 1460
0.11177587509155273 1460
0.11177587509155273 1460
0.1133418083190918 1460
0.1133418083190918 1460
0.1133418083190918 1460
0.1133418083190918 1460
0.1133418083190918 1460
0.1138010025024414 1460
0.1138010025024414 1460
0.1138010025024414 1460
0.1138010025024414 1460
0.1138010025024414 1460
0.1138010025024414 1460
0.1138010025024414 1460
0.1138010025024414 1460
0.11558198928833008 1460
0.11558198928833008 1460
0.11558198928833008 1460
0.11558198928833008 1460
0.11558198928833008 1460
0.11558198928833008 1460
0.11558198928833008 1460
0.11558198928833008 1460
0.117095947265625 1460
0.117095947265625 1460
0.117095947265625 1460
0.117095947265625 1460
0.117095947265625 1460
0.1175529956817627 1460
0.1175529956817627 1460
0.1175529956817627 1460
0.1175529956817627 1460
0.1175529956817627 1460
0.1175529956817627 1460
0.1175529956817627 1460
0.1175529956817627 1460
0.1195228099822998 1460
0.1195228099822998 1460
0.12841081619262695 748
0.12876081466674805 1460
0.12876081466674805 1460
0.1305539608001709 1460
0.1305539608001709 1460
0.1305539608001709 1460
0.1305539608001709 1460
0.1305539608001709 1460
0.1305539608001709 1460
0.1305539608001709 1460
0.1305539608001709 1460
0.1305539608001709 1460
0.1305539608001709 1460
0.1305539608001709 1460
0.1305539608001709 1460
0.1305539608001709 1460
0.1318819522857666 1460
0.1318819522857666 1460
0.1318819522857666 1460
0.1318819522857666 1460
0.1318819522857666 1460
0.1318819522857666 1460
0.1318819522857666 1460
0.1323540210723877 1460
0.1323540210723877 1460
0.1323540210723877 1460
0.1323540210723877 1460
0.1323540210723877 1460
0.1323540210723877 1460
0.1323540210723877 1460
0.1323540210723877 1460
0.1323540210723877 1460
0.24953699111938477 1460
0.24953699111938477 1460
0.24953699111938477 1460
0.24953699111938477 1460
0.24953699111938477 1460
0.24953699111938477 1460
0.24953699111938477 1460
0.24953699111938477 1460
0.24953699111938477 1460
0.24953699111938477 1460
0.24953699111938477 1460
0.24953699111938477 1460
0.2506678104400635 1460
0.2506678104400635 1460
0.2506678104400635 1460
0.2506678104400635 1460
0.2506678104400635 1460
0.2506678104400635 1460
0.2506678104400635 1460
0.2506678104400635 1460
0.2506678104400635 1460
0.2506678104400635 1460
0.2506678104400635 1460
0.2506678104400635 1460
0.2506678104400635 1460
0.2506678104400635 1460
0.25176000595092773 1460
0.25176000595092773 1460
0.25176000595092773 1460
0.25176000595092773 1460
0.25176000595092773 1460
0.25176000595092773 1460
0.25176000595092773 1460
0.25176000595092773 1460
0.25176000595092773 1460
0.25176000595092773 1460
0.25176000595092773 1460
0.25176000595092773 1460
0.25176000595092773 1460
0.25176000595092773 1460
0.25176000595092773 1460
0.25176000595092773 1460
0.25176000595092773 1460
0.25176000595092773 1460
0.25176000595092773 1460
0.2744929790496826 1460
0.2744929790496826 1460
0.2744929790496826 1460
0.2744929790496826 1460
0.2749319076538086 1460
0.2749319076538086 1460
0.2749319076538086 1460
0.2749319076538086 1460
0.2749319076538086 1460
0.2749319076538086 1460
0.2749319076538086 1460
0.2749319076538086 1460
0.2749319076538086 1460
0.27638888359069824 1460
0.27638888359069824 1460
0.27638888359069824 1460
0.27638888359069824 1460
0.27638888359069824 1460
0.27638888359069824 1460
0.27638888359069824 1460
0.2768068313598633 1460
0.2768068313598633 1460
0.2768068313598633 1460
0.2768068313598633 1460
0.2768068313598633 1460
0.2768068313598633 1460
0.2768068313598633 1460
0.2768068313598633 1460
0.2783210277557373 1460
0.2783210277557373 1460
0.2783210277557373 1460
0.2783210277557373 1460
0.2783210277557373 1460
0.2783210277557373 1460
0.2783210277557373 1460
0.2787628173828125 1460
0.2787628173828125 1460
0.2787628173828125 1460
0.2787628173828125 1460
0.2787628173828125 1460
0.2787628173828125 1460
0.2787628173828125 1460
0.2787628173828125 1460
0.2787628173828125 1460
0.281080961227417 1460
0.281080961227417 1460
0.29752397537231445 1460
0.29752397537231445 1460
0.29955196380615234 1460
0.29955196380615234 1460
0.29955196380615234 1460
0.29955196380615234 1460
0.29955196380615234 1460
0.29955196380615234 1460
0.29955196380615234 1460
0.29955196380615234 1460
0.29955196380615234 1460
0.29955196380615234 1460
0.29955196380615234 1460
0.30199480056762695 1460
0.30199480056762695 1460
0.30199480056762695 1460
0.3033788204193115 1460
0.3033788204193115 1460
0.3033788204193115 1460
0.3033788204193115 1460
0.3041858673095703 1460
0.3041858673095703 1460
0.304351806640625 1460
0.3058450222015381 1460
0.3058450222015381 1460
0.3058450222015381 1460
0.3058450222015381 1460
0.3058450222015381 1460
0.30644989013671875 1460
0.30644989013671875 1460
0.30644989013671875 1460
0.30644989013671875 1460
0.30644989013671875 1460
0.30644989013671875 1460
0.30644989013671875 1460
0.30644989013671875 1460
0.30644989013671875 1460
0.30644989013671875 1460
0.30644989013671875 1460
0.30675601959228516 1460
0.30675601959228516 1460
0.30675601959228516 1460
0.30675601959228516 1460
0.30798888206481934 1460
0.30798888206481934 1460
0.30798888206481934 1460
0.32094287872314453 1460
0.32094287872314453 1460
0.32094287872314453 1460
0.32094287872314453 1460
0.321713924407959 1460
0.321713924407959 1460
0.321713924407959 1460
0.321713924407959 1460
0.321713924407959 1460
0.321713924407959 1460
0.32257986068725586 1460
0.32257986068725586 1460
0.32257986068725586 1460
0.32257986068725586 1460
0.32257986068725586 1460
0.32257986068725586 1460
0.32396697998046875 1460
0.32396697998046875 1460
0.32396697998046875 1460
0.32396697998046875 1460
0.32396697998046875 1460
