1050000
0.0 1500
0.0 1500
0.0 1500
0.0012600421905517578 1500
0.0022430419921875 1500
0.0022430419921875 1500
0.003509044647216797 1500
0.004556894302368164 1500
0.0052490234375 1500
0.0052490234375 1500
0.006065845489501953 1500
0.007292032241821289 1500
0.008265972137451172 1500
0.008265972137451172 1500
0.010686874389648438 1500
0.010686874389648438 1500
0.010686874389648438 1500
0.01131892204284668 1500
0.012491941452026367 1500
0.013387918472290039 1500
0.013387918472290039 1500
0.014541864395141602 1500
0.015420913696289062 1500
0.015420913696289062 1500
0.016516923904418945 1500
0.01711893081665039 1500
0.0181429386138916 1500
0.0181429386138916 1500
0.019866943359375 1500
0.02003192901611328 1500
0.021615982055664062 1500
0.021615982055664062 1500
0.02263784408569336 1500
0.02308797836303711 1500
0.02308797836303711 1500
0.024721860885620117 1500
0.02534794807434082 1500
0.026118993759155273 1500
0.026118993759155273 1500
0.027200937271118164 1500
0.028033018112182617 1500
0.028033018112182617 1500
0.029439926147460938 1500
0.030151844024658203 1500
0.031427860260009766 1500
0.031427860260009766 1500
0.03214383125305176 1500
0.033258914947509766 1500
0.034459829330444336 1500
0.034459829330444336 1500
0.0351409912109375 1500
0.0363619327545166 1500
0.0363619327545166 1500
0.037367820739746094 1500
0.03812289237976074 1500
0.039357900619506836 1500
0.039357900619506836 1500
0.040094852447509766 1500
0.04164695739746094 1500
0.04164695739746094 1500
0.04349398612976074 1500
0.04349398612976074 1500
0.044137001037597656 1500
0.044137001037597656 1500
0.04536795616149902 1500
0.046321868896484375 1500
0.04735684394836426 1500
0.04735684394836426 1500
0.048158884048461914 1500
0.04914402961730957 1500
0.04914402961730957 1500
0.05059385299682617 1500
0.05141401290893555 1500
0.05240893363952637 1500
0.05240893363952637 1500
0.054620981216430664 1500
0.054620981216430664 1500
0.054620981216430664 1500
0.055062055587768555 1500
0.0565028190612793 1500
0.057382822036743164 1500
0.057382822036743164 1500
0.05842185020446777 1500
0.05913090705871582 1500
0.06015491485595703 1500
0.06015491485595703 1500
0.061949968338012695 1500
0.06203198432922363 1500
0.06203198432922363 1500
0.06310892105102539 1500
0.06445789337158203 1500
0.06612586975097656 1500
0.06612586975097656 1500
0.06612586975097656 1500
0.06757283210754395 1500
0.06757283210754395 1500
0.06813597679138184 1500
0.0693359375 1500
0.07041382789611816 1500
0.07041382789611816 1500
0.07120895385742188 1500
0.0722818374633789 1500
0.07315897941589355 1500
0.07315897941589355 1500
0.07445693016052246 1500
0.07516002655029297 1500
0.07516002655029297 1500
0.07663393020629883 1500
0.07757687568664551 1500
0.07870101928710938 1500
0.07870101928710938 1500
0.07926392555236816 1500
0.08028101921081543 1500
0.08028101921081543 1500
0.08104801177978516 1500
0.08213400840759277 1500
0.08311700820922852 1500
0.08311700820922852 1500
0.08454585075378418 1500
0.0856468677520752 1500
0.08617997169494629 1500
0.08617997169494629 1500
0.0872809886932373 1500
0.08844685554504395 1500
0.08844685554504395 1500
0.08932995796203613 1500
0.09015703201293945 1500
0.09148597717285156 1500
0.09148597717285156 1500
0.09246587753295898 1500
0.0933690071105957 1500
0.0933690071105957 1500
0.09415388107299805 1500
0.09538984298706055 1500
0.09628486633300781 1500
0.09628486633300781 1500
0.09728503227233887 1500
0.09813690185546875 1500
0.09912300109863281 1500
0.09912300109863281 1500
0.10037398338317871 1500
0.1013479232788086 1500
0.1013479232788086 1500
0.10223984718322754 1500
0.10349488258361816 1500
0.10415196418762207 1500
0.10415196418762207 1500
0.10541582107543945 1500
0.10635495185852051 1500
0.10635495185852051 1500
0.10739803314208984 1500
0.1082308292388916 1500
0.10958600044250488 1500
0.10958600044250488 1500
0.11042189598083496 1500
0.11147785186767578 1500
0.11212301254272461 1500
0.11212301254272461 1500
0.11474204063415527 1500
0.11474204063415527 1500
0.11474204063415527 1500
0.11500096321105957 1500
0.1176300048828125 1500
0.1176300048828125 1500
0.1176300048828125 1500
0.11829185485839844 1500
0.11936593055725098 1500
0.11936593055725098 1500
0.12027692794799805 1500
0.12140989303588867 1500
0.1221308708190918 1500
0.1221308708190918 1500
0.12353801727294922 1500
0.1240549087524414 1500
0.12514400482177734 1500
0.12514400482177734 1500
0.12614703178405762 1500
0.1272749900817871 1500
0.1272749900817871 1500
0.1282038688659668 1500
0.12936997413635254 1500
0.13029789924621582 1500
0.13029789924621582 1500
0.13121700286865234 1500
0.13232684135437012 1500
0.13232684135437012 1500
0.1334998607635498 1500
0.1343519687652588 1500
0.1354539394378662 1500
0.1354539394378662 1500
0.1363060474395752 1500
0.13733887672424316 1500
0.1382908821105957 1500
0.1382908821105957 1500
0.1391139030456543 1500
0.14051604270935059 1500
0.14051604270935059 1500
0.14142084121704102 1500
0.14256000518798828 1500
0.14319396018981934 1500
0.14319396018981934 1500
0.1443789005279541 1500
0.1451280117034912 1500
0.1451280117034912 1500
0.14636898040771484 1500
0.14713287353515625 1500
0.14921998977661133 1500
0.14921998977661133 1500
0.14921998977661133 1500
0.1503920555114746 1500
0.15112090110778809 1500
0.15112090110778809 1500
0.15237903594970703 1500
0.1531219482421875 1500
0.1531219482421875 1500
0.15456795692443848 1500
0.1553809642791748 1500
0.1563429832458496 1500
0.1563429832458496 1500
0.1574089527130127 1500
0.15817594528198242 1500
0.15817594528198242 1500
0.15912294387817383 1500
0.16020989418029785 1500
0.16103482246398926 1500
0.16103482246398926 1500
0.16212892532348633 1500
0.1631009578704834 1500
0.1631009578704834 1500
0.16430091857910156 1500
0.16516399383544922 1500
0.16652584075927734 1500
0.16652584075927734 1500
0.16715598106384277 1500
0.16839599609375 1500
0.16938185691833496 1500
0.16938185691833496 1500
0.17015385627746582 1500
0.1711578369140625 1500
0.1711578369140625 1500
0.1721808910369873 1500
0.17341899871826172 1500
0.1743459701538086 1500
0.1743459701538086 1500
0.17516589164733887 1500
0.17629098892211914 1500
0.17629098892211914 1500
0.1773378849029541 1500
0.17863798141479492 1500
0.17935395240783691 1500
0.17935395240783691 1500
0.180344820022583 1500
0.1814899444580078 1500
0.18221497535705566 1500
0.18221497535705566 1500
0.18350887298583984 1500
0.18425488471984863 1500
0.18425488471984863 1500
0.18579483032226562 1500
0.18657684326171875 1500
0.18750691413879395 1500
0.18750691413879395 1500
0.18828201293945312 1500
0.18938183784484863 1500
0.18938183784484863 1500
0.1902468204498291 1500
0.19115304946899414 1500
0.1925058364868164 1500
0.1925058364868164 1500
0.19339489936828613 1500
0.1941988468170166 1500
0.19527602195739746 1500
0.19527602195739746 1500
0.1960909366607666 1500
0.1974039077758789 1500
0.1974039077758789 1500
0.19830894470214844 1500
0.19951987266540527 1500
0.20029902458190918 1500
0.20029902458190918 1500
0.2013249397277832 1500
0.20216083526611328 1500
0.20216083526611328 1500
0.20316791534423828 1500
0.20418405532836914 1500
0.20546984672546387 1500
0.20546984672546387 1500
0.20624589920043945 1500
0.20843005180358887 1500
0.20843005180358887 1500
0.20843005180358887 1500
0.2093958854675293 1500
0.2102658748626709 1500
0.2102658748626709 1500
0.21163201332092285 1500
0.21255993843078613 1500
0.21454882621765137 1500
0.21454882621765137 1500
0.21454882621765137 1500
0.21574687957763672 1500
0.21574687957763672 1500
0.2159130573272705 1500
0.21765398979187012 1500
0.2187490463256836 1500
0.2187490463256836 1500
0.2212069034576416 1500
0.2212069034576416 1500
0.2212069034576416 1500
0.2212069034576416 1500
0.2227308750152588 1500
0.22376799583435059 1500
0.22376799583435059 1500
0.22450804710388184 1500
0.22510886192321777 1500
0.2264108657836914 1500
0.2264108657836914 1500
0.22736597061157227 1500
0.22800302505493164 1500
0.22800302505493164 1500
0.2299048900604248 1500
0.22992682456970215 1500
0.23160099983215332 1500
0.23160099983215332 1500
0.23215484619140625 1500
0.2332439422607422 1500
0.23505282402038574 1500
0.23505282402038574 1500
0.23505282402038574 1500
0.23642992973327637 1500
0.23642992973327637 1500
0.23726201057434082 1500
0.2385120391845703 1500
0.23926186561584473 1500
0.23926186561584473 1500
0.2400369644165039 1500
0.2411198616027832 1500
0.2411198616027832 1500
0.24366283416748047 1500
0.24366283416748047 1500
0.24443793296813965 1500
0.24443793296813965 1500
0.2453310489654541 1500
0.24651503562927246 1500
0.24733304977416992 1500
0.24733304977416992 1500
0.24831295013427734 1500
0.24921298027038574 1500
0.24921298027038574 1500
0.2505068778991699 1500
0.2513408660888672 1500
0.2521839141845703 1500
0.2521839141845703 1500
0.25322890281677246 1500
0.25460100173950195 1500
0.25460100173950195 1500
0.25531983375549316 1500
0.25629186630249023 1500
0.25713396072387695 1500
0.25713396072387695 1500
0.25894999504089355 1500
0.25925183296203613 1500
0.2604799270629883 1500
0.2604799270629883 1500
0.2613518238067627 1500
0.26267004013061523 1500
0.26267004013061523 1500
0.2633249759674072 1500
0.2642819881439209 1500
0.2656519412994385 1500
0.2656519412994385 1500
0.26631593704223633 1500
0.2672560214996338 1500
0.2672560214996338 1500
0.26830196380615234 1500
0.26917004585266113 1500
0.2705190181732178 1500
0.2705190181732178 1500
0.27152395248413086 1500
0.27211689949035645 1500
0.2734818458557129 1500
0.2734818458557129 1500
0.2744870185852051 1500
0.27712202072143555 1500
0.27712202072143555 1500
0.27712202072143555 1500
0.277209997177124 1500
0.27846598625183105 1500
0.27846598625183105 1500
0.2791578769683838 1500
0.28026485443115234 1500
0.28026485443115234 1500
0.2810678482055664 1500
0.283552885055542 1500
0.283552885055542 1500
0.283552885055542 1500
0.28485703468322754 1500
0.28491997718811035 1500
0.28736400604248047 1500
0.28736400604248047 1500
0.28736400604248047 1500
0.2885768413543701 1500
0.2885768413543701 1500
0.289309024810791 1500
0.29026103019714355 1500
0.2915370464324951 1500
0.2915370464324951 1500
0.2922680377960205 1500
0.29328489303588867 1500
0.29328489303588867 1500
0.29413890838623047 1500
0.295529842376709 1500
0.2961258888244629 1500
0.2961258888244629 1500
0.29717302322387695 1500
0.2984929084777832 1500
0.299130916595459 1500
0.299130916595459 1500
0.30028796195983887 1500
0.30123400688171387 1500
0.30123400688171387 1500
0.30261802673339844 1500
0.303447961807251 1500
0.30419492721557617 1500
0.30419492721557617 1500
0.30547189712524414 1500
0.30639195442199707 1500
0.30639195442199707 1500
0.30721092224121094 1500
0.308398962020874 1500
0.3091318607330322 1500
0.3091318607330322 1500
0.31195688247680664 1500
0.31195688247680664 1500
0.3129549026489258 1500
0.3129549026489258 1500
0.313215970993042 1500
0.314410924911499 1500
0.314410924911499 1500
0.3151359558105469 1500
0.3164069652557373 1500
0.3172729015350342 1500
0.3172729015350342 1500
0.3187110424041748 1500
0.3202178478240967 1500
0.3202178478240967 1500
0.32028698921203613 1500
0.32136988639831543 1500
0.3234858512878418 1500
0.3234858512878418 1500
0.3234858512878418 1500
0.3244340419769287 1500
0.3244340419769287 1500
0.32513904571533203 1500
0.32697391510009766 1500
0.32709288597106934 1500
0.3272700309753418 1500
0.32861995697021484 1500
0.32927703857421875 1500
0.33031797409057617 1500
0.33031797409057617 1500
0.33141303062438965 1500
0.3325798511505127 1500
0.3325798511505127 1500
0.33474183082580566 1500
0.33474183082580566 1500
0.3354928493499756 1500
0.3354928493499756 1500
0.33627891540527344 1500
0.33705782890319824 1500
0.33705782890319824 1500
0.338176965713501 1500
0.33934903144836426 1500
0.3401370048522949 1500
0.3401370048522949 1500
0.3410060405731201 1500
0.3420689105987549 1500
0.34328699111938477 1500
0.34328699111938477 1500
0.34619998931884766 1500
0.34619998931884766 1500
0.34619998931884766 1500
0.34619998931884766 1500
0.34727001190185547 1500
0.34827303886413574 1500
0.34827303886413574 1500
0.3490269184112549 1500
0.3503448963165283 1500
0.3503448963165283 1500
0.3512699604034424 1500
0.3524439334869385 1500
0.3535749912261963 1500
0.3535749912261963 1500
0.35439491271972656 1500
0.35672903060913086 1500
0.35672903060913086 1500
0.35672903060913086 1500
0.3575270175933838 1500
0.35848093032836914 1500
0.35848093032836914 1500
0.3594949245452881 1500
0.3604769706726074 1500
0.36123204231262207 1500
0.36123204231262207 1500
0.36217784881591797 1500
0.36324095726013184 1500
0.36324095726013184 1500
0.36438584327697754 1500
0.3651390075683594 1500
0.3662879467010498 1500
0.3662879467010498 1500
0.36823081970214844 1500
0.36823081970214844 1500
0.3700439929962158 1500
0.3700439929962158 1500
0.37011098861694336 1500
0.3719358444213867 1500
0.3719358444213867 1500
0.372316837310791 1500
0.37339091300964355 1500
0.374039888381958 1500
0.374039888381958 1500
0.3751678466796875 1500
0.3764369487762451 1500
0.3764369487762451 1500
0.3781139850616455 1500
0.3781139850616455 1500
0.3792428970336914 1500
0.3792428970336914 1500
0.38037896156311035 1500
0.38141798973083496 1500
0.382127046585083 1500
0.382127046585083 1500
0.38401103019714355 1500
0.38401103019714355 1500
0.38401103019714355 1500
0.38571786880493164 1500
0.38695502281188965 1500
0.3873178958892822 1500
0.3873178958892822 1500
0.38817691802978516 1500
0.3892199993133545 1500
0.3892199993133545 1500
0.39016294479370117 1500
0.3930330276489258 1500
0.3930330276489258 1500
0.3930330276489258 1500
0.3933289051055908 1500
0.39421701431274414 1500
0.39542102813720703 1500
0.39542102813720703 1500
0.39655089378356934 1500
0.3972740173339844 1500
0.3972740173339844 1500
0.39798593521118164 1500
0.3994178771972656 1500
0.40064287185668945 1500
0.40064287185668945 1500
0.40148091316223145 1500
0.40215086936950684 1500
0.40215086936950684 1500
0.4043140411376953 1500
0.4043140411376953 1500
0.40596890449523926 1500
0.40596890449523926 1500
0.4062318801879883 1500
0.40745997428894043 1500
0.4082298278808594 1500
0.4082298278808594 1500
0.4092118740081787 1500
0.41034984588623047 1500
0.41034984588623047 1500
0.411236047744751 1500
0.41231393814086914 1500
0.41341400146484375 1500
0.41341400146484375 1500
0.41442298889160156 1500
0.41545605659484863 1500
0.41545605659484863 1500
0.4162118434906006 1500
0.4174690246582031 1500
0.41817402839660645 1500
0.41817402839660645 1500
0.4194509983062744 1500
0.4202859401702881 1500
0.4211118221282959 1500
0.4211118221282959 1500
0.422454833984375 1500
0.42322492599487305 1500
0.42322492599487305 1500
0.4243438243865967 1500
0.4252619743347168 1500
0.42649102210998535 1500
0.4265599250793457 1500
0.42708802223205566 1500
0.42864990234375 1500
0.42864990234375 1500
0.42917394638061523 1500
0.43014097213745117 1500
0.4313788414001465 1500
0.4313788414001465 1500
0.43261194229125977 1500
0.43340587615966797 1500
0.43414902687072754 1500
0.43414902687072754 1500
0.435291051864624 1500
0.43836092948913574 1500
0.43836092948913574 1500
0.43836092948913574 1500
0.43845391273498535 1500
0.43961191177368164 1500
0.43961191177368164 1500
0.4401118755340576 1500
0.44147801399230957 1500
0.44147801399230957 1500
0.4421868324279785 1500
0.4433019161224365 1500
0.44481897354125977 1500
0.44481897354125977 1500
0.4454638957977295 1500
0.44655895233154297 1500
0.4471259117126465 1500
0.4471259117126465 1500
0.4495730400085449 1500
0.4495730400085449 1500
0.4495730400085449 1500
0.45024800300598145 1500
0.45127105712890625 1500
0.4521360397338867 1500
0.4521360397338867 1500
0.4535799026489258 1500
0.4541900157928467 1500
0.4541900157928467 1500
0.4553248882293701 1500
0.4562668800354004 1500
0.45712804794311523 1500
0.45712804794311523 1500
0.4582178592681885 1500
0.45916199684143066 1500
0.4604039192199707 1500
0.4604940414428711 1500
0.46204686164855957 1500
0.46204686164855957 1500
0.46204686164855957 1500
0.4631998538970947 1500
0.4640629291534424 1500
0.46498584747314453 1500
0.4651658535003662 1500
0.46613001823425293 1500
0.4671339988708496 1500
0.4671339988708496 1500
0.46800994873046875 1500
0.4693288803100586 1500
0.4702279567718506 1500
0.4702279567718506 1500
0.4718599319458008 1500
0.47229695320129395 1500
0.4732248783111572 1500
0.4732248783111572 1500
0.4739198684692383 1500
0.4752628803253174 1500
0.47530603408813477 1500
0.47591590881347656 1500
0.47753000259399414 1500
0.4786949157714844 1500
0.4786949157714844 1500
0.47928690910339355 1500
0.48027682304382324 1500
0.48027682304382324 1500
0.4812588691711426 1500
0.4820699691772461 1500
0.48389291763305664 1500
0.48389291763305664 1500
0.48421788215637207 1500
0.48512792587280273 1500
0.4863908290863037 1500
0.4863908290863037 1500
0.4871218204498291 1500
0.4887409210205078 1500
0.4887409210205078 1500
0.48890089988708496 1500
0.49018287658691406 1500
0.4912378787994385 1500
0.4912378787994385 1500
0.493013858795166 1500
0.4931678771972656 1500
0.4931678771972656 1500
0.49456095695495605 1500
0.49510884284973145 1500
0.4960918426513672 1500
0.4960918426513672 1500
0.4972100257873535 1500
0.4979689121246338 1500
0.4979689121246338 1500
0.4989659786224365 1500
0.5005018711090088 1500
0.5011458396911621 1500
0.5011458396911621 1500
0.5019128322601318 1500
0.5034010410308838 1500
0.5042078495025635 1500
