1049740
0.0 1460
0.001889944076538086 1460
0.002259969711303711 1460
0.00574493408203125 1460
0.006226062774658203 1460
0.008028030395507812 1460
0.008028030395507812 1460
0.009924888610839844 1460
0.011570930480957031 1460
0.01443791389465332 1460
0.01443791389465332 1460
0.015697002410888672 1460
0.015697002410888672 1460
0.019604921340942383 1460
0.019604921340942383 1460
0.021513938903808594 1460
0.021513938903808594 1460
0.023433923721313477 1460
0.023433923721313477 1460
0.0249021053314209 1460
0.0249021053314209 1460
0.02681899070739746 1460
0.02681899070739746 1460
0.03073596954345703 1460
0.03073596954345703 1460
0.03272509574890137 1460
0.03272509574890137 1460
0.035012006759643555 1460
0.035012006759643555 1460
0.036900997161865234 1460
0.036900997161865234 1460
0.042140960693359375 1460
0.04257798194885254 1460
0.04467010498046875 1460
0.04467010498046875 1460
0.046159982681274414 1460
0.046159982681274414 1460
0.046894073486328125 1460
0.04794001579284668 1460
0.05042409896850586 1460
0.05042409896850586 1460
0.052423954010009766 1460
0.05392289161682129 1460
0.05581998825073242 1460
0.05612897872924805 1460
0.058351993560791016 1460
0.058351993560791016 1460
0.0598599910736084 1460
0.0598599910736084 1460
0.06183600425720215 1460
0.06183600425720215 1460
0.06374001502990723 1460
0.06434512138366699 1460
0.06758499145507812 1460
0.06758499145507812 1460
0.06938290596008301 1460
0.06938290596008301 1460
0.07123494148254395 1460
0.07335090637207031 1460
0.07478594779968262 1460
0.07525205612182617 1460
0.07672810554504395 1460
0.11671996116638184 1460
0.11671996116638184 1460
0.12495708465576172 1460
0.12942790985107422 1460
0.12942790985107422 1460
0.12942790985107422 1460
0.13007092475891113 1460
0.13007092475891113 1460
0.13007092475891113 1460
0.13007092475891113 1460
0.13067197799682617 1460
0.13067197799682617 1460
0.13067197799682617 1460
0.13131093978881836 1460
0.13131093978881836 1460
0.13131093978881836 1460
0.13219809532165527 1460
0.13219809532165527 1460
0.13702893257141113 1460
0.1373920440673828 1460
0.13934993743896484 1460
0.1397709846496582 1460
0.1397709846496582 1460
0.31263089179992676 1460
0.31382107734680176 1460
0.31382107734680176 1460
0.31548190116882324 1460
0.31548190116882324 1460
0.3170509338378906 1460
0.3170509338378906 1460
0.3170509338378906 1460
0.3170509338378906 1460
0.31845903396606445 1460
0.3193800449371338 1460
0.3193800449371338 1460
0.3193800449371338 1460
0.3204948902130127 1460
0.3204948902130127 1460
0.3204948902130127 1460
0.3204948902130127 1460
0.3214600086212158 1460
0.3214600086212158 1460
0.3214600086212158 1460
0.3214600086212158 1460
0.3214600086212158 1460
0.32232189178466797 1460
0.32232189178466797 1460
0.32232189178466797 1460
0.32232189178466797 1460
0.32232189178466797 1460
0.3266890048980713 1460
0.3281590938568115 1460
0.32857704162597656 1460
0.32857704162597656 1460
0.33388304710388184 1460
0.33440303802490234 1460
0.3380889892578125 1460
0.3401939868927002 1460
0.3438870906829834 1460
0.3454859256744385 1460
0.3494729995727539 1460
0.35111403465270996 1460
0.3533949851989746 1460
0.3553330898284912 1460
0.35932111740112305 1460
0.37401509284973145 1460
0.37632298469543457 1460
0.38551902770996094 1460
0.38779592514038086 1460
0.39165306091308594 1460
0.39165306091308594 1460
0.3951120376586914 1460
0.3951120376586914 1460
0.39700889587402344 1460
0.39739298820495605 1460
0.3993089199066162 1460
0.3993089199066162 1460
0.40125393867492676 1460
0.40125393867492676 1460
0.40700793266296387 1460
0.40700793266296387 1460
0.4088931083679199 1460
0.41039490699768066 1460
0.41235804557800293 1460
0.41235804557800293 1460
0.4165339469909668 1460
0.4184889793395996 1460
0.42962193489074707 1460
0.43191099166870117 1460
0.4391810894012451 1460
0.4391810894012451 1460
0.4430069923400879 1460
0.4430069923400879 1460
0.4434211254119873 1460
0.44545412063598633 1460
0.44545412063598633 1460
0.44545412063598633 1460
0.44726109504699707 1460
0.44726109504699707 1460
0.47562098503112793 1460
0.47562098503112793 1460
0.47562098503112793 1460
0.47562098503112793 1460
0.47562098503112793 1460
0.47562098503112793 1460
0.47562098503112793 1460
0.47608208656311035 1460
0.47608208656311035 1460
0.47608208656311035 1460
0.47608208656311035 1460
0.49483704566955566 1460
0.49538207054138184 1460
0.49538207054138184 1460
0.49538207054138184 1460
0.49538207054138184 1460
0.49538207054138184 1460
0.49538207054138184 1460
0.49538207054138184 1460
0.49538207054138184 1460
0.49538207054138184 1460
0.49672389030456543 1460
0.5086119174957275 1460
0.5086119174957275 1460
0.5086119174957275 1460
0.5086119174957275 1460
0.5086119174957275 1460
0.5101099014282227 1460
0.5101099014282227 1460
0.5101099014282227 1460
0.5101099014282227 1460
0.5101099014282227 1460
0.5101099014282227 1460
0.529731035232544 1460
0.529731035232544 1460
0.5309879779815674 1460
0.5309879779815674 1460
0.5309879779815674 1460
0.5309879779815674 1460
0.5309879779815674 1460
0.5309879779815674 1460
0.5309879779815674 1460
0.531390905380249 1460
0.531390905380249 1460
0.5486509799957275 1460
0.5486509799957275 1460
0.5486509799957275 1460
0.5486509799957275 1460
0.5501739978790283 1460
0.5501739978790283 1460
0.5501739978790283 1460
0.5501739978790283 1460
0.5501739978790283 1460
0.5501739978790283 1460
0.5501739978790283 1460
0.5624799728393555 1460
0.5624799728393555 1460
0.5624799728393555 1460
0.5624799728393555 1460
0.5624799728393555 1460
0.5624799728393555 1460
0.5624799728393555 1460
0.5624799728393555 1460
0.5624799728393555 1460
0.5624799728393555 1460
0.5624799728393555 1460
0.5750210285186768 1460
0.5750210285186768 1460
0.5750210285186768 1460
0.5750210285186768 1460
0.5754339694976807 1460
0.5754339694976807 1460
0.5754339694976807 1460
0.5754339694976807 1460
0.5754339694976807 1460
0.5754339694976807 1460
0.5754339694976807 1460
0.590238094329834 1460
0.590238094329834 1460
0.590238094329834 1460
0.590238094329834 1460
0.5906369686126709 1460
0.5906369686126709 1460
0.5906369686126709 1460
0.5906369686126709 1460
0.5906369686126709 1460
0.5906369686126709 1460
0.5906369686126709 1460
0.6077380180358887 1460
0.6077380180358887 1460
0.6077380180358887 1460
0.6077380180358887 1460
0.6077380180358887 1460
0.6077380180358887 1460
0.6077380180358887 1460
0.6077380180358887 1460
0.6092391014099121 1460
0.6092391014099121 1460
0.6092391014099121 1460
0.6341779232025146 1460
0.6341779232025146 1460
0.6341779232025146 1460
0.6341779232025146 1460
0.6341779232025146 1460
0.6345980167388916 1460
0.6345980167388916 1460
0.6345980167388916 1460
0.6345980167388916 1460
0.6345980167388916 1460
0.6345980167388916 1460
0.6461601257324219 1460
0.6461601257324219 1460
0.6461601257324219 1460
0.6461601257324219 1460
0.6461601257324219 1460
0.6461601257324219 1460
0.6476199626922607 1460
0.6476199626922607 1460
0.6476199626922607 1460
0.6476199626922607 1460
0.6476199626922607 1460
0.686053991317749 1460
0.686053991317749 1460
0.686053991317749 1460
0.686053991317749 1460
0.6865160465240479 1460
0.6865160465240479 1460
0.6865160465240479 1460
0.6865160465240479 1460
0.6865160465240479 1460
0.6865160465240479 1460
0.6865160465240479 1460
0.70489501953125 1460
0.70489501953125 1460
0.70489501953125 1460
0.70489501953125 1460
0.705280065536499 1460
0.705280065536499 1460
0.705280065536499 1460
0.705280065536499 1460
0.705280065536499 1460
0.705280065536499 1460
0.705280065536499 1460
0.7398760318756104 1460
0.7398760318756104 1460
0.7398760318756104 1460
0.7398760318756104 1460
0.7398760318756104 1460
0.7398760318756104 1460
0.7398760318756104 1460
0.7398760318756104 1460
0.7398760318756104 1460
0.7398760318756104 1460
0.7398760318756104 1460
0.7504260540008545 1460
0.7504260540008545 1460
0.7504260540008545 1460
0.7507469654083252 1460
0.7507469654083252 1460
0.7507469654083252 1460
0.7507469654083252 1460
0.7509350776672363 1460
0.7509350776672363 1460
0.7509350776672363 1460
0.7509350776672363 1460
0.7647030353546143 1460
0.7647030353546143 1460
0.7647030353546143 1460
0.7647030353546143 1460
0.7647030353546143 1460
0.7647030353546143 1460
0.7647030353546143 1460
0.7661619186401367 1460
0.7661619186401367 1460
0.7661619186401367 1460
0.7661619186401367 1460
0.7715110778808594 1460
0.7838349342346191 1460
0.7838349342346191 1460
0.7853310108184814 1460
0.7853310108184814 1460
0.7872579097747803 1460
0.7872579097747803 1460
0.7911009788513184 1460
0.7911009788513184 1460
0.7949280738830566 1460
0.7949280738830566 1460
0.7987520694732666 1460
0.7991230487823486 1460
0.8064041137695312 1460
0.8068299293518066 1460
0.8103311061859131 1460
0.8121321201324463 1460
0.8140029907226562 1460
0.8145639896392822 1460
0.8214941024780273 1460
0.8219261169433594 1460
0.8257699012756348 1460
0.8257699012756348 1460
0.8292241096496582 1460
0.8296060562133789 1460
0.831157922744751 1460
0.831157922744751 1460
0.8330240249633789 1460
0.8330240249633789 1460
0.8349459171295166 1460
0.8349459171295166 1460
0.8391549587249756 1460
0.8391549587249756 1460
0.841109037399292 1460
0.841109037399292 1460
0.843005895614624 1460
0.843005895614624 1460
0.843005895614624 1460
0.844567060470581 1460
0.8450829982757568 1460
0.8464450836181641 1460
0.8464450836181641 1460
0.8469619750976562 1460
0.8506650924682617 1460
0.8506650924682617 1460
0.8564980030059814 1460
0.8564980030059814 1460
0.864861011505127 1460
0.8667330741882324 1460
0.8685131072998047 1460
0.8685131072998047 1460
0.8731648921966553 1460
0.8731648921966553 1460
0.875312089920044 1460
0.875312089920044 1460
0.8791680335998535 1460
0.8791680335998535 1460
0.8826160430908203 1460
0.8826160430908203 1460
0.8830571174621582 1460
0.8830571174621582 1460
0.886444091796875 1460
0.886444091796875 1460
0.890265941619873 1460
0.890265941619873 1460
0.8945529460906982 1460
0.8960409164428711 1460
0.9003219604492188 1460
0.9003219604492188 1460
0.9060111045837402 1460
0.9060111045837402 1460
0.9099581241607666 1460
0.9099581241607666 1460
0.9119241237640381 1460
0.9119241237640381 1460
0.9156200885772705 1460
0.9156200885772705 1460
0.9175319671630859 1460
0.919435977935791 1460
0.919435977935791 1460
0.9233341217041016 1460
0.9233341217041016 1460
0.9252119064331055 1460
0.9252119064331055 1460
0.9305539131164551 1460
0.9305539131164551 1460
0.9329879283905029 1460
0.9329879283905029 1460
0.9366729259490967 1460
0.9382190704345703 1460
0.944749116897583 1460
0.944749116897583 1460
0.945418119430542 1460
0.945418119430542 1460
0.9492170810699463 1460
0.9492170810699463 1460
0.9492170810699463 1460
0.9492170810699463 1460
0.9538800716400146 1460
0.9548530578613281 1460
0.9560561180114746 1460
0.9583709239959717 1460
0.9583709239959717 1460
0.9619379043579102 1460
0.9623100757598877 1460
0.9689209461212158 1460
0.9693119525909424 1460
0.9736521244049072 1460
0.9736521244049072 1460
0.9746580123901367 1460
0.9746580123901367 1460
0.9785521030426025 1460
0.9785521030426025 1460
0.9808740615844727 1460
0.9808740615844727 1460
0.9827499389648438 1460
0.9827499389648438 1460
0.9861419200897217 1460
0.9865739345550537 1460
0.9899969100952148 1460
0.9919040203094482 1460
0.9923150539398193 1460
0.9964210987091064 1460
0.9981510639190674 1460
1.0018820762634277 1460
1.0018820762634277 1460
1.005652904510498 1460
1.005652904510498 1460
1.007375955581665 1460
1.007375955581665 1460
1.0096180438995361 1460
1.0096180438995361 1460
1.0137839317321777 1460
1.0137839317321777 1460
1.0191380977630615 1460
1.0191380977630615 1460
1.0229520797729492 1460
1.0229520797729492 1460
1.0268590450286865 1460
1.0268590450286865 1460
1.030764102935791 1460
1.0321979522705078 1460
1.03450608253479 1460
1.0382909774780273 1460
1.0382909774780273 1460
1.0422039031982422 1460
1.043658971786499 1460
1.043658971786499 1460
1.0461819171905518 1460
1.0461819171905518 1460
1.0499489307403564 1460
1.0499489307403564 1460
1.0517570972442627 1460
1.0517570972442627 1460
1.0556230545043945 1460
1.0556230545043945 1460
1.0575199127197266 1460
1.0575199127197266 1460
1.0609750747680664 1460
1.0609750747680664 1460
1.0633959770202637 1460
1.0647931098937988 1460
1.0690340995788574 1460
1.0690340995788574 1460
1.0725009441375732 1460
1.0740349292755127 1460
1.076159954071045 1460
1.076159954071045 1460
1.0853970050811768 1460
1.0853970050811768 1460
1.0895919799804688 1460
1.0911250114440918 1460
1.0935680866241455 1460
1.0935680866241455 1460
1.0969390869140625 1460
1.0969390869140625 1460
1.0992119312286377 1460
1.0992119312286377 1460
1.1050050258636475 1460
1.1050050258636475 1460
1.1068880558013916 1460
1.1068880558013916 1460
1.108839988708496 1460
1.1092729568481445 1460
1.145082950592041 1460
1.145082950592041 1460
1.1462008953094482 1460
1.1462008953094482 1460
1.147792100906372 1460
1.1483550071716309 1460
1.1483550071716309 1460
1.1483550071716309 1460
1.1512811183929443 1460
1.1512811183929443 1460
1.1518239974975586 1460
1.1518239974975586 1460
1.1523520946502686 1460
1.1523520946502686 1460
1.1527979373931885 1460
1.1580049991607666 1460
1.1580049991607666 1460
1.1616320610046387 1460
1.1621448993682861 1460
1.1641600131988525 1460
1.168262004852295 1460
1.1706430912017822 1460
1.1706430912017822 1460
1.1726279258728027 1460
1.1741669178009033 1460
1.1765210628509521 1460
1.1786279678344727 1460
1.1786279678344727 1460
1.1822330951690674 1460
1.182513952255249 1460
1.1915841102600098 1460
1.1915841102600098 1460
1.1954541206359863 1460
1.1996819972991943 1460
1.2049789428710938 1460
1.2111968994140625 1460
1.2111968994140625 1460
1.214601993560791 1460
1.214601993560791 1460
1.2169349193572998 1460
1.2184278964996338 1460
1.220750093460083 1460
1.220750093460083 1460
1.2246229648590088 1460
1.2260749340057373 1460
1.228503942489624 1460
1.228503942489624 1460
1.2325201034545898 1460
1.233834981918335 1460
1.2360880374908447 1460
1.2375409603118896 1460
1.239933967590332 1460
1.241386890411377 1460
1.2439720630645752 1460
1.2439720630645752 1460
1.249089002609253 1460
1.249089002609253 1460
1.2514760494232178 1460
1.252929925918579 1460
1.2567510604858398 1460
1.2571470737457275 1460
1.2631280422210693 1460
1.2636499404907227 1460
1.268723964691162 1460
1.268723964691162 1460
1.2740519046783447 1460
1.2740519046783447 1460
1.2759640216827393 1460
1.2763440608978271 1460
1.278428077697754 1460
1.278428077697754 1460
1.2822511196136475 1460
1.2822511196136475 1460
1.2830638885498047 1460
1.283493995666504 1460
1.2859458923339844 1460
1.2859458923339844 1460
1.2897570133209229 1460
1.293591022491455 1460
1.293591022491455 1460
1.2976529598236084 1460
1.2976529598236084 1460
1.3012681007385254 1460
1.3012681007385254 1460
1.3032350540161133 1460
1.3032350540161133 1460
1.3066380023956299 1460
1.3070390224456787 1460
1.308980941772461 1460
1.308980941772461 1460
1.3113329410552979 1460
1.3113329410552979 1460
1.3151180744171143 1460
1.3151180744171143 1460
1.3181729316711426 1460
1.3188059329986572 1460
1.320465087890625 1460
1.320465087890625 1460
1.324429988861084 1460
1.324429988861084 1460
1.328233003616333 1460
1.328233003616333 1460
1.3351709842681885 1460
1.3360719680786133 1460
1.3393559455871582 1460
1.3393559455871582 1460
1.3430709838867188 1460
1.3430709838867188 1460
1.347074031829834 1460
1.347074031829834 1460
1.3549740314483643 1460
1.3549740314483643 1460
1.3565130233764648 1460
1.3569660186767578 1460
1.3603169918060303 1460
1.3603169918060303 1460
1.3644170761108398 1460
1.366468906402588 1460
1.366468906402588 1460
1.3684420585632324 1460
1.3684420585632324 1460
1.3741130828857422 1460
1.3741130828857422 1460
1.3797659873962402 1460
1.3797659873962402 1460
1.383310079574585 1460
1.383310079574585 1460
1.385664939880371 1460
1.387157917022705 1460
1.3928899765014648 1460
1.3928899765014648 1460
1.3948609828948975 1460
1.3953430652618408 1460
1.3971350193023682 1460
1.3971350193023682 1460
1.422210931777954 1460
1.422210931777954 1460
1.4235849380493164 1460
1.4235849380493164 1460
1.4235849380493164 1460
1.4235849380493164 1460
1.4235849380493164 1460
1.4235849380493164 1460
1.4235849380493164 1460
1.4239649772644043 1460
1.4239649772644043 1460
1.4393579959869385 1460
1.4393579959869385 1460
1.4393579959869385 1460
1.4393579959869385 1460
1.4393579959869385 1460
1.4393579959869385 1460
1.4393579959869385 1460
1.4393579959869385 1460
1.4408690929412842 1460
1.4408690929412842 1460
1.4408690929412842 1460
1.4696409702301025 1460
1.4696409702301025 1460
1.4696409702301025 1460
1.4696409702301025 1460
1.4696409702301025 1460
1.4700100421905518 1460
1.4700100421905518 1460
1.4700100421905518 1460
1.4700100421905518 1460
1.4700100421905518 1460
1.4700100421905518 1460
1.4834439754486084 1460
1.4834439754486084 1460
1.4834439754486084 1460
1.4834439754486084 1460
1.4834439754486084 1460
1.4834439754486084 1460
1.4834439754486084 1460
1.4855809211730957 1460
1.4855809211730957 1460
1.4855809211730957 1460
1.4855809211730957 1460
1.5176899433135986 1460
1.5176899433135986 1460
1.5176899433135986 1460
1.5176899433135986 1460
1.5176899433135986 1460
1.5176899433135986 1460
1.5176899433135986 1460
1.5176899433135986 1460
1.5176899433135986 1460
1.5176899433135986 1460
1.5176899433135986 1460
1.537247896194458 1460
1.537247896194458 1460
1.537247896194458 1460
1.537247896194458 1460
1.537247896194458 1460
1.537247896194458 1460
1.537247896194458 1460
1.5393569469451904 1460
