1049740
0.0 1460
0.0 1460
0.0 1460
0.0 1460
0.0003731250762939453 1460
0.0003731250762939453 1460
0.0019290447235107422 1460
0.0019290447235107422 1460
0.002270936965942383 1460
0.002270936965942383 1460
0.002270936965942383 1460
0.0038340091705322266 1460
0.004228115081787109 1460
0.004228115081787109 1460
0.005772113800048828 1460
0.006246089935302734 1460
0.006246089935302734 1460
0.0076808929443359375 1460
0.0076808929443359375 1460
0.010050058364868164 1460
0.010050058364868164 1460
0.010050058364868164 1460
0.010050058364868164 1460
0.011542081832885742 1460
0.011542081832885742 1460
0.011929988861083984 1460
0.011929988861083984 1460
0.013796091079711914 1460
0.013796091079711914 1460
0.015345096588134766 1460
0.015345096588134766 1460
0.01572394371032715 1460
0.01596689224243164 1460
0.017661094665527344 1460
0.017661094665527344 1460
0.019589900970458984 1460
0.019589900970458984 1460
0.019589900970458984 1460
0.019589900970458984 1460
0.02110600471496582 1460
0.02110600471496582 1460
0.021490097045898438 1460
0.021490097045898438 1460
0.023519039154052734 1460
0.023519039154052734 1460
0.02537703514099121 1460
0.02537703514099121 1460
0.02537703514099121 1460
0.027405977249145508 1460
0.027405977249145508 1460
0.027405977249145508 1460
0.02876591682434082 1460
0.02876591682434082 1460
0.02876591682434082 1460
0.029098033905029297 1460
0.029098033905029297 1460
0.030698060989379883 1460
0.03120589256286621 1460
0.03120589256286621 1460
0.03306293487548828 1460
0.03306293487548828 1460
0.03527092933654785 1460
0.03527092933654785 1460
0.03527092933654785 1460
0.036425113677978516 1460
0.036425113677978516 1460
0.03679299354553223 1460
0.03679299354553223 1460
0.03873801231384277 1460
0.03873801231384277 1460
0.04029512405395508 1460
0.04029512405395508 1460
0.0409390926361084 1460
0.0409390926361084 1460
0.04229092597961426 1460
0.04229092597961426 1460
0.04277491569519043 1460
0.0445859432220459 1460
0.0445859432220459 1460
0.0445859432220459 1460
0.04652094841003418 1460
0.04652094841003418 1460
0.04652094841003418 1460
0.04652094841003418 1460
0.04652094841003418 1460
0.04793810844421387 1460
0.04831409454345703 1460
0.04831409454345703 1460
0.049842119216918945 1460
0.049842119216918945 1460
0.05023598670959473 1460
0.05023598670959473 1460
0.05174899101257324 1460
0.052145957946777344 1460
0.053642988204956055 1460
0.05407309532165527 1460
0.05575203895568848 1460
0.05575203895568848 1460
0.05613303184509277 1460
0.05613303184509277 1460
0.05796694755554199 1460
0.05796694755554199 1460
0.05942106246948242 1460
0.05942106246948242 1460
0.05979299545288086 1460
0.0613400936126709 1460
0.0617220401763916 1460
0.0617220401763916 1460
0.0617220401763916 1460
0.06325793266296387 1460
0.06325793266296387 1460
0.06366705894470215 1460
0.06366705894470215 1460
0.065155029296875 1460
0.06554388999938965 1460
0.06554388999938965 1460
0.06554388999938965 1460
0.06747603416442871 1460
0.06747603416442871 1460
0.06747603416442871 1460
0.06747603416442871 1460
0.06949400901794434 1460
0.06949400901794434 1460
0.07091403007507324 1460
0.07091403007507324 1460
0.07300901412963867 1460
0.0734410285949707 1460
0.0734410285949707 1460
0.0734410285949707 1460
0.07477593421936035 1460
0.07477593421936035 1460
0.07512497901916504 1460
0.07705402374267578 1460
0.07705402374267578 1460
0.07705402374267578 1460
0.07857990264892578 1460
0.07857990264892578 1460
0.07857990264892578 1460
0.07908511161804199 1460
0.07908511161804199 1460
0.08048009872436523 1460
0.08090806007385254 1460
0.08090806007385254 1460
0.08241891860961914 1460
0.08241891860961914 1460
0.08241891860961914 1460
0.08278608322143555 1460
0.08278608322143555 1460
0.08278608322143555 1460
0.08472490310668945 1460
0.08472490310668945 1460
0.0862419605255127 1460
0.08662295341491699 1460
0.08662295341491699 1460
0.08816409111022949 1460
0.08816409111022949 1460
0.08859610557556152 1460
0.08859610557556152 1460
0.08859610557556152 1460
0.08859610557556152 1460
0.09011507034301758 1460
0.09011507034301758 1460
0.0923619270324707 1460
0.0923619270324707 1460
0.09431695938110352 1460
0.09431695938110352 1460
0.09431695938110352 1460
0.09587597846984863 1460
0.09620404243469238 1460
0.09620404243469238 1460
0.09836411476135254 1460
0.09836411476135254 1460
0.09836411476135254 1460
0.09836411476135254 1460
0.10006308555603027 1460
0.10006308555603027 1460
0.10006308555603027 1460
0.10158801078796387 1460
0.10198402404785156 1460
0.10198402404785156 1460
0.10350704193115234 1460
0.10390305519104004 1460
0.10390305519104004 1460
0.10390305519104004 1460
0.1084280014038086 1460
0.1084280014038086 1460
0.1084280014038086 1460
0.1084280014038086 1460
0.1084280014038086 1460
0.1084280014038086 1460
0.10986995697021484 1460
0.10986995697021484 1460
0.10986995697021484 1460
0.10986995697021484 1460
0.11280488967895508 1460
0.11280488967895508 1460
0.11280488967895508 1460
0.11445307731628418 1460
0.11445307731628418 1460
0.11445307731628418 1460
0.11445307731628418 1460
0.11445307731628418 1460
0.11628603935241699 1460
0.11628603935241699 1460
0.11628603935241699 1460
0.11702489852905273 1460
0.11702489852905273 1460
0.11732602119445801 1460
0.11732602119445801 1460
0.11937189102172852 1460
0.11953997611999512 1460
0.11953997611999512 1460
0.12178611755371094 1460
0.12230801582336426 1460
0.12230801582336426 1460
0.12396407127380371 1460
0.12396407127380371 1460
0.12535691261291504 1460
0.12535691261291504 1460
0.12535691261291504 1460
0.12535691261291504 1460
0.12662100791931152 1460
0.1270151138305664 1460
0.12883400917053223 1460
0.12883400917053223 1460
0.12883400917053223 1460
0.12883400917053223 1460
0.1303551197052002 1460
0.1303551197052002 1460
0.13074302673339844 1460
0.13074302673339844 1460
0.13074302673339844 1460
0.1326770782470703 1460
0.1326770782470703 1460
0.1326770782470703 1460
0.1326770782470703 1460
0.13419389724731445 1460
0.1345820426940918 1460
0.1345820426940918 1460
0.13645410537719727 1460
0.13645410537719727 1460
0.138808012008667 1460
0.138808012008667 1460
0.138808012008667 1460
0.1400160789489746 1460
0.1400160789489746 1460
0.14040398597717285 1460
0.14040398597717285 1460
0.14187192916870117 1460
0.1422419548034668 1460
0.1422419548034668 1460
0.14378094673156738 1460
0.14417505264282227 1460
0.14569592475891113 1460
0.14607596397399902 1460
0.14607596397399902 1460
0.1476140022277832 1460
0.1476140022277832 1460
0.14800405502319336 1460
0.14800405502319336 1460
0.149522066116333 1460
0.149522066116333 1460
0.14990997314453125 1460
0.14990997314453125 1460
0.15143704414367676 1460
0.15143704414367676 1460
0.15193891525268555 1460
0.38505101203918457 1460
0.38505101203918457 1460
0.38505101203918457 1460
0.38505101203918457 1460
0.38505101203918457 1460
0.38505101203918457 1460
0.38505101203918457 1460
0.38616394996643066 1460
0.38616394996643066 1460
0.38616394996643066 1460
0.38616394996643066 1460
0.38616394996643066 1460
0.38616394996643066 1460
0.39263200759887695 1460
0.39263200759887695 1460
0.39303112030029297 1460
0.39435505867004395 1460
0.39484500885009766 1460
0.39484500885009766 1460
0.39484500885009766 1460
0.3967859745025635 1460
0.3967859745025635 1460
0.39820289611816406 1460
0.39861607551574707 1460
0.39861607551574707 1460
0.40013599395751953 1460
0.40047597885131836 1460
0.40047597885131836 1460
0.4020240306854248 1460
0.4020240306854248 1460
0.4024169445037842 1460
0.4024169445037842 1460
0.40433502197265625 1460
0.40433502197265625 1460
0.40433502197265625 1460
0.40642595291137695 1460
0.40642595291137695 1460
0.4081459045410156 1460
0.4081459045410156 1460
0.4081459045410156 1460
0.4101719856262207 1460
0.4101719856262207 1460
0.4101719856262207 1460
0.4101719856262207 1460
0.41162896156311035 1460
0.4120800495147705 1460
0.4120800495147705 1460
0.4139690399169922 1460
0.4139690399169922 1460
0.4139690399169922 1460
0.41548705101013184 1460
0.41548705101013184 1460
0.41584110260009766 1460
0.4174001216888428 1460
0.4174001216888428 1460
0.4177439212799072 1460
0.41974401473999023 1460
0.41974401473999023 1460
0.41974401473999023 1460
0.42172694206237793 1460
0.42172694206237793 1460
0.42172694206237793 1460
0.4241170883178711 1460
0.4241170883178711 1460
0.42618703842163086 1460
0.4270179271697998 1460
0.4270179271697998 1460
0.42740297317504883 1460
0.42740297317504883 1460
0.42890501022338867 1460
0.42890501022338867 1460
0.4312620162963867 1460
0.4314401149749756 1460
0.4314401149749756 1460
0.4314401149749756 1460
0.43322300910949707 1460
0.43322300910949707 1460
0.43467211723327637 1460
0.43467211723327637 1460
0.4350559711456299 1460
0.4350559711456299 1460
0.4365959167480469 1460
0.4365959167480469 1460
0.4385960102081299 1460
0.43917393684387207 1460
0.43917393684387207 1460
0.44043898582458496 1460
0.44095802307128906 1460
0.44095802307128906 1460
0.4423520565032959 1460
0.4423520565032959 1460
0.44277405738830566 1460
0.445235013961792 1460
0.445235013961792 1460
0.44646596908569336 1460
0.44646596908569336 1460
0.44646596908569336 1460
0.4472470283508301 1460
0.4472470283508301 1460
0.4483311176300049 1460
0.4483311176300049 1460
0.44887495040893555 1460
0.4500010013580322 1460
0.4503629207611084 1460
0.4503629207611084 1460
0.45268893241882324 1460
0.45268893241882324 1460
0.45268893241882324 1460
0.4538240432739258 1460
0.454164981842041 1460
0.454164981842041 1460
0.4557790756225586 1460
0.4557790756225586 1460
0.45618700981140137 1460
0.4581151008605957 1460
0.4581151008605957 1460
0.4581151008605957 1460
0.4581151008605957 1460
0.4595639705657959 1460
0.45991992950439453 1460
0.4614830017089844 1460
0.4614830017089844 1460
0.4618360996246338 1460
0.4618360996246338 1460
0.4618360996246338 1460
0.46343994140625 1460
0.46343994140625 1460
0.4638099670410156 1460
0.4638099670410156 1460
0.4638099670410156 1460
0.4638099670410156 1460
0.4638099670410156 1460
0.46602606773376465 1460
0.46602606773376465 1460
0.46771907806396484 1460
0.46771907806396484 1460
0.46771907806396484 1460
0.46771907806396484 1460
0.46771907806396484 1460
0.46969008445739746 1460
0.46969008445739746 1460
0.46969008445739746 1460
0.4710860252380371 1460
0.47142696380615234 1460
0.47310900688171387 1460
0.47310900688171387 1460
0.473491907119751 1460
0.4749269485473633 1460
0.47540903091430664 1460
0.47540903091430664 1460
0.4771890640258789 1460
0.4771890640258789 1460
0.47875308990478516 1460
0.47875308990478516 1460
0.4791090488433838 1460
0.4806709289550781 1460
0.4806709289550781 1460
0.48114609718322754 1460
0.48114609718322754 1460
0.48312807083129883 1460
0.48312807083129883 1460
0.48312807083129883 1460
0.48312807083129883 1460
0.48451709747314453 1460
0.48485398292541504 1460
0.48485398292541504 1460
0.48485398292541504 1460
0.48485398292541504 1460
0.4863879680633545 1460
0.48879408836364746 1460
0.48879408836364746 1460
0.48879408836364746 1460
0.48879408836364746 1460
0.49114203453063965 1460
0.49114203453063965 1460
0.49114203453063965 1460
0.49114203453063965 1460
0.49264097213745117 1460
0.49264097213745117 1460
0.49411511421203613 1460
0.49411511421203613 1460
0.4945030212402344 1460
0.49601292610168457 1460
0.49601292610168457 1460
0.49635791778564453 1460
0.4983999729156494 1460
0.4983999729156494 1460
0.4983999729156494 1460
0.49985194206237793 1460
0.5002009868621826 1460
0.5002009868621826 1460
0.5017540454864502 1460
0.502129077911377 1460
0.502129077911377 1460
0.502129077911377 1460
0.5037009716033936 1460
0.5040469169616699 1460
0.5061750411987305 1460
0.5061750411987305 1460
0.5061750411987305 1460
0.5061750411987305 1460
0.5076100826263428 1460
0.508181095123291 1460
0.508181095123291 1460
0.5094521045684814 1460
0.5098209381103516 1460
0.5098209381103516 1460
0.5098209381103516 1460
0.5118029117584229 1460
0.5118029117584229 1460
0.5118029117584229 1460
0.5132639408111572 1460
0.5132639408111572 1460
0.5136361122131348 1460
0.5136361122131348 1460
0.5136361122131348 1460
0.5156540870666504 1460
0.5156540870666504 1460
0.5156540870666504 1460
0.5170929431915283 1460
0.5174610614776611 1460
0.5174610614776611 1460
0.5174610614776611 1460
0.5190210342407227 1460
0.5193600654602051 1460
0.5193600654602051 1460
0.5213170051574707 1460
0.5232720375061035 1460
0.5232720375061035 1460
0.5232720375061035 1460
0.5251688957214355 1460
0.5251688957214355 1460
0.5273969173431396 1460
0.5273969173431396 1460
0.5273969173431396 1460
0.5273969173431396 1460
0.5286450386047363 1460
0.529047966003418 1460
0.5304350852966309 1460
0.5304350852966309 1460
0.5307800769805908 1460
0.5307800769805908 1460
0.5327749252319336 1460
0.5329549312591553 1460
0.5329549312591553 1460
0.534250020980835 1460
0.534250020980835 1460
0.5346150398254395 1460
0.5346150398254395 1460
0.5361769199371338 1460
0.5361769199371338 1460
0.5365591049194336 1460
0.5380640029907227 1460
0.5385301113128662 1460
0.5385301113128662 1460
0.5385301113128662 1460
0.5400640964508057 1460
0.5400640964508057 1460
0.5403881072998047 1460
0.542388916015625 1460
0.542388916015625 1460
0.5438439846038818 1460
0.5438439846038818 1460
0.5457799434661865 1460
0.5457799434661865 1460
0.5460810661315918 1460
0.546929121017456 1460
0.5481390953063965 1460
0.5481390953063965 1460
0.5495738983154297 1460
0.5499610900878906 1460
0.5499610900878906 1460
0.551516056060791 1460
0.5518710613250732 1460
0.5518710613250732 1460
0.5518710613250732 1460
0.5534260272979736 1460
0.5538101196289062 1460
0.5538101196289062 1460
0.5553920269012451 1460
0.5557498931884766 1460
0.5574460029602051 1460
0.5574460029602051 1460
0.5578501224517822 1460
0.5578501224517822 1460
0.5591959953308105 1460
0.5591959953308105 1460
0.5611040592193604 1460
0.5611040592193604 1460
0.5614359378814697 1460
0.5614359378814697 1460
0.5614359378814697 1460
0.5629599094390869 1460
0.5634329319000244 1460
0.5634329319000244 1460
0.5648469924926758 1460
0.5652110576629639 1460
0.5674970149993896 1460
0.5674970149993896 1460
0.569087028503418 1460
0.569087028503418 1460
0.569087028503418 1460
0.569087028503418 1460
0.5709750652313232 1460
0.5709750652313232 1460
0.5725641250610352 1460
0.5730640888214111 1460
0.5749170780181885 1460
0.5749170780181885 1460
0.5749170780181885 1460
0.5749170780181885 1460
0.5763230323791504 1460
0.5766770839691162 1460
0.5766770839691162 1460
0.5766770839691162 1460
0.5792078971862793 1460
0.5792078971862793 1460
0.5804719924926758 1460
0.5804719924926758 1460
0.5804719924926758 1460
0.5804719924926758 1460
0.5820651054382324 1460
0.5824511051177979 1460
0.5824511051177979 1460
0.6179120540618896 1460
0.6179120540618896 1460
0.6179120540618896 1460
0.6224501132965088 1460
0.6224501132965088 1460
0.6224501132965088 1460
0.6224501132965088 1460
0.6224501132965088 1460
0.6224501132965088 1460
0.6240620613098145 1460
0.6240620613098145 1460
0.6240620613098145 1460
0.6240620613098145 1460
0.6240620613098145 1460
0.6240620613098145 1460
0.6249830722808838 1460
0.6249830722808838 1460
0.6249830722808838 1460
0.6249830722808838 1460
0.6259059906005859 1460
0.6259059906005859 1460
0.6259059906005859 1460
0.6259059906005859 1460
0.6259059906005859 1460
0.6259059906005859 1460
0.6259059906005859 1460
0.6259059906005859 1460
0.6268019676208496 1460
0.6268019676208496 1460
0.6268019676208496 1460
0.6268019676208496 1460
0.6268019676208496 1460
0.6268019676208496 1460
0.6268019676208496 1460
0.6268019676208496 1460
0.6284809112548828 1460
0.6298239231109619 1460
0.6312189102172852 1460
0.6337969303131104 1460
0.6337969303131104 1460
0.6337969303131104 1460
0.6337969303131104 1460
0.6343319416046143 1460
0.6343319416046143 1460
0.6360049247741699 1460
0.6360049247741699 1460
0.6378939151763916 1460
0.6378939151763916 1460
0.6378939151763916 1460
0.6394360065460205 1460
0.6397910118103027 1460
0.6397910118103027 1460
0.6413149833679199 1460
0.6416349411010742 1460
0.6436810493469238 1460
0.6436810493469238 1460
0.6436810493469238 1460
0.6436810493469238 1460
0.645684003829956 1460
0.645684003829956 1460
0.645684003829956 1460
0.6470849514007568 1460
0.6474349498748779 1460
0.6474349498748779 1460
0.6497180461883545 1460
0.6497180461883545 1460
0.6509740352630615 1460
0.6509740352630615 1460
0.6512620449066162 1460
0.6512620449066162 1460
0.6533451080322266 1460
0.6533451080322266 1460
0.6533451080322266 1460
0.6533451080322266 1460
0.6553130149841309 1460
0.6553130149841309 1460
0.6570479869842529 1460
0.6570479869842529 1460
0.6577420234680176 1460
0.6577420234680176 1460
0.6590518951416016 1460
0.6590518951416016 1460
0.6590518951416016 1460
0.6609609127044678 1460
0.6609609127044678 1460
0.6609609127044678 1460
0.662398099899292 1460
0.662398099899292 1460
0.6627440452575684 1460
0.6627440452575684 1460
0.6647579669952393 1460
0.6647579669952393 1460
0.6662290096282959 1460
0.6662290096282959 1460
0.6666100025177002 1460
0.6666100025177002 1460
0.6681311130523682 1460
0.6684839725494385 1460
0.6684839725494385 1460
0.6684839725494385 1460
0.6705400943756104 1460
0.6705400943756104 1460
0.6705400943756104 1460
0.6724960803985596 1460
0.6724960803985596 1460
0.673922061920166 1460
0.673922061920166 1460
0.674314022064209 1460
0.674314022064209 1460
0.6758310794830322 1460
0.6758310794830322 1460
0.6762111186981201 1460
0.6762111186981201 1460
0.6777389049530029 1460
0.6777389049530029 1460
0.6780710220336914 1460
0.6780710220336914 1460
0.6796410083770752 1460
0.6796410083770752 1460
0.680027961730957 1460
0.681555986404419 1460
0.6820070743560791 1460
0.6820070743560791 1460
0.6839339733123779 1460
0.6839339733123779 1460
0.6853859424591064 1460
0.685776948928833 1460
0.6877539157867432 1460
