1050000
0.0 1500
0.0003790855407714844 1500
0.0013608932495117188 1500
0.0020499229431152344 1500
0.0027060508728027344 1500
0.0028810501098632812 1500
0.003932952880859375 1500
0.004856109619140625 1500
0.005255937576293945 1500
0.006079912185668945 1500
0.007253885269165039 1500
0.007850885391235352 1500
0.007850885391235352 1500
0.009119987487792969 1500
0.010211944580078125 1500
0.011116981506347656 1500
0.011321067810058594 1500
0.012278079986572266 1500
0.013190031051635742 1500
0.013190031051635742 1500
0.013920068740844727 1500
0.014890909194946289 1500
0.015342950820922852 1500
0.01633596420288086 1500
0.01719808578491211 1500
0.01813197135925293 1500
0.01826190948486328 1500
0.01887989044189453 1500
0.020667076110839844 1500
0.020819902420043945 1500
0.022149085998535156 1500
0.022149085998535156 1500
0.0230710506439209 1500
0.023941993713378906 1500
0.024307966232299805 1500
0.024972915649414062 1500
0.02526688575744629 1500
0.025976896286010742 1500
0.0269620418548584 1500
0.0269620418548584 1500
0.0280609130859375 1500
0.029079914093017578 1500
0.029977083206176758 1500
0.029977083206176758 1500
0.03092789649963379 1500
0.03198695182800293 1500
0.033174991607666016 1500
0.033174991607666016 1500
0.033917903900146484 1500
0.03513598442077637 1500
0.03581595420837402 1500
0.03603005409240723 1500
0.037091970443725586 1500
0.038001060485839844 1500
0.038001060485839844 1500
0.03872203826904297 1500
0.040071964263916016 1500
0.04118609428405762 1500
0.04118609428405762 1500
0.041903018951416016 1500
0.042903900146484375 1500
0.04327392578125 1500
0.044049978256225586 1500
0.04494190216064453 1500
0.0462648868560791 1500
0.0462648868560791 1500
0.047183990478515625 1500
0.0479888916015625 1500
0.049041032791137695 1500
0.049041032791137695 1500
0.04999589920043945 1500
0.05124402046203613 1500
0.05124402046203613 1500
0.05200791358947754 1500
0.053279876708984375 1500
0.053279876708984375 1500
0.053987979888916016 1500
0.05542588233947754 1500
0.055876970291137695 1500
0.055876970291137695 1500
0.0572659969329834 1500
0.05811905860900879 1500
0.058402061462402344 1500
0.059014081954956055 1500
0.05985689163208008 1500
0.061784982681274414 1500
0.061784982681274414 1500
0.061784982681274414 1500
0.06220197677612305 1500
0.06307101249694824 1500
0.06342411041259766 1500
0.06422305107116699 1500
0.06484699249267578 1500
0.0650169849395752 1500
0.06644797325134277 1500
0.0671229362487793 1500
0.06714105606079102 1500
0.06785106658935547 1500
0.06926989555358887 1500
0.06989693641662598 1500
0.07027506828308105 1500
0.07114911079406738 1500
0.0719919204711914 1500
0.0719919204711914 1500
0.07396697998046875 1500
0.07417607307434082 1500
0.0751190185546875 1500
0.07599210739135742 1500
0.07599210739135742 1500
0.07739996910095215 1500
0.07795906066894531 1500
0.07927703857421875 1500
0.08020591735839844 1500
0.08092999458312988 1500
0.08218693733215332 1500
0.08223605155944824 1500
0.0831608772277832 1500
0.08402204513549805 1500
0.08487510681152344 1500
0.08487510681152344 1500
0.08598995208740234 1500
0.08722305297851562 1500
0.08783388137817383 1500
0.08806300163269043 1500
0.08890199661254883 1500
0.08890199661254883 1500
0.08990287780761719 1500
0.09028410911560059 1500
0.0914449691772461 1500
0.0920720100402832 1500
0.0920720100402832 1500
0.09287500381469727 1500
0.09287500381469727 1500
0.0939168930053711 1500
0.0939168930053711 1500
0.09532999992370605 1500
0.09590005874633789 1500
0.09590005874633789 1500
0.09729909896850586 1500
0.09729909896850586 1500
0.09815096855163574 1500
0.09904193878173828 1500
0.09984397888183594 1500
0.09984397888183594 1500
0.1011970043182373 1500
0.10236692428588867 1500
0.10236692428588867 1500
0.10300302505493164 1500
0.10415101051330566 1500
0.10483598709106445 1500
0.10483598709106445 1500
0.10599088668823242 1500
0.10599088668823242 1500
0.10727810859680176 1500
0.1078329086303711 1500
0.1078329086303711 1500
0.10908293724060059 1500
0.10908293724060059 1500
0.10999703407287598 1500
0.1110389232635498 1500
0.11196088790893555 1500
0.11196088790893555 1500
0.11297297477722168 1500
0.11416292190551758 1500
0.11416292190551758 1500
0.1152350902557373 1500
0.11632609367370605 1500
0.1172490119934082 1500
0.1172490119934082 1500
0.11804604530334473 1500
0.11901998519897461 1500
0.12017989158630371 1500
0.12080693244934082 1500
0.12080693244934082 1500
0.12182903289794922 1500
0.12191390991210938 1500
0.12318205833435059 1500
0.1240389347076416 1500
0.12515807151794434 1500
0.12515807151794434 1500
0.125960111618042 1500
0.12699198722839355 1500
0.12699198722839355 1500
0.12805891036987305 1500
0.12894511222839355 1500
0.12987208366394043 1500
0.12987208366394043 1500
0.13112807273864746 1500
0.13184499740600586 1500
0.13184499740600586 1500
0.13312387466430664 1500
0.13398098945617676 1500
0.13495206832885742 1500
0.13495206832885742 1500
0.1361401081085205 1500
0.13711810111999512 1500
0.13711810111999512 1500
0.13783001899719238 1500
0.13913702964782715 1500
0.139815092086792 1500
0.139815092086792 1500
0.14091992378234863 1500
0.14228105545043945 1500
0.14279794692993164 1500
0.14279794692993164 1500
0.14376306533813477 1500
0.144697904586792 1500
0.144697904586792 1500
0.1458280086517334 1500
0.14712905883789062 1500
0.14789104461669922 1500
0.14789104461669922 1500
0.14902806282043457 1500
0.14995408058166504 1500
0.14995408058166504 1500
0.15067505836486816 1500
0.15216398239135742 1500
0.15301203727722168 1500
0.15301203727722168 1500
0.15424299240112305 1500
0.15485906600952148 1500
0.15596604347229004 1500
0.15596604347229004 1500
0.1571979522705078 1500
0.15776896476745605 1500
0.15776896476745605 1500
0.15926909446716309 1500
0.16016602516174316 1500
0.1608591079711914 1500
0.1608591079711914 1500
0.1616818904876709 1500
0.16336989402770996 1500
0.16336989402770996 1500
0.1641690731048584 1500
0.16517305374145508 1500
0.16604208946228027 1500
0.16604208946228027 1500
0.1670839786529541 1500
0.1678299903869629 1500
0.16895198822021484 1500
0.16895198822021484 1500
0.1700420379638672 1500
0.17084598541259766 1500
0.17084598541259766 1500
0.17209696769714355 1500
0.17330694198608398 1500
0.17542004585266113 1500
0.17542004585266113 1500
0.17542004585266113 1500
0.1772899627685547 1500
0.1772899627685547 1500
0.1772899627685547 1500
0.17939090728759766 1500
0.17939090728759766 1500
0.17939090728759766 1500
0.18112993240356445 1500
0.18112993240356445 1500
0.18224310874938965 1500
0.18224310874938965 1500
0.18328595161437988 1500
0.1840970516204834 1500
0.1840970516204834 1500
0.18584108352661133 1500
0.18584108352661133 1500
0.18747591972351074 1500
0.18747591972351074 1500
0.18772506713867188 1500
0.18932294845581055 1500
0.1894209384918213 1500
0.18974089622497559 1500
0.19088006019592285 1500
0.19191908836364746 1500
0.19191908836364746 1500
0.19367599487304688 1500
0.19367599487304688 1500
0.1966090202331543 1500
0.1966090202331543 1500
0.1966090202331543 1500
0.19726991653442383 1500
0.19726991653442383 1500
0.19764304161071777 1500
0.19882893562316895 1500
0.19982695579528809 1500
0.19982695579528809 1500
0.20082306861877441 1500
0.20206999778747559 1500
0.20206999778747559 1500
0.2028360366821289 1500
0.2038440704345703 1500
0.20572400093078613 1500
0.20572400093078613 1500
0.20572400093078613 1500
0.20723199844360352 1500
0.20766711235046387 1500
0.20766711235046387 1500
0.20894503593444824 1500
0.20996904373168945 1500
0.20996904373168945 1500
0.21152091026306152 1500
0.2118830680847168 1500
0.21315598487854004 1500
0.21315598487854004 1500
0.21407794952392578 1500
0.21486401557922363 1500
0.21486401557922363 1500
0.21601200103759766 1500
0.21804308891296387 1500
0.21804308891296387 1500
0.21804308891296387 1500
0.21928191184997559 1500
0.21997404098510742 1500
0.22085309028625488 1500
0.22085309028625488 1500
0.2216649055480957 1500
0.2228260040283203 1500
0.2228260040283203 1500
0.22366094589233398 1500
0.2253260612487793 1500
0.2258899211883545 1500
0.2258899211883545 1500
0.22716498374938965 1500
0.22786688804626465 1500
0.22786688804626465 1500
0.22893691062927246 1500
0.22969698905944824 1500
0.2309129238128662 1500
0.2309129238128662 1500
0.23192191123962402 1500
0.23317408561706543 1500
0.23390603065490723 1500
0.23390603065490723 1500
0.23485803604125977 1500
0.2356700897216797 1500
0.2356700897216797 1500
0.236922025680542 1500
0.23780107498168945 1500
0.2387220859527588 1500
0.2387220859527588 1500
0.2398059368133545 1500
0.2421109676361084 1500
0.2421109676361084 1500
0.2421109676361084 1500
0.2435760498046875 1500
0.2436199188232422 1500
0.2436199188232422 1500
0.24561691284179688 1500
0.24603700637817383 1500
0.24729609489440918 1500
0.24729609489440918 1500
0.2478010654449463 1500
0.24904990196228027 1500
0.24904990196228027 1500
0.2501029968261719 1500
0.25104188919067383 1500
0.2519040107727051 1500
0.2519040107727051 1500
0.2528080940246582 1500
0.2538869380950928 1500
0.2538869380950928 1500
0.25493407249450684 1500
0.2560760974884033 1500
0.25690197944641113 1500
0.25690197944641113 1500
0.2580239772796631 1500
0.25893592834472656 1500
0.2598888874053955 1500
0.2598888874053955 1500
0.2609438896179199 1500
0.26195693016052246 1500
0.26195693016052246 1500
0.26302289962768555 1500
0.2637660503387451 1500
0.264941930770874 1500
0.2656378746032715 1500
0.2656378746032715 1500
0.26676297187805176 1500
0.2668790817260742 1500
0.26763200759887695 1500
0.26894092559814453 1500
0.26967906951904297 1500
0.26967906951904297 1500
0.27085304260253906 1500
0.27172207832336426 1500
0.272737979888916 1500
0.2727658748626709 1500
0.2743101119995117 1500
0.27504801750183105 1500
0.27516889572143555 1500
0.27577805519104004 1500
0.2767159938812256 1500
0.2778339385986328 1500
0.2778339385986328 1500
0.27921009063720703 1500
0.2801370620727539 1500
0.2801549434661865 1500
0.2806570529937744 1500
0.28169989585876465 1500
0.2828710079193115 1500
0.2828710079193115 1500
0.2850770950317383 1500
0.28522610664367676 1500
0.2861189842224121 1500
0.2861359119415283 1500
0.28683900833129883 1500
0.2879829406738281 1500
0.2879829406738281 1500
0.2891221046447754 1500
0.290010929107666 1500
0.29076290130615234 1500
0.29076290130615234 1500
0.29165101051330566 1500
0.29277491569519043 1500
0.29277491569519043 1500
0.2936539649963379 1500
0.2950749397277832 1500
0.29567790031433105 1500
0.29567790031433105 1500
0.29701995849609375 1500
0.2977640628814697 1500
0.2977640628814697 1500
0.29906392097473145 1500
0.2998359203338623 1500
0.30098605155944824 1500
0.30098605155944824 1500
0.30166196823120117 1500
0.30292391777038574 1500
0.30423808097839355 1500
0.30423808097839355 1500
0.3048439025878906 1500
0.3056480884552002 1500
0.3057680130004883 1500
0.30713605880737305 1500
0.30773496627807617 1500
0.30887699127197266 1500
0.30887699127197266 1500
0.3098900318145752 1500
0.3106999397277832 1500
0.3106999397277832 1500
0.31201601028442383 1500
0.3131730556488037 1500
0.3138449192047119 1500
0.3138449192047119 1500
0.3147299289703369 1500
0.3169569969177246 1500
0.3169569969177246 1500
0.3169569969177246 1500
0.3182399272918701 1500
0.31888508796691895 1500
0.31888508796691895 1500
0.3198831081390381 1500
0.3208301067352295 1500
0.3219730854034424 1500
0.3219730854034424 1500
0.3233180046081543 1500
0.32387590408325195 1500
0.32387590408325195 1500
0.32480597496032715 1500
0.32611608505249023 1500
0.32851409912109375 1500
0.32851409912109375 1500
0.32851409912109375 1500
0.32903289794921875 1500
0.32985806465148926 1500
0.3299560546875 1500
0.3311159610748291 1500
0.33197593688964844 1500
0.33197593688964844 1500
0.33295297622680664 1500
0.3337669372558594 1500
0.3347129821777344 1500
0.3347129821777344 1500
0.33588290214538574 1500
0.3381021022796631 1500
0.3381021022796631 1500
0.3381021022796631 1500
0.33878588676452637 1500
0.3399519920349121 1500
0.3399519920349121 1500
0.34131598472595215 1500
0.34201598167419434 1500
0.3433959484100342 1500
0.3433959484100342 1500
0.3439450263977051 1500
0.34477710723876953 1500
0.3448910713195801 1500
0.3456740379333496 1500
0.3483879566192627 1500
0.3483879566192627 1500
0.3483879566192627 1500
0.3488950729370117 1500
0.34967899322509766 1500
0.34967899322509766 1500
0.35174989700317383 1500
0.3528928756713867 1500
0.3528928756713867 1500
0.35294008255004883 1500
0.3539299964904785 1500
0.35539698600769043 1500
0.35598301887512207 1500
0.35598301887512207 1500
0.3571920394897461 1500
0.357896089553833 1500
0.357896089553833 1500
0.35919904708862305 1500
0.35985302925109863 1500
0.36128997802734375 1500
0.36128997802734375 1500
0.3617079257965088 1500
0.3631930351257324 1500
0.3631930351257324 1500
0.36383795738220215 1500
0.3649420738220215 1500
0.3658320903778076 1500
0.3658320903778076 1500
0.3671278953552246 1500
0.36784911155700684 1500
0.36924195289611816 1500
0.36924195289611816 1500
0.36986398696899414 1500
0.3710970878601074 1500
0.3710970878601074 1500
0.37205004692077637 1500
0.37285399436950684 1500
0.37412095069885254 1500
0.37412095069885254 1500
0.3748478889465332 1500
0.3760240077972412 1500
0.37615108489990234 1500
0.37699103355407715 1500
0.3781468868255615 1500
0.37878990173339844 1500
0.37878990173339844 1500
0.3811929225921631 1500
0.3811929225921631 1500
0.3822760581970215 1500
0.3822760581970215 1500
0.38265395164489746 1500
0.38419103622436523 1500
0.38419103622436523 1500
0.3848879337310791 1500
0.3861119747161865 1500
0.387005090713501 1500
0.387005090713501 1500
0.3878519535064697 1500
0.3890500068664551 1500
0.3890500068664551 1500
0.3908820152282715 1500
0.3908820152282715 1500
0.39203405380249023 1500
0.39203405380249023 1500
0.39282894134521484 1500
0.3940119743347168 1500
0.39530301094055176 1500
0.39530301094055176 1500
0.3958449363708496 1500
0.3976290225982666 1500
0.3976290225982666 1500
0.397860050201416 1500
0.3991971015930176 1500
0.39984989166259766 1500
0.39984989166259766 1500
0.4009420871734619 1500
0.40178608894348145 1500
0.40178608894348145 1500
0.40333008766174316 1500
0.4040389060974121 1500
0.405271053314209 1500
0.405271053314209 1500
0.4057919979095459 1500
0.4070720672607422 1500
0.40807294845581055 1500
0.40807294845581055 1500
0.40892791748046875 1500
0.4098939895629883 1500
0.4098939895629883 1500
0.4116249084472656 1500
0.4119739532470703 1500
0.41307806968688965 1500
0.41307806968688965 1500
0.4142129421234131 1500
0.4148590564727783 1500
0.4148590564727783 1500
0.4158010482788086 1500
0.41703200340270996 1500
0.4178168773651123 1500
0.4178168773651123 1500
0.4188499450683594 1500
0.4198169708251953 1500
0.42218899726867676 1500
0.42218899726867676 1500
0.422274112701416 1500
0.42290592193603516 1500
0.42290592193603516 1500
0.42369699478149414 1500
0.424807071685791 1500
0.42584991455078125 1500
0.42584991455078125 1500
0.42731404304504395 1500
0.42815709114074707 1500
0.42815709114074707 1500
0.42894792556762695 1500
0.4301419258117676 1500
0.43111205101013184 1500
0.43111205101013184 1500
0.4325098991394043 1500
0.4328489303588867 1500
0.4342010021209717 1500
0.4342010021209717 1500
0.43494200706481934 1500
0.436323881149292 1500
0.436323881149292 1500
0.43716907501220703 1500
0.43789005279541016 1500
0.4393301010131836 1500
0.4393301010131836 1500
0.44016098976135254 1500
0.4410250186920166 1500
0.4410250186920166 1500
0.4420468807220459 1500
0.4428849220275879 1500
0.4440009593963623 1500
0.4440009593963623 1500
0.4447970390319824 1500
0.4458010196685791 1500
0.44700098037719727 1500
0.44700098037719727 1500
0.44780397415161133 1500
0.4492480754852295 1500
0.4492480754852295 1500
0.4495968818664551 1500
0.45114707946777344 1500
0.4518270492553711 1500
0.4518270492553711 1500
0.45403599739074707 1500
0.45403599739074707 1500
0.45403599739074707 1500
0.454941987991333 1500
0.45601701736450195 1500
0.4568610191345215 1500
0.4568610191345215 1500
0.4578878879547119 1500
0.458820104598999 1500
0.4598970413208008 1500
0.4598970413208008 1500
0.4609520435333252 1500
0.46187901496887207 1500
0.46187901496887207 1500
0.4628610610961914 1500
0.46408796310424805 1500
0.4652290344238281 1500
0.4652290344238281 1500
0.4660210609436035 1500
0.4671950340270996 1500
0.4671950340270996 1500
0.4682619571685791 1500
0.4689509868621826 1500
0.47009706497192383 1500
0.47009706497192383 1500
0.47131800651550293 1500
0.47213006019592285 1500
0.47213006019592285 1500
0.47289299964904785 1500
0.47382402420043945 1500
0.47589993476867676 1500
0.47589993476867676 1500
0.47589993476867676 1500
0.47721099853515625 1500
0.47788500785827637 1500
0.47788500785827637 1500
0.4792819023132324 1500
0.4798610210418701 1500
0.4798610210418701 1500
0.4807250499725342 1500
0.4821329116821289 1500
0.48285388946533203 1500
0.48285388946533203 1500
0.48372387886047363 1500
0.4851210117340088 1500
0.4851210117340088 1500
0.4860050678253174 1500
0.4870750904083252 1500
0.48813700675964355 1500
0.48813700675964355 1500
0.48913097381591797 1500
0.48999500274658203 1500
0.49100804328918457 1500
0.49100804328918457 1500
0.49192094802856445 1500
0.4928860664367676 1500
0.4928860664367676 1500
0.49414610862731934 1500
0.4951798915863037 1500
0.4960319995880127 1500
0.4960319995880127 1500
0.49730706214904785 1500
0.49774789810180664 1500
0.49774789810180664 1500
0.49890899658203125 1500
0.49994993209838867 1500
0.5009150505065918 1500
