1049740
0.0 1460
0.0018589496612548828 1460
0.0018589496612548828 1460
0.004065990447998047 1460
0.005352020263671875 1460
0.008239030838012695 1460
0.008239030838012695 1460
0.01105189323425293 1460
0.01105189323425293 1460
0.013403892517089844 1460
0.014859914779663086 1460
0.017199993133544922 1460
0.017199993133544922 1460
0.019130945205688477 1460
0.019130945205688477 1460
0.023077011108398438 1460
0.023077011108398438 1460
0.025035858154296875 1460
0.026463031768798828 1460
0.02837681770324707 1460
0.02837681770324707 1460
0.030303001403808594 1460
0.030720949172973633 1460
0.03255295753479004 1460
0.03255295753479004 1460
0.03640389442443848 1460
0.03640389442443848 1460
0.04020881652832031 1460
0.04020881652832031 1460
0.04416799545288086 1460
0.04416799545288086 1460
0.04604196548461914 1460
0.04604196548461914 1460
0.04788494110107422 1460
0.04939985275268555 1460
0.04939985275268555 1460
0.051748037338256836 1460
0.051748037338256836 1460
0.05376696586608887 1460
0.05376696586608887 1460
0.05733084678649902 1460
0.05733084678649902 1460
0.06118202209472656 1460
0.06118202209472656 1460
0.06469583511352539 1460
0.06469583511352539 1460
0.06886482238769531 1460
0.06886482238769531 1460
0.0723569393157959 1460
0.0723569393157959 1460
0.07502985000610352 1460
0.07622504234313965 1460
0.07851290702819824 1460
0.07851290702819824 1460
0.08034586906433105 1460
0.08034586906433105 1460
0.08188700675964355 1460
0.08224797248840332 1460
0.08380484580993652 1460
0.08414888381958008 1460
0.08802390098571777 1460
0.08802390098571777 1460
0.09002900123596191 1460
0.09143400192260742 1460
0.0919179916381836 1460
0.0919179916381836 1460
0.09376883506774902 1460
0.09376883506774902 1460
0.09574699401855469 1460
0.09574699401855469 1460
0.09760189056396484 1460
0.09760189056396484 1460
0.10105180740356445 1460
0.10105180740356445 1460
0.10302996635437012 1460
0.1034858226776123 1460
0.10493803024291992 1460
0.10725784301757812 1460
0.10876083374023438 1460
0.10927486419677734 1460
0.11067390441894531 1460
0.11067390441894531 1460
0.1125788688659668 1460
0.1125788688659668 1460
0.1168069839477539 1460
0.1168069839477539 1460
0.1183469295501709 1460
0.1183469295501709 1460
0.11876988410949707 1460
0.12029004096984863 1460
0.12247300148010254 1460
0.12247300148010254 1460
0.12407398223876953 1460
0.1244649887084961 1460
0.12792491912841797 1460
0.12792491912841797 1460
0.1317729949951172 1460
0.1322929859161377 1460
0.1340959072113037 1460
0.13599300384521484 1460
0.13599300384521484 1460
0.13749384880065918 1460
0.13749384880065918 1460
0.1394188404083252 1460
0.1394188404083252 1460
0.14179587364196777 1460
0.14179587364196777 1460
0.14324092864990234 1460
0.14361882209777832 1460
0.14566493034362793 1460
0.14566493034362793 1460
0.14747381210327148 1460
0.14747381210327148 1460
0.1493358612060547 1460
0.1493358612060547 1460
0.15287995338439941 1460
0.15331101417541504 1460
0.15484380722045898 1460
0.15484380722045898 1460
0.15736794471740723 1460
0.15736794471740723 1460
0.15736794471740723 1460
0.15736794471740723 1460
0.1593940258026123 1460
0.16054487228393555 1460
0.16054487228393555 1460
0.16434502601623535 1460
0.16434502601623535 1460
0.16673493385314941 1460
0.16673493385314941 1460
0.40064382553100586 1460
0.40064382553100586 1460
0.4018118381500244 1460
0.4018118381500244 1460
0.40965986251831055 1460
0.40965986251831055 1460
0.411052942276001 1460
0.41750383377075195 1460
0.4192838668823242 1460
0.4192838668823242 1460
0.4269719123840332 1460
0.4269719123840332 1460
0.42864394187927246 1460
0.4291050434112549 1460
0.4303708076477051 1460
0.44232988357543945 1460
0.44379091262817383 1460
0.44379091262817383 1460
0.44379091262817383 1460
0.44379091262817383 1460
0.44379091262817383 1460
0.44379091262817383 1460
0.44379091262817383 1460
0.4441709518432617 1460
0.4441709518432617 1460
0.4441709518432617 1460
0.46747493743896484 1460
0.46747493743896484 1460
0.46747493743896484 1460
0.46747493743896484 1460
0.46747493743896484 1460
0.46747493743896484 1460
0.46747493743896484 1460
0.46747493743896484 1460
0.46747493743896484 1460
0.46747493743896484 1460
0.46747493743896484 1460
0.4802210330963135 1460
0.48056793212890625 1460
0.48056793212890625 1460
0.48056793212890625 1460
0.48056793212890625 1460
0.48056793212890625 1460
0.48056793212890625 1460
0.48056793212890625 1460
0.4807100296020508 1460
0.4807100296020508 1460
0.4821138381958008 1460
0.7535369396209717 1460
0.7570559978485107 1460
0.7570559978485107 1460
0.7570559978485107 1460
0.7570559978485107 1460
0.7570559978485107 1460
0.7570559978485107 1460
0.7570559978485107 1460
0.7570559978485107 1460
0.7570559978485107 1460
0.7651278972625732 1460
0.7670438289642334 1460
0.7674708366394043 1460
0.769385814666748 1460
0.7720739841461182 1460
0.7735178470611572 1460
0.7750020027160645 1460
0.7769238948822021 1460
0.7773189544677734 1460
0.7792088985443115 1460
0.7807610034942627 1460
0.7826600074768066 1460
0.7830808162689209 1460
1.0163350105285645 1460
1.0163350105285645 1460
1.0174729824066162 1460
2.842744827270508 1460
2.917235851287842 1460
2.917541027069092 1460
2.9191548824310303 1460
2.9191548824310303 1460
2.9445459842681885 1460
2.9464449882507324 1460
2.9464449882507324 1460
2.9478728771209717 1460
2.9789178371429443 1460
2.9804680347442627 1460
2.9808850288391113 1460
2.982921838760376 1460
3.0078020095825195 1460
3.0096888542175293 1460
3.013805866241455 1460
3.040818929672241 1460
3.040818929672241 1460
3.042356014251709 1460
3.053865909576416 1460
3.063488006591797 1460
3.063488006591797 1460
3.068704843521118 1460
3.08257794380188 1460
3.0903849601745605 1460
3.0903849601745605 1460
3.0921878814697266 1460
3.1040070056915283 1460
3.1157259941101074 1460
3.1157259941101074 1460
3.12078595161438 1460
3.12078595161438 1460
3.1214568614959717 1460
3.1214568614959717 1460
3.122365951538086 1460
3.122365951538086 1460
3.12992787361145 1460
3.12992787361145 1460
3.12992787361145 1460
3.12992787361145 1460
3.1362240314483643 1460
3.1362240314483643 1460
3.1368749141693115 1460
3.1368749141693115 1460
3.141005039215088 1460
3.141005039215088 1460
3.141427993774414 1460
3.141427993774414 1460
3.1430089473724365 1460
3.146840810775757 1460
3.146840810775757 1460
3.146840810775757 1460
3.146840810775757 1460
3.146840810775757 1460
3.146840810775757 1460
3.1473889350891113 1460
3.1473889350891113 1460
3.1479969024658203 1460
3.1479969024658203 1460
3.1479969024658203 1460
3.1479969024658203 1460
3.151305913925171 1460
3.151305913925171 1460
3.1531009674072266 1460
3.1531009674072266 1460
3.1531009674072266 1460
3.1535048484802246 1460
3.1535048484802246 1460
3.1535048484802246 1460
3.1535048484802246 1460
3.1554670333862305 1460
3.1573848724365234 1460
3.1607038974761963 1460
3.1607038974761963 1460
3.164583921432495 1460
3.1649789810180664 1460
3.1669318675994873 1460
3.168444871902466 1460
3.1688430309295654 1460
3.1726598739624023 1460
3.1741878986358643 1460
3.1745808124542236 1460
3.1779959201812744 1460
3.1779959201812744 1460
3.1841578483581543 1460
3.1841578483581543 1460
3.186110019683838 1460
3.1876280307769775 1460
3.1914520263671875 1460
3.1914520263671875 1460
3.193372964859009 1460
3.193372964859009 1460
3.1952500343322754 1460
3.1956748962402344 1460
3.1956748962402344 1460
3.1956748962402344 1460
3.1995298862457275 1460
3.1995298862457275 1460
3.202986001968384 1460
3.203488826751709 1460
3.2049100399017334 1460
3.2110140323638916 1460
3.2110140323638916 1460
3.2144358158111572 1460
3.21486496925354 1460
3.2168338298797607 1460
3.218271017074585 1460
3.222795009613037 1460
3.222795009613037 1460
3.2244508266448975 1460
3.225916862487793 1460
3.226322889328003 1460
3.227839946746826 1460
3.227839946746826 1460
3.2299628257751465 1460
3.2316958904266357 1460
3.2316958904266357 1460
3.2340028285980225 1460
3.2374939918518066 1460
3.238003969192505 1460
3.245482921600342 1460
3.245482921600342 1460
3.2474188804626465 1460
3.2474188804626465 1460
3.248955011367798 1460
3.248955011367798 1460
3.2508490085601807 1460
3.2512550354003906 1460
3.2528300285339355 1460
3.2532899379730225 1460
3.2551469802856445 1460
3.2551469802856445 1460
3.2570760250091553 1460
3.2570760250091553 1460
3.2589609622955322 1460
3.2589609622955322 1460
3.262509822845459 1460
3.262509822845459 1460
3.2642629146575928 1460
3.2646968364715576 1460
3.266183853149414 1460
3.2665979862213135 1460
3.27007794380188 1460
3.270763874053955 1460
3.271988868713379 1460
3.271988868713379 1460
3.275787830352783 1460
3.2762069702148438 1460
3.2781009674072266 1460
3.2781009674072266 1460
3.2819149494171143 1460
3.2819149494171143 1460
3.283874988555908 1460
3.285362958908081 1460
3.287832021713257 1460
3.287832021713257 1460
3.2911648750305176 1460
3.2911648750305176 1460
3.291510820388794 1460
3.2930338382720947 1460
3.2949578762054443 1460
3.2949578762054443 1460
3.2953789234161377 1460
3.2968668937683105 1460
3.298820972442627 1460
3.299203872680664 1460
3.299203872680664 1460
3.3012168407440186 1460
3.3026340007781982 1460
3.3026340007781982 1460
3.3048758506774902 1460
3.3056509494781494 1460
3.306903839111328 1460
3.306903839111328 1460
3.3084449768066406 1460
3.3088648319244385 1460
3.310299873352051 1460
3.3107190132141113 1460
3.314539909362793 1460
3.314539909362793 1460
3.314539909362793 1460
3.314539909362793 1460
3.3149988651275635 1460
3.3149988651275635 1460
3.316476821899414 1460
3.316476821899414 1460
3.3179588317871094 1460
3.3179588317871094 1460
3.3202860355377197 1460
3.322211980819702 1460
3.323767900466919 1460
3.3256518840789795 1460
3.3260538578033447 1460
3.327972888946533 1460
3.327972888946533 1460
3.329896926879883 1460
3.329896926879883 1460
3.333324909210205 1460
3.333324909210205 1460
3.3355729579925537 1460
3.3359148502349854 1460
3.3391029834747314 1460
3.3391029834747314 1460
3.341398000717163 1460
3.341398000717163 1460
3.343336820602417 1460
3.343336820602417 1460
3.3448610305786133 1460
3.3452398777008057 1460
3.346738815307617 1460
3.347144842147827 1460
3.348690986633301 1460
3.348690986633301 1460
3.3509929180145264 1460
3.3509929180145264 1460
3.3525259494781494 1460
3.3525259494781494 1460
3.352979898452759 1460
3.352979898452759 1460
3.3544938564300537 1460
3.3544938564300537 1460
3.354995012283325 1460
3.3563809394836426 1460
3.3568429946899414 1460
3.3568429946899414 1460
3.358633041381836 1460
3.358633041381836 1460
3.3625149726867676 1460
3.3625149726867676 1460
3.365919828414917 1460
3.365919828414917 1460
3.3682408332824707 1460
3.3682408332824707 1460
3.371703863143921 1460
3.371703863143921 1460
3.372161865234375 1460
3.373654842376709 1460
3.373654842376709 1460
3.3755300045013428 1460
3.3755300045013428 1460
3.37601900100708 1460
3.3779709339141846 1460
3.3779709339141846 1460
3.3779709339141846 1460
3.379361867904663 1460
3.379361867904663 1460
3.3832108974456787 1460
3.3832108974456787 1460
3.383594036102295 1460
3.3851308822631836 1460
3.387727975845337 1460
3.387727975845337 1460
3.392788887023926 1460
3.392788887023926 1460
3.393143892288208 1460
3.3946878910064697 1460
3.396656036376953 1460
3.396656036376953 1460
3.398568868637085 1460
3.398568868637085 1460
3.400486946105957 1460
3.401010036468506 1460
3.401010036468506 1460
3.401010036468506 1460
3.404309034347534 1460
3.4047648906707764 1460
3.408578872680664 1460
3.408578872680664 1460
3.408578872680664 1460
3.408578872680664 1460
3.410552978515625 1460
3.411963939666748 1460
3.412415027618408 1460
3.414172887802124 1460
3.416210889816284 1460
3.416210889816284 1460
3.4201090335845947 1460
3.4201090335845947 1460
3.4201090335845947 1460
3.4201090335845947 1460
3.4234778881073 1460
3.4239139556884766 1460
3.429168939590454 1460
3.429168939590454 1460
3.4295778274536133 1460
3.431090831756592 1460
3.4348459243774414 1460
3.4348459243774414 1460
3.435487985610962 1460
3.435487985610962 1460
3.4368889331817627 1460
3.437356948852539 1460
3.437356948852539 1460
3.437356948852539 1460
3.4388959407806396 1460
3.439682960510254 1460
3.441088914871216 1460
3.441088914871216 1460
3.4429938793182373 1460
3.4429938793182373 1460
3.446861982345581 1460
3.448401927947998 1460
3.448767900466919 1460
3.4503018856048584 1460
3.454174041748047 1460
3.454174041748047 1460
3.454824924468994 1460
3.456439971923828 1460
3.456439971923828 1460
3.460256814956665 1460
3.460256814956665 1460
3.462214946746826 1460
3.462214946746826 1460
3.464171886444092 1460
3.4656078815460205 1460
3.467510938644409 1460
3.46793794631958 1460
3.46793794631958 1460
3.469451904296875 1460
3.469960927963257 1460
3.47141695022583 1460
3.473282814025879 1460
3.4737048149108887 1460
3.4737048149108887 1460
3.47563099861145 1460
3.47563099861145 1460
3.4775288105010986 1460
3.4775288105010986 1460
3.4794728755950928 1460
3.4794728755950928 1460
3.481606960296631 1460
3.482851982116699 1460
3.4832639694213867 1460
3.4847970008850098 1460
3.4871208667755127 1460
3.4886820316314697 1460
3.4886820316314697 1460
3.4886820316314697 1460
3.4905829429626465 1460
3.4905829429626465 1460
3.492465019226074 1460
3.4928998947143555 1460
3.4944000244140625 1460
3.4944000244140625 1460
3.49482798576355 1460
3.496690034866333 1460
3.496690034866333 1460
3.496690034866333 1460
3.498631000518799 1460
3.5001649856567383 1460
3.5005760192871094 1460
3.5005760192871094 1460
3.5024478435516357 1460
3.5024478435516357 1460
3.504511833190918 1460
3.506229877471924 1460
3.506229877471924 1460
3.5066778659820557 1460
3.509788990020752 1460
3.5102379322052 1460
3.5102379322052 1460
3.5102379322052 1460
3.512025833129883 1460
3.512025833129883 1460
3.5139758586883545 1460
3.5139758586883545 1460
3.515856981277466 1460
3.516242027282715 1460
3.5180768966674805 1460
3.5180768966674805 1460
3.5192878246307373 1460
3.5197999477386475 1460
3.5197999477386475 1460
3.5236449241638184 1460
3.5250840187072754 1460
3.5308358669281006 1460
3.5308358669281006 1460
3.5330939292907715 1460
3.5330939292907715 1460
3.5346360206604004 1460
3.535061836242676 1460
3.5366928577423096 1460
3.537075996398926 1460
3.538522958755493 1460
3.538522958755493 1460
3.5408058166503906 1460
3.5408058166503906 1460
3.5427439212799072 1460
3.5427439212799072 1460
3.546841859817505 1460
3.5480549335479736 1460
3.548480987548828 1460
3.548480987548828 1460
3.549975872039795 1460
3.549975872039795 1460
3.5503828525543213 1460
3.5522618293762207 1460
3.5522618293762207 1460
3.55389404296875 1460
3.55389404296875 1460
3.5581560134887695 1460
3.5581560134887695 1460
3.559875965118408 1460
3.560420036315918 1460
3.5619189739227295 1460
3.5638129711151123 1460
3.5638129711151123 1460
3.565742015838623 1460
3.567662000656128 1460
3.5699310302734375 1460
3.5699310302734375 1460
3.573045015335083 1460
3.575330972671509 1460
3.576849937438965 1460
3.5772979259490967 1460
3.578760862350464 1460
3.579171895980835 1460
3.579171895980835 1460
3.581066846847534 1460
3.581066846847534 1460
3.5825939178466797 1460
3.5825939178466797 1460
3.5825939178466797 1460
3.5864758491516113 1460
3.5864758491516113 1460
3.5869388580322266 1460
3.5869388580322266 1460
3.588773012161255 1460
3.590265989303589 1460
3.5906519889831543 1460
3.592200994491577 1460
3.592559814453125 1460
3.592559814453125 1460
3.596000909805298 1460
3.596437931060791 1460
3.6001999378204346 1460
3.6001999378204346 1460
3.601732015609741 1460
3.601732015609741 1460
3.6021409034729004 1460
3.6021409034729004 1460
3.6021409034729004 1460
3.603747844696045 1460
3.6043429374694824 1460
3.6043429374694824 1460
3.607494831085205 1460
3.607494831085205 1460
3.607947826385498 1460
3.607947826385498 1460
3.6094348430633545 1460
3.6094348430633545 1460
3.611339807510376 1460
3.6117618083953857 1460
3.6132419109344482 1460
3.6136398315429688 1460
3.6151599884033203 1460
3.6151599884033203 1460
3.615556001663208 1460
3.6170668601989746 1460
3.617460012435913 1460
3.617460012435913 1460
3.619668960571289 1460
3.620961904525757 1460
3.6237668991088867 1460
3.6237668991088867 1460
3.625332832336426 1460
3.625332832336426 1460
3.626727819442749 1460
3.626727819442749 1460
3.629009962081909 1460
3.629009962081909 1460
3.6308770179748535 1460
3.6308770179748535 1460
3.632416009902954 1460
3.632416009902954 1460
3.6347389221191406 1460
3.6347389221191406 1460
3.63673996925354 1460
3.63673996925354 1460
3.6389529705047607 1460
3.6389529705047607 1460
3.6389529705047607 1460
3.6389529705047607 1460
3.6412479877471924 1460
3.6412479877471924 1460
3.643960952758789 1460
3.643960952758789 1460
3.644347906112671 1460
3.644347906112671 1460
3.6463139057159424 1460
3.6463139057159424 1460
3.648138999938965 1460
3.649690866470337 1460
3.649690866470337 1460
3.6501169204711914 1460
3.6515908241271973 1460
3.6554830074310303 1460
3.6554830074310303 1460
3.65736985206604 1460
3.65736985206604 1460
3.6593289375305176 1460
3.6597158908843994 1460
3.6597158908843994 1460
3.6634788513183594 1460
3.6634788513183594 1460
3.665057897567749 1460
3.665057897567749 1460
3.6654648780822754 1460
3.6654648780822754 1460
3.6669228076934814 1460
3.6673269271850586 1460
3.6688449382781982 1460
3.6688449382781982 1460
3.673105001449585 1460
3.673105001449585 1460
