1049740
0.0 1460
9.5367431640625e-07 1460
9.5367431640625e-07 1460
1.9073486328125e-06 1460
2.86102294921875e-06 1460
2.86102294921875e-06 1460
3.814697265625e-06 1460
5.9604644775390625e-06 1460
6.9141387939453125e-06 1460
6.9141387939453125e-06 1460
7.867813110351562e-06 1460
7.867813110351562e-06 1460
7.867813110351562e-06 1460
0.0019428730010986328 1460
0.001943826675415039 1460
0.001943826675415039 1460
0.001943826675415039 1460
0.0019450187683105469 1460
0.0019450187683105469 1460
0.0019459724426269531 1460
0.0019459724426269531 1460
0.0019469261169433594 1460
0.0019469261169433594 1460
0.0019478797912597656 1460
0.0019478797912597656 1460
0.0019478797912597656 1460
0.0019488334655761719 1460
0.0019488334655761719 1460
0.0019488334655761719 1460
0.003815889358520508 1460
0.003816843032836914 1460
0.003816843032836914 1460
0.003818035125732422 1460
0.003818035125732422 1460
0.003818988800048828 1460
0.003818988800048828 1460
0.0038199424743652344 1460
0.0038199424743652344 1460
0.0038199424743652344 1460
0.0038208961486816406 1460
0.0038208961486816406 1460
0.003821849822998047 1460
0.003821849822998047 1460
0.0038230419158935547 1460
0.0038230419158935547 1460
0.0057179927825927734 1460
0.00571894645690918 1460
0.00571894645690918 1460
0.005719900131225586 1460
0.005719900131225586 1460
0.005719900131225586 1460
0.005720853805541992 1460
0.005722999572753906 1460
0.005722999572753906 1460
0.0057239532470703125 1460
0.0057239532470703125 1460
0.0057239532470703125 1460
0.007421016693115234 1460
0.007421970367431641 1460
0.007421970367431641 1460
0.007422924041748047 1460
0.007422924041748047 1460
0.007423877716064453 1460
0.007423877716064453 1460
0.007424831390380859 1460
0.007424831390380859 1460
0.007424831390380859 1460
0.007426023483276367 1460
0.007426023483276367 1460
0.0074269771575927734 1460
0.0074269771575927734 1460
0.00742793083190918 1460
0.00742793083190918 1460
0.008580923080444336 1460
0.008581876754760742 1460
0.008581876754760742 1460
0.008582830429077148 1460
0.008582830429077148 1460
0.008582830429077148 1460
0.008584022521972656 1460
0.008584022521972656 1460
0.010524988174438477 1460
0.010524988174438477 1460
0.010525941848754883 1460
0.010526895523071289 1460
0.010526895523071289 1460
0.010526895523071289 1460
0.010527849197387695 1460
0.010527849197387695 1460
0.010529041290283203 1460
0.010529041290283203 1460
0.010529041290283203 1460
0.01052999496459961 1460
0.01052999496459961 1460
0.012225866317749023 1460
0.012225866317749023 1460
0.012225866317749023 1460
0.01222681999206543 1460
0.01222681999206543 1460
0.01222681999206543 1460
0.012228012084960938 1460
0.012228012084960938 1460
0.012228965759277344 1460
0.012228965759277344 1460
0.01222991943359375 1460
0.01222991943359375 1460
0.020048856735229492 1460
0.020048856735229492 1460
0.09435892105102539 1460
0.09435892105102539 1460
0.0943598747253418 1460
0.0943598747253418 1460
0.0943608283996582 1460
0.0943608283996582 1460
0.09436202049255371 1460
0.09436202049255371 1460
0.09436297416687012 1460
0.09436297416687012 1460
0.09436297416687012 1460
0.09436392784118652 1460
0.09436392784118652 1460
0.09436392784118652 1460
0.09436488151550293 1460
0.09436488151550293 1460
0.09617781639099121 1460
0.09617900848388672 1460
0.09617900848388672 1460
0.09617996215820312 1460
0.09617996215820312 1460
0.09617996215820312 1460
0.09618091583251953 1460
0.09618091583251953 1460
0.09618091583251953 1460
0.09618186950683594 1460
0.09618186950683594 1460
0.09618282318115234 1460
0.09618282318115234 1460
0.09618282318115234 1460
0.09618401527404785 1460
0.09618401527404785 1460
0.09807181358337402 1460
0.09807181358337402 1460
0.09807300567626953 1460
0.09807300567626953 1460
0.09807395935058594 1460
0.09807395935058594 1460
0.09807491302490234 1460
0.09807491302490234 1460
0.09807491302490234 1460
0.09807586669921875 1460
0.09807586669921875 1460
0.09807682037353516 1460
0.09807682037353516 1460
0.09807682037353516 1460
0.09807801246643066 1460
0.09807801246643066 1460
0.10006403923034668 1460
0.10006499290466309 1460
0.10006499290466309 1460
0.10006594657897949 1460
0.10006594657897949 1460
0.10006594657897949 1460
0.1000669002532959 1460
0.1000669002532959 1460
0.1000669002532959 1460
0.1000678539276123 1460
0.1000678539276123 1460
0.10006904602050781 1460
0.10006904602050781 1460
0.10006904602050781 1460
0.10180902481079102 1460
0.10180997848510742 1460
0.10180997848510742 1460
0.10180997848510742 1460
0.10181093215942383 1460
0.10181093215942383 1460
0.10181188583374023 1460
0.10181188583374023 1460
0.10181283950805664 1460
0.10181283950805664 1460
0.10181283950805664 1460
0.10181403160095215 1460
0.10181403160095215 1460
0.10181403160095215 1460
0.10382699966430664 1460
0.10382795333862305 1460
0.10382795333862305 1460
0.10382795333862305 1460
0.10382890701293945 1460
0.10382890701293945 1460
0.10382890701293945 1460
0.10382986068725586 1460
0.10382986068725586 1460
0.10382986068725586 1460
0.10383081436157227 1460
0.10383081436157227 1460
0.10383081436157227 1460
0.10421299934387207 1460
0.10421299934387207 1460
0.10421395301818848 1460
0.10421395301818848 1460
0.10584592819213867 1460
0.10584592819213867 1460
0.10584592819213867 1460
0.10584688186645508 1460
0.10584688186645508 1460
0.10584688186645508 1460
0.10584783554077148 1460
0.10584783554077148 1460
0.10584783554077148 1460
0.10584902763366699 1460
0.10584902763366699 1460
0.1058499813079834 1460
0.1058499813079834 1460
0.10776090621948242 1460
0.10776090621948242 1460
0.10776090621948242 1460
0.10776185989379883 1460
0.10776185989379883 1460
0.10776185989379883 1460
0.10776281356811523 1460
0.10776281356811523 1460
0.10776400566101074 1460
0.10776400566101074 1460
0.10776400566101074 1460
0.10776400566101074 1460
0.10776495933532715 1460
0.10776495933532715 1460
0.10949182510375977 1460
0.10949301719665527 1460
0.10949301719665527 1460
0.10949397087097168 1460
0.10949397087097168 1460
0.10949492454528809 1460
0.10949587821960449 1460
0.10949587821960449 1460
0.10949587821960449 1460
0.1094968318939209 1460
0.10949993133544922 1460
0.10949993133544922 1460
0.11148285865783691 1460
0.11148381233215332 1460
0.11148381233215332 1460
0.11148500442504883 1460
0.11148595809936523 1460
0.11148691177368164 1460
0.11148691177368164 1460
0.11148786544799805 1460
0.11148786544799805 1460
0.11148881912231445 1460
0.11148881912231445 1460
0.11148881912231445 1460
0.11149001121520996 1460
0.11149001121520996 1460
0.11149001121520996 1460
0.11149096488952637 1460
0.11339783668518066 1460
0.11339783668518066 1460
0.11339902877807617 1460
0.11339902877807617 1460
0.11339998245239258 1460
0.11339998245239258 1460
0.12119793891906738 1460
0.12119889259338379 1460
0.1211998462677002 1460
0.19388985633850098 1460
0.19388985633850098 1460
0.19389081001281738 1460
0.19389081001281738 1460
0.1938920021057129 1460
0.1938920021057129 1460
0.1938920021057129 1460
0.1938929557800293 1460
0.1938929557800293 1460
0.1938939094543457 1460
0.1938939094543457 1460
0.1938948631286621 1460
0.19606781005859375 1460
0.19606900215148926 1460
0.19606995582580566 1460
0.19607090950012207 1460
0.19607090950012207 1460
0.19607186317443848 1460
0.19607281684875488 1460
0.19607281684875488 1460
0.1960740089416504 1460
0.1960749626159668 1460
0.1960749626159668 1460
0.1960759162902832 1460
0.1960759162902832 1460
0.1960768699645996 1460
0.1960768699645996 1460
0.19607782363891602 1460
0.19750404357910156 1460
0.19750404357910156 1460
0.19750499725341797 1460
0.1975078582763672 1460
0.1975088119506836 1460
0.1975100040435791 1460
0.1975100040435791 1460
0.1975109577178955 1460
0.1975109577178955 1460
0.19751191139221191 1460
0.19751286506652832 1460
0.19751286506652832 1460
0.19751381874084473 1460
0.19751381874084473 1460
0.19945788383483887 1460
0.19945883750915527 1460
0.19945883750915527 1460
0.1994609832763672 1460
0.1994619369506836 1460
0.1994619369506836 1460
0.199462890625 1460
0.19946503639221191 1460
0.19946503639221191 1460
0.19946599006652832 1460
0.19946599006652832 1460
0.19946694374084473 1460
0.19946694374084473 1460
0.19946789741516113 1460
0.20157790184020996 1460
0.20157885551452637 1460
0.20157885551452637 1460
0.20158004760742188 1460
0.20158100128173828 1460
0.20158100128173828 1460
0.2015819549560547 1460
0.2015819549560547 1460
0.2015829086303711 1460
0.2015829086303711 1460
0.2015838623046875 1460
0.2015838623046875 1460
0.2015838623046875 1460
0.2015848159790039 1460
0.2015848159790039 1460
0.20158696174621582 1460
0.20363092422485352 1460
0.20363187789916992 1460
0.20363283157348633 1460
0.20363283157348633 1460
0.20363283157348633 1460
0.20363497734069824 1460
0.20363497734069824 1460
0.20363593101501465 1460
0.20363593101501465 1460
0.20363688468933105 1460
0.20363688468933105 1460
0.20363688468933105 1460
0.20363783836364746 1460
0.20363783836364746 1460
0.20552897453308105 1460
0.20552992820739746 1460
0.20552992820739746 1460
0.20553088188171387 1460
0.20553088188171387 1460
0.20553183555603027 1460
0.20553183555603027 1460
0.2055339813232422 1460
0.2055339813232422 1460
0.2055349349975586 1460
0.2055349349975586 1460
0.205535888671875 1460
0.205535888671875 1460
0.2055368423461914 1460
0.20744681358337402 1460
0.20744800567626953 1460
0.20744895935058594 1460
0.20744991302490234 1460
0.20744991302490234 1460
0.20745086669921875 1460
0.20745182037353516 1460
0.20745491981506348 1460
0.20745491981506348 1460
0.20745587348937988 1460
0.2074568271636963 1460
0.2074568271636963 1460
0.2090909481048584 1460
0.2090919017791748 1460
0.2090919017791748 1460
0.2090928554534912 1460
0.2090928554534912 1460
0.2090928554534912 1460
0.20909404754638672 1460
0.20909500122070312 1460
0.20909690856933594 1460
0.20909786224365234 1460
0.20909786224365234 1460
0.20909881591796875 1460
0.20909881591796875 1460
0.20910000801086426 1460
0.20910191535949707 1460
0.20910286903381348 1460
0.21117186546325684 1460
0.21117281913757324 1460
0.21117281913757324 1460
0.21117401123046875 1460
0.21117401123046875 1460
0.2111809253692627 1460
0.21320581436157227 1460
0.21320700645446777 1460
0.21320700645446777 1460
0.21320700645446777 1460
0.21320796012878418 1460
0.21320796012878418 1460
0.21320891380310059 1460
0.21320891380310059 1460
0.213209867477417 1460
0.213209867477417 1460
0.2132108211517334 1460
0.2132108211517334 1460
0.2132108211517334 1460
0.2132120132446289 1460
0.2132120132446289 1460
0.21519804000854492 1460
0.21704387664794922 1460
0.21704483032226562 1460
0.21704483032226562 1460
0.21704602241516113 1460
0.21704697608947754 1460
0.22264790534973145 1460
0.22264790534973145 1460
0.22264790534973145 1460
0.2945988178253174 1460
0.2945988178253174 1460
0.2945988178253174 1460
0.2946000099182129 1460
0.2946000099182129 1460
0.2946009635925293 1460
0.2946009635925293 1460
0.2946019172668457 1460
0.2946019172668457 1460
0.2965660095214844 1460
0.2965660095214844 1460
0.2965679168701172 1460
0.2965688705444336 1460
0.2965688705444336 1460
0.29656982421875 1460
0.29656982421875 1460
0.2965710163116455 1460
0.2965710163116455 1460
0.2965719699859619 1460
0.2965719699859619 1460
0.2965729236602783 1460
0.2965729236602783 1460
0.2965738773345947 1460
0.2983889579772949 1460
0.29838991165161133 1460
0.29838991165161133 1460
0.29839086532592773 1460
0.29839301109313965 1460
0.29839301109313965 1460
0.29839396476745605 1460
0.29839396476745605 1460
0.29839491844177246 1460
0.29839491844177246 1460
0.29839587211608887 1460
0.29839587211608887 1460
0.2983968257904053 1460
0.2983968257904053 1460
0.3006298542022705 1460
0.300631046295166 1460
0.300631046295166 1460
0.3006319999694824 1460
0.3006319999694824 1460
0.30063295364379883 1460
0.30063390731811523 1460
0.30063486099243164 1460
0.30063486099243164 1460
0.30063581466674805 1460
0.30063700675964355 1460
0.30063700675964355 1460
0.30063796043395996 1460
0.30063891410827637 1460
0.30063891410827637 1460
0.3006398677825928 1460
0.30228281021118164 1460
0.30228400230407715 1460
0.30228495597839355 1460
0.30228495597839355 1460
0.30228590965270996 1460
0.30228590965270996 1460
0.30228686332702637 1460
0.30228686332702637 1460
0.3022878170013428 1460
0.3022878170013428 1460
0.3022890090942383 1460
0.3022890090942383 1460
0.3022899627685547 1460
0.3022899627685547 1460
0.30426692962646484 1460
0.30426692962646484 1460
0.30426788330078125 1460
0.30426788330078125 1460
0.30427002906799316 1460
0.30427002906799316 1460
0.30427098274230957 1460
0.30427098274230957 1460
0.30427098274230957 1460
0.304271936416626 1460
0.304271936416626 1460
0.3042728900909424 1460
0.3042728900909424 1460
0.3042738437652588 1460
0.3061249256134033 1460
0.3061249256134033 1460
0.3061258792877197 1460
0.3061258792877197 1460
0.30612802505493164 1460
0.30612897872924805 1460
0.30612897872924805 1460
0.30612993240356445 1460
0.30612993240356445 1460
0.30613088607788086 1460
0.30613088607788086 1460
0.30613183975219727 1460
0.3079710006713867 1460
0.3079710006713867 1460
0.3079719543457031 1460
0.30797290802001953 1460
0.30797290802001953 1460
0.30797386169433594 1460
0.30797481536865234 1460
0.30797481536865234 1460
0.30797600746154785 1460
0.30797600746154785 1460
0.30797696113586426 1460
0.30797791481018066 1460
0.30797886848449707 1460
0.30797886848449707 1460
0.3079798221588135 1460
0.307981014251709 1460
0.31003785133361816 1460
0.31003904342651367 1460
0.3100399971008301 1460
0.3100399971008301 1460
0.3100399971008301 1460
0.3100409507751465 1460
0.3100409507751465 1460
0.3100419044494629 1460
0.3100428581237793 1460
0.3100428581237793 1460
0.3100438117980957 1460
0.3100438117980957 1460
0.3100438117980957 1460
0.3100450038909912 1460
0.3100450038909912 1460
0.3100459575653076 1460
0.31210899353027344 1460
0.31210994720458984 1460
0.312114953994751 1460
0.3121159076690674 1460
0.3121159076690674 1460
0.3121168613433838 1460
0.31368088722229004 1460
0.31368088722229004 1460
0.31461286544799805 1460
0.31461286544799805 1460
0.31461381912231445 1460
0.3146350383758545 1460
0.3146359920501709 1460
0.3146369457244873 1460
0.3166658878326416 1460
0.316666841506958 1460
0.3166680335998535 1460
0.3166680335998535 1460
0.3166689872741699 1460
0.3166689872741699 1460
0.31666994094848633 1460
0.31666994094848633 1460
0.31667089462280273 1460
0.31667184829711914 1460
0.31849193572998047 1460
0.3184928894042969 1460
0.3184928894042969 1460
0.3184938430786133 1460
0.3184938430786133 1460
0.3184950351715088 1460
0.3264029026031494 1460
0.3264029026031494 1460
0.32640600204467773 1460
0.39293503761291504 1460
0.39293599128723145 1460
0.39293599128723145 1460
0.39510083198547363 1460
0.39510202407836914 1460
0.39510202407836914 1460
0.39510297775268555 1460
0.39510297775268555 1460
0.39510393142700195 1460
0.39510488510131836 1460
0.3951070308685303 1460
0.3951070308685303 1460
0.3951079845428467 1460
0.3951079845428467 1460
0.3951089382171631 1460
0.39703893661499023 1460
0.39703989028930664 1460
0.39703989028930664 1460
0.39704084396362305 1460
0.39704203605651855 1460
0.39704203605651855 1460
0.39704298973083496 1460
0.39704394340515137 1460
0.39704394340515137 1460
0.3970458507537842 1460
0.3970470428466797 1460
0.3970470428466797 1460
0.3970479965209961 1460
0.3970489501953125 1460
0.398792028427124 1460
0.39879298210144043 1460
0.39879488945007324 1460
0.39879488945007324 1460
0.39879584312438965 1460
0.39879703521728516 1460
0.39879798889160156 1460
0.39879798889160156 1460
0.39879894256591797 1460
0.3987998962402344 1460
0.3987998962402344 1460
0.3988008499145508 1460
0.3988020420074463 1460
0.3988020420074463 1460
0.3988029956817627 1460
0.3988039493560791 1460
0.4010589122772217 1460
0.4010598659515381 1460
0.4010598659515381 1460
0.4010608196258545 1460
0.40106201171875 1460
0.40106201171875 1460
0.4010629653930664 1460
0.4010629653930664 1460
0.4010648727416992 1460
0.4010648727416992 1460
0.4010658264160156 1460
0.40106701850891113 1460
0.40106701850891113 1460
0.40106797218322754 1460
0.40263795852661133 1460
0.40263891220092773 1460
0.40263986587524414 1460
0.40264081954956055 1460
0.40264081954956055 1460
0.40264201164245605 1460
0.40264201164245605 1460
0.40264296531677246 1460
0.4026470184326172 1460
0.4026470184326172 1460
0.4026479721069336 1460
0.40264892578125 1460
0.40471696853637695 1460
0.40471792221069336 1460
0.40471792221069336 1460
0.40471887588500977 1460
0.40471982955932617 1460
0.40471982955932617 1460
0.4047210216522217 1460
0.4047210216522217 1460
0.4047219753265381 1460
0.4047229290008545 1460
0.4047229290008545 1460
0.4047238826751709 1460
0.4047238826751709 1460
0.4047248363494873 1460
0.4047248363494873 1460
0.4047260284423828 1460
0.4067049026489258 1460
0.4067058563232422 1460
0.4067070484161377 1460
0.4067070484161377 1460
0.4067080020904541 1460
0.4067080020904541 1460
0.4067089557647705 1460
0.4067089557647705 1460
0.4067099094390869 1460
0.4067108631134033 1460
0.4067108631134033 1460
0.4067118167877197 1460
0.4067118167877197 1460
0.40671300888061523 1460
0.40671300888061523 1460
0.40671396255493164 1460
0.4085550308227539 1460
0.4085559844970703 1460
0.4085559844970703 1460
0.4085569381713867 1460
0.4085569381713867 1460
0.4085578918457031 1460
0.4100949764251709 1460
0.4100959300994873 1460
0.4100968837738037 1460
0.4100968837738037 1460
0.4100978374481201 1460
0.4100978374481201 1460
0.4100990295410156 1460
0.41009998321533203 1460
0.41009998321533203 1460
0.41010093688964844 1460
0.41010189056396484 1460
0.41010189056396484 1460
0.41010284423828125 1460
0.41010284423828125 1460
0.41010403633117676 1460
0.41010403633117676 1460
0.4110589027404785 1460
0.41254496574401855 1460
0.41254496574401855 1460
0.41254591941833496 1460
0.41254591941833496 1460
0.41254687309265137 1460
0.41401195526123047 1460
0.4140129089355469 1460
0.41620898246765137 1460
0.41620898246765137 1460
0.4162099361419678 1460
0.4162108898162842 1460
0.4162118434906006 1460
