1009076
0.0 1452
0.020503997802734375 1452
0.020503997802734375 1452
0.020962953567504883 1452
0.020962953567504883 1452
0.020962953567504883 1452
0.020962953567504883 1452
0.02143096923828125 1452
0.02143096923828125 1452
0.02143096923828125 1452
0.02143096923828125 1452
0.021921873092651367 1452
0.04155588150024414 1452
0.04155588150024414 1452
0.04155588150024414 1452
0.04155588150024414 1452
0.04213285446166992 1452
0.04251980781555176 1452
0.04251980781555176 1452
0.04251980781555176 1452
0.042877912521362305 1452
0.042877912521362305 1452
0.042877912521362305 1452
0.04322195053100586 1452
0.04322195053100586 1452
0.04322195053100586 1452
0.043591976165771484 1452
0.043591976165771484 1452
0.043591976165771484 1452
0.04393482208251953 1452
0.04433584213256836 1452
0.04433584213256836 1452
0.04598498344421387 1452
0.06220698356628418 1452
0.06220698356628418 1452
0.06265592575073242 1452
0.06265592575073242 1452
0.0631258487701416 1452
0.0631258487701416 1452
0.0635828971862793 1452
0.0635828971862793 1452
0.06444096565246582 1452
0.06444096565246582 1452
0.06483983993530273 1452
0.06483983993530273 1452
0.06483983993530273 1452
0.0651710033416748 1452
0.06554388999938965 1452
0.06554388999938965 1452
0.0659189224243164 1452
0.06630182266235352 1452
0.06630182266235352 1452
0.06668281555175781 1452
0.06668281555175781 1452
0.06668281555175781 1452
0.06668281555175781 1452
0.06705284118652344 1452
0.06705284118652344 1452
0.06705284118652344 1452
0.06743788719177246 1452
0.0678110122680664 1452
0.06857085227966309 1452
0.06857085227966309 1452
0.08279085159301758 1452
0.08279085159301758 1452
0.08279085159301758 1452
0.08326292037963867 1452
0.0835578441619873 1452
0.08404684066772461 1452
0.08404684066772461 1452
0.08404684066772461 1452
0.0845038890838623 1452
0.0845038890838623 1452
0.0845038890838623 1452
0.08490586280822754 1452
0.08490586280822754 1452
0.08540487289428711 1452
0.08540487289428711 1452
0.08540487289428711 1452
0.08540487289428711 1452
0.08585000038146973 1452
0.08585000038146973 1452
0.08623480796813965 1452
0.08672094345092773 1452
0.08672094345092773 1452
0.08719182014465332 1452
0.08719182014465332 1452
0.08719182014465332 1452
0.08766794204711914 1452
0.08766794204711914 1452
0.08815693855285645 1452
0.08815693855285645 1452
0.08815693855285645 1452
0.08815693855285645 1452
0.08850693702697754 1452
0.08850693702697754 1452
0.08850693702697754 1452
0.08891701698303223 1452
0.08891701698303223 1452
0.08891701698303223 1452
0.08936882019042969 1452
0.08936882019042969 1452
0.08936882019042969 1452
0.08986401557922363 1452
0.08986401557922363 1452
0.10331892967224121 1452
0.10331892967224121 1452
0.1037909984588623 1452
0.1037909984588623 1452
0.10467100143432617 1452
0.10467100143432617 1452
0.10467100143432617 1452
0.10512900352478027 1452
0.10512900352478027 1452
0.10560488700866699 1452
0.10560488700866699 1452
0.10605692863464355 1452
0.10605692863464355 1452
0.10605692863464355 1452
0.10650801658630371 1452
0.10650801658630371 1452
0.10738182067871094 1452
0.10738182067871094 1452
0.1083979606628418 1452
0.1083979606628418 1452
0.10910797119140625 1452
0.10910797119140625 1452
0.10910797119140625 1452
0.10910797119140625 1452
0.10910797119140625 1452
0.11013102531433105 1452
0.11013102531433105 1452
0.11013102531433105 1452
0.11013102531433105 1452
0.11013102531433105 1452
0.11013102531433105 1452
0.11041784286499023 1452
0.11041784286499023 1452
0.11041784286499023 1452
0.11086893081665039 1452
0.12413287162780762 1452
0.12527704238891602 1452
0.12527704238891602 1316
0.36686182022094727 40
0.8314189910888672 40
1.7406959533691406 40
2.4275879859924316 1452
2.428623914718628 1452
2.428623914718628 1452
2.428623914718628 1452
2.428623914718628 1452
2.428623914718628 1452
2.428623914718628 1452
2.428623914718628 1452
2.428623914718628 1452
2.428623914718628 1452
2.428623914718628 1452
2.429327964782715 1452
2.429327964782715 1452
2.429327964782715 1452
2.429327964782715 1452
2.429327964782715 1452
2.429327964782715 1452
2.429744005203247 1452
2.429744005203247 1452
2.4300498962402344 1452
2.4300498962402344 1452
2.4300498962402344 1452
2.4300498962402344 1452
2.430414915084839 1452
2.430414915084839 1452
2.430414915084839 1452
2.4493448734283447 1452
2.4493448734283447 1452
2.4493448734283447 1452
2.4493448734283447 1452
2.449877977371216 1452
2.449877977371216 1452
2.449877977371216 1452
2.449877977371216 1452
2.449877977371216 176
2.4503839015960693 1452
2.4503839015960693 1452
2.4503839015960693 1452
2.4503839015960693 1452
2.4509220123291016 1452
2.4509220123291016 1452
2.4509220123291016 1452
2.4509220123291016 1452
2.4509220123291016 1452
2.4512979984283447 1452
2.4512979984283447 1452
2.4512979984283447 1452
2.4518468379974365 1452
2.4518468379974365 1452
2.4518468379974365 1452
2.4518468379974365 1452
2.4518468379974365 1452
2.452399969100952 1452
2.469820022583008 1452
2.470288038253784 1452
2.470288038253784 1452
2.470288038253784 1452
2.470288038253784 1452
2.470768928527832 1452
2.470768928527832 1452
2.470768928527832 1452
2.470768928527832 1452
2.4712448120117188 1452
2.4712448120117188 1452
2.4712448120117188 1452
2.4712448120117188 1452
2.471724033355713 1452
2.471724033355713 1452
2.471724033355713 1452
2.471724033355713 1452
2.472193956375122 1452
2.472193956375122 1452
2.472193956375122 1452
2.472193956375122 1452
2.4726779460906982 1452
2.4726779460906982 1452
2.4726779460906982 1452
2.4726779460906982 1452
2.473222017288208 1452
2.473222017288208 1452
2.473222017288208 1452
2.473222017288208 1452
2.490464925765991 1452
2.490978956222534 1452
2.490978956222534 1452
2.490978956222534 1452
2.490978956222534 1452
2.4915499687194824 1452
2.4915499687194824 1452
2.4915499687194824 1452
2.4920408725738525 1452
2.4920408725738525 1452
2.4920408725738525 1452
2.4920408725738525 1452
2.4920408725738525 1452
2.4924349784851074 1452
2.4924349784851074 1452
2.4924349784851074 1452
2.4927709102630615 1452
2.4927709102630615 1452
2.4927709102630615 1452
2.4931559562683105 1452
2.4931559562683105 1452
2.4931559562683105 1452
2.4935059547424316 1452
2.4935059547424316 1452
2.4935059547424316 1452
2.4938910007476807 1452
2.4938910007476807 1452
2.4942898750305176 1452
2.4942898750305176 1452
2.5112438201904297 1452
2.5112438201904297 1452
2.511538028717041 1452
2.511538028717041 1452
2.511932849884033 1452
2.511932849884033 1452
2.5123109817504883 1452
2.5123109817504883 1452
2.512692928314209 1452
2.512692928314209 1452
2.512692928314209 1452
2.513047933578491 1452
2.513047933578491 1452
2.513047933578491 1452
2.5133819580078125 1452
2.5133819580078125 1452
2.5133819580078125 1452
2.513725996017456 1452
2.513725996017456 1452
2.513725996017456 1452
2.514075994491577 1452
2.514075994491577 1452
2.514075994491577 1452
2.5144569873809814 1452
2.5144569873809814 1452
2.5144569873809814 1452
2.514835834503174 1452
2.514835834503174 1452
2.514835834503174 1452
2.5152289867401123 1452
2.5318989753723145 1452
2.5318989753723145 1452
2.532233953475952 1452
2.532233953475952 1452
2.5326948165893555 1452
2.5326948165893555 1452
2.5326948165893555 1452
2.533108949661255 1452
2.5333850383758545 1452
2.5333850383758545 1452
2.5333850383758545 1452
2.5338499546051025 1452
2.5338499546051025 1452
2.5338499546051025 1452
2.5338499546051025 1452
2.5343308448791504 1452
2.5343308448791504 1452
2.5343308448791504 1452
2.5343308448791504 1452
2.5348060131073 1452
2.5348060131073 1452
2.5348060131073 1452
2.5352818965911865 1452
2.5352818965911865 1452
2.5352818965911865 1452
2.5357608795166016 1452
2.5357608795166016 1452
2.5357608795166016 1452
2.5357608795166016 1452
2.536262035369873 1452
2.5525078773498535 1452
2.5525078773498535 1452
2.55297589302063 1452
2.55297589302063 1452
2.5534720420837402 1452
2.5534720420837402 1452
2.5534720420837402 1452
2.5539369583129883 1452
2.5539369583129883 1452
2.5539369583129883 1452
2.5544309616088867 1452
2.5544309616088867 1452
2.5549328327178955 1452
2.5549328327178955 1452
2.556382894515991 1452
2.556382894515991 1256
2.797482967376709 40
3.260802984237671 40
4.166575908660889 40
5.958469867706299 40
9.52287483215332 40
11.429849863052368 1452
11.429849863052368 1452
11.429849863052368 1452
11.430284023284912 1452
11.430284023284912 1452
11.430284023284912 1452
11.430717945098877 1452
11.430717945098877 1452
11.430717945098877 1452
11.430717945098877 1452
11.431084871292114 1452
11.431084871292114 1452
11.431084871292114 1452
11.43150782585144 1452
11.43150782585144 1452
11.43150782585144 1452
11.43150782585144 1452
11.431946039199829 1452
11.431946039199829 1452
11.431946039199829 1452
11.432382822036743 1452
11.432382822036743 1452
11.432382822036743 1452
11.432382822036743 1452
11.432811975479126 1452
11.432811975479126 1452
11.432811975479126 1452
11.432811975479126 1452
11.433180809020996 1452
11.433180809020996 1452
11.45039987564087 1452
11.45039987564087 1452
11.45076584815979 1452
11.45076584815979 1452
11.451145887374878 1452
11.451145887374878 1452
11.451145887374878 1452
11.451522827148438 1452
11.451522827148438 1452
11.451887845993042 1452
11.451887845993042 1452
11.451887845993042 1452
11.451887845993042 236
11.451887845993042 1452
11.452275037765503 1452
11.452275037765503 1452
11.452275037765503 1452
11.452615976333618 1452
11.452615976333618 1452
11.452615976333618 1452
11.453001022338867 1452
11.453001022338867 1452
11.453001022338867 1452
11.45358395576477 1452
11.45358395576477 1452
11.45358395576477 1452
11.45358395576477 1452
11.45358395576477 1452
11.453792810440063 1452
11.453792810440063 1452
11.454270839691162 1452
11.471146821975708 1452
11.471146821975708 1452
11.471494913101196 1452
11.471494913101196 1452
11.47182297706604 1452
11.47182297706604 1452
11.47182297706604 1452
11.472163915634155 1452
11.472548007965088 1452
11.472548007965088 1452
11.472548007965088 1452
11.472930908203125 1452
11.472930908203125 1452
11.472930908203125 1452
11.473307847976685 1452
11.473307847976685 1452
11.473307847976685 1452
11.473691940307617 1452
11.473691940307617 1452
11.473691940307617 1452
11.47407603263855 1452
11.47407603263855 1452
11.47407603263855 1452
11.47445797920227 1452
11.47445797920227 1452
11.47445797920227 1452
11.47445797920227 1452
11.47484302520752 1452
11.47484302520752 1452
11.47484302520752 1452
11.492115020751953 1452
11.492115020751953 1452
11.492115020751953 1452
11.492115020751953 1452
11.492291927337646 1452
11.492291927337646 1452
11.492486953735352 1452
11.492872953414917 1452
11.492872953414917 1452
11.493247032165527 1452
11.493247032165527 1452
11.493247032165527 1452
11.493629932403564 1452
11.493629932403564 1452
11.494000911712646 1452
11.494000911712646 1452
11.494000911712646 1452
11.494000911712646 1452
11.494382858276367 1452
11.494382858276367 1452
11.49479603767395 1452
11.49479603767395 1452
11.49479603767395 1452
11.49524188041687 1452
11.49524188041687 1452
11.49524188041687 1452
11.49524188041687 1452
11.495698928833008 1452
11.495698928833008 1452
11.495698928833008 1452
11.512640953063965 1452
11.512640953063965 1452
11.513177871704102 1452
11.513177871704102 1452
11.513177871704102 1452
11.513177871704102 1452
11.513701915740967 1452
11.513701915740967 1452
11.513701915740967 1452
11.513701915740967 1452
11.51421594619751 1452
11.51421594619751 1452
11.51421594619751 1452
11.51421594619751 1452
11.51466703414917 1452
11.51466703414917 1452
11.51466703414917 1452
11.515197992324829 1452
11.515197992324829 1452
11.515197992324829 1452
11.515728950500488 1452
11.515728950500488 1452
11.515728950500488 1452
11.515728950500488 1452
11.516855001449585 1452
11.516855001449585 1452
11.516855001449585 1452
11.517233848571777 1452
11.517233848571777 1452
11.517233848571777 1452
11.533123970031738 1452
11.533123970031738 1452
11.533658981323242 1452
11.534124851226807 1452
11.534124851226807 1452
11.534124851226807 1452
11.534124851226807 1452
11.534663915634155 1452
11.534663915634155 1452
11.534663915634155 1452
11.534663915634155 1452
11.535037994384766 1452
11.535037994384766 1452
11.535037994384766 1452
11.535446882247925 1452
11.535446882247925 1452
11.535446882247925 1452
11.535446882247925 1452
11.535790920257568 1452
11.535790920257568 1452
11.536198854446411 1452
11.536561012268066 1452
11.536561012268066 1452
11.536561012268066 1452
11.537386894226074 1452
11.537386894226074 1452
11.537868022918701 1452
11.537868022918701 1452
11.537868022918701 1452
11.538405895233154 1452
11.554402828216553 1452
11.554402828216553 1452
11.554402828216553 1452
11.554402828216553 1452
11.55476689338684 1452
11.55476689338684 1452
11.55476689338684 1452
11.55512285232544 1452
11.55512285232544 1452
11.555507898330688 1452
11.555507898330688 1452
11.555507898330688 1452
11.555958032608032 1452
11.555958032608032 1452
11.555958032608032 1452
11.555958032608032 1452
11.556442975997925 1452
11.556442975997925 1452
11.556442975997925 1452
11.556442975997925 1452
11.556900978088379 1452
11.556900978088379 1452
11.557356834411621 1452
11.557356834411621 1452
11.557356834411621 1452
11.558341026306152 1452
11.558341026306152 1452
11.558341026306152 1452
11.558341026306152 1452
11.558796882629395 1452
11.558796882629395 1452
11.574828863143921 1452
11.575363874435425 1452
11.575363874435425 1452
11.575363874435425 1452
11.575363874435425 1452
11.575709819793701 1452
11.575709819793701 1452
11.575709819793701 1452
11.576239824295044 1452
11.576239824295044 1452
11.576239824295044 1452
11.576239824295044 1452
11.576611995697021 1452
11.576611995697021 1452
11.576611995697021 1452
11.577148914337158 1452
11.577148914337158 1452
11.577148914337158 1452
11.577148914337158 1452
11.577148914337158 1452
11.577661037445068 1452
11.577661037445068 1452
11.577661037445068 1452
11.578168869018555 1452
11.578168869018555 1452
11.579238891601562 1452
11.579238891601562 1452
11.579238891601562 1452
11.5796799659729 1452
11.5796799659729 1452
11.5796799659729 1452
11.595983028411865 1452
11.595983028411865 1452
11.596284866333008 1452
11.596284866333008 1452
11.596284866333008 1452
11.596643924713135 1452
11.596643924713135 1452
11.596643924713135 1452
11.596995830535889 1452
11.596995830535889 1452
11.597330808639526 1452
11.597330808639526 1452
11.597330808639526 1452
11.597677946090698 1452
11.597677946090698 1452
11.597677946090698 1452
11.598023891448975 1452
11.598023891448975 1452
11.598023891448975 1452
11.598389863967896 1452
11.598389863967896 1452
11.598389863967896 1452
11.598716974258423 1452
11.598716974258423 1452
11.598716974258423 1452
11.59909200668335 1452
11.599879026412964 1452
11.599879026412964 1452
11.60022497177124 1452
11.600581884384155 1452
11.600581884384155 1452
11.600581884384155 1452
11.617235898971558 1452
11.617235898971558 1452
11.617763042449951 1452
11.617763042449951 1452
11.617763042449951 1452
11.617763042449951 1452
11.618342876434326 1452
11.618342876434326 1452
11.618342876434326 1452
11.618342876434326 1452
11.618342876434326 1452
11.61868691444397 1452
11.61868691444397 1452
11.61868691444397 1452
11.619210004806519 1452
11.619210004806519 1452
11.619210004806519 1452
11.619210004806519 1452
11.619623899459839 1452
11.619623899459839 1452
11.619623899459839 1452
11.619623899459839 1452
11.619985818862915 1452
11.619985818862915 1452
11.62035584449768 1452
11.620721817016602 1452
11.620721817016602 1452
11.620721817016602 1452
11.621125936508179 1452
11.621125936508179 1452
11.621493816375732 1452
11.621493816375732 1452
11.637966871261597 1452
11.637966871261597 1452
11.63833999633789 1452
11.63833999633789 1452
11.63878083229065 1452
11.63878083229065 1452
11.639057874679565 1452
11.639057874679565 1452
11.639057874679565 1452
11.639405012130737 1452
11.639405012130737 1452
11.640537023544312 1452
11.640537023544312 1452
11.640537023544312 1452
11.640537023544312 1452
11.640537023544312 1452
11.640537023544312 1452
11.640537023544312 1452
11.640537023544312 1452
11.640537023544312 1452
11.640885829925537 1452
11.640885829925537 1452
11.640885829925537 1452
11.64128303527832 1452
11.64128303527832 1452
11.64128303527832 1452
11.64128303527832 1452
11.641654014587402 1452
11.641654014587402 1452
11.641654014587402 1452
11.642141819000244 1452
11.642637014389038 1452
11.658736944198608 1452
11.658736944198608 1452
11.659193992614746 1452
11.659193992614746 1452
11.659193992614746 1452
11.659600973129272 1452
11.659600973129272 1452
11.66007685661316 1452
11.66007685661316 1452
11.66007685661316 1452
11.661336898803711 1452
11.661336898803711 1452
11.661336898803711 1452
11.661796808242798 1452
11.661796808242798 1452
11.661796808242798 1452
11.661796808242798 1452
11.662268877029419 1452
11.662268877029419 1452
11.662268877029419 1452
11.662268877029419 1452
11.662660837173462 1452
11.662660837173462 1452
11.662660837173462 1452
11.6631178855896 1452
11.6631178855896 1452
11.6631178855896 1452
11.6631178855896 988
