1050000
0.0 1500
0.0005860328674316406 1500
0.0019021034240722656 1500
0.0019021034240722656 1500
0.002768993377685547 1500
0.003939151763916016 1500
0.0048182010650634766 1500
0.0048182010650634766 1500
0.005970001220703125 1500
0.007099151611328125 1500
0.007784128189086914 1500
0.007784128189086914 1500
0.008769035339355469 1500
0.009735107421875 1500
0.009735107421875 1500
0.01076507568359375 1500
0.011907100677490234 1500
0.012801170349121094 1500
0.012801170349121094 1500
0.013995170593261719 1500
0.014732122421264648 1500
0.014732122421264648 1500
0.01566004753112793 1500
0.016648054122924805 1500
0.01815319061279297 1500
0.01815319061279297 1500
0.01882004737854004 1500
0.019924163818359375 1500
0.020792007446289062 1500
0.020792007446289062 1500
0.022269010543823242 1500
0.02291703224182129 1500
0.02291703224182129 1500
0.024049997329711914 1500
0.02474212646484375 1500
0.025780200958251953 1500
0.025780200958251953 1500
0.02673196792602539 1500
0.027862071990966797 1500
0.027862071990966797 1500
0.028809070587158203 1500
0.03004002571105957 1500
0.03111720085144043 1500
0.03111720085144043 1500
0.031857967376708984 1500
0.03301405906677246 1500
0.033614158630371094 1500
0.033614158630371094 1500
0.03453803062438965 1500
0.03589200973510742 1500
0.03589200973510742 1500
0.03669118881225586 1500
0.03776407241821289 1500
0.03881096839904785 1500
0.03890109062194824 1500
0.040611982345581055 1500
0.04082798957824707 1500
0.04082798957824707 1500
0.04261898994445801 1500
0.04261898994445801 1500
0.043740034103393555 1500
0.043740034103393555 1500
0.0449681282043457 1500
0.0456850528717041 1500
0.0456850528717041 1500
0.04697299003601074 1500
0.047660112380981445 1500
0.049035072326660156 1500
0.049035072326660156 1500
0.04970717430114746 1500
0.05069398880004883 1500
0.0518491268157959 1500
0.0518491268157959 1500
0.05306220054626465 1500
0.05376100540161133 1500
0.05376100540161133 1500
0.054911136627197266 1500
0.05579400062561035 1500
0.05695605278015137 1500
0.05695605278015137 1500
0.057761192321777344 1500
0.05885720252990723 1500
0.05885720252990723 1500
0.06006503105163574 1500
0.06102705001831055 1500
0.0617060661315918 1500
0.0617060661315918 1500
0.06303215026855469 1500
0.06366109848022461 1500
0.06503510475158691 1500
0.06503510475158691 1500
0.06575608253479004 1500
0.06824803352355957 1500
0.06824803352355957 1500
0.06824803352355957 1500
0.06889820098876953 1500
0.06967997550964355 1500
0.06967997550964355 1500
0.07098817825317383 1500
0.07180905342102051 1500
0.07180905342102051 1500
0.07306504249572754 1500
0.07380318641662598 1500
0.07474803924560547 1500
0.07474803924560547 1500
0.07592511177062988 1500
0.07682418823242188 1500
0.07789111137390137 1500
0.07789111137390137 1500
0.07996797561645508 1500
0.07996797561645508 1500
0.07996797561645508 1500
0.0807490348815918 1500
0.08226609230041504 1500
0.08304905891418457 1500
0.08304905891418457 1500
0.08415102958679199 1500
0.08491015434265137 1500
0.08491015434265137 1500
0.08571219444274902 1500
0.08705806732177734 1500
0.08790016174316406 1500
0.08790016174316406 1500
0.08908510208129883 1500
0.08985304832458496 1500
0.09238219261169434 1500
0.09238219261169434 1500
0.09238219261169434 1500
0.09341001510620117 1500
0.09341001510620117 1500
0.09371113777160645 1500
0.0948951244354248 1500
0.09597516059875488 1500
0.09597516059875488 1500
0.09702205657958984 1500
0.09771513938903809 1500
0.09771513938903809 1500
0.09890198707580566 1500
0.09989118576049805 1500
0.10095000267028809 1500
0.10095000267028809 1500
0.10185599327087402 1500
0.10404801368713379 1500
0.10404801368713379 1500
0.10404801368713379 1500
0.1049811840057373 1500
0.10572218894958496 1500
0.10572218894958496 1500
0.1069481372833252 1500
0.10773706436157227 1500
0.10904407501220703 1500
0.10904407501220703 1500
0.10968017578125 1500
0.11161303520202637 1500
0.11161303520202637 1500
0.11161303520202637 1500
0.1128389835357666 1500
0.11385798454284668 1500
0.11385798454284668 1500
0.11488699913024902 1500
0.11568903923034668 1500
0.11709713935852051 1500
0.11709713935852051 1500
0.11778616905212402 1500
0.1187131404876709 1500
0.11884498596191406 1500
0.11992001533508301 1500
0.12070298194885254 1500
0.12165498733520508 1500
0.12165498733520508 1500
0.12285017967224121 1500
0.12380814552307129 1500
0.12380814552307129 1500
0.12456011772155762 1500
0.1257472038269043 1500
0.12683510780334473 1500
0.12683510780334473 1500
0.12779903411865234 1500
0.12891912460327148 1500
0.12953400611877441 1500
0.12953400611877441 1500
0.13086605072021484 1500
0.13178706169128418 1500
0.13178706169128418 1500
0.13358497619628906 1500
0.13386297225952148 1500
0.1350080966949463 1500
0.1350080966949463 1500
0.1357431411743164 1500
0.1370539665222168 1500
0.1370539665222168 1500
0.1379070281982422 1500
0.1386890411376953 1500
0.1397261619567871 1500
0.1397261619567871 1500
0.14072918891906738 1500
0.14194202423095703 1500
0.14258313179016113 1500
0.14258313179016113 1500
0.14390015602111816 1500
0.1447770595550537 1500
0.1447770595550537 1500
0.14581608772277832 1500
0.14658713340759277 1500
0.14761805534362793 1500
0.14761805534362793 1500
0.14866018295288086 1500
0.15032005310058594 1500
0.15032005310058594 1500
0.15048599243164062 1500
0.15214204788208008 1500
0.1529531478881836 1500
0.1529531478881836 1500
0.1538410186767578 1500
0.1549210548400879 1500
0.15616798400878906 1500
0.15616798400878906 1500
0.15741705894470215 1500
0.15776419639587402 1500
0.15776419639587402 1500
0.15882015228271484 1500
0.15995502471923828 1500
0.16092205047607422 1500
0.16092205047607422 1500
0.16191816329956055 1500
0.16282916069030762 1500
0.16282916069030762 1500
0.16361117362976074 1500
0.16512107849121094 1500
0.1660289764404297 1500
0.1660289764404297 1500
0.16703009605407715 1500
0.16787004470825195 1500
0.16878700256347656 1500
0.16878700256347656 1500
0.1696619987487793 1500
0.1709270477294922 1500
0.1709270477294922 1500
0.17159509658813477 1500
0.1728041172027588 1500
0.17394399642944336 1500
0.17394399642944336 1500
0.17473816871643066 1500
0.17589402198791504 1500
0.17589402198791504 1500
0.17677903175354004 1500
0.17799115180969238 1500
0.17882013320922852 1500
0.17882013320922852 1500
0.17969298362731934 1500
0.18068408966064453 1500
0.1818990707397461 1500
0.1818990707397461 1500
0.18282103538513184 1500
0.1838669776916504 1500
0.1838669776916504 1500
0.1847519874572754 1500
0.18587613105773926 1500
0.18679213523864746 1500
0.18679213523864746 1500
0.18781399726867676 1500
0.18930912017822266 1500
0.18930912017822266 1500
0.18994712829589844 1500
0.19086813926696777 1500
0.19181203842163086 1500
0.19181203842163086 1500
0.19285202026367188 1500
0.1938471794128418 1500
0.1959831714630127 1500
0.1959831714630127 1500
0.1959831714630127 1500
0.1966850757598877 1500
0.1966850757598877 1500
0.19788599014282227 1500
0.1988520622253418 1500
0.19961905479431152 1500
0.19961905479431152 1500
0.20078802108764648 1500
0.2017381191253662 1500
0.2017381191253662 1500
0.2028670310974121 1500
0.20392608642578125 1500
0.20483803749084473 1500
0.20483803749084473 1500
0.20603513717651367 1500
0.20684003829956055 1500
0.2088000774383545 1500
0.2088000774383545 1500
0.2088000774383545 1500
0.20993399620056152 1500
0.20993399620056152 1500
0.2110450267791748 1500
0.21179819107055664 1500
0.21299409866333008 1500
0.21299409866333008 1500
0.21386218070983887 1500
0.2149801254272461 1500
0.2149801254272461 1500
0.2159121036529541 1500
0.21666502952575684 1500
0.21779417991638184 1500
0.21779417991638184 1500
0.21869611740112305 1500
0.2199101448059082 1500
0.2199101448059082 1500
0.2207021713256836 1500
0.22174596786499023 1500
0.22284412384033203 1500
0.22284412384033203 1500
0.22365212440490723 1500
0.22469401359558105 1500
0.2257540225982666 1500
0.2257540225982666 1500
0.2269880771636963 1500
0.2276010513305664 1500
0.2276010513305664 1500
0.2286381721496582 1500
0.22985100746154785 1500
0.23055005073547363 1500
0.23055005073547363 1500
0.23183703422546387 1500
0.23276519775390625 1500
0.23276519775390625 1500
0.23484110832214355 1500
0.23486900329589844 1500
0.23595619201660156 1500
0.23595619201660156 1500
0.23673105239868164 1500
0.23771309852600098 1500
0.23883819580078125 1500
0.23883819580078125 1500
0.23979496955871582 1500
0.24075698852539062 1500
0.24075698852539062 1500
0.2418050765991211 1500
0.2429649829864502 1500
0.24392318725585938 1500
0.24392318725585938 1500
0.24495816230773926 1500
0.24579811096191406 1500
0.24691319465637207 1500
0.24702119827270508 1500
0.2478339672088623 1500
0.2488861083984375 1500
0.2488861083984375 1500
0.2501800060272217 1500
0.25069713592529297 1500
0.2518610954284668 1500
0.2518610954284668 1500
0.2527780532836914 1500
0.25397205352783203 1500
0.25397205352783203 1500
0.2548081874847412 1500
0.25600504875183105 1500
0.2567100524902344 1500
0.2567100524902344 1500
0.2578589916229248 1500
0.2588350772857666 1500
0.2588350772857666 1500
0.25972414016723633 1500
0.26099419593811035 1500
0.261821985244751 1500
0.261821985244751 1500
0.26273512840270996 1500
0.2634890079498291 1500
0.26477909088134766 1500
0.26477909088134766 1500
0.26558804512023926 1500
0.2667851448059082 1500
0.2668170928955078 1500
0.26782917976379395 1500
0.2689321041107178 1500
0.26952505111694336 1500
0.2695441246032715 1500
0.27073001861572266 1500
0.2716660499572754 1500
0.2716660499572754 1500
0.2728900909423828 1500
0.27370405197143555 1500
0.27477002143859863 1500
0.27477002143859863 1500
0.27581310272216797 1500
0.27671217918395996 1500
0.2779660224914551 1500
0.2779660224914551 1500
0.2788381576538086 1500
0.2800719738006592 1500
0.2800719738006592 1500
0.2805750370025635 1500
0.2817850112915039 1500
0.2827341556549072 1500
0.28277015686035156 1500
0.2845931053161621 1500
0.2845931053161621 1500
0.2846391201019287 1500
0.2865021228790283 1500
0.28655409812927246 1500
0.28772401809692383 1500
0.28772401809692383 1500
0.2888171672821045 1500
0.289776086807251 1500
0.2907390594482422 1500
0.2907390594482422 1500
0.29190707206726074 1500
0.29274415969848633 1500
0.29274415969848633 1500
0.29385900497436523 1500
0.29478001594543457 1500
0.29584217071533203 1500
0.29584217071533203 1500
0.29686498641967773 1500
0.29782915115356445 1500
0.29782915115356445 1500
0.2987480163574219 1500
0.2995171546936035 1500
0.30092906951904297 1500
0.30092906951904297 1500
0.3018829822540283 1500
0.3028090000152588 1500
0.3037550449371338 1500
0.30387401580810547 1500
0.30472517013549805 1500
0.30568814277648926 1500
0.30568814277648926 1500
0.30681514739990234 1500
0.30788612365722656 1500
0.30882716178894043 1500
0.30882716178894043 1500
0.3096311092376709 1500
0.31061410903930664 1500
0.31061410903930664 1500
0.3115851879119873 1500
0.31282711029052734 1500
0.3136441707611084 1500
0.3136441707611084 1500
0.31459903717041016 1500
0.31595396995544434 1500
0.3169121742248535 1500
0.3169121742248535 1500
0.31791210174560547 1500
0.3189380168914795 1500
0.3189530372619629 1500
0.31993699073791504 1500
0.3209190368652344 1500
0.3217179775238037 1500
0.3217179775238037 1500
0.3229691982269287 1500
0.32361817359924316 1500
0.32361817359924316 1500
0.3245539665222168 1500
0.3255741596221924 1500
0.32691502571105957 1500
0.32691502571105957 1500
0.3277590274810791 1500
0.32865118980407715 1500
0.32955503463745117 1500
0.32955503463745117 1500
0.33115220069885254 1500
0.33151698112487793 1500
0.3315281867980957 1500
0.33286404609680176 1500
0.3336451053619385 1500
0.33481717109680176 1500
0.33492612838745117 1500
0.3359701633453369 1500
0.33690905570983887 1500
0.33690905570983887 1500
0.33773016929626465 1500
0.338914155960083 1500
0.33966517448425293 1500
0.33966517448425293 1500
0.3419041633605957 1500
0.3419041633605957 1500
0.34259700775146484 1500
0.34259700775146484 1500
0.3439810276031494 1500
0.3445751667022705 1500
0.3445751667022705 1500
0.34589314460754395 1500
0.34696412086486816 1500
0.34775400161743164 1500
0.34777212142944336 1500
0.34860897064208984 1500
0.35004210472106934 1500
0.35004210472106934 1500
0.35071897506713867 1500
0.35205602645874023 1500
0.35264110565185547 1500
0.35264110565185547 1500
0.35369205474853516 1500
0.354755163192749 1500
0.3556389808654785 1500
0.3556389808654785 1500
0.35673999786376953 1500
0.357802152633667 1500
0.357802152633667 1500
0.35884809494018555 1500
0.35964012145996094 1500
0.36080002784729004 1500
0.36080002784729004 1500
0.3616809844970703 1500
0.36267709732055664 1500
0.36267709732055664 1500
0.3641021251678467 1500
0.3646390438079834 1500
0.3658101558685303 1500
0.3658101558685303 1500
0.36660313606262207 1500
0.3679020404815674 1500
0.36890602111816406 1500
0.36890602111816406 1500
0.3699150085449219 1500
0.3706791400909424 1500
0.3706791400909424 1500
0.37192201614379883 1500
0.372866153717041 1500
0.3746449947357178 1500
0.3746449947357178 1500
0.3746449947357178 1500
0.3757801055908203 1500
0.3757801055908203 1500
0.37673020362854004 1500
0.3775780200958252 1500
0.37885212898254395 1500
0.37885212898254395 1500
0.37956714630126953 1500
0.3807179927825928 1500
0.3807179927825928 1500
0.381594181060791 1500
0.3825840950012207 1500
0.38355398178100586 1500
0.38355398178100586 1500
0.3860352039337158 1500
0.3860352039337158 1500
0.38681912422180176 1500
0.38681912422180176 1500
0.3875720500946045 1500
0.38870811462402344 1500
0.38870811462402344 1500
0.38968515396118164 1500
0.39107298851013184 1500
0.3917360305786133 1500
0.3917360305786133 1500
0.39288806915283203 1500
0.39380717277526855 1500
0.39380717277526855 1500
0.3946399688720703 1500
0.3957381248474121 1500
0.3966410160064697 1500
0.3966410160064697 1500
0.3978860378265381 1500
0.3988020420074463 1500
0.3997611999511719 1500
0.3997611999511719 1500
0.4009590148925781 1500
0.4015970230102539 1500
0.4015970230102539 1500
0.4030640125274658 1500
0.4039731025695801 1500
0.4047720432281494 1500
0.4047720432281494 1500
0.40569400787353516 1500
0.4067502021789551 1500
0.4067502021789551 1500
0.40760207176208496 1500
0.40915918350219727 1500
0.40987110137939453 1500
0.40987110137939453 1500
0.4109170436859131 1500
0.41172099113464355 1500
0.41280102729797363 1500
0.41280102729797363 1500
0.41365909576416016 1500
0.4147031307220459 1500
0.4147031307220459 1500
0.41565418243408203 1500
0.4169130325317383 1500
0.4176790714263916 1500
0.4176790714263916 1500
0.41905999183654785 1500
0.41980814933776855 1500
0.41980814933776855 1500
0.42170000076293945 1500
0.42170000076293945 1500
0.4229559898376465 1500
0.4229559898376465 1500
0.42374205589294434 1500
0.4247570037841797 1500
0.42566800117492676 1500
0.42566800117492676 1500
0.42664003372192383 1500
0.4278271198272705 1500
0.4278271198272705 1500
0.42932605743408203 1500
0.42971301078796387 1500
0.4308011531829834 1500
0.4308011531829834 1500
0.4316871166229248 1500
0.4326591491699219 1500
0.4326591491699219 1500
0.4335300922393799 1500
0.43491101264953613 1500
0.43584108352661133 1500
0.43584108352661133 1500
0.43665003776550293 1500
0.4378330707550049 1500
0.43864011764526367 1500
0.43864011764526367 1500
0.43954896926879883 1500
0.4408090114593506 1500
0.4408090114593506 1500
0.4418671131134033 1500
0.44288015365600586 1500
0.4438130855560303 1500
0.4438130855560303 1500
0.44486212730407715 1500
0.4455239772796631 1500
0.4455239772796631 1500
0.44675707817077637 1500
0.44760918617248535 1500
0.4486560821533203 1500
0.4486560821533203 1500
0.44984006881713867 1500
0.4511680603027344 1500
0.45188212394714355 1500
0.45188212394714355 1500
0.45266103744506836 1500
0.4536600112915039 1500
0.4536600112915039 1500
0.4550340175628662 1500
0.4558091163635254 1500
0.4567999839782715 1500
0.4567999839782715 1500
0.45765113830566406 1500
0.4590291976928711 1500
0.4590291976928711 1500
0.4597361087799072 1500
0.4609830379486084 1500
0.4616580009460449 1500
0.4616580009460449 1500
0.4628419876098633 1500
0.4638631343841553 1500
0.46471309661865234 1500
0.46471309661865234 1500
0.46556711196899414 1500
0.46689319610595703 1500
0.46689319610595703 1500
0.4676830768585205 1500
0.47041916847229004 1500
0.47041916847229004 1500
0.47041916847229004 1500
0.47065019607543945 1500
0.47162318229675293 1500
0.47162318229675293 1500
0.47278404235839844 1500
0.4737551212310791 1500
0.47522616386413574 1500
0.47522616386413574 1500
0.4756131172180176 1500
0.47705507278442383 1500
0.47765612602233887 1500
0.47765612602233887 1500
0.4785881042480469 1500
0.4799790382385254 1500
0.4799790382385254 1500
0.48168516159057617 1500
0.48168516159057617 1500
0.48264217376708984 1500
0.48264217376708984 1500
0.4836690425872803 1500
0.48484206199645996 1500
0.48484206199645996 1500
0.48563599586486816 1500
0.4866600036621094 1500
0.4876291751861572 1500
0.4876291751861572 1500
0.4888651371002197 1500
0.4896700382232666 1500
0.4905741214752197 1500
0.4905741214752197 1500
0.49157214164733887 1500
0.4928760528564453 1500
0.4928760528564453 1500
0.4937021732330322 1500
0.49453210830688477 1500
0.495959997177124 1500
0.495959997177124 1500
0.49666500091552734 1500
0.49796319007873535 1500
0.49796319007873535 1500
0.4986531734466553 1500
0.4995579719543457 1500
0.5006120204925537 1500
0.5006120204925537 1500
0.5016369819641113 1500
0.5025501251220703 1500
0.503878116607666 1500
0.503878116607666 1500
0.5047140121459961 1500
