1050000
0.0 1500
0.0006310939788818359 1500
0.0006310939788818359 1500
0.0016989707946777344 1500
0.0025191307067871094 1500
0.002691984176635742 1500
0.0038101673126220703 1500
0.004861116409301758 1500
0.006034135818481445 1500
0.006034135818481445 1500
0.00669097900390625 1500
0.007586956024169922 1500
0.007586956024169922 1500
0.00860595703125 1500
0.011144161224365234 1500
0.011144161224365234 1500
0.011144161224365234 1500
0.012168169021606445 1500
0.013013124465942383 1500
0.013776063919067383 1500
0.013776063919067383 1500
0.014594078063964844 1500
0.01554417610168457 1500
0.01554417610168457 1500
0.016782045364379883 1500
0.01784801483154297 1500
0.019463062286376953 1500
0.019463062286376953 1500
0.019520044326782227 1500
0.020579099655151367 1500
0.020579099655151367 1500
0.021787166595458984 1500
0.02250504493713379 1500
0.023751020431518555 1500
0.023751020431518555 1500
0.02473616600036621 1500
0.02620410919189453 1500
0.026777029037475586 1500
0.026777029037475586 1500
0.02796316146850586 1500
0.029108047485351562 1500
0.029108047485351562 1500
0.02996516227722168 1500
0.03091907501220703 1500
0.03188514709472656 1500
0.03188514709472656 1500
0.032729148864746094 1500
0.03375411033630371 1500
0.03375411033630371 1500
0.03505897521972656 1500
0.03571009635925293 1500
0.03685808181762695 1500
0.03685808181762695 1500
0.03775906562805176 1500
0.03913307189941406 1500
0.039685964584350586 1500
0.039685964584350586 1500
0.04163098335266113 1500
0.04163098335266113 1500
0.04163098335266113 1500
0.04278302192687988 1500
0.04418802261352539 1500
0.04482603073120117 1500
0.04482603073120117 1500
0.045783042907714844 1500
0.04664015769958496 1500
0.04664015769958496 1500
0.04776716232299805 1500
0.048913002014160156 1500
0.0497431755065918 1500
0.0497431755065918 1500
0.05072617530822754 1500
0.05172610282897949 1500
0.05297112464904785 1500
0.05297112464904785 1500
0.05388903617858887 1500
0.05483198165893555 1500
0.05483198165893555 1500
0.055444955825805664 1500
0.05677509307861328 1500
0.05767703056335449 1500
0.05767703056335449 1500
0.058654069900512695 1500
0.05964207649230957 1500
0.05964207649230957 1500
0.06089305877685547 1500
0.06182718276977539 1500
0.0627281665802002 1500
0.0627281665802002 1500
0.06365013122558594 1500
0.06476902961730957 1500
0.06562614440917969 1500
0.06562614440917969 1500
0.06647300720214844 1500
0.06742310523986816 1500
0.06742310523986816 1500
0.06887197494506836 1500
0.06973814964294434 1500
0.07111310958862305 1500
0.07111310958862305 1500
0.07180404663085938 1500
0.07363414764404297 1500
0.07363414764404297 1500
0.07363414764404297 1500
0.07457399368286133 1500
0.07561707496643066 1500
0.07561707496643066 1500
0.07686114311218262 1500
0.07788300514221191 1500
0.07849001884460449 1500
0.07849001884460449 1500
0.07974410057067871 1500
0.08056902885437012 1500
0.08056902885437012 1500
0.0818631649017334 1500
0.08401608467102051 1500
0.08401608467102051 1500
0.08417916297912598 1500
0.08494210243225098 1500
0.08578300476074219 1500
0.08578300476074219 1500
0.08687710762023926 1500
0.08804011344909668 1500
0.08889412879943848 1500
0.08901500701904297 1500
0.08989405632019043 1500
0.0907740592956543 1500
0.09189605712890625 1500
0.09189605712890625 1500
0.0927891731262207 1500
0.09392809867858887 1500
0.09392809867858887 1500
0.09470605850219727 1500
0.09590816497802734 1500
0.09640097618103027 1500
0.09640097618103027 1500
0.0974581241607666 1500
0.09849309921264648 1500
0.09849309921264648 1500
0.09947800636291504 1500
0.10039901733398438 1500
0.1015310287475586 1500
0.1015310287475586 1500
0.10239100456237793 1500
0.10378217697143555 1500
0.1047670841217041 1500
0.10478806495666504 1500
0.10544610023498535 1500
0.10645794868469238 1500
0.10645794868469238 1500
0.10744595527648926 1500
0.10852408409118652 1500
0.10947012901306152 1500
0.10947012901306152 1500
0.11083602905273438 1500
0.11151695251464844 1500
0.11151695251464844 1500
0.11244797706604004 1500
0.11482906341552734 1500
0.11484599113464355 1500
0.11484599113464355 1500
0.11543107032775879 1500
0.11635208129882812 1500
0.11748814582824707 1500
0.11748814582824707 1500
0.11839914321899414 1500
0.11984610557556152 1500
0.11984610557556152 1500
0.12047815322875977 1500
0.12153410911560059 1500
0.12270808219909668 1500
0.12270808219909668 1500
0.12378716468811035 1500
0.12476205825805664 1500
0.12476205825805664 1500
0.1256389617919922 1500
0.1267411708831787 1500
0.12769317626953125 1500
0.12769317626953125 1500
0.1287519931793213 1500
0.12977004051208496 1500
0.13081717491149902 1500
0.13081717491149902 1500
0.13176417350769043 1500
0.13265204429626465 1500
0.13265204429626465 1500
0.13363409042358398 1500
0.1346430778503418 1500
0.1354970932006836 1500
0.1354970932006836 1500
0.13777995109558105 1500
0.13779711723327637 1500
0.13788104057312012 1500
0.13854217529296875 1500
0.13943910598754883 1500
0.1406691074371338 1500
0.1406691074371338 1500
0.1415271759033203 1500
0.14242196083068848 1500
0.14242196083068848 1500
0.14355802536010742 1500
0.14482712745666504 1500
0.14547300338745117 1500
0.14547300338745117 1500
0.1476459503173828 1500
0.14766216278076172 1500
0.1485750675201416 1500
0.1485750675201416 1500
0.1498420238494873 1500
0.15072202682495117 1500
0.15072202682495117 1500
0.15172314643859863 1500
0.15244698524475098 1500
0.15399408340454102 1500
0.15399408340454102 1500
0.15442800521850586 1500
0.15538811683654785 1500
0.15540313720703125 1500
0.15642714500427246 1500
0.15786504745483398 1500
0.15848398208618164 1500
0.15848398208618164 1500
0.15982818603515625 1500
0.16063308715820312 1500
0.16174817085266113 1500
0.16174817085266113 1500
0.1625380516052246 1500
0.16385698318481445 1500
0.16385698318481445 1500
0.1644001007080078 1500
0.16547107696533203 1500
0.16662311553955078 1500
0.16662311553955078 1500
0.1679091453552246 1500
0.16858696937561035 1500
0.16858696937561035 1500
0.17003512382507324 1500
0.17049407958984375 1500
0.1715250015258789 1500
0.1715250015258789 1500
0.1725010871887207 1500
0.17388916015625 1500
0.1744699478149414 1500
0.1744699478149414 1500
0.17574095726013184 1500
0.17667007446289062 1500
0.17667007446289062 1500
0.17782807350158691 1500
0.17864513397216797 1500
0.17953801155090332 1500
0.17967605590820312 1500
0.18093514442443848 1500
0.18167614936828613 1500
0.18167614936828613 1500
0.18277716636657715 1500
0.1836390495300293 1500
0.18447518348693848 1500
0.1846160888671875 1500
0.18552303314208984 1500
0.18660616874694824 1500
0.18762898445129395 1500
0.18762898445129395 1500
0.18883299827575684 1500
0.1898181438446045 1500
0.1898181438446045 1500
0.19082212448120117 1500
0.19153904914855957 1500
0.19277596473693848 1500
0.19277596473693848 1500
0.19375014305114746 1500
0.19463801383972168 1500
0.19463801383972168 1500
0.19556117057800293 1500
0.19670510292053223 1500
0.19743609428405762 1500
0.19743609428405762 1500
0.19880104064941406 1500
0.1995680332183838 1500
0.2020561695098877 1500
0.2020721435546875 1500
0.20218706130981445 1500
0.2032170295715332 1500
0.2032170295715332 1500
0.20372796058654785 1500
0.2050940990447998 1500
0.20584702491760254 1500
0.20584702491760254 1500
0.20666813850402832 1500
0.20793700218200684 1500
0.20795416831970215 1500
0.20879697799682617 1500
0.20987415313720703 1500
0.21055817604064941 1500
0.21055817604064941 1500
0.21209311485290527 1500
0.21307897567749023 1500
0.21377801895141602 1500
0.21377801895141602 1500
0.21710205078125 1500
0.2173001766204834 1500
0.2173001766204834 1500
0.21741795539855957 1500
0.2180781364440918 1500
0.2187349796295166 1500
0.2187349796295166 1500
0.21975111961364746 1500
0.22095298767089844 1500
0.22095298767089844 1500
0.2219080924987793 1500
0.2228560447692871 1500
0.22390508651733398 1500
0.22390508651733398 1500
0.2248821258544922 1500
0.22598814964294434 1500
0.22675704956054688 1500
0.22675704956054688 1500
0.22797298431396484 1500
0.2288529872894287 1500
0.2288529872894287 1500
0.22969317436218262 1500
0.23086214065551758 1500
0.23212504386901855 1500
0.23212504386901855 1500
0.23264813423156738 1500
0.2347559928894043 1500
0.2347559928894043 1500
0.23479795455932617 1500
0.2359001636505127 1500
0.23679113388061523 1500
0.23679113388061523 1500
0.23790597915649414 1500
0.23854517936706543 1500
0.2398991584777832 1500
0.2398991584777832 1500
0.24107718467712402 1500
0.2417919635772705 1500
0.2417919635772705 1500
0.2424030303955078 1500
0.24402308464050293 1500
0.24488401412963867 1500
0.24488401412963867 1500
0.2459871768951416 1500
0.24641108512878418 1500
0.24641108512878418 1500
0.24791312217712402 1500
0.24894309043884277 1500
0.25013208389282227 1500
0.25013208389282227 1500
0.2508721351623535 1500
0.25185203552246094 1500
0.25269412994384766 1500
0.25269412994384766 1500
0.2550630569458008 1500
0.2550630569458008 1500
0.2550630569458008 1500
0.2555701732635498 1500
0.2566061019897461 1500
0.25771403312683105 1500
0.25771403312683105 1500
0.2584700584411621 1500
0.26013612747192383 1500
0.26013612747192383 1500
0.2609720230102539 1500
0.2618851661682129 1500
0.26294612884521484 1500
0.26294612884521484 1500
0.26388096809387207 1500
0.26636695861816406 1500
0.26636695861816406 1500
0.26636695861816406 1500
0.2664930820465088 1500
0.2678980827331543 1500
0.2678980827331543 1500
0.26894497871398926 1500
0.26976513862609863 1500
0.27072715759277344 1500
0.27072715759277344 1500
0.2713961601257324 1500
0.27278804779052734 1500
0.27280616760253906 1500
0.2733931541442871 1500
0.27491211891174316 1500
0.2757730484008789 1500
0.2757730484008789 1500
0.27810096740722656 1500
0.27811598777770996 1500
0.2784290313720703 1500
0.2784290313720703 1500
0.279616117477417 1500
0.2804901599884033 1500
0.2804901599884033 1500
0.28169703483581543 1500
0.28256916999816895 1500
0.2838401794433594 1500
0.2838401794433594 1500
0.2844820022583008 1500
0.28559017181396484 1500
0.28559017181396484 1500
0.2867851257324219 1500
0.2875239849090576 1500
0.28872203826904297 1500
0.28965115547180176 1500
0.28965115547180176 1500
0.29082298278808594 1500
0.29149603843688965 1500
0.29149603843688965 1500
0.29248809814453125 1500
0.29349613189697266 1500
0.29349613189697266 1500
0.2944509983062744 1500
0.2955620288848877 1500
0.296558141708374 1500
0.296558141708374 1500
0.29740405082702637 1500
0.2986140251159668 1500
0.2986140251159668 1500
0.2996361255645752 1500
0.3006629943847656 1500
0.30185794830322266 1500
0.30187511444091797 1500
0.3024899959564209 1500
0.30350208282470703 1500
0.30350208282470703 1500
0.3043980598449707 1500
0.30576109886169434 1500
0.3065340518951416 1500
0.3065340518951416 1500
0.3078789710998535 1500
0.3087921142578125 1500
0.30963802337646484 1500
0.3097391128540039 1500
0.31086111068725586 1500
0.3118271827697754 1500
0.3118271827697754 1500
0.313413143157959 1500
0.313413143157959 1500
0.3149750232696533 1500
0.31499195098876953 1500
0.3156580924987793 1500
0.3166921138763428 1500
0.3168141841888428 1500
0.31760597229003906 1500
0.3188459873199463 1500
0.31959009170532227 1500
0.31959009170532227 1500
0.3206169605255127 1500
0.32147908210754395 1500
0.32284998893737793 1500
0.32284998893737793 1500
0.323397159576416 1500
0.3252720832824707 1500
0.3252720832824707 1500
0.32550597190856934 1500
0.3268871307373047 1500
0.3276350498199463 1500
0.3276350498199463 1500
0.328747034072876 1500
0.3297879695892334 1500
0.3297879695892334 1500
0.33048200607299805 1500
0.3315000534057617 1500
0.332766056060791 1500
0.332766056060791 1500
0.3335590362548828 1500
0.3348100185394287 1500
0.3355140686035156 1500
0.336637020111084 1500
0.336637020111084 1500
0.3378629684448242 1500
0.3378629684448242 1500
0.33847808837890625 1500
0.34064507484436035 1500
0.34064507484436035 1500
0.34064507484436035 1500
0.34161901473999023 1500
0.3425750732421875 1500
0.3425750732421875 1500
0.34361910820007324 1500
0.3443939685821533 1500
0.34587597846984863 1500
0.34587597846984863 1500
0.34642601013183594 1500
0.3480219841003418 1500
0.34892916679382324 1500
0.34892916679382324 1500
0.35010600090026855 1500
0.35067200660705566 1500
0.35067200660705566 1500
0.35170507431030273 1500
0.35293006896972656 1500
0.3536410331726074 1500
0.3536410331726074 1500
0.3549060821533203 1500
0.3558349609375 1500
0.3558349609375 1500
0.35665106773376465 1500
0.3578319549560547 1500
0.35851097106933594 1500
0.35851097106933594 1500
0.3596811294555664 1500
0.36066102981567383 1500
0.36194610595703125 1500
0.36194610595703125 1500
0.36255598068237305 1500
0.3637881278991699 1500
0.3637881278991699 1500
0.3645150661468506 1500
0.36628007888793945 1500
0.36662912368774414 1500
0.36662912368774414 1500
0.3679020404815674 1500
0.3691110610961914 1500
0.3691110610961914 1500
0.36983513832092285 1500
0.3711099624633789 1500
0.3719151020050049 1500
0.3719151020050049 1500
0.3728020191192627 1500
0.37382006645202637 1500
0.3750150203704834 1500
0.3750150203704834 1500
0.3756430149078369 1500
0.3768739700317383 1500
0.3768739700317383 1500
0.37768006324768066 1500
0.37961816787719727 1500
0.37961816787719727 1500
0.37961816787719727 1500
0.38068318367004395 1500
0.3814849853515625 1500
0.3814849853515625 1500
0.3826560974121094 1500
0.38364601135253906 1500
0.384566068649292 1500
0.3846890926361084 1500
0.38561415672302246 1500
0.3868739604949951 1500
0.3878340721130371 1500
0.3878340721130371 1500
0.38860011100769043 1500
0.38968706130981445 1500
0.38968706130981445 1500
0.3919031620025635 1500
0.3919031620025635 1500
0.3924870491027832 1500
0.3924870491027832 1500
0.3935551643371582 1500
0.39464306831359863 1500
0.39464306831359863 1500
0.39553213119506836 1500
0.3968210220336914 1500
0.3978569507598877 1500
0.3978569507598877 1500
0.3989570140838623 1500
0.3998379707336426 1500
0.40050411224365234 1500
0.40050411224365234 1500
0.40229010581970215 1500
0.4026031494140625 1500
0.4026031494140625 1500
0.4049379825592041 1500
0.4049379825592041 1500
0.40583205223083496 1500
0.40583205223083496 1500
0.4068150520324707 1500
0.4076700210571289 1500
0.4076700210571289 1500
0.40868616104125977 1500
0.409837007522583 1500
0.41039514541625977 1500
0.41039514541625977 1500
0.4120340347290039 1500
0.4131619930267334 1500
0.4139699935913086 1500
0.4139699935913086 1500
0.41513800621032715 1500
0.41614198684692383 1500
0.41614198684692383 1500
0.4167499542236328 1500
0.4177830219268799 1500
0.4187040328979492 1500
0.4187040328979492 1500
0.420086145401001 1500
0.4205811023712158 1500
0.4205811023712158 1500
0.42180800437927246 1500
0.4228551387786865 1500
0.4239370822906494 1500
0.4239370822906494 1500
0.4246370792388916 1500
0.42579197883605957 1500
0.4267261028289795 1500
0.4267261028289795 1500
0.42822718620300293 1500
0.42870211601257324 1500
0.42870211601257324 1500
0.4297809600830078 1500
0.43068814277648926 1500
0.43169212341308594 1500
0.43169212341308594 1500
0.43300795555114746 1500
0.43401098251342773 1500
0.43401098251342773 1500
0.434967041015625 1500
0.4357180595397949 1500
0.43685412406921387 1500
0.4377460479736328 1500
0.4377460479736328 1500
0.43889498710632324 1500
0.44036102294921875 1500
0.44036102294921875 1500
0.4408111572265625 1500
0.4415609836578369 1500
0.44161510467529297 1500
0.4429750442504883 1500
0.44358110427856445 1500
0.4444890022277832 1500
0.4444890022277832 1500
0.4454801082611084 1500
0.44655895233154297 1500
0.44655895233154297 1500
0.44787096977233887 1500
0.45026206970214844 1500
0.45026206970214844 1500
0.4503960609436035 1500
0.45075511932373047 1500
0.45146799087524414 1500
0.4527621269226074 1500
0.4527621269226074 1500
0.4537050724029541 1500
0.45470213890075684 1500
0.45470213890075684 1500
0.45577311515808105 1500
0.45699095726013184 1500
0.45786404609680176 1500
0.45786404609680176 1500
0.4592139720916748 1500
0.45987701416015625 1500
0.45987701416015625 1500
0.461061954498291 1500
0.46183013916015625 1500
0.4629020690917969 1500
0.4629020690917969 1500
0.46367597579956055 1500
0.46467018127441406 1500
0.46579504013061523 1500
0.46579504013061523 1500
0.4668600559234619 1500
0.467803955078125 1500
0.467803955078125 1500
0.46882104873657227 1500
0.4697000980377197 1500
0.471480131149292 1500
0.471480131149292 1500
0.471480131149292 1500
0.47421908378601074 1500
0.47421908378601074 1500
0.47421908378601074 1500
0.47484707832336426 1500
0.4756920337677002 1500
0.4756920337677002 1500
0.4766199588775635 1500
0.4777870178222656 1500
0.4777870178222656 1500
0.47959017753601074 1500
0.4798099994659424 1500
0.4807729721069336 1500
0.4807729721069336 1500
0.48152899742126465 1500
0.4829680919647217 1500
0.4835391044616699 1500
0.4835391044616699 1500
0.48444509506225586 1500
0.48566102981567383 1500
0.48566102981567383 1500
0.4865701198577881 1500
0.4876730442047119 1500
0.48874902725219727 1500
0.48874902725219727 1500
0.48978209495544434 1500
0.49044299125671387 1500
0.49044299125671387 1500
0.4917600154876709 1500
0.4927821159362793 1500
0.4936840534210205 1500
0.4936840534210205 1500
0.49480295181274414 1500
0.4958200454711914 1500
0.4966130256652832 1500
0.4966130256652832 1500
0.49765801429748535 1500
0.4990980625152588 1500
0.4990980625152588 1500
0.49952197074890137 1500
0.5004720687866211 1500
0.5016980171203613 1500
0.5016980171203613 1500
0.5025241374969482 1500
0.5034301280975342 1500
0.5034301280975342 1500
