1049257
0.0 1452
4.0531158447265625e-06 1452
0.0023610591888427734 1452
0.0023620128631591797 1452
0.005733966827392578 1452
0.005735158920288086 1452
0.007688045501708984 1452
0.007688045501708984 1452
0.007691144943237305 1452
0.007692098617553711 1452
0.009498119354248047 1452
0.011765003204345703 1452
0.011770009994506836 1452
0.011770009994506836 1452
0.013578176498413086 1452
0.013578176498413086 1452
0.015596151351928711 1452
0.015596151351928711 1452
0.01769113540649414 1452
0.01769113540649414 1452
0.01888108253479004 1452
0.018882036209106445 1452
0.018885135650634766 1452
0.018885135650634766 1452
0.020887136459350586 1452
0.020887136459350586 1452
0.02089095115661621 1452
0.02089214324951172 1452
0.022817134857177734 1452
0.024700164794921875 1452
0.024705171585083008 1452
0.024706125259399414 1452
0.026885032653808594 1452
0.026885986328125 1452
0.02865004539489746 1452
0.02865004539489746 1452
0.03020501136779785 1452
0.030205965042114258 1452
0.030210018157958984 1452
0.03021097183227539 1452
0.03232216835021973 1452
0.03418397903442383 1452
0.03418612480163574 1452
0.03418707847595215 1452
0.03628706932067871 1452
0.03628706932067871 1452
0.03824496269226074 1452
0.03824496269226074 1452
0.038249969482421875 1452
0.03977704048156738 1452
0.03978109359741211 1452
0.03978109359741211 1452
0.04196596145629883 1452
0.043949127197265625 1452
0.043949127197265625 1452
0.04548001289367676 1452
0.04944801330566406 1452
0.04944801330566406 1452
0.05178999900817871 1452
0.05179095268249512 1452
0.05936098098754883 1452
0.05936098098754883 1452
0.059365034103393555 1452
0.059365034103393555 1452
0.061058998107910156 1452
0.061058998107910156 1452
0.06502699851989746 1452
0.06502795219421387 1452
0.0665121078491211 1452
0.0665121078491211 1452
0.06651711463928223 1452
0.06651806831359863 1452
0.06897306442260742 1452
0.06897306442260742 1452
0.07214117050170898 1452
0.07214117050170898 1452
0.07436513900756836 1452
0.07436609268188477 1452
0.07716512680053711 1452
0.07716512680053711 1452
0.0784139633178711 1452
0.0784151554107666 1452
0.07995104789733887 1452
0.07995104789733887 1452
0.08570408821105957 1452
0.08570504188537598 1452
0.08783102035522461 1452
0.08997511863708496 1452
0.08997511863708496 1452
0.09133315086364746 1452
0.09133315086364746 1452
0.09353518486022949 1452
0.09353518486022949 1452
0.10083508491516113 1452
0.10083508491516113 1452
0.10290217399597168 1452
0.10470008850097656 1452
0.10470008850097656 1452
0.1047060489654541 1452
0.10690999031066895 1452
0.10691595077514648 1452
0.10844111442565918 1452
0.1084451675415039 1452
0.1084451675415039 1452
0.11065196990966797 1452
0.11065316200256348 1452
0.11266803741455078 1452
0.11266899108886719 1452
0.11435818672180176 1452
0.11435914039611816 1452
0.11625909805297852 1452
0.11626005172729492 1452
0.11808013916015625 1452
0.11808109283447266 1452
0.12017703056335449 1452
0.12017703056335449 1452
0.12213516235351562 1452
0.12213516235351562 1452
0.12360906600952148 1452
0.12360906600952148 1452
0.12361407279968262 1452
0.12361502647399902 1452
0.12763500213623047 1452
0.12763500213623047 1452
0.12965917587280273 1452
0.12965917587280273 1452
0.13158106803894043 1452
0.13158202171325684 1452
0.13158607482910156 1452
0.13158607482910156 1452
0.13367795944213867 1452
0.13367795944213867 1452
0.13515615463256836 1452
0.13515615463256836 1452
0.13728904724121094 1452
0.13728904724121094 1452
0.1394050121307373 1452
0.1394059658050537 1452
0.13940906524658203 1452
0.13941001892089844 1452
0.14272809028625488 1452
0.1427290439605713 1452
0.1427321434020996 1452
0.1427321434020996 1452
0.14493918418884277 1452
0.14493918418884277 1452
0.1449439525604248 1452
0.1449439525604248 1452
0.14700913429260254 1452
0.14701008796691895 1452
0.1484830379486084 1452
0.1484839916229248 1452
0.14848804473876953 1452
0.15043210983276367 1452
0.15216708183288574 1452
0.15216898918151855 1452
0.15442395210266113 1452
0.15442705154418945 1452
0.154433012008667 1452
0.15981507301330566 1452
0.15981507301330566 1452
0.15981602668762207 1452
0.162337064743042 1452
0.1623380184173584 1452
0.1659860610961914 1452
0.16800498962402344 1452
0.16801214218139648 1452
0.16801214218139648 1452
0.1696319580078125 1452
0.169633150100708 1452
0.17342400550842285 1452
0.17342400550842285 1452
0.17559003829956055 1452
0.17559099197387695 1452
0.17559409141540527 1452
0.17559409141540527 1452
0.17715907096862793 1452
0.17715907096862793 1452
0.18153905868530273 1452
0.18153905868530273 1452
0.18312597274780273 1452
0.18312716484069824 1452
0.18522906303405762 1452
0.18523001670837402 1452
0.186614990234375 1452
0.1866161823272705 1452
0.18662095069885254 1452
0.18662309646606445 1452
0.19229507446289062 1452
0.19229507446289062 1452
0.19602417945861816 1452
0.19602417945861816 1452
0.19804596900939941 1452
0.19804716110229492 1452
0.20016717910766602 1452
0.20016908645629883 1452
0.20016908645629883 1452
0.20704197883605957 1452
0.20704197883605957 1452
0.21052002906799316 1452
0.21052098274230957 1452
0.2105240821838379 1452
0.2105240821838379 1452
0.21225309371948242 1452
0.21225404739379883 1452
0.21225500106811523 1452
0.21225595474243164 1452
0.21421313285827637 1452
0.21622514724731445 1452
0.21622610092163086 1452
0.2184751033782959 1452
0.2184751033782959 1452
0.21866703033447266 1452
0.22012114524841309 1452
0.2201249599456787 1452
0.2201249599456787 1452
0.2219090461730957 1452
0.2219090461730957 1452
0.22609210014343262 1452
0.22609210014343262 1452
0.22758817672729492 1452
0.22758817672729492 1452
0.22944998741149902 1452
0.22944998741149902 1452
0.2312631607055664 1452
0.2312631607055664 1452
0.23349595069885254 1452
0.23349714279174805 1452
0.23350214958190918 1452
0.23565411567687988 1452
0.23565912246704102 1452
0.23565912246704102 1452
0.23699617385864258 1452
0.23699712753295898 1452
0.24083995819091797 1452
0.24084115028381348 1452
0.2408440113067627 1452
0.2408449649810791 1452
0.24293112754821777 1452
0.24293112754821777 1452
0.24496912956237793 1452
0.24496912956237793 1452
0.24671101570129395 1452
0.24671101570129395 1452
0.24918198585510254 1452
0.24918317794799805 1452
0.24918603897094727 1452
0.24918699264526367 1452
0.2506849765777588 1452
0.2506861686706543 1452
0.2506899833679199 1452
0.2506899833679199 1452
0.2523190975189209 1452
0.2523200511932373 1452
0.25353002548217773 1452
0.25353097915649414 1452
0.2554490566253662 1452
0.25545215606689453 1452
0.25545310974121094 1452
0.2575559616088867 1452
0.25756001472473145 1452
0.25756096839904785 1452
0.26033997535705566 1452
0.2619471549987793 1452
0.2619481086730957 1452
0.2619509696960449 1452
0.26293015480041504 1452
0.26293015480041504 1452
0.2667570114135742 1452
0.2667570114135742 1452
0.2685389518737793 1452
0.2685389518737793 1452
0.2685420513153076 1452
0.2685420513153076 1452
0.2726781368255615 1452
0.2726781368255615 1452
0.27433013916015625 1452
0.27433109283447266 1452
0.27628016471862793 1452
0.27628016471862793 1452
0.2782859802246094 1452
0.2782859802246094 1452
0.2804601192474365 1452
0.2804601192474365 1452
0.2818021774291992 1452
0.2818021774291992 1452
0.2831389904022217 1452
0.2831389904022217 1452
0.2850940227508545 1452
0.2850949764251709 1452
0.2850990295410156 1452
0.2850990295410156 1452
0.2923150062561035 1452
0.2923159599304199 1452
0.29361915588378906 1452
0.29362010955810547 1452
0.2957730293273926 1452
0.295773983001709 1452
0.2973949909210205 1452
0.297396183013916 1452
0.29739904403686523 1452
0.30524301528930664 1452
0.30524396896362305 1452
0.30696916580200195 1452
0.30697011947631836 1452
0.3087451457977295 1452
0.3087451457977295 1452
0.3087501525878906 1452
0.30875110626220703 1452
0.3108329772949219 1452
0.3108341693878174 1452
0.3125631809234619 1452
0.3125641345977783 1452
0.31494903564453125 1452
0.31514406204223633 1452
0.31514716148376465 1452
0.3394019603729248 1452
0.3394031524658203 1452
0.3708779811859131 1452
0.3708791732788086 1452
0.3708930015563965 1452
0.3708939552307129 1452
0.37145400047302246 1452
0.37145495414733887 1452
0.37146711349487305 1452
0.37146806716918945 1452
0.3719329833984375 1452
0.371934175491333 1452
0.3719601631164551 1452
0.3719611167907715 1452
0.37265706062316895 1452
0.37265801429748535 1452
0.3726639747619629 1452
0.3726651668548584 1452
0.37267017364501953 1452
0.37267112731933594 1452
0.37305498123168945 1452
0.37305617332458496 1452
0.3730590343475342 1452
0.3730599880218506 1452
0.3730661869049072 1452
0.37306714057922363 1452
0.374114990234375 1452
0.3741161823272705 1452
0.3741190433502197 1452
0.3741190433502197 1452
0.37412309646606445 1452
0.37412405014038086 1452
0.37412595748901367 1452
0.37412595748901367 1452
0.37445616722106934 1452
0.37445616722106934 1452
0.3744630813598633 1452
0.3744630813598633 1452
0.3744680881500244 1452
0.3744690418243408 1452
0.37447500228881836 1452
0.37447500228881836 1452
0.3752779960632324 1452
0.37527894973754883 1452
0.3752861022949219 1452
0.3752870559692383 1452
0.3764841556549072 1452
0.37648510932922363 1452
0.37650108337402344 1452
0.37650108337402344 1452
0.37755918502807617 1452
0.37755918502807617 1452
0.37757110595703125 1452
0.37757205963134766 1452
0.3778719902038574 1452
0.3778719902038574 1452
0.37938618659973145 1452
0.37938714027404785 1452
0.38141918182373047 1452
0.3814201354980469 1452
0.3850710391998291 1452
0.38512110710144043 1452
0.38512110710144043 1452
0.38697004318237305 1452
0.38697004318237305 1452
0.3889591693878174 1452
0.3889591693878174 1452
0.3889620304107666 1452
0.388962984085083 1452
0.3905601501464844 1452
0.3905611038208008 1452
0.3905661106109619 1452
0.3905661106109619 1452
0.3929569721221924 1452
0.3929581642150879 1452
0.3943061828613281 1452
0.4117100238800049 1452
0.4117109775543213 1452
0.4137001037597656 1452
0.41370105743408203 1452
0.4152050018310547 1452
0.4152059555053711 1452
0.41716504096984863 1452
0.41716504096984863 1452
0.4193260669708252 1452
0.42100095748901367 1452
0.4229409694671631 1452
0.4229421615600586 1452
0.42456698417663574 1452
0.42456698417663574 1452
0.4269411563873291 1452
0.4269421100616455 1452
0.428447961807251 1452
0.428447961807251 1452
0.43045711517333984 1452
0.43045806884765625 1452
0.43247509002685547 1452
0.4324760437011719 1452
0.43461012840270996 1452
0.43461012840270996 1452
0.4362950325012207 1452
0.4362950325012207 1452
0.436830997467041 1452
0.4379091262817383 1452
0.437913179397583 1452
0.4398641586303711 1452
0.43987107276916504 1452
0.4421679973602295 1452
0.4424710273742676 1452
0.4424710273742676 1452
0.44408512115478516 1452
0.44408607482910156 1452
0.44543004035949707 1452
0.4454309940338135 1452
0.4475371837615967 1452
0.4475371837615967 1452
0.4492530822753906 1452
0.44925403594970703 1452
0.45153117179870605 1452
0.45153307914733887 1452
0.45287609100341797 1452
0.45287609100341797 1452
0.45496201515197754 1452
0.45496296882629395 1452
0.4549679756164551 1452
0.45673704147338867 1452
0.4567420482635498 1452
0.4567420482635498 1452
0.45875096321105957 1452
0.45875096321105957 1452
0.4606931209564209 1452
0.4606940746307373 1452
0.46069908142089844 1452
0.4625589847564697 1452
0.46256399154663086 1452
0.46256399154663086 1452
0.464738130569458 1452
0.4647390842437744 1452
0.46668505668640137 1452
0.46668505668640137 1452
0.4666881561279297 1452
0.46820998191833496 1452
0.4682161808013916 1452
0.4682161808013916 1452
0.47024106979370117 1452
0.47024106979370117 1452
0.4737410545349121 1452
0.4737420082092285 1452
0.47603702545166016 1452
0.47603797912597656 1452
0.4782099723815918 1452
0.4782099723815918 1452
0.48041701316833496 1452
0.48041796684265137 1452
0.48262715339660645 1452
0.48262810707092285 1452
0.4846839904785156 1452
0.48468613624572754 1452
0.4877660274505615 1452
0.48776698112487793 1452
0.48908400535583496 1452
0.48908400535583496 1452
0.4911820888519287 1452
0.4911820888519287 1452
0.49323606491088867 1452
0.4932370185852051 1452
0.4950520992279053 1452
0.4950530529022217 1452
0.4970390796661377 1452
0.4970390796661377 1452
0.49874114990234375 1452
0.49874114990234375 1452
0.5010080337524414 1452
0.5010089874267578 1452
0.5028231143951416 1452
0.502824068069458 1452
0.504486083984375 1452
0.5044870376586914 1452
0.5087080001831055 1452
0.5087089538574219 1452
0.5104069709777832 1452
0.5104081630706787 1452
0.5121829509735107 1452
0.5121841430664062 1452
0.5150649547576904 1452
0.5150661468505859 1452
0.5168931484222412 1452
0.5168941020965576 1452
0.5193080902099609 1452
0.5193080902099609 1452
0.5207321643829346 1452
0.5207321643829346 1452
0.5229661464691162 1452
0.5229671001434326 1452
0.5245120525360107 1452
0.5245130062103271 1452
0.5267040729522705 1452
0.5267050266265869 1452
0.5289759635925293 1452
0.5289771556854248 1452
0.5323290824890137 1452
0.5323300361633301 1452
0.534203052520752 1452
0.534203052520752 1452
0.5384559631347656 1452
0.5384559631347656 1452
0.5384700298309326 1452
0.538470983505249 1452
0.5397601127624512 1452
0.5397610664367676 1452
0.5419471263885498 1452
0.5419471263885498 1452
0.5435070991516113 873
0.5902559757232666 40
1.1084330081939697 1452
1.1084330081939697 1452
1.1116831302642822 1452
1.1116831302642822 1452
1.1116881370544434 1452
1.1130599975585938 1452
1.1130671501159668 1452
1.1130671501159668 1452
1.1147370338439941 1452
1.1147379875183105 1452
1.117859125137329 1452
1.117859125137329 1452
1.1194369792938232 1452
1.1194381713867188 1452
1.1214871406555176 1452
1.121488094329834 1452
1.1232349872589111 1452
1.1232349872589111 1452
1.1251800060272217 1452
1.1251800060272217 1452
1.1271159648895264 1452
1.1271159648895264 1452
1.129404067993164 1452
1.1294050216674805 1452
1.1309361457824707 1452
1.130937099456787 1452
1.133066177368164 1452
1.1330671310424805 1452
1.135195016860962 1452
1.135195016860962 1452
1.1370489597320557 1452
1.1370489597320557 1452
1.1370539665222168 1452
1.1385040283203125 1452
1.1385090351104736 1452
1.1385090351104736 1452
1.14068603515625 1452
1.14068603515625 1452
1.1424009799957275 1452
1.142402172088623 1452
1.1446881294250488 1452
1.1446890830993652 1452
1.146484136581421 1452
1.1464850902557373 1452
1.1485421657562256 1452
1.1503570079803467 1452
1.1503641605377197 1452
1.1518621444702148 1452
1.1518690586090088 1452
1.1538350582122803 1452
1.1538441181182861 1452
1.1558001041412354 1452
1.1558079719543457 1452
1.157677173614502 1452
1.1576831340789795 1452
1.1576831340789795 1452
1.159538984298706 1452
1.1595401763916016 1452
1.163757085800171 1452
1.1637580394744873 1452
1.1637611389160156 1452
1.1637611389160156 1452
1.1654210090637207 1452
1.165421962738037 1452
1.1676249504089355 1452
1.167626142501831 1452
1.1689159870147705 1452
1.1689159870147705 1452
1.1709749698638916 1452
1.1709749698638916 1452
1.173072099685669 1452
1.1730730533599854 1452
1.175307035446167 1452
1.1753079891204834 1452
1.1765820980072021 1452
1.1765830516815186 1452
1.1786320209503174 1452
1.1786320209503174 1452
1.180577039718628 1452
1.1805779933929443 1452
1.1826550960540771 1452
1.1826550960540771 1452
1.1861751079559326 1452
1.186176061630249 1452
1.1861841678619385 1452
1.1861841678619385 1452
1.1885089874267578 1452
1.1885089874267578 1452
1.1903600692749023 1452
1.1903610229492188 1452
1.1920130252838135 1452
1.1920139789581299 1452
1.192018985748291 1452
1.192018985748291 1452
1.1939091682434082 1452
1.196174144744873 1452
1.1961791515350342 1452
1.1961791515350342 1452
1.1976561546325684 1452
1.1976571083068848 1452
1.1995930671691895 1452
1.1995940208435059 1452
1.1995971202850342 1452
1.1995971202850342 1452
1.2048289775848389 1452
1.2048301696777344 1452
1.2048351764678955 1452
1.2048380374908447 1452
1.2048580646514893 1452
1.204859972000122 1452
1.2067530155181885 1452
1.2067530155181885 1452
1.2085931301116943 1452
1.2085940837860107 1452
1.2085959911346436 1452
1.208597183227539 1452
1.2102751731872559 1452
1.2102751731872559 1452
1.2120001316070557 1452
1.212001085281372 1452
1.2120041847229004 1452
1.2120051383972168 1452
1.2144081592559814 1452
1.2144091129302979 1452
1.2157020568847656 1452
1.2157020568847656 1452
1.2157061100006104 1452
1.2179501056671143 1452
1.2196049690246582 1452
1.2196049690246582 1452
1.222081184387207 1452
1.2220821380615234 1452
1.2233929634094238 1452
1.2233929634094238 1452
1.2254559993743896 1452
1.2254559993743896 1452
1.2274961471557617 1452
1.2274971008300781 1452
1.229112148284912 1452
1.2291131019592285 1452
1.2314581871032715 1452
1.2314581871032715 1452
1.2330360412597656 1452
1.2330360412597656 1452
1.2349400520324707 1452
1.2349400520324707 1452
1.2370309829711914 1452
1.2370309829711914 1452
1.2376270294189453 1452
1.2376291751861572 1452
1.2399251461029053 1452
1.2399251461029053 1452
1.2414660453796387 1452
1.241466999053955 1452
1.2438390254974365 1452
1.2438390254974365 1452
1.2456190586090088 1452
1.2456190586090088 1452
1.2475650310516357 1452
1.2475650310516357 1452
1.2494831085205078 1452
1.2494831085205078 1452
1.2510180473327637 1452
1.2510180473327637 1452
1.2533071041107178 1452
1.2533071041107178 1452
1.2548370361328125 1452
1.2548370361328125 1452
1.2571420669555664 1452
1.2571420669555664 1452
1.258932113647461 1452
1.258932113647461 1452
1.2624530792236328 1452
1.2624530792236328 1452
1.2645230293273926 1452
1.2645230293273926 1452
1.266719102859497 1452
1.266719102859497 1452
1.2683441638946533 1452
1.2683441638946533 1452
1.2702491283416748 1452
1.2702500820159912 1452
1.2721481323242188 1452
1.2721481323242188 1452
1.2742249965667725 1452
1.2742249965667725 1452
1.276116132736206 1452
1.2761170864105225 1452
1.27829909324646 1452
1.2783019542694092 1452
1.2797021865844727 1452
1.279703140258789 1452
1.2828919887542725 1452
1.2828919887542725 1452
