1049222
0.0 1452
9.5367431640625e-07 1452
2.1457672119140625e-06 1452
2.1457672119140625e-06 1452
0.0020279884338378906 1452
0.0020291805267333984 1452
0.002031087875366211 1452
0.002032041549682617 1452
0.0020329952239990234 1452
0.0020339488983154297 1452
0.0020351409912109375 1452
0.0020360946655273438 1452
0.00203704833984375 1452
0.0020380020141601562 1452
0.0020389556884765625 1452
0.0020401477813720703 1452
0.0020411014556884766 1452
0.002043008804321289 1452
0.0020439624786376953 1452
0.002045154571533203 1452
0.0036890506744384766 1452
0.003690004348754883 1452
0.003690958023071289 1452
0.003692150115966797 1452
0.003692150115966797 1452
0.003693103790283203 1452
0.0036940574645996094 1452
0.0036940574645996094 1452
0.0036950111389160156 1452
0.003695964813232422 1452
0.003695964813232422 1452
0.0036971569061279297 1452
0.003698110580444336 1452
0.003698110580444336 1452
0.0037250518798828125 1452
0.0057239532470703125 1452
0.00572514533996582 1452
0.0057260990142822266 1452
0.005730152130126953 1452
0.005731105804443359 1452
0.005732059478759766 1452
0.005733013153076172 1452
0.005733013153076172 1452
0.005733966827392578 1452
0.005735158920288086 1452
0.005736112594604492 1452
0.0057370662689208984 1452
0.005738019943237305 1452
0.005738973617553711 1452
0.005740165710449219 1452
0.005741119384765625 1452
0.00775599479675293 1452
0.007756948471069336 1452
0.007756948471069336 1452
0.007758140563964844 1452
0.00775909423828125 1452
0.00775909423828125 1452
0.007760047912597656 1452
0.0077610015869140625 1452
0.007761955261230469 1452
0.007761955261230469 1452
0.0077631473541259766 1452
0.007764101028442383 1452
0.007765054702758789 1452
0.007765054702758789 1452
0.007766008377075195 1452
0.0077669620513916016 1452
0.009631156921386719 1452
0.009632110595703125 1452
0.009633064270019531 1452
0.009633064270019531 1452
0.009634017944335938 1452
0.009634017944335938 1452
0.009634971618652344 1452
0.009636163711547852 1452
0.009636163711547852 1452
0.009637117385864258 1452
0.009637117385864258 1452
0.009638071060180664 1452
0.00963902473449707 1452
0.00963902473449707 1452
0.009639978408813477 1452
0.009639978408813477 1452
0.012308120727539062 1452
0.012309074401855469 1452
0.012309074401855469 1452
0.012310028076171875 1452
0.012310028076171875 1452
0.012310981750488281 1452
0.012310981750488281 1452
0.012312173843383789 1452
0.014191150665283203 1452
0.01419210433959961 1452
0.014193058013916016 1452
0.014193058013916016 1452
0.014194011688232422 1452
0.014194965362548828 1452
0.014194965362548828 1452
0.014196157455444336 1452
0.01638007164001465 1452
0.016381025314331055 1452
0.01638197898864746 1452
0.01638317108154297 1452
0.016384124755859375 1452
0.016384124755859375 1452
0.01638507843017578 1452
0.016386032104492188 1452
0.017529964447021484 1452
0.017531156539916992 1452
0.017531156539916992 1452
0.0175321102142334 1452
0.017533063888549805 1452
0.01753401756286621 1452
0.017534971237182617 1452
0.017534971237182617 1452
0.01928997039794922 1452
0.019291162490844727 1452
0.019292116165161133 1452
0.019292116165161133 1452
0.01929306983947754 1452
0.01929306983947754 1452
0.019294023513793945 1452
0.01929497718811035 1452
0.021361112594604492 1452
0.0213620662689209 1452
0.021363019943237305 1452
0.021363019943237305 1452
0.02136397361755371 1452
0.02136397361755371 1452
0.02136516571044922 1452
0.021366119384765625 1452
0.02301502227783203 1452
0.023015975952148438 1452
0.023017168045043945 1452
0.023017168045043945 1452
0.02301812171936035 1452
0.02301812171936035 1452
0.023019075393676758 1452
0.023020029067993164 1452
0.02519512176513672 1452
0.025196075439453125 1452
0.02519702911376953 1452
0.02519702911376953 1452
0.025197982788085938 1452
0.025199174880981445 1452
0.02520012855529785 1452
0.025201082229614258 1452
0.03167605400085449 1452
0.03168201446533203 1452
0.03168296813964844 1452
0.031684160232543945 1452
0.03168511390686035 1452
0.03168606758117676 399
0.09976816177368164 399
1.8820111751556396 40
1.882012128829956 40
2.218276023864746 1452
2.2182769775390625 1452
2.2182769775390625 1452
2.218278169631958 1452
2.218278169631958 1452
2.2182791233062744 1452
2.2182791233062744 1452
2.2182791233062744 1452
2.218283176422119 1452
2.218283176422119 1452
2.218283176422119 1452
2.2182841300964355 1452
2.2182841300964355 1452
2.218285083770752 1452
2.218285083770752 1452
2.2182860374450684 1452
2.220792055130005 1452
2.2207930088043213 1452
2.2207939624786377 1452
2.2207939624786377 1452
2.220795154571533 1452
2.220795154571533 1452
2.2207961082458496 1452
2.2207961082458496 1452
2.220797061920166 1452
2.220797061920166 1452
2.2207980155944824 1452
2.2207980155944824 1452
2.2207980155944824 1452
2.220798969268799 1452
2.220798969268799 1452
2.2208001613616943 1452
2.2233870029449463 1452
2.2233870029449463 1452
2.2233879566192627 1452
2.2233879566192627 1452
2.2233879566192627 1452
2.223389148712158 1452
2.223389148712158 1452
2.223389148712158 1452
2.2233901023864746 1452
2.2233901023864746 1452
2.223391056060791 1452
2.223391056060791 1452
2.223391056060791 1452
2.2233920097351074 1452
2.2233920097351074 1452
2.223392963409424 1452
2.2256860733032227 1452
2.2256860733032227 1452
2.225687026977539 1452
2.225687026977539 1452
2.225687026977539 1452
2.2256879806518555 1452
2.2256879806518555 1452
2.2256879806518555 1452
2.2276530265808105 1452
2.227653980255127 1452
2.227653980255127 1452
2.227653980255127 1452
2.2276551723480225 1452
2.2276551723480225 1452
2.227656126022339 1452
2.227656126022339 1452
2.227656126022339 1452
2.2276570796966553 1452
2.2276570796966553 1452
2.2276580333709717 1452
2.2276580333709717 1452
2.2276580333709717 1452
2.227658987045288 1452
2.227658987045288 1452
2.230065107345581 1452
2.2300660610198975 1452
2.230067014694214 1452
2.230067014694214 1452
2.230067014694214 1452
2.2300679683685303 1452
2.2300679683685303 1452
2.230069160461426 1452
2.2312991619110107 1452
2.2312991619110107 1452
2.231300115585327 1452
2.231300115585327 1452
2.2313010692596436 1452
2.2313010692596436 1452
2.23130202293396 1452
2.23130202293396 1452
2.2329251766204834 1452
2.2329261302948 1452
2.232927083969116 1452
2.232927083969116 1452
2.2329280376434326 1452
2.232928991317749 1452
2.232928991317749 1452
2.232928991317749 1452
2.2342309951782227 1452
2.234231948852539 1452
2.234231948852539 1452
2.2342331409454346 1452
2.2342331409454346 1452
2.2342331409454346 1452
2.234234094619751 1452
2.234234094619751 1452
2.2355270385742188 1452
2.235527992248535 1452
2.2355289459228516 1452
2.2355289459228516 1452
2.235530138015747 1452
2.235530138015747 1452
2.235530138015747 1452
2.2355310916900635 1452
2.2355310916900635 1452
2.23553204536438 1452
2.23553204536438 1452
2.2355329990386963 1452
2.2355329990386963 1452
2.2355329990386963 1452
2.2355339527130127 1452
2.2355339527130127 1452
2.2376129627227783 1452
2.237614154815674 1452
2.237614154815674 1452
2.2376151084899902 1452
2.2376151084899902 1452
2.2376151084899902 1452
2.2376160621643066 1452
2.237617015838623 1452
2.237617015838623 1452
2.2376179695129395 1452
2.2376179695129395 1452
2.2376179695129395 1452
2.237619161605835 1452
2.2376201152801514 1452
2.2376201152801514 1452
2.2376201152801514 1452
2.2399380207061768 1452
2.239938974380493 1452
2.239938974380493 1452
2.2399401664733887 1452
2.2399401664733887 1452
2.239941120147705 1452
2.239941120147705 1452
2.2399420738220215 1452
2.2399420738220215 1452
2.2399420738220215 1452
2.239943027496338 1452
2.239943027496338 1452
2.2399439811706543 1452
2.2399439811706543 1452
2.23994517326355 1452
2.23994517326355 1452
2.2421140670776367 1452
2.242115020751953 1452
2.242115020751953 1452
2.2421159744262695 1452
2.2421159744262695 1452
2.242117166519165 1452
2.242117166519165 1452
2.242117166519165 1452
2.2421181201934814 1452
2.2421181201934814 1452
2.2421181201934814 1452
2.242119073867798 1452
2.242119073867798 1452
2.2421200275421143 1452
2.2421200275421143 1452
2.2421200275421143 1452
2.2442100048065186 1452
2.244210958480835 1452
2.244210958480835 1452
2.2442121505737305 1452
2.2442121505737305 1452
2.2442121505737305 1452
2.244213104248047 1452
2.244213104248047 1452
2.244213104248047 1452
2.2442140579223633 1452
2.2442140579223633 1452
2.2442140579223633 1452
2.2442150115966797 1452
2.2442150115966797 1452
2.2442150115966797 1452
2.244215965270996 1452
2.246260166168213 1452
2.2462611198425293 1452
2.2462611198425293 1452
2.2462611198425293 1452
2.2462620735168457 1452
2.2462620735168457 1452
2.246263027191162 1452
2.246263027191162 1452
2.2462639808654785 1452
2.2462639808654785 1452
2.2462639808654785 1452
2.246265172958374 1452
2.246265172958374 1452
2.2462661266326904 1452
2.2462661266326904 1452
2.246267080307007 1452
2.248569965362549 1452
2.248569965362549 1452
2.2485711574554443 1452
2.2485711574554443 1452
2.2485711574554443 1452
2.2485721111297607 1452
2.2485721111297607 1452
2.2485721111297607 1452
2.248573064804077 1452
2.248573064804077 1452
2.248573064804077 1452
2.2485740184783936 1452
2.2485740184783936 1452
2.2485740184783936 1452
2.24857497215271 1452
2.24857497215271 1452
2.2510221004486084 1452
2.251023054122925 1452
2.2510249614715576 1452
2.2510249614715576 1452
2.251026153564453 1452
2.251028060913086 1452
2.2510290145874023 1452
2.2510299682617188 1452
2.2510311603546143 1452
2.2510321140289307 1452
2.251033067703247 1452
2.2510340213775635 1452
2.25103497505188 1452
2.2510361671447754 1452
2.2510361671447754 1452
2.251037120819092 1452
2.2531089782714844 1452
2.2531089782714844 1452
2.25311017036438 1452
2.25311017036438 1452
2.2531111240386963 1452
2.2531111240386963 1452
2.2531111240386963 1452
2.2531120777130127 1452
2.2550950050354004 1452
2.255095958709717 1452
2.2550971508026123 1452
2.2550971508026123 1452
2.2550971508026123 1452
2.2550981044769287 1452
2.2550981044769287 1452
2.255099058151245 1452
2.257249116897583 1452
2.2572500705718994 1452
2.2572500705718994 1452
2.257251024246216 1452
2.257251024246216 1452
2.2572519779205322 1452
2.2572519779205322 1452
2.2572519779205322 1452
2.2572531700134277 1452
2.258747100830078 1452
2.2587480545043945 1452
2.2587480545043945 1452
2.258749008178711 1452
2.258749008178711 1452
2.2587499618530273 1452
2.2587499618530273 1452
2.2606589794158936 1452
2.2606589794158936 1452
2.2606589794158936 1452
2.260660171508789 1452
2.260660171508789 1452
2.2606611251831055 1452
2.2606611251831055 1452
2.2606611251831055 1452
2.263195037841797 1452
2.263195037841797 1452
2.263195037841797 1452
2.2631959915161133 1452
2.2631959915161133 1452
2.2631969451904297 1452
2.2631969451904297 1452
2.2631969451904297 1452
2.263198137283325 1452
2.263209104537964 1452
2.2651560306549072 1452
2.2651569843292236 1452
2.2651569843292236 1452
2.2651569843292236 1452
2.265158176422119 1452
2.265158176422119 1452
2.2674341201782227 1452
2.2674341201782227 1452
2.2674341201782227 1452
2.267435073852539 1452
2.267435073852539 1452
2.2674360275268555 1452
2.2674360275268555 1452
2.2674360275268555 1452
2.269402027130127 1452
2.269402027130127 1452
2.2694029808044434 1452
2.269404172897339 1452
2.269404172897339 1452
2.269404172897339 1452
2.2694051265716553 1452
2.2694051265716553 1452
2.2694051265716553 1452
2.2694060802459717 1452
2.2694060802459717 1452
2.2694060802459717 1452
2.269407033920288 1452
2.269407033920288 1452
2.2694079875946045 1452
2.2694079875946045 1452
2.273404121398926 1452
2.273405075073242 1452
2.273405075073242 1452
2.2734060287475586 1452
2.2734060287475586 1452
2.273406982421875 1452
2.273406982421875 1452
2.273406982421875 1452
2.2734081745147705 1452
2.2734081745147705 1452
2.273409128189087 1452
2.273409128189087 1452
2.273409128189087 1452
2.2734100818634033 1452
2.2734100818634033 1452
2.2734100818634033 1452
2.2771220207214355 1452
2.2771220207214355 1452
2.277122974395752 1452
2.277122974395752 1452
2.277122974395752 1452
2.2771241664886475 1452
2.2771241664886475 1452
2.2771241664886475 1452
2.277125120162964 1452
2.277125120162964 1452
2.277125120162964 1452
2.2771260738372803 1452
2.2771260738372803 1452
2.2771260738372803 1452
2.2771270275115967 1452
2.2771270275115967 1452
2.280745029449463 1452
2.2807459831237793 1452
2.280747175216675 1452
2.280747175216675 1452
2.280747175216675 1452
2.280748128890991 1452
2.280748128890991 1452
2.2807490825653076 1452
2.2807490825653076 1452
2.2807531356811523 1452
2.2807531356811523 1452
2.2807540893554688 1452
2.2807540893554688 1452
2.280755043029785 1452
2.280755043029785 1452
2.2807559967041016 1452
2.284757137298584 1452
2.284759044647217 1452
2.284759998321533 1452
2.2847609519958496 1452
2.284762144088745 1452
2.284764051437378 1452
2.2847650051116943 1452
2.2847659587860107 1452
2.2847681045532227 1452
2.284769058227539 1452
2.2847700119018555 1452
2.284770965576172 1452
2.2847721576690674 1452
2.284773111343384 1452
2.2847771644592285 1452
2.284778118133545 1452
2.2853620052337646 1452
2.2873880863189697 1452
2.287390947341919 1452
2.2873921394348145 1452
2.287398099899292 1452
2.2873990535736084 1452
2.2874021530151367 1452
2.287403106689453 1452
2.287405014038086 1452
2.2874059677124023 1452
2.2874081134796143 1452
2.2874090671539307 1452
2.2874109745025635 1452
2.287412166595459 1452
2.287414073944092 1452
2.2874159812927246 1452
2.2892251014709473 1452
2.2892260551452637 1452
2.28922700881958 1452
2.28922700881958 1452
2.2892279624938965 1452
2.2892279624938965 1452
2.289229154586792 1452
2.289229154586792 1452
2.290908098220825 1452
2.2909090518951416 1452
2.290910005569458 1452
2.2909109592437744 1452
2.2909109592437744 1452
2.29091215133667 1452
2.29091215133667 1452
2.2909131050109863 1452
2.2930829524993896 1452
2.2930850982666016 1452
2.2930850982666016 1452
2.293087959289551 1452
2.293087959289551 1452
2.2930891513824463 1452
2.2930891513824463 1452
2.2930901050567627 1452
2.2930901050567627 1452
2.2930901050567627 1452
2.293091058731079 1452
2.293091058731079 1452
2.2930920124053955 1452
2.2930920124053955 1452
2.293092966079712 1452
2.2935080528259277 1452
2.296370029449463 1452
2.2963709831237793 1452
2.2963709831237793 1452
2.2963709831237793 1452
2.296372175216675 1452
2.296372175216675 1452
2.296373128890991 1452
2.2963740825653076 1452
2.2985119819641113 1452
2.2985141277313232 1452
2.2985150814056396 1452
2.298516035079956 1452
2.298518180847168 1452
2.2985191345214844 1452
2.298520088195801 1452
2.2985219955444336 1452
2.3003809452056885 1452
2.300382137298584 1452
2.3003830909729004 1452
2.3003830909729004 1452
2.3003830909729004 1452
2.300384044647217 1452
2.300384044647217 1452
2.300384998321533 1452
2.301720142364502 1452
2.3017210960388184 1452
2.3017210960388184 1452
2.3017220497131348 1452
2.3017220497131348 1452
2.301723003387451 1452
2.301723003387451 1452
2.3017239570617676 1452
2.3036630153656006 1452
2.303663969039917 1452
2.3036651611328125 1452
2.3036651611328125 1452
2.3036651611328125 1452
2.303666114807129 1452
2.303666114807129 1452
2.3036670684814453 1452
2.3055291175842285 1452
2.3055291175842285 1452
2.305530071258545 1452
2.305530071258545 1452
2.305530071258545 1452
2.3055310249328613 1452
2.3055310249328613 1452
2.3055310249328613 1452
2.3070130348205566 1452
2.3070130348205566 1452
2.307013988494873 1452
2.307013988494873 1452
2.307013988494873 1452
2.3070151805877686 1452
2.3070151805877686 1452
2.3070151805877686 1452
2.3088901042938232 1452
2.3088910579681396 1452
2.308892011642456 1452
2.3088929653167725 1452
2.3088929653167725 1452
2.308894157409668 1452
2.308894157409668 1452
2.3088951110839844 1452
2.310534954071045 1452
2.310534954071045 1452
2.3105361461639404 1452
2.3105361461639404 1452
2.310537099838257 1452
2.310537099838257 1452
2.3105380535125732 1452
2.3105380535125732 1452
2.312494993209839 1452
2.3124959468841553 1452
2.3124959468841553 1452
2.312497138977051 1452
2.312497138977051 1452
2.312498092651367 1452
2.312498092651367 1452
2.312498092651367 1452
2.3149361610412598 1452
2.314937114715576 1452
2.314937114715576 1452
2.3149380683898926 1452
2.3149380683898926 1452
2.314939022064209 1452
2.314939022064209 1452
2.3149399757385254 1452
2.3149399757385254 1452
2.3164241313934326 1452
2.3164241313934326 1452
2.316425085067749 1452
2.316425085067749 1452
2.3164260387420654 1452
2.3164260387420654 1452
2.3164260387420654 1452
2.318911075592041 1452
2.3189120292663574 1452
2.3189120292663574 1452
2.3189120292663574 1452
2.318912982940674 1452
2.318912982940674 1452
2.3189141750335693 1452
2.3189141750335693 1452
2.3219001293182373 1452
2.3219001293182373 1452
2.3219010829925537 1452
2.3219010829925537 1452
2.32190203666687 1452
2.32190203666687 1452
2.32190203666687 1452
2.3219029903411865 1452
2.3219029903411865 1452
2.321904182434082 1452
2.321904182434082 1452
2.321904182434082 1452
2.3219051361083984 1452
2.3219051361083984 1452
2.3219051361083984 1452
2.321906089782715 1452
2.3266401290893555 1452
2.326641082763672 1452
2.3266420364379883 1452
2.3266420364379883 1452
2.3266429901123047 1452
2.3266429901123047 1452
2.3266441822052 1452
2.3266441822052 1452
2.3266451358795166 1452
2.326646089553833 1452
2.326646089553833 1452
2.3266470432281494 1452
2.3266470432281494 1452
2.3266470432281494 1452
2.326647996902466 1452
2.326647996902466 1452
2.3278160095214844 1452
2.327816963195801 1452
2.3278181552886963 1452
2.3278181552886963 1452
2.3278191089630127 1452
2.3278191089630127 1452
2.327820062637329 1452
2.3278210163116455 1452
2.3278210163116455 1452
2.327821969985962 1452
