1050000
0.0 1500
0.0011980533599853516 1500
0.0011980533599853516 1500
0.0017728805541992188 1500
0.0030908584594726562 1500
0.004045009613037109 1500
0.004045009613037109 1500
0.005203962326049805 1500
0.006072044372558594 1500
0.006897926330566406 1500
0.007843971252441406 1500
0.007843971252441406 1500
0.009217977523803711 1500
0.009217977523803711 1500
0.00993490219116211 1500
0.01146697998046875 1500
0.01187896728515625 1500
0.01187896728515625 1500
0.013342857360839844 1500
0.013648033142089844 1500
0.013648033142089844 1500
0.0149078369140625 1500
0.015997886657714844 1500
0.016954898834228516 1500
0.016954898834228516 1500
0.01786494255065918 1500
0.019176006317138672 1500
0.01989603042602539 1500
0.01989603042602539 1500
0.021188020706176758 1500
0.022215843200683594 1500
0.022215843200683594 1500
0.022873878479003906 1500
0.02428603172302246 1500
0.024988889694213867 1500
0.024988889694213867 1500
0.025887012481689453 1500
0.02713298797607422 1500
0.02713298797607422 1500
0.028228044509887695 1500
0.029085874557495117 1500
0.02989983558654785 1500
0.02989983558654785 1500
0.030942916870117188 1500
0.031913042068481445 1500
0.031913042068481445 1500
0.03320503234863281 1500
0.03392601013183594 1500
0.035472869873046875 1500
0.035472869873046875 1500
0.036093950271606445 1500
0.03720688819885254 1500
0.03790688514709473 1500
0.03790688514709473 1500
0.039263010025024414 1500
0.04033994674682617 1500
0.04033994674682617 1500
0.0408329963684082 1500
0.0419619083404541 1500
0.0433499813079834 1500
0.0433499813079834 1500
0.04386186599731445 1500
0.04490399360656738 1500
0.04490399360656738 1500
0.045842885971069336 1500
0.04719901084899902 1500
0.04799485206604004 1500
0.04799485206604004 1500
0.04892587661743164 1500
0.04999589920043945 1500
0.05076885223388672 1500
0.05076885223388672 1500
0.05226898193359375 1500
0.053227901458740234 1500
0.053227901458740234 1500
0.053709983825683594 1500
0.05510091781616211 1500
0.056366920471191406 1500
0.056366920471191406 1500
0.056941986083984375 1500
0.05784893035888672 1500
0.05784893035888672 1500
0.05886983871459961 1500
0.060003042221069336 1500
0.06138896942138672 1500
0.06138896942138672 1500
0.061723947525024414 1500
0.06286787986755371 1500
0.06411194801330566 1500
0.06411194801330566 1500
0.06486701965332031 1500
0.06642603874206543 1500
0.06642603874206543 1500
0.06685185432434082 1500
0.06816387176513672 1500
0.06893301010131836 1500
0.06893301010131836 1500
0.0698690414428711 1500
0.0711219310760498 1500
0.0711219310760498 1500
0.07190704345703125 1500
0.07285594940185547 1500
0.0738680362701416 1500
0.0738680362701416 1500
0.07492494583129883 1500
0.0761258602142334 1500
0.07719802856445312 1500
0.07719802856445312 1500
0.07794690132141113 1500
0.07899904251098633 1500
0.07899904251098633 1500
0.08014488220214844 1500
0.08092904090881348 1500
0.08211994171142578 1500
0.08211994171142578 1500
0.08271002769470215 1500
0.08403801918029785 1500
0.08403801918029785 1500
0.0851600170135498 1500
0.08599591255187988 1500
0.08739805221557617 1500
0.08739805221557617 1500
0.08809399604797363 1500
0.08919191360473633 1500
0.08998489379882812 1500
0.08998489379882812 1500
0.09110283851623535 1500
0.09187984466552734 1500
0.09187984466552734 1500
0.09321403503417969 1500
0.09410500526428223 1500
0.09488296508789062 1500
0.09488296508789062 1500
0.09608983993530273 1500
0.09711503982543945 1500
0.09711503982543945 1500
0.09795498847961426 1500
0.09891200065612793 1500
0.0998070240020752 1500
0.0998070240020752 1500
0.1007840633392334 1500
0.10172891616821289 1500
0.10283398628234863 1500
0.10283398628234863 1500
0.10372686386108398 1500
0.10472297668457031 1500
0.10472297668457031 1500
0.1057429313659668 1500
0.10692286491394043 1500
0.10785484313964844 1500
0.10785484313964844 1500
0.10891199111938477 1500
0.10996198654174805 1500
0.10996198654174805 1500
0.11073589324951172 1500
0.11173486709594727 1500
0.1127479076385498 1500
0.1127479076385498 1500
0.1137549877166748 1500
0.11487293243408203 1500
0.11600804328918457 1500
0.11600804328918457 1500
0.11668801307678223 1500
0.11780905723571777 1500
0.11780905723571777 1500
0.11897397041320801 1500
0.11980605125427246 1500
0.12083792686462402 1500
0.12083792686462402 1500
0.12201690673828125 1500
0.12272906303405762 1500
0.12272906303405762 1500
0.12395191192626953 1500
0.1254889965057373 1500
0.12635302543640137 1500
0.12635302543640137 1500
0.12674188613891602 1500
0.12791895866394043 1500
0.12984895706176758 1500
0.12984895706176758 1500
0.12984895706176758 1500
0.13096284866333008 1500
0.13096284866333008 1500
0.13203001022338867 1500
0.13290190696716309 1500
0.1340470314025879 1500
0.1340470314025879 1500
0.13529586791992188 1500
0.1357288360595703 1500
0.1357288360595703 1500
0.13685989379882812 1500
0.1379868984222412 1500
0.13901090621948242 1500
0.13901090621948242 1500
0.14003491401672363 1500
0.14077091217041016 1500
0.14187002182006836 1500
0.14187002182006836 1500
0.14286589622497559 1500
0.14408397674560547 1500
0.14408397674560547 1500
0.1448349952697754 1500
0.14607787132263184 1500
0.1469409465789795 1500
0.1469409465789795 1500
0.1480848789215088 1500
0.1488509178161621 1500
0.1488509178161621 1500
0.15021395683288574 1500
0.15108394622802734 1500
0.15181899070739746 1500
0.15181899070739746 1500
0.1528618335723877 1500
0.15388083457946777 1500
0.1551990509033203 1500
0.1551990509033203 1500
0.1559438705444336 1500
0.15712904930114746 1500
0.15712904930114746 1500
0.1580209732055664 1500
0.15891385078430176 1500
0.16008400917053223 1500
0.16008400917053223 1500
0.16118192672729492 1500
0.16192102432250977 1500
0.16192102432250977 1500
0.16326403617858887 1500
0.16386890411376953 1500
0.16499090194702148 1500
0.16499090194702148 1500
0.16600990295410156 1500
0.16692090034484863 1500
0.16798186302185059 1500
0.16798186302185059 1500
0.16885685920715332 1500
0.17026400566101074 1500
0.17026400566101074 1500
0.1709749698638916 1500
0.171738862991333 1500
0.17303085327148438 1500
0.17303085327148438 1500
0.1738588809967041 1500
0.17507386207580566 1500
0.17507386207580566 1500
0.17614102363586426 1500
0.17717289924621582 1500
0.17826294898986816 1500
0.17826294898986816 1500
0.1792600154876709 1500
0.17980504035949707 1500
0.18095898628234863 1500
0.18095898628234863 1500
0.18208694458007812 1500
0.18285703659057617 1500
0.18285703659057617 1500
0.18405699729919434 1500
0.18496394157409668 1500
0.18584585189819336 1500
0.18584585189819336 1500
0.18714594841003418 1500
0.18801403045654297 1500
0.18801403045654297 1500
0.1890249252319336 1500
0.19006705284118652 1500
0.19105005264282227 1500
0.19105005264282227 1500
0.19188284873962402 1500
0.19286704063415527 1500
0.19286704063415527 1500
0.1937730312347412 1500
0.19487690925598145 1500
0.19592595100402832 1500
0.19592595100402832 1500
0.19687795639038086 1500
0.19797801971435547 1500
0.1993260383605957 1500
0.1993260383605957 1500
0.19992899894714355 1500
0.20087003707885742 1500
0.20087003707885742 1500
0.20194792747497559 1500
0.20305991172790527 1500
0.20405983924865723 1500
0.20405983924865723 1500
0.2050628662109375 1500
0.2060239315032959 1500
0.2060239315032959 1500
0.2066948413848877 1500
0.20783185958862305 1500
0.20885801315307617 1500
0.20885801315307617 1500
0.2100229263305664 1500
0.21140384674072266 1500
0.21264290809631348 1500
0.21264290809631348 1500
0.21264290809631348 1500
0.2143099308013916 1500
0.2143099308013916 1500
0.21477293968200684 1500
0.21599197387695312 1500
0.21713805198669434 1500
0.21713805198669434 1500
0.2180180549621582 1500
0.2191150188446045 1500
0.2191150188446045 1500
0.2201080322265625 1500
0.2211160659790039 1500
0.22328996658325195 1500
0.22328996658325195 1500
0.22328996658325195 1500
0.22390103340148926 1500
0.22523188591003418 1500
0.22523188591003418 1500
0.22603583335876465 1500
0.2271108627319336 1500
0.2271108627319336 1500
0.22803997993469238 1500
0.22918391227722168 1500
0.22992491722106934 1500
0.22992491722106934 1500
0.23132896423339844 1500
0.2318260669708252 1500
0.2318260669708252 1500
0.23316097259521484 1500
0.23411893844604492 1500
0.2349720001220703 1500
0.2349720001220703 1500
0.23696684837341309 1500
0.23696684837341309 1500
0.23870086669921875 1500
0.23870086669921875 1500
0.2390890121459961 1500
0.24027490615844727 1500
0.24027490615844727 1500
0.24104905128479004 1500
0.24214601516723633 1500
0.24279284477233887 1500
0.24279284477233887 1500
0.24421095848083496 1500
0.2449359893798828 1500
0.2449359893798828 1500
0.2460460662841797 1500
0.24698996543884277 1500
0.2479569911956787 1500
0.2479569911956787 1500
0.2491300106048584 1500
0.25003600120544434 1500
0.251162052154541 1500
0.251162052154541 1500
0.2519710063934326 1500
0.2530100345611572 1500
0.2530100345611572 1500
0.25452494621276855 1500
0.2553369998931885 1500
0.2560739517211914 1500
0.2560739517211914 1500
0.2570068836212158 1500
0.25817298889160156 1500
0.25817298889160156 1500
0.25927186012268066 1500
0.26017189025878906 1500
0.2611260414123535 1500
0.2611260414123535 1500
0.2619788646697998 1500
0.2632019519805908 1500
0.26409387588500977 1500
0.26409387588500977 1500
0.2659759521484375 1500
0.2659759521484375 1500
0.2659759521484375 1500
0.2668609619140625 1500
0.2684309482574463 1500
0.26899099349975586 1500
0.26899099349975586 1500
0.2697620391845703 1500
0.2707998752593994 1500
0.2707998752593994 1500
0.27175092697143555 1500
0.2729148864746094 1500
0.2737729549407959 1500
0.2737729549407959 1500
0.2747640609741211 1500
0.2759690284729004 1500
0.2770810127258301 1500
0.2770810127258301 1500
0.27807092666625977 1500
0.2790830135345459 1500
0.2790830135345459 1500
0.2799558639526367 1500
0.28125596046447754 1500
0.281937837600708 1500
0.281937837600708 1500
0.28302788734436035 1500
0.283966064453125 1500
0.283966064453125 1500
0.28501296043395996 1500
0.28600287437438965 1500
0.28735804557800293 1500
0.28735804557800293 1500
0.28811001777648926 1500
0.2889409065246582 1500
0.2900729179382324 1500
0.2900729179382324 1500
0.2912888526916504 1500
0.292186975479126 1500
0.292186975479126 1500
0.2928588390350342 1500
0.29410505294799805 1500
0.2951369285583496 1500
0.2951369285583496 1500
0.2962679862976074 1500
0.2969200611114502 1500
0.2969200611114502 1500
0.29796290397644043 1500
0.29897093772888184 1500
0.3001859188079834 1500
0.3001859188079834 1500
0.3010518550872803 1500
0.3022148609161377 1500
0.3030219078063965 1500
0.3030219078063965 1500
0.3037889003753662 1500
0.30478787422180176 1500
0.30478787422180176 1500
0.3059060573577881 1500
0.30741190910339355 1500
0.3078279495239258 1500
0.3078279495239258 1500
0.3090660572052002 1500
0.31207799911499023 1500
0.31207799911499023 1500
0.31207799911499023 1500
0.31207799911499023 1500
0.313122034072876 1500
0.313122034072876 1500
0.31388092041015625 1500
0.3158838748931885 1500
0.3158838748931885 1500
0.3158838748931885 1500
0.3171658515930176 1500
0.31793785095214844 1500
0.31793785095214844 1500
0.3192920684814453 1500
0.31961894035339355 1500
0.3211338520050049 1500
0.3211338520050049 1500
0.322131872177124 1500
0.3231208324432373 1500
0.3239288330078125 1500
0.3239288330078125 1500
0.32499003410339355 1500
0.326016902923584 1500
0.326016902923584 1500
0.32712697982788086 1500
0.32813096046447754 1500
0.32904601097106934 1500
0.32904601097106934 1500
0.32990193367004395 1500
0.3310208320617676 1500
0.3310208320617676 1500
0.33207106590270996 1500
0.3329198360443115 1500
0.3340170383453369 1500
0.3340170383453369 1500
0.3349790573120117 1500
0.3359489440917969 1500
0.3359489440917969 1500
0.33786702156066895 1500
0.33786702156066895 1500
0.33907485008239746 1500
0.33907485008239746 1500
0.3399019241333008 1500
0.3408980369567871 1500
0.3419649600982666 1500
0.3419649600982666 1500
0.34321093559265137 1500
0.3438599109649658 1500
0.3438599109649658 1500
0.3449840545654297 1500
0.3457210063934326 1500
0.34703683853149414 1500
0.34703683853149414 1500
0.34770798683166504 1500
0.34929800033569336 1500
0.34929800033569336 1500
0.34992003440856934 1500
0.3508338928222656 1500
0.35170698165893555 1500
0.35170698165893555 1500
0.3529200553894043 1500
0.3538360595703125 1500
0.3551359176635742 1500
0.3551359176635742 1500
0.3559868335723877 1500
0.35712599754333496 1500
0.35712599754333496 1500
0.35803699493408203 1500
0.35886693000793457 1500
0.3598959445953369 1500
0.3598959445953369 1500
0.36107492446899414 1500
0.3620328903198242 1500
0.3620328903198242 1500
0.36305999755859375 1500
0.3639390468597412 1500
0.3652060031890869 1500
0.3652060031890869 1500
0.36599206924438477 1500
0.36742591857910156 1500
0.36742591857910156 1500
0.3676638603210449 1500
0.36931395530700684 1500
0.37108898162841797 1500
0.37108898162841797 1500
0.37108898162841797 1500
0.3719780445098877 1500
0.37297987937927246 1500
0.37297987937927246 1500
0.3739738464355469 1500
0.37511396408081055 1500
0.37511396408081055 1500
0.3760569095611572 1500
0.3769080638885498 1500
0.3785860538482666 1500
0.3785860538482666 1500
0.37947797775268555 1500
0.3799560070037842 1500
0.3799560070037842 1500
0.38109397888183594 1500
0.38192105293273926 1500
0.3847999572753906 1500
0.3847999572753906 1500
0.3847999572753906 1500
0.38501691818237305 1500
0.3860650062561035 1500
0.3860650062561035 1500
0.38680601119995117 1500
0.3881490230560303 1500
0.3881490230560303 1500
0.3892970085144043 1500
0.3899688720703125 1500
0.39106202125549316 1500
0.39106202125549316 1500
0.39208984375 1500
0.39272284507751465 1500
0.3929460048675537 1500
0.39431285858154297 1500
0.395068883895874 1500
0.396453857421875 1500
0.396453857421875 1500
0.3969860076904297 1500
0.39792704582214355 1500
0.399000883102417 1500
0.399000883102417 1500
0.3998749256134033 1500
0.4010498523712158 1500
0.4010498523712158 1500
0.4019608497619629 1500
0.403641939163208 1500
0.40386390686035156 1500
0.40386390686035156 1500
0.4050729274749756 1500
0.4061129093170166 1500
0.4061129093170166 1500
0.40703701972961426 1500
0.4081430435180664 1500
0.41007494926452637 1500
0.41007494926452637 1500
0.41007494926452637 1500
0.41106486320495605 1500
0.41190195083618164 1500
0.41190195083618164 1500
0.4131128787994385 1500
0.4137568473815918 1500
0.4137568473815918 1500
0.4149599075317383 1500
0.4162099361419678 1500
0.41704487800598145 1500
0.41704487800598145 1500
0.41793298721313477 1500
0.41918206214904785 1500
0.41918206214904785 1500
0.42016100883483887 1500
0.4211268424987793 1500
0.42194485664367676 1500
0.42194485664367676 1500
0.4234640598297119 1500
0.42400693893432617 1500
0.4250929355621338 1500
0.4250929355621338 1500
0.4261288642883301 1500
0.42725205421447754 1500
0.42725205421447754 1500
0.4278590679168701 1500
0.42897891998291016 1500
0.42997002601623535 1500
0.42997002601623535 1500
0.4309718608856201 1500
0.43207693099975586 1500
0.43207693099975586 1500
0.4331488609313965 1500
0.43404293060302734 1500
0.43526196479797363 1500
0.43526196479797363 1500
0.43608903884887695 1500
0.43802905082702637 1500
0.43802905082702637 1500
0.43808603286743164 1500
0.43903088569641113 1500
0.43979692459106445 1500
0.43979692459106445 1500
0.4409499168395996 1500
0.4422729015350342 1500
0.44284486770629883 1500
0.44287991523742676 1500
0.4440889358520508 1500
0.4449770450592041 1500
0.4449770450592041 1500
0.4456820487976074 1500
0.4468350410461426 1500
0.44785094261169434 1500
0.44785094261169434 1500
0.44878506660461426 1500
0.45012784004211426 1500
0.4510159492492676 1500
0.4510159492492676 1500
0.4522590637207031 1500
0.4528770446777344 1500
0.4528770446777344 1500
0.4538290500640869 1500
0.4549448490142822 1500
0.4560558795928955 1500
0.4560558795928955 1500
0.45673203468322754 1500
0.45780396461486816 1500
0.45780396461486816 1500
0.4587390422821045 1500
0.4597949981689453 1500
0.46077489852905273 1500
0.46077489852905273 1500
0.46193385124206543 1500
0.4629349708557129 1500
0.46429991722106934 1500
0.46429991722106934 1500
0.46498584747314453 1500
0.46634793281555176 1500
0.46634793281555176 1500
0.4670579433441162 1500
0.4679288864135742 1500
0.46899986267089844 1500
0.46899986267089844 1500
0.46996498107910156 1500
0.47093701362609863 1500
0.47093701362609863 1500
0.47179603576660156 1500
0.4731638431549072 1500
0.4741048812866211 1500
0.4741048812866211 1500
0.47510790824890137 1500
0.4760458469390869 1500
0.47702789306640625 1500
0.47702789306640625 1500
0.4780728816986084 1500
0.48035502433776855 1500
0.48035502433776855 1500
0.48035502433776855 1500
0.4812278747558594 1500
0.4820990562438965 1500
0.4820990562438965 1500
0.48306798934936523 1500
0.4840090274810791 1500
0.4840090274810791 1500
0.48502588272094727 1500
0.4864368438720703 1500
0.4869978427886963 1500
0.4869978427886963 1500
0.4879598617553711 1500
0.48930883407592773 1500
0.490185022354126 1500
0.490185022354126 1500
0.49122190475463867 1500
0.49210405349731445 1500
0.49210405349731445 1500
0.49295687675476074 1500
0.4941599369049072 1500
0.4949519634246826 1500
0.4949519634246826 1500
0.4959869384765625 1500
0.497067928314209 1500
0.497067928314209 1500
0.4980180263519287 1500
0.4991319179534912 1500
0.4998750686645508 1500
0.4998750686645508 1500
0.5013740062713623 1500
0.5021529197692871 1500
0.5029590129852295 1500
0.5029590129852295 1500
0.504040002822876 1500
0.5050208568572998 1500
