1050000
0.0 1500
0.003849029541015625 1500
0.006443977355957031 1500
0.009974956512451172 1500
0.01067209243774414 1500
0.013727903366088867 1500
0.016633987426757812 1500
0.020910024642944336 1500
0.02362799644470215 1500
0.027842044830322266 1500
0.027842044830322266 1500
0.0316309928894043 1500
0.03484010696411133 1500
0.037568092346191406 1500
0.04080796241760254 1500
0.04453301429748535 1500
0.047781944274902344 1500
0.047781944274902344 1500
0.051711082458496094 1500
0.05476713180541992 1500
0.05780601501464844 1500
0.060571908950805664 1500
0.06488394737243652 1500
0.06592202186584473 1500
0.06882905960083008 1500
0.07196593284606934 1500
0.0758979320526123 1500
0.07910394668579102 1500
0.08186602592468262 1500
0.08324193954467773 1500
0.08714008331298828 1500
0.08884906768798828 1500
0.0916130542755127 1500
0.09582090377807617 1500
0.0999460220336914 1500
0.0999460220336914 1500
0.10434293746948242 1500
0.10651898384094238 1500
0.10989713668823242 1500
0.11287498474121094 1500
0.11675810813903809 1500
0.11980700492858887 1500
0.12095999717712402 1500
0.12367391586303711 1500
0.12688207626342773 1500
0.13096904754638672 1500
0.13423895835876465 1500
0.13712406158447266 1500
0.13776707649230957 1500
0.14065098762512207 1500
0.14426898956298828 1500
0.14757800102233887 1500
0.1509559154510498 1500
0.15478205680847168 1500
0.15495610237121582 1500
0.15884804725646973 1500
0.16175198554992676 1500
0.16539907455444336 1500
0.1679069995880127 1500
0.17176008224487305 1500
0.17548608779907227 1500
0.17548608779907227 1500
0.17901396751403809 1500
0.18140411376953125 1500
0.1860980987548828 1500
0.1876070499420166 1500
0.1917409896850586 1500
0.19285202026367188 1500
0.1955280303955078 1500
0.1988539695739746 1500
0.20287108421325684 1500
0.20617198944091797 1500
0.20903396606445312 1500
0.20986199378967285 1500
0.21388697624206543 1500
0.21657705307006836 1500
0.21847891807556152 1500
0.22266697883605957 1500
0.2269439697265625 1500
0.2269439697265625 1500
0.22983694076538086 1500
0.23366713523864746 1500
0.23713111877441406 1500
0.24027204513549805 1500
0.24384808540344238 1500
0.24696803092956543 1500
0.24771904945373535 1500
0.25098395347595215 1500
0.25423407554626465 1500
0.2574589252471924 1500
0.2606680393218994 1500
0.26389098167419434 1500
0.26466894149780273 1500
0.26843810081481934 1500
0.27042508125305176 1500
0.27510499954223633 1500
0.27785706520080566 1500
0.2816159725189209 1500
0.28174304962158203 1500
0.2855210304260254 1500
0.28937602043151855 1500
0.2915520668029785 1500
0.29480504989624023 1500
0.29889893531799316 1500
0.30158400535583496 1500
0.30286598205566406 1500
0.3055989742279053 1500
0.30861496925354004 1500
0.31251001358032227 1500
0.3156609535217285 1500
0.31849193572998047 1500
0.31849193572998047 1500
0.3207869529724121 1500
0.32248711585998535 1500
0.32592105865478516 1500
0.3292410373687744 1500
0.33065009117126465 1500
0.33065009117126465 1500
0.33368492126464844 1500
0.3356020450592041 1500
0.3399050235748291 1500
0.3622429370880127 1500
0.36383605003356934 1500
0.36969590187072754 1500
0.36969590187072754 1500
0.3938260078430176 1500
0.3938260078430176 1500
0.3987700939178467 1500
0.3987700939178467 1500
0.42690396308898926 1500
0.42690396308898926 1500
0.4288930892944336 1500
0.4288930892944336 1500
0.45784997940063477 1500
0.45784997940063477 1500
0.45856404304504395 1500
0.45975613594055176 1500
0.4884829521179199 1500
0.4884829521179199 1500
0.4894709587097168 1500
0.4894709587097168 1500
0.518867015838623 1500
0.518867015838623 1500
0.5219759941101074 1500
0.5219759941101074 1500
0.5488309860229492 1500
0.5488309860229492 1500
0.5518550872802734 1500
0.5518550872802734 1500
0.5803420543670654 1500
0.5803420543670654 1500
0.5810949802398682 1500
0.5810949802398682 1500
0.5868959426879883 1500
0.5868959426879883 1500
0.5925970077514648 1500
0.5925970077514648 1500
0.5979390144348145 1500
0.5981309413909912 1500
0.6039049625396729 1500
0.6039049625396729 1500
0.6087820529937744 1500
0.6087820529937744 1500
0.6159079074859619 1500
0.6159079074859619 1500
0.619826078414917 1500
0.619826078414917 1500
0.6249430179595947 1500
0.6249430179595947 1500
0.6316280364990234 1500
0.6316280364990234 1500
0.6362779140472412 1500
0.6362779140472412 1500
0.6419739723205566 1500
0.6419739723205566 1500
0.6469230651855469 1500
0.6469230651855469 1500
0.6533150672912598 1500
0.6533150672912598 1500
0.6575119495391846 1500
0.6575119495391846 1500
0.6638920307159424 1500
0.6638920307159424 1500
0.6700139045715332 1500
0.6700139045715332 1500
0.6749749183654785 1500
0.6749749183654785 1500
0.6816129684448242 1500
0.6816129684448242 1500
0.6867749691009521 1500
0.6867749691009521 1500
0.6940329074859619 1500
0.6966750621795654 1500
0.6980020999908447 1500
0.7013769149780273 1500
0.7035689353942871 1500
0.7066850662231445 1500
0.7108879089355469 1500
0.7149100303649902 1500
0.7149100303649902 1500
0.717987060546875 1500
0.7222309112548828 1500
0.724510908126831 1500
0.7275171279907227 1500
0.730950117111206 1500
0.7326669692993164 1500
0.7347700595855713 1500
0.7385199069976807 1500
0.7418510913848877 1500
0.745690107345581 1500
0.7480759620666504 1500
0.7518739700317383 1500
0.7526350021362305 1500
0.7557001113891602 1500
0.7589719295501709 1500
0.761660099029541 1500
0.7664721012115479 1500
0.7686219215393066 1500
0.7700071334838867 1500
0.7725510597229004 1500
0.7766530513763428 1500
0.7787230014801025 1500
0.782534122467041 1500
0.7875380516052246 1500
0.7875380516052246 1500
0.7893800735473633 1500
0.7933759689331055 1500
0.7969391345977783 1500
0.8000149726867676 1500
0.8024899959564209 1500
0.8065369129180908 1500
0.8077359199523926 1500
0.8107631206512451 1500
0.8136911392211914 1500
0.816533088684082 1500
0.8220999240875244 1500
0.8235359191894531 1500
0.8247709274291992 1500
0.827564001083374 1500
0.8326249122619629 1500
0.8342111110687256 1500
0.837878942489624 1500
0.8418819904327393 1500
0.8418819904327393 1500
0.8447709083557129 1500
0.8484489917755127 1500
0.8519959449768066 1500
0.8548080921173096 1500
0.8582379817962646 1500
0.8592081069946289 1500
0.862739086151123 1500
0.8655669689178467 1500
0.8688769340515137 1500
0.8729250431060791 1500
0.8755841255187988 1500
0.8785791397094727 1500
0.8794429302215576 1500
0.883033037185669 1500
0.8858299255371094 1500
0.8887760639190674 1500
0.8927640914916992 1500
0.8959090709686279 1500
0.896704912185669 1500
0.8994801044464111 1500
0.9036791324615479 1500
0.9069349765777588 1500
0.9094460010528564 1500
0.9136950969696045 1500
0.9146881103515625 1500
0.9168679714202881 1500
0.9207570552825928 1500
0.9240109920501709 1500
0.9276659488677979 1500
0.929718017578125 1500
0.9335579872131348 1500
0.9350409507751465 1500
0.9376060962677002 1500
0.9422600269317627 1500
0.9439129829406738 1500
0.9475350379943848 1500
0.9509010314941406 1500
0.9518749713897705 1500
0.95461106300354 1500
0.9585940837860107 1500
0.961076021194458 1500
0.9644920825958252 1500
0.9685699939727783 1500
0.9686660766601562 1500
0.9717450141906738 1500
0.9755051136016846 1500
0.9785490036010742 1500
0.9823200702667236 1500
0.9846091270446777 1500
0.9863739013671875 1500
0.9895601272583008 1500
0.9927210807800293 1500
0.9955849647521973 1500
0.9998500347137451 1500
1.0033140182495117 1500
1.0059399604797363 1500
1.006838083267212 1500
1.0104680061340332 1500
1.0142779350280762 1500
1.0158679485321045 1500
1.019556999206543 1500
1.0241119861602783 1500
1.0241119861602783 1500
1.0265600681304932 1500
1.0308480262756348 1500
1.033630132675171 1500
1.0366179943084717 1500
1.0398240089416504 1500
1.0407869815826416 1500
1.0444679260253906 1500
1.0476760864257812 1500
1.0506129264831543 1500
1.0545639991760254 1500
1.0569429397583008 1500
1.060823917388916 1500
1.0618579387664795 1500
1.064918041229248 1500
1.0683019161224365 1500
1.0707690715789795 1500
1.0745339393615723 1500
1.077850103378296 1500
1.078671932220459 1500
1.0818250179290771 1500
1.0859041213989258 1500
1.089872121810913 1500
1.0915610790252686 1500
1.0957961082458496 1500
1.0957961082458496 1500
1.0988240242004395 1500
1.102905035018921 1500
1.1057651042938232 1500
1.1089119911193848 1500
1.111863136291504 1500
1.1154570579528809 1500
1.116852045059204 1500
1.1195781230926514 1500
1.122939109802246 1500
1.1258320808410645 1500
1.1295700073242188 1500
1.1327660083770752 1500
1.1337950229644775 1500
1.1368141174316406 1500
1.1397840976715088 1500
1.1429939270019531 1500
1.1468069553375244 1500
1.15059494972229 1500
1.15059494972229 1500
1.1541759967803955 1500
1.1575500965118408 1500
1.1610560417175293 1500
1.1633780002593994 1500
1.1669509410858154 1500
1.1677520275115967 1500
1.1720309257507324 1500
1.1755850315093994 1500
1.1778769493103027 1500
1.1818161010742188 1500
1.1844229698181152 1500
1.1877391338348389 1500
1.188709020614624 1500
1.191890001296997 1500
1.194674015045166 1500
1.1981079578399658 1500
1.201962947845459 1500
1.204704999923706 1500
1.2059030532836914 1500
1.2085819244384766 1500
1.2126851081848145 1500
1.2159991264343262 1500
1.22017502784729 1500
1.222909927368164 1500
1.2235541343688965 1500
1.2257139682769775 1500
1.230870008468628 1500
1.232361078262329 1500
1.2366960048675537 1500
1.2387120723724365 1500
1.2426660060882568 1500
1.2439019680023193 1500
1.2466530799865723 1500
1.2499089241027832 1500
1.2530500888824463 1500
1.2568681240081787 1500
1.259709119796753 1500
1.2607440948486328 1500
1.264030933380127 1500
1.267822027206421 1500
1.269503116607666 1500
1.2737140655517578 1500
1.2776241302490234 1500
1.2776241302490234 1500
1.280872106552124 1500
1.284632921218872 1500
1.2878990173339844 1500
1.2906310558319092 1500
1.2937729358673096 1500
1.2946090698242188 1500
1.2987279891967773 1500
1.301513910293579 1500
1.304744005203247 1500
1.3087859153747559 1500
1.3117170333862305 1500
1.3147740364074707 1500
1.3155040740966797 1500
1.318972110748291 1500
1.3215949535369873 1500
1.3248250484466553 1500
1.3299601078033447 1500
1.3330159187316895 1500
1.3330159187316895 1500
1.3357150554656982 1500
1.3397729396820068 1500
1.3428099155426025 1500
1.3456149101257324 1500
1.3486199378967285 1500
1.349606990814209 1500
1.3529090881347656 1500
1.3568761348724365 1500
1.3598670959472656 1500
1.3634071350097656 1500
1.3657660484313965 1500
1.370121955871582 1500
1.3710260391235352 1500
1.3734519481658936 1500
1.376842975616455 1500
1.3796451091766357 1500
1.3853750228881836 1500
1.3872570991516113 1500
1.3877370357513428 1500
1.3906800746917725 1500
1.3945629596710205 1500
1.3976359367370605 1500
1.401102066040039 1500
1.4046781063079834 1500
1.404736042022705 1500
1.4075169563293457 1500
1.4119470119476318 1500
1.4148130416870117 1500
1.4187490940093994 1500
1.421057939529419 1500
1.4247291088104248 1500
1.425450086593628 1500
1.4283671379089355 1500
1.4316389560699463 1500
1.434786081314087 1500
1.4389939308166504 1500
1.4417140483856201 1500
1.4428870677947998 1500
1.445694923400879 1500
1.449497938156128 1500
1.4520230293273926 1500
1.4559719562530518 1500
1.4595470428466797 1500
1.459665060043335 1500
1.4635090827941895 1500
1.4668009281158447 1500
1.4699640274047852 1500
1.4728379249572754 1500
1.4757881164550781 1500
1.4767351150512695 1500
1.480457067489624 1500
1.483752965927124 1500
1.4866249561309814 1500
1.490983009338379 1500
1.4936749935150146 1500
1.4966909885406494 1500
1.4979801177978516 1500
1.500765085220337 1500
1.5036399364471436 1500
1.5066931247711182 1500
1.5105719566345215 1500
1.5139129161834717 1500
1.5146350860595703 1500
1.5176770687103271 1500
1.5218720436096191 1500
1.5250871181488037 1500
1.5278661251068115 1500
1.5319550037384033 1500
1.5328059196472168 1500
1.5346860885620117 1500
1.5388250350952148 1500
1.5417470932006836 1500
1.5455760955810547 1500
1.5475389957427979 1500
1.5516071319580078 1500
1.5529069900512695 1500
1.5556910037994385 1500
1.5586860179901123 1500
1.5620651245117188 1500
1.5659270286560059 1500
1.5685629844665527 1500
1.569572925567627 1500
1.5726070404052734 1500
1.5766479969024658 1500
1.578711986541748 1500
1.582590103149414 1500
1.5864770412445068 1500
1.5864770412445068 1500
1.5897600650787354 1500
1.5938050746917725 1500
1.596879005432129 1500
1.5997850894927979 1500
1.6034069061279297 1500
1.6041929721832275 1500
1.6075811386108398 1500
1.6107521057128906 1500
1.6138041019439697 1500
1.6176819801330566 1500
1.6212670803070068 1500
1.6236140727996826 1500
1.6248230934143066 1500
1.6275439262390137 1500
1.6310269832611084 1500
1.6339709758758545 1500
1.6379339694976807 1500
1.6422181129455566 1500
1.6422181129455566 1500
1.6449239253997803 1500
1.648900032043457 1500
1.6516969203948975 1500
1.654792070388794 1500
1.6579489707946777 1500
1.658630132675171 1500
1.6626710891723633 1500
1.6657509803771973 1500
1.6689190864562988 1500
1.6727781295776367 1500
1.6745691299438477 1500
1.6786060333251953 1500
1.6798529624938965 1500
1.683013916015625 1500
1.6865079402923584 1500
1.6886510848999023 1500
1.6924059391021729 1500
1.6958119869232178 1500
1.696624994277954 1500
1.699963092803955 1500
1.704819917678833 1500
1.7068381309509277 1500
1.709630012512207 1500
1.7137079238891602 1500
1.7137079238891602 1500
1.7172880172729492 1500
1.721040964126587 1500
1.7236409187316895 1500
1.7268319129943848 1500
1.7296631336212158 1500
1.7337570190429688 1500
1.7347300052642822 1500
1.7376420497894287 1500
1.7407200336456299 1500
1.7438199520111084 1500
1.7476210594177246 1500
1.7505650520324707 1500
1.7524340152740479 1500
1.754746913909912 1500
1.7587699890136719 1500
1.7608931064605713 1500
1.7651309967041016 1500
1.768829107284546 1500
1.768829107284546 1500
1.7717630863189697 1500
1.7756099700927734 1500
1.7788350582122803 1500
1.7818689346313477 1500
1.7860870361328125 1500
1.7860870361328125 1500
1.789802074432373 1500
1.7927520275115967 1500
1.7956650257110596 1500
1.7998270988464355 1500
1.80281400680542 1500
1.8054039478302002 1500
1.8065340518951416 1500
1.8095791339874268 1500
1.812493085861206 1500
1.8159310817718506 1500
1.8200039863586426 1500
1.822516918182373 1500
1.823897123336792 1500
1.8266260623931885 1500
1.830902099609375 1500
1.833590030670166 1500
1.8369100093841553 1500
1.840630054473877 1500
1.8417749404907227 1500
1.8438119888305664 1500
1.8477470874786377 1500
1.850883960723877 1500
1.8551959991455078 1500
1.8568220138549805 1500
1.860464096069336 1500
1.861706018447876 1500
1.864548921585083 1500
1.8676741123199463 1500
1.8710510730743408 1500
1.8745160102844238 1500
1.8780200481414795 1500
1.8785629272460938 1500
1.8818089962005615 1500
1.885819911956787 1500
1.88771390914917 1500
1.8915469646453857 1500
1.8962149620056152 1500
1.8962149620056152 1500
1.8993730545043945 1500
1.9026119709014893 1500
1.905695915222168 1500
1.908385992050171 1500
1.9122800827026367 1500
1.9125089645385742 1500
1.9164619445800781 1500
1.9199891090393066 1500
1.9225621223449707 1500
1.9265809059143066 1500
1.929764986038208 1500
1.9326379299163818 1500
1.9337859153747559 1500
1.9364330768585205 1500
1.939845085144043 1500
1.9428000450134277 1500
1.9467799663543701 1500
1.9507389068603516 1500
1.9507389068603516 1500
1.9534070491790771 1500
1.9575979709625244 1500
1.960556983947754 1500
1.9636659622192383 1500
1.966860055923462 1500
1.9675559997558594 1500
1.970879077911377 1500
1.9746370315551758 1500
1.9774949550628662 1500
1.9817419052124023 1500
1.9840741157531738 1500
1.9876949787139893 1500
1.98860502243042 1500
1.9916279315948486 1500
1.994499921798706 1500
1.9976091384887695 1500
2.0019330978393555 1500
2.0048160552978516 1500
2.005378007888794 1500
2.0088179111480713 1500
2.0140089988708496 1500
2.0155179500579834 1500
2.0188651084899902 1500
2.022475004196167 1500
2.02250599861145 1500
2.025789976119995 1500
2.0297129154205322 1500
2.032442092895508 1500
2.0363149642944336 1500
2.0384209156036377 1500
2.0397040843963623 1500
2.043658971786499 1500
2.046600103378296 1500
2.0500121116638184 1500
2.0527760982513428 1500
2.0565640926361084 1500
2.0596909523010254 1500
2.0605499744415283 1500
2.06359601020813 1500
2.067656993865967 1500
2.070035934448242 1500
2.0733649730682373 1500
2.0775699615478516 1500
2.0775699615478516 1500
2.080950975418091 1500
2.085094928741455 1500
2.0877280235290527 1500
2.0918829441070557 1500
2.093518018722534 1500
2.094681978225708 1500
2.098961114883423 1500
2.1015639305114746 1500
2.1045360565185547 1500
2.1087090969085693 1500
2.1115829944610596 1500
2.1146109104156494 1500
2.1154510974884033 1500
2.1187400817871094 1500
2.1217041015625 1500
2.1254920959472656 1500
2.128649950027466 1500
2.131808042526245 1500
2.1327450275421143 1500
2.135646104812622 1500
2.139827013015747 1500
2.1427340507507324 1500
2.145756959915161 1500
2.1493489742279053 1500
2.150531053543091 1500
2.1526780128479004 1500
2.1566710472106934 1500
2.1595849990844727 1500
