1049740
0.0 1460
0.0 1460
0.0 1460
0.0 1460
0.006922006607055664 1460
0.006922006607055664 1460
0.006922006607055664 1460
0.006922006607055664 1460
0.006922006607055664 1460
0.006922006607055664 1460
0.006922006607055664 1460
0.0072329044342041016 1460
0.0073699951171875 1460
0.0073699951171875 1460
0.0073699951171875 1460
0.03471779823303223 1460
0.03471779823303223 1460
0.03471779823303223 1460
0.03471779823303223 1460
0.03471779823303223 1460
0.03471779823303223 1460
0.03537178039550781 1460
0.03537178039550781 1460
0.03537178039550781 1460
0.03537178039550781 1460
0.03537178039550781 1460
0.047470808029174805 1460
0.047470808029174805 1460
0.047470808029174805 1460
0.047470808029174805 1460
0.047470808029174805 1460
0.04904985427856445 1460
0.04956483840942383 1460
0.04956483840942383 1460
0.04956483840942383 1460
0.04956483840942383 1460
0.04956483840942383 1460
0.06678485870361328 1460
0.06678485870361328 1460
0.06678485870361328 1460
0.06678485870361328 1460
0.06678485870361328 1460
0.06678485870361328 1460
0.06678485870361328 1460
0.06678485870361328 1460
0.06836390495300293 1460
0.06836390495300293 1460
0.06836390495300293 1460
0.08564496040344238 1460
0.08564496040344238 1460
0.08564496040344238 1460
0.08564496040344238 1460
0.08564496040344238 1460
0.08564496040344238 1460
0.08599686622619629 1460
0.08599686622619629 1460
0.08599686622619629 1460
0.08599686622619629 1460
0.08599686622619629 1460
0.09948897361755371 1460
0.09948897361755371 1460
0.10094380378723145 1460
0.10094380378723145 1460
0.10094380378723145 1460
0.10094380378723145 1460
0.10094380378723145 1460
0.10094380378723145 1460
0.10094380378723145 1460
0.10129380226135254 1460
0.10190081596374512 1460
0.12203788757324219 1460
0.12203788757324219 1460
0.12203788757324219 1460
0.12203788757324219 1460
0.12203788757324219 1460
0.12240886688232422 1460
0.12240886688232422 1460
0.12240886688232422 1460
0.12240886688232422 1460
0.12240886688232422 1460
0.12240886688232422 1460
0.13691186904907227 1460
0.13691186904907227 1460
0.13691186904907227 1460
0.13691186904907227 1460
0.13691186904907227 1460
0.14108586311340332 1460
0.14108586311340332 1460
0.14108586311340332 1460
0.14108586311340332 1460
0.14108586311340332 1460
0.14108586311340332 1460
0.15330195426940918 1460
0.15330195426940918 1460
0.15330195426940918 1460
0.15330195426940918 1460
0.15330195426940918 1460
0.15330195426940918 1460
0.15330195426940918 1460
0.15330195426940918 1460
0.15330195426940918 1460
0.15330195426940918 1460
0.15330195426940918 1460
0.16227293014526367 1460
0.16271495819091797 1460
0.16271495819091797 1460
0.16271495819091797 1460
0.16271495819091797 1460
0.16271495819091797 1460
0.16286587715148926 1460
0.16286587715148926 1460
0.16286587715148926 1460
0.16286587715148926 1460
0.16286587715148926 1460
0.17958998680114746 1460
0.17958998680114746 1460
0.17997288703918457 1460
0.17997288703918457 1460
0.17997288703918457 1460
0.17997288703918457 1460
0.17997288703918457 1460
0.17997288703918457 1460
0.17997288703918457 1460
0.17997288703918457 1460
0.17997288703918457 1460
0.2067859172821045 1460
0.2067859172821045 1460
0.2067859172821045 1460
0.2067859172821045 1460
0.2067859172821045 1460
0.2067859172821045 1460
0.20831298828125 1460
0.20831298828125 1460
0.20831298828125 1460
0.20831298828125 1460
0.20831298828125 1460
0.21267294883728027 1460
0.21267294883728027 1460
0.21267294883728027 1460
0.21405982971191406 1460
0.22210478782653809 1460
0.22362995147705078 1460
0.22402000427246094 1460
0.22402000427246094 1460
0.22555279731750488 1460
0.22555279731750488 1460
0.2260289192199707 1460
0.22785687446594238 1460
0.22785687446594238 1460
0.2356269359588623 1460
0.2356269359588623 1460
0.23768877983093262 1460
0.23768877983093262 1460
0.23886585235595703 1460
0.23943281173706055 1460
0.23943281173706055 1460
0.24079680442810059 1460
0.24079680442810059 1460
0.24273991584777832 1460
0.24273991584777832 1460
0.24503183364868164 1460
0.24503183364868164 1460
0.24851489067077637 1460
0.24890899658203125 1460
0.252316951751709 1460
0.2531318664550781 1460
0.2546539306640625 1460
0.25615978240966797 1460
0.2580389976501465 1460
0.2603888511657715 1460
0.2603888511657715 1460
0.26378583908081055 1460
0.2661778926849365 1460
0.2661778926849365 1460
0.2680058479309082 1460
0.2680058479309082 1460
0.27224183082580566 1460
0.27224183082580566 1460
0.27422094345092773 1460
0.27422094345092773 1460
0.27576398849487305 1460
0.27576398849487305 1460
0.2796049118041992 1460
0.2796049118041992 1460
0.28691697120666504 1460
0.28691697120666504 1460
0.28691697120666504 1460
0.28691697120666504 1460
0.28691697120666504 1460
0.28691697120666504 1460
0.2874720096588135 1460
0.2874720096588135 1460
0.2874720096588135 1460
0.2895379066467285 1460
0.29105496406555176 1460
0.29105496406555176 1460
0.2929508686065674 1460
0.2929508686065674 1460
0.2948338985443115 1460
0.29680681228637695 1460
0.29680681228637695 1460
0.29877686500549316 1460
0.29972386360168457 1460
0.30324387550354004 1460
0.30324387550354004 1460
0.30324387550354004 1460
0.30705690383911133 1460
0.30880188941955566 1460
0.30880188941955566 1460
0.31025099754333496 1460
0.3142118453979492 1460
0.3142118453979492 1460
0.31598877906799316 1460
0.31749582290649414 1460
0.3186149597167969 1460
0.3186149597167969 1460
0.3212928771972656 1460
0.32215189933776855 1460
0.32325196266174316 1460
0.32550978660583496 1460
0.32550978660583496 1460
0.32747697830200195 1460
0.32747697830200195 1460
0.32936787605285645 1460
0.32936787605285645 1460
0.3317909240722656 1460
0.3348679542541504 1460
0.3348679542541504 1460
0.3354048728942871 1460
0.3366827964782715 1460
0.33705782890319824 1460
0.34050583839416504 1460
0.34087586402893066 1460
0.3424358367919922 1460
0.3424358367919922 1460
0.3443918228149414 1460
0.3448507785797119 1460
0.34856390953063965 1460
0.3505377769470215 1460
0.3505377769470215 1460
0.3520188331604004 1460
0.3565349578857422 1460
0.3565349578857422 1460
0.3600959777832031 1460
0.3600959777832031 1460
0.36345982551574707 1460
0.3640458583831787 1460
0.36599087715148926 1460
0.36599087715148926 1460
0.3699219226837158 1460
0.3699219226837158 1460
0.37549400329589844 1460
0.37549400329589844 1460
0.37692689895629883 1460
0.37692689895629883 1460
0.3793189525604248 1460
0.3812577724456787 1460
0.38285398483276367 1460
0.38333797454833984 1460
0.385206937789917 1460
0.3890089988708496 1460
0.3890089988708496 1460
0.3908247947692871 1460
0.3908247947692871 1460
0.3933088779449463 1460
0.39440393447875977 1460
0.3986349105834961 1460
0.3986349105834961 1460
0.4025588035583496 1460
0.4025588035583496 1460
0.4061758518218994 1460
0.4061758518218994 1460
0.40769386291503906 1460
0.4081289768218994 1460
0.4081289768218994 1460
0.41196298599243164 1460
0.41196298599243164 1460
0.413848876953125 1460
0.41541481018066406 1460
0.4173259735107422 1460
0.4173259735107422 1460
0.41925692558288574 1460
0.41925692558288574 1460
0.42152881622314453 1460
0.42348384857177734 1460
0.4250829219818115 1460
0.4250829219818115 1460
0.42735886573791504 1460
0.4293708801269531 1460
0.4293708801269531 1460
0.4293708801269531 1460
0.4312889575958252 1460
0.4312889575958252 1460
0.4331479072570801 1460
0.4331479072570801 1460
0.4699108600616455 1460
0.4699108600616455 1460
0.47083592414855957 1460
0.47083592414855957 1460
0.47211289405822754 1460
0.47211289405822754 1460
0.4735078811645508 1460
0.4735078811645508 1460
0.4735078811645508 1460
0.4735078811645508 1460
0.4743788242340088 1460
0.4743788242340088 1460
0.4750239849090576 1460
0.4750239849090576 1460
0.4755399227142334 1460
0.4755399227142334 1460
0.4755399227142334 1460
0.4755399227142334 1460
0.47589683532714844 1460
0.47589683532714844 1460
0.47589683532714844 1460
0.4773099422454834 1460
0.4773099422454834 1460
0.4851498603820801 1460
0.4851498603820801 1460
0.4854907989501953 1460
0.4870758056640625 1460
0.48741888999938965 1460
0.48741888999938965 1460
0.4929769039154053 1460
0.4929769039154053 1460
0.4953329563140869 1460
0.4953329563140869 1460
0.49721789360046387 1460
0.49721789360046387 1460
0.5007839202880859 1460
0.5007839202880859 1460
0.5031628608703613 1460
0.5031628608703613 1460
0.504997968673706 1460
0.504997968673706 1460
0.5087897777557373 1460
0.5122489929199219 1460
0.5126519203186035 1460
0.5126519203186035 1460
0.5146369934082031 1460
0.5146369934082031 1460
0.518028974533081 1460
0.5185589790344238 1460
0.5261678695678711 1460
0.5261678695678711 1460
0.5279829502105713 1460
0.5279829502105713 1460
0.5298988819122314 1460
0.5333788394927979 1460
0.5333788394927979 1460
0.535801887512207 1460
0.5375499725341797 1460
0.5392467975616455 1460
0.5392467975616455 1460
0.5414459705352783 1460
0.5414459705352783 1460
0.543353796005249 1460
0.543353796005249 1460
0.5603408813476562 1460
0.5603408813476562 1460
0.5608079433441162 1460
0.5608079433441162 1460
0.5623729228973389 1460
0.5623729228973389 1460
0.5628368854522705 1460
0.5628368854522705 1460
0.5632219314575195 1460
0.5632219314575195 1460
0.5644538402557373 1460
0.5644538402557373 1460
0.5660009384155273 1460
0.5660009384155273 1460
0.5701267719268799 1460
0.5716888904571533 1460
0.5856549739837646 1460
0.5875039100646973 1460
0.5875039100646973 1460
0.5875039100646973 1460
0.5908517837524414 1460
0.5912449359893799 1460
0.5927879810333252 1460
0.5931499004364014 1460
0.594702959060669 1460
0.5951118469238281 1460
0.5970358848571777 1460
0.5970358848571777 1460
0.5991039276123047 1460
0.6004788875579834 1460
0.6024019718170166 1460
0.6027958393096924 1460
0.6046779155731201 1460
0.6046779155731201 1460
0.6061849594116211 1460
0.6061849594116211 1460
0.6085309982299805 1460
0.6104409694671631 1460
0.6142818927764893 1460
0.6142818927764893 1460
0.6158437728881836 1460
0.6163017749786377 1460
0.6200978755950928 1460
0.6200978755950928 1460
0.6238329410552979 1460
0.6253597736358643 1460
0.6315767765045166 1460
0.6331119537353516 1460
0.6392478942871094 1460
0.6419270038604736 1460
0.6445388793945312 1460
0.6445388793945312 1460
0.6464419364929199 1460
0.6464419364929199 1460
0.6485509872436523 1460
0.6491298675537109 1460
0.6509089469909668 1460
0.6509089469909668 1460
0.6527609825134277 1460
0.6527609825134277 1460
0.6547558307647705 1460
0.6547558307647705 1460
0.6584579944610596 1460
0.6584579944610596 1460
0.6607489585876465 1460
0.6607489585876465 1460
0.6642599105834961 1460
0.6642599105834961 1460
0.6657969951629639 1460
0.6662847995758057 1460
0.6681139469146729 1460
0.6681139469146729 1460
0.6718988418579102 1460
0.6753239631652832 1460
0.6757049560546875 1460
0.6797349452972412 1460
0.6810808181762695 1460
0.6816349029541016 1460
0.6835739612579346 1460
0.6853969097137451 1460
0.6868629455566406 1460
0.68914794921875 1460
0.68914794921875 1460
0.6930148601531982 1460
0.6930148601531982 1460
0.6976969242095947 1460
0.6976969242095947 1460
0.7026419639587402 1460
0.7026419639587402 1460
0.7061159610748291 1460
0.7061159610748291 1460
0.7089889049530029 1460
0.7089889049530029 1460
0.7103748321533203 1460
0.7103748321533203 1460
0.7118849754333496 1460
0.7118849754333496 1460
0.7142519950866699 1460
0.7142519950866699 1460
0.7161688804626465 1460
0.7161688804626465 1460
0.7182250022888184 1460
0.7182250022888184 1460
0.7214739322662354 1460
0.7214739322662354 1460
0.7238779067993164 1460
0.7238779067993164 1460
0.7295567989349365 1460
0.7295567989349365 1460
0.7315099239349365 1460
0.7315099239349365 1460
0.7333328723907471 1460
0.7333328723907471 1460
0.734935998916626 1460
0.734935998916626 1460
0.7372639179229736 1460
0.7372639179229736 1460
0.7410888671875 1460
0.7410888671875 1460
0.7444899082183838 1460
0.7444899082183838 1460
0.746790885925293 1460
0.746790885925293 1460
0.7487118244171143 1460
0.7494118213653564 1460
0.7529478073120117 1460
0.7545919418334961 1460
0.7545919418334961 1460
0.7578878402709961 1460
0.7578878402709961 1460
0.7583668231964111 1460
0.7602508068084717 1460
0.7619497776031494 1460
0.7619497776031494 1460
0.7657489776611328 1460
0.7657489776611328 1460
0.767615795135498 1460
0.7679979801177979 1460
0.7679979801177979 1460
0.7699828147888184 1460
0.7699828147888184 1460
0.7778189182281494 1460
0.7782878875732422 1460
0.7782878875732422 1460
0.7799439430236816 1460
0.7810168266296387 1460
0.7829849720001221 1460
0.7829849720001221 1460
0.7829849720001221 1460
0.7833468914031982 1460
0.7867758274078369 1460
0.7867758274078369 1460
0.8042337894439697 1460
0.8042337894439697 1460
0.8042337894439697 1460
0.8042337894439697 1460
0.8046808242797852 1460
0.8046808242797852 1460
0.8063209056854248 1460
0.8063209056854248 1460
0.8067808151245117 1460
0.8067808151245117 1460
0.8067808151245117 1460
0.8075728416442871 1460
0.8075728416442871 1460
0.8075728416442871 1460
0.8083148002624512 1460
0.8083148002624512 1460
0.8083148002624512 1460
0.8103327751159668 1460
0.8103327751159668 1460
0.8103327751159668 1460
0.81048583984375 1460
0.81048583984375 1460
0.8157258033752441 1460
0.8157258033752441 1460
0.8181009292602539 1460
0.8181009292602539 1460
0.8198838233947754 1460
0.8198838233947754 1460
0.8198838233947754 1460
0.8218109607696533 1460
0.8238489627838135 1460
0.8238489627838135 1460
0.8257608413696289 1460
0.8313977718353271 1460
0.8329389095306396 1460
0.8334357738494873 1460
0.8348720073699951 1460
0.8352358341217041 1460
0.8373630046844482 1460
0.8390579223632812 1460
0.8413219451904297 1460
0.8413219451904297 1460
0.8428778648376465 1460
0.8428778648376465 1460
0.8451528549194336 1460
0.8464498519897461 1460
0.8488318920135498 1460
0.8488318920135498 1460
0.8502418994903564 1460
0.8506898880004883 1460
0.852827787399292 1460
0.852827787399292 1460
0.8545069694519043 1460
0.856083869934082 1460
0.8601479530334473 1460
0.8616738319396973 1460
0.8662619590759277 1460
0.8676598072052002 1460
0.8681278228759766 1460
0.8681278228759766 1460
0.8699197769165039 1460
0.8699197769165039 1460
0.8737068176269531 1460
0.8737068176269531 1460
0.908829927444458 1460
0.9121778011322021 1460
0.9121778011322021 1460
0.9121778011322021 1460
0.9131519794464111 1460
0.9131519794464111 1460
0.913780927658081 1460
0.913780927658081 1460
0.913780927658081 1460
0.913780927658081 1460
0.9143638610839844 1460
0.9143638610839844 1460
0.9143638610839844 1460
0.9143638610839844 1460
0.9149677753448486 1460
0.9149677753448486 1460
0.9159858226776123 1460
0.9159858226776123 1460
0.9159858226776123 1460
0.9159858226776123 1460
0.9159858226776123 1460
0.9159858226776123 1460
0.9168288707733154 1460
0.9168288707733154 1460
0.9181687831878662 1460
0.9181687831878662 1460
0.9181687831878662 1460
0.9197559356689453 1460
0.922231912612915 1460
0.922231912612915 1460
0.9292888641357422 1460
0.9326457977294922 1460
0.9330689907073975 1460
0.9330689907073975 1460
0.9370298385620117 1460
0.9370298385620117 1460
0.9397628307342529 1460
0.9397628307342529 1460
0.9456470012664795 1460
0.9456470012664795 1460
0.9483227729797363 1460
0.948685884475708 1460
0.9490089416503906 1460
0.949321985244751 1460
0.9531548023223877 1460
0.9531548023223877 1460
0.9531548023223877 1460
0.9610300064086914 1460
0.9610300064086914 1460
0.9638988971710205 1460
0.9657688140869141 1460
0.973463773727417 1460
0.973463773727417 1460
0.9753799438476562 1460
0.9767727851867676 1460
0.9806058406829834 1460
0.9806058406829834 1460
0.988724946975708 1460
0.988724946975708 1460
0.988724946975708 1460
0.9921958446502686 1460
0.9925858974456787 1460
0.9943768978118896 1460
0.9943768978118896 1460
1.0067598819732666 1460
1.0067598819732666 1460
1.0067598819732666 1460
1.0067598819732666 1460
1.0074307918548584 1460
1.007814884185791 1460
1.009826898574829 1460
1.009826898574829 1460
1.0159189701080322 1460
1.0159189701080322 1460
1.0207679271697998 1460
1.021162986755371 1460
1.023094892501831 1460
1.023094892501831 1460
1.0265429019927979 1460
1.0265429019927979 1460
1.0288348197937012 1460
1.0288348197937012 1460
1.03472900390625 1460
1.0361158847808838 1460
1.0418529510498047 1460
1.0418529510498047 1460
1.0441029071807861 1460
1.0441029071807861 1460
1.0475869178771973 1460
1.0475869178771973 1460
1.0518908500671387 1460
1.0518908500671387 1460
1.0537598133087158 1460
1.0557529926300049 1460
1.0571649074554443 1460
1.0575528144836426 1460
1.0591058731079102 1460
1.0591058731079102 1460
1.0614149570465088 1460
1.062938928604126 1460
1.0633130073547363 1460
1.0648539066314697 1460
1.067586898803711 1460
1.067586898803711 1460
1.0687289237976074 1460
1.0687289237976074 1460
1.0714139938354492 1460
1.0714139938354492 1460
1.0729749202728271 1460
1.0729749202728271 1460
1.0768039226531982 1460
1.0768039226531982 1460
1.0784177780151367 1460
1.0784177780151367 1460
1.0788238048553467 1460
1.0788238048553467 1460
1.083061933517456 1460
1.083061933517456 1460
1.0863049030303955 1460
1.0863049030303955 1460
1.0897088050842285 1460
1.089906930923462 1460
1.0921359062194824 1460
1.0921359062194824 1460
1.0936038494110107 1460
1.0936038494110107 1460
1.0959739685058594 1460
1.0959739685058594 1460
1.0979278087615967 1460
1.1012778282165527 1460
1.1043789386749268 1460
1.105139970779419 1460
1.1056017875671387 1460
1.1075818538665771 1460
1.1093409061431885 1460
1.1093409061431885 1460
1.1113009452819824 1460
1.1127769947052002 1460
1.1151518821716309 1460
1.1151518821716309 1460
1.1171269416809082 1460
1.118736982345581 1460
1.1228349208831787 1460
1.1228349208831787 1460
