540381
0.0 1452
0.0 1452
0.0 1452
0.0 1452
0.0 1452
0.00032210350036621094 1452
0.0007531642913818359 1452
0.0007531642913818359 1452
0.0007531642913818359 1452
0.0015649795532226562 1452
0.0015649795532226562 1452
0.0015649795532226562 1452
0.002516031265258789 1452
0.002516031265258789 1452
0.002516031265258789 1452
0.003414154052734375 1452
0.003414154052734375 1452
0.003414154052734375 1452
0.0037970542907714844 1452
0.0037970542907714844 1452
0.004225969314575195 1452
0.004667043685913086 1452
0.004667043685913086 1452
0.005052089691162109 1452
0.005499124526977539 1452
0.005499124526977539 1452
0.005499124526977539 1452
0.006392002105712891 1452
0.006392002105712891 1452
0.006392002105712891 1452
0.007130146026611328 1452
0.007130146026611328 1452
0.007739067077636719 1452
0.007739067077636719 1452
0.007739067077636719 1452
0.007915019989013672 1452
0.008567094802856445 1452
0.008567094802856445 1452
0.008939981460571289 1452
0.00929713249206543 1452
0.009658098220825195 1452
0.009658098220825195 1452
0.010018110275268555 472
0.010380983352661133 1452
0.010380983352661133 1452
0.010380983352661133 1452
0.011088132858276367 1452
0.011088132858276367 1452
0.011450052261352539 1452
0.011813163757324219 1452
0.011813163757324219 1452
0.011813163757324219 1452
0.012618064880371094 1452
0.012618064880371094 1452
0.012922048568725586 1452
0.013343095779418945 1452
0.013343095779418945 1452
0.0137481689453125 1452
0.014135122299194336 1452
0.014135122299194336 1452
0.014505147933959961 1452
0.014938116073608398 1452
0.014938116073608398 1452
0.01526498794555664 1452
0.01565694808959961 1452
0.01605701446533203 1452
0.01605701446533203 1452
0.016479015350341797 1452
0.016479015350341797 1452
0.016796112060546875 1452
0.0171811580657959 1452
0.0171811580657959 1452
0.017632007598876953 1452
0.018026113510131836 1452
0.018026113510131836 1452
0.018464088439941406 1452
0.01895594596862793 1452
0.01895594596862793 1452
0.01895594596862793 1452
0.01998615264892578 1452
0.01998615264892578 1452
0.01998615264892578 1452
0.020498991012573242 1452
0.020498991012573242 1452
0.020858049392700195 1452
0.021543025970458984 1452
0.021543025970458984 403
0.021543025970458984 1452
0.021543025970458984 1452
0.021965980529785156 1452
0.022464990615844727 1452
0.022464990615844727 1452
0.022464990615844727 1452
0.02297496795654297 1452
0.02364802360534668 409
0.29772305488586426 40
0.7444169521331787 40
1.6486029624938965 40
3.000899076461792 1452
3.001255989074707 1452
3.0016520023345947 1452
3.0016520023345947 1452
3.002506971359253 1452
3.002506971359253 1452
3.0033271312713623 1452
3.0033271312713623 1452
3.0037479400634766 1452
3.0041561126708984 1452
3.004585027694702 1452
3.005002975463867 1452
3.005002975463867 1452
3.005002975463867 1452
3.0058810710906982 1452
3.0058810710906982 1452
3.0062990188598633 1452
3.0067241191864014 1452
3.0071511268615723 1452
3.0071511268615723 1452
3.0080389976501465 1452
3.0080389976501465 1452
3.0084519386291504 1452
3.0084519386291504 1452
3.009291172027588 1452
3.009291172027588 1452
3.009748935699463 1452
3.010089159011841 1452
3.0104429721832275 1452
3.0104429721832275 1452
3.010775089263916 1452
3.0111610889434814 1452
3.011590003967285 1452
3.0119919776916504 1452
3.0125160217285156 1452
3.0125160217285156 1452
3.015968084335327 1452
3.016395092010498 1452
3.016395092010498 1452
3.016801118850708 1452
3.016801118850708 1452
3.016801118850708 1452
3.0176680088043213 1452
3.0176680088043213 1452
3.0176680088043213 1452
3.0185160636901855 1452
3.0185160636901855 1452
3.0185160636901855 1452
3.0188870429992676 1452
3.0193209648132324 1452
3.0193209648132324 1452
3.0197319984436035 1452
3.0197319984436035 1452
3.0235791206359863 1452
3.0239479541778564 1452
3.0239479541778564 1452
3.0248589515686035 1452
3.0248589515686035 1452
3.0248589515686035 1452
3.025279998779297 1452
3.025279998779297 1452
3.0257129669189453 1452
3.0261430740356445 1452
3.0261430740356445 1452
3.0265121459960938 1452
3.0344390869140625 1261
3.0348260402679443 1452
3.03519606590271 1452
3.0359621047973633 1452
3.0363430976867676 1452
3.036720037460327 1452
3.036720037460327 1452
3.0374879837036133 1452
3.0374879837036133 1452
3.037837028503418 1452
3.038254976272583 1452
3.0386500358581543 1452
3.045875072479248 1452
3.045875072479248 1452
3.045875072479248 1452
3.045875072479248 1452
3.046910047531128 1452
3.046910047531128 1452
3.046910047531128 1452
3.0472781658172607 1452
3.0476250648498535 1452
3.0476250648498535 1452
3.0483810901641846 1452
3.0483810901641846 1452
3.048762083053589 1452
3.048762083053589 1452
3.0491421222686768 1452
3.0491421222686768 1058
3.2751431465148926 552
3.553750991821289 40
4.0025811195373535 40
4.913825035095215 40
6.705631971359253 40
7.002975940704346 1452
7.002975940704346 1452
7.003360986709595 1452
7.003360986709595 1452
7.003360986709595 1452
7.003760099411011 1452
7.004157066345215 1452
7.004157066345215 1452
7.0045599937438965 1452
7.0049591064453125 1452
7.0049591064453125 1452
7.005352020263672 1452
7.005743026733398 1452
7.005743026733398 1452
7.005743026733398 1452
7.006534099578857 1452
7.006534099578857 1452
7.006534099578857 1452
7.007190942764282 1452
7.007190942764282 1452
7.007190942764282 1452
7.007989168167114 1452
7.007989168167114 1452
7.0083630084991455 1452
7.0087571144104 1452
7.0087571144104 1452
7.0087571144104 1452
7.009516954421997 1452
7.009516954421997 1452
7.009516954421997 1452
7.00990104675293 1452
7.010272979736328 1452
7.010272979736328 1452
7.010642051696777 940
7.011029005050659 1452
7.011029005050659 1452
7.011427164077759 1452
7.0118091106414795 1452
7.0118091106414795 1452
7.0122151374816895 1452
7.012614011764526 1452
7.012614011764526 1452
7.012614011764526 1452
7.013391971588135 1452
7.013391971588135 1452
7.013391971588135 1452
7.013826131820679 1452
7.01409912109375 1452
7.01409912109375 1452
7.014853000640869 1452
7.014853000640869 1452
7.015208959579468 1452
7.015208959579468 1452
7.016236066818237 1452
7.016236066818237 1452
7.016236066818237 1452
7.016236066818237 1452
7.016236066818237 1452
7.017253160476685 1452
7.017253160476685 1452
7.017253160476685 1452
7.017253160476685 1452
7.017253160476685 1452
7.018290996551514 1452
7.018290996551514 1452
7.018290996551514 1452
7.018290996551514 1452
7.018290996551514 1452
7.018290996551514 1452
7.019088983535767 1452
7.019088983535767 1452
7.019088983535767 1452
7.019088983535767 1452
7.019528150558472 1452
7.019528150558472 1452
7.019834041595459 1452
7.019834041595459 1452
7.020136117935181 1452
7.020533084869385 1452
7.020533084869385 1452
7.020975112915039 1452
7.020975112915039 1452
7.021269083023071 1452
7.021269083023071 1452
7.021660089492798 1452
7.022051095962524 1452
7.022051095962524 1452
7.022434949874878 1452
7.022434949874878 1452
7.022434949874878 1452
7.022825002670288 1452
7.022825002670288 1452
7.023205041885376 1452
7.023205041885376 468
7.250861167907715 40
7.688416957855225 40
8.56070613861084 40
10.004652976989746 1452
10.004652976989746 1452
10.004914999008179 1452
10.004914999008179 1452
10.005254983901978 1452
10.005254983901978 1452
10.00602102279663 1452
10.00602102279663 1452
10.00602102279663 1452
10.006472110748291 1452
10.007213115692139 1452
10.007213115692139 1452
10.007631063461304 1452
10.007631063461304 1452
10.007631063461304 1452
10.008423089981079 1452
10.008423089981079 1452
10.008423089981079 1452
10.009242057800293 1452
10.009242057800293 1452
10.009242057800293 1452
10.010156154632568 1452
10.010156154632568 1452
10.010560989379883 1452
10.01095199584961 1452
10.01095199584961 1452
10.01095199584961 1452
10.011790037155151 1452
10.011790037155151 1452
10.011790037155151 1452
10.012635946273804 1452
10.012635946273804 302
10.013041019439697 1452
10.013041019439697 1452
10.013456106185913 1452
10.013844966888428 1452
10.013844966888428 1452
10.013844966888428 1452
10.01469898223877 1452
10.01469898223877 1452
10.01469898223877 1452
10.015573978424072 1452
10.015573978424072 1452
10.015984058380127 1452
10.016387939453125 1452
10.016387939453125 1452
10.016387939453125 1452
10.016868114471436 1452
10.017096996307373 1452
10.017096996307373 1452
10.017537117004395 1452
10.017537117004395 1452
10.017788171768188 1452
10.018180131912231 1452
10.018180131912231 1452
10.018180131912231 1452
10.018898010253906 1452
10.019288063049316 1452
10.019288063049316 1452
10.019662141799927 1452
10.019662141799927 1452
10.020040035247803 1452
10.020040035247803 1452
10.020040035247803 1452
10.020445108413696 1452
10.020794153213501 1452
10.020794153213501 1452
10.020794153213501 1452
10.02121901512146 1452
10.02121901512146 1452
10.021656036376953 1452
10.021656036376953 1452
10.025997161865234 1452
10.025997161865234 1452
10.025997161865234 1452
10.026394128799438 1112
10.047964096069336 1452
10.047964096069336 1452
10.048283100128174 1452
10.048283100128174 1452
10.048283100128174 1452
10.048655986785889 1452
10.048655986785889 1452
10.048655986785889 1452
10.049044132232666 1452
10.049044132232666 1452
10.049422025680542 1452
10.049422025680542 1452
10.049818992614746 1452
10.049818992614746 1452
10.050398111343384 1452
10.050590991973877 1452
10.050590991973877 1452
10.050893068313599 1452
10.280760049819946 40
10.721611022949219 40
11.632675170898438 40
