1049780
0.0 1460
0.0030088424682617188 1460
0.0030088424682617188 1460
0.004864931106567383 1460
0.004864931106567383 1460
0.009892940521240234 1460
0.009892940521240234 1460
0.011066913604736328 1460
0.011066913604736328 1460
0.011066913604736328 1460
0.011066913604736328 1460
0.016609907150268555 40
0.028959989547729492 1460
0.036958932876586914 1460
0.036958932876586914 1460
0.03731203079223633 1460
0.03731203079223633 1460
0.04057788848876953 1460
0.04057788848876953 1460
0.04339885711669922 1460
0.04339885711669922 1460
0.04681587219238281 1460
0.04681587219238281 1460
0.04752302169799805 1460
0.04752302169799805 1460
0.05277681350708008 1460
0.05277681350708008 1460
0.05513882637023926 1460
0.05513882637023926 1460
0.05670595169067383 1460
0.05670595169067383 1460
0.059387922286987305 1460
0.059387922286987305 1460
0.09631586074829102 1460
0.09631586074829102 1460
0.09783387184143066 1460
0.09783387184143066 1460
0.09883284568786621 1460
0.09883284568786621 1460
0.09952998161315918 1460
0.09952998161315918 1460
0.09952998161315918 1460
0.09952998161315918 1460
0.10012483596801758 1460
0.10012483596801758 1460
0.10169196128845215 1460
0.10169196128845215 1460
0.10169196128845215 1460
0.10169196128845215 1460
0.10267782211303711 1460
0.10267782211303711 1460
0.10686492919921875 1460
0.10686492919921875 1460
0.10915184020996094 1460
0.10915184020996094 1460
0.11020994186401367 1460
0.11084294319152832 1460
0.11084294319152832 1460
0.1155548095703125 1460
0.1155548095703125 1460
0.1161198616027832 1460
0.1161198616027832 1460
0.11667585372924805 1460
0.11667585372924805 1460
0.11764192581176758 1460
0.11764192581176758 1460
0.12019586563110352 1460
0.12019586563110352 1460
0.12633299827575684 1460
0.12633299827575684 1460
0.12786293029785156 1460
0.12786293029785156 1460
0.1297318935394287 1460
0.1297318935394287 1460
0.13141202926635742 1460
0.13141202926635742 1460
0.1370859146118164 1460
0.1370859146118164 1460
0.1370859146118164 1460
0.1370859146118164 1460
0.15703701972961426 1460
0.16055893898010254 1460
0.16055893898010254 1460
0.16196489334106445 1460
0.16196489334106445 1460
0.16587090492248535 1460
0.16587090492248535 1460
0.17385196685791016 1460
0.17385196685791016 1460
0.1752760410308838 1460
0.1752760410308838 1460
0.1768488883972168 1460
0.1768488883972168 1460
0.2791438102722168 1460
0.2791438102722168 1460
0.2791438102722168 1460
0.2791438102722168 1460
0.2791438102722168 1460
0.2797408103942871 1460
0.2797408103942871 1460
0.2797408103942871 1460
0.2829868793487549 1460
0.2829868793487549 1460
0.2847859859466553 1460
0.2847859859466553 1460
0.2882359027862549 1460
0.2882359027862549 1460
0.29053783416748047 1460
0.29053783416748047 1460
0.29453396797180176 1460
0.29453396797180176 1460
0.2961249351501465 1460
0.2961249351501465 1460
0.29793286323547363 1460
0.29793286323547363 1460
0.30240702629089355 1460
0.30240702629089355 1460
0.3047819137573242 1460
0.3047819137573242 1460
0.3083360195159912 1460
0.3083360195159912 1460
0.31218981742858887 1460
0.31218981742858887 1460
0.37250590324401855 1460
0.3734889030456543 1460
0.3734889030456543 1460
0.3734889030456543 1460
0.37625885009765625 1460
0.37625885009765625 1460
0.3779778480529785 1460
0.3779778480529785 1460
0.48159003257751465 1460
0.48159003257751465 1460
0.4822068214416504 1460
0.48349785804748535 1460
0.4847140312194824 1460
0.4847140312194824 1460
0.4847140312194824 1460
0.4847140312194824 1460
0.5120298862457275 1460
0.5120298862457275 1460
0.5120298862457275 1460
0.5141189098358154 1460
0.5141189098358154 1460
0.5171680450439453 1460
0.5171680450439453 1460
0.5171680450439453 1460
0.5171680450439453 1460
0.5199759006500244 1460
0.5199759006500244 1460
0.5245070457458496 1460
0.5245070457458496 1460
0.5249118804931641 1460
0.5249118804931641 1460
0.530120849609375 1460
0.5373859405517578 1460
0.5378968715667725 1460
0.5378968715667725 1460
0.5391650199890137 1460
0.5391650199890137 1460
0.5395469665527344 1460
0.5395469665527344 1460
0.5409829616546631 1460
0.5425338745117188 1460
0.5437140464782715 1460
0.5489399433135986 1460
0.5489399433135986 1460
0.5493388175964355 1460
0.5493388175964355 1460
0.5493388175964355 1460
0.5509798526763916 1460
0.5513749122619629 1460
0.5513749122619629 1460
0.5547080039978027 1460
0.5547080039978027 1460
0.5561540126800537 1460
0.5565898418426514 1460
0.5583028793334961 1460
0.5604779720306396 1460
0.5604779720306396 1460
0.5622270107269287 1460
0.5622270107269287 1460
0.5635638236999512 1460
0.5640490055084229 1460
0.5658688545227051 1460
0.5658688545227051 1460
0.5693278312683105 1460
0.5693278312683105 1460
0.5714919567108154 1460
0.5714919567108154 1460
0.5733330249786377 1460
0.5733330249786377 1460
0.5749778747558594 1460
0.5753598213195801 1460
0.5769820213317871 1460
0.5769820213317871 1460
0.5782549381256104 1460
0.5782549381256104 1460
0.5801079273223877 1460
0.5801079273223877 1460
0.582068920135498 1460
0.582068920135498 1460
0.6369409561157227 1460
0.6369409561157227 1460
0.6402459144592285 1460
0.6402459144592285 1460
0.6402459144592285 1460
0.640995979309082 1460
0.640995979309082 1460
0.640995979309082 1460
0.640995979309082 1460
0.641934871673584 1460
0.641934871673584 1460
0.641934871673584 1460
0.641934871673584 1460
0.641934871673584 1460
0.6425459384918213 1460
0.6425459384918213 1460
0.6471409797668457 1460
0.6471409797668457 1460
0.648716926574707 1460
0.648716926574707 1460
0.648716926574707 1460
0.648716926574707 1460
0.648716926574707 1460
0.648716926574707 1460
0.6493008136749268 1460
0.6493008136749268 1460
0.6511328220367432 1460
0.6511328220367432 1460
0.6518609523773193 1460
0.6521718502044678 1460
0.6522719860076904 1460
0.6578819751739502 1460
0.6601259708404541 1460
0.6601259708404541 1460
0.6612999439239502 1460
0.6659400463104248 1460
0.6662960052490234 1460
0.6664469242095947 1460
0.6664469242095947 1460
0.6707649230957031 1460
0.6707649230957031 1460
0.6726949214935303 1460
0.6726949214935303 1460
0.6726949214935303 1460
0.6726949214935303 1460
0.7023060321807861 1460
0.7023060321807861 1460
0.7023060321807861 1460
0.7023060321807861 1460
0.7023060321807861 1460
0.7023060321807861 1460
0.7052819728851318 1460
0.7052819728851318 1460
0.7062129974365234 1460
0.7062129974365234 1460
0.7092409133911133 1460
0.7092409133911133 1460
0.7092409133911133 1460
0.7092409133911133 1460
0.7106258869171143 1460
0.7106258869171143 1460
0.7109529972076416 1460
0.7122039794921875 1460
0.7152340412139893 1460
0.7152340412139893 1460
0.7152340412139893 1460
0.7152340412139893 1460
0.7189509868621826 1460
0.7189509868621826 1460
0.7199728488922119 1460
0.7199728488922119 1460
0.724128007888794 1460
0.724128007888794 1460
0.7252838611602783 1460
0.7252838611602783 1460
0.7252838611602783 1460
0.7252838611602783 1460
0.7269678115844727 1460
0.7269678115844727 1460
0.7316110134124756 1460
0.7316110134124756 1460
0.7339348793029785 1460
0.7339348793029785 1460
0.7339348793029785 1460
0.7351799011230469 1460
0.735541820526123 1460
0.735541820526123 1460
0.7388858795166016 1460
0.7388858795166016 1460
0.741966962814331 1460
0.741966962814331 1460
0.7439558506011963 1460
0.7439558506011963 1460
0.7451059818267822 1460
0.7451059818267822 1460
0.7468600273132324 1460
0.7468600273132324 1460
0.7468600273132324 1460
0.7500388622283936 1460
0.7500388622283936 1460
0.7504520416259766 1460
0.7504520416259766 1460
0.7527129650115967 1460
0.7527129650115967 1460
0.7562699317932129 1460
0.7562699317932129 1460
0.7593729496002197 1460
0.7593729496002197 1460
0.7644729614257812 1460
0.7644729614257812 1460
0.7664148807525635 1460
0.7664148807525635 1460
0.7664148807525635 1460
0.7664148807525635 1460
0.7682998180389404 1460
0.7682998180389404 1460
0.7702808380126953 1460
0.7702808380126953 1460
0.7719869613647461 1460
0.7722568511962891 1460
0.7737300395965576 1460
0.7737300395965576 1460
0.7792949676513672 1460
0.7792949676513672 1460
0.7816050052642822 1460
0.7824268341064453 1460
0.7824268341064453 1460
0.784369945526123 1460
0.784369945526123 1460
0.786078929901123 1460
0.786078929901123 1460
0.788625955581665 1460
0.788625955581665 1460
0.7914018630981445 1460
0.7914018630981445 1460
0.7944869995117188 1460
0.7944869995117188 1460
0.7960770130157471 1460
0.7960770130157471 1460
0.79793381690979 1460
0.79793381690979 1460
0.8021159172058105 1460
0.8021159172058105 1460
0.8027498722076416 1460
0.8027498722076416 1460
0.9328320026397705 1460
0.9328320026397705 1460
0.9328320026397705 1460
0.9328320026397705 1460
0.9336349964141846 1460
0.9336349964141846 1460
0.9336349964141846 1460
0.9336349964141846 1460
0.9469919204711914 1460
0.9601049423217773 1460
0.9601049423217773 1460
0.962425947189331 1460
0.962425947189331 1460
0.9658269882202148 1460
0.9658269882202148 1460
0.9763369560241699 1460
0.9876689910888672 1460
0.9876689910888672 1460
0.9876689910888672 1460
0.9897048473358154 1460
0.9911589622497559 1460
0.9911589622497559 1460
1.0007610321044922 1460
1.0026228427886963 1460
1.0190999507904053 1460
1.0190999507904053 1460
1.0190999507904053 1460
1.0221409797668457 1460
1.0221409797668457 1460
1.0253410339355469 1460
1.0253410339355469 1460
1.0272789001464844 1460
1.0272789001464844 1460
1.0272789001464844 1460
1.0306129455566406 1460
1.0306129455566406 1460
1.033850908279419 1460
1.034174919128418 1460
1.077406883239746 1460
1.077406883239746 1460
1.1262779235839844 1460
1.1262779235839844 1460
1.1262779235839844 1460
1.1262779235839844 1460
1.1262779235839844 1460
1.1262779235839844 1460
1.1262779235839844 1460
1.1262779235839844 1460
1.1574079990386963 1460
1.1574079990386963 1460
1.1574079990386963 1460
1.1574079990386963 1460
1.1574079990386963 1460
1.1574079990386963 1460
1.161160945892334 1460
1.161160945892334 1460
1.1616098880767822 1460
1.1616098880767822 1460
1.1633999347686768 1460
1.1633999347686768 1460
1.1668949127197266 1460
1.1668949127197266 1460
1.168691873550415 1460
1.168691873550415 1460
1.1808998584747314 1460
1.1808998584747314 1460
1.1822099685668945 1460
1.1822099685668945 1460
1.1836860179901123 1460
1.1836860179901123 1460
1.1840698719024658 1460
1.1863958835601807 1460
1.1869068145751953 1460
1.1869068145751953 1460
1.1886918544769287 1460
1.1886918544769287 1460
1.1907238960266113 1460
1.1923089027404785 1460
1.1923089027404785 1460
1.1923089027404785 1460
1.1923089027404785 1460
1.1962189674377441 1460
1.1962189674377441 1460
1.1979248523712158 1460
1.1979248523712158 1460
1.200570821762085 1460
1.200570821762085 1460
1.2027850151062012 1460
1.2027850151062012 1460
1.2045559883117676 1460
1.2045559883117676 1460
1.2057349681854248 1460
1.2057349681854248 1460
1.2070608139038086 1460
1.2075090408325195 1460
1.2090489864349365 1460
1.2090489864349365 1460
1.2090489864349365 1460
1.2097139358520508 1460
1.210752010345459 1460
1.2129130363464355 1460
1.2129130363464355 1460
1.216886043548584 1460
1.216886043548584 1460
1.2186670303344727 1460
1.2186670303344727 1460
1.2243988513946533 1460
1.2243988513946533 1460
1.2243988513946533 1460
1.2249460220336914 1460
1.2252538204193115 1460
1.2256019115447998 1460
1.2259800434112549 1460
1.2259800434112549 1460
1.2275619506835938 1460
1.2289938926696777 1460
1.2289938926696777 1460
1.2309110164642334 1460
1.2309110164642334 1460
1.2344398498535156 1460
1.2344398498535156 1460
1.2348318099975586 1460
1.2348318099975586 1460
1.2367048263549805 1460
1.2367048263549805 1460
1.2367048263549805 1460
1.2367048263549805 1460
1.2386608123779297 1460
1.2386608123779297 1460
1.2396759986877441 1460
1.2396759986877441 1460
1.2434329986572266 1460
1.2434329986572266 1460
1.2466449737548828 1460
1.2466449737548828 1460
1.2469019889831543 1460
1.2469019889831543 1460
1.2485098838806152 1460
1.248849868774414 1460
1.2502670288085938 1460
1.2502670288085938 1460
1.2563228607177734 1460
1.2563228607177734 1460
1.2714529037475586 1460
1.2714529037475586 1460
1.2714529037475586 1460
1.2714529037475586 1460
1.2714529037475586 1460
1.2714529037475586 1460
1.2721660137176514 1460
1.2721660137176514 1460
1.2727208137512207 1460
1.2727208137512207 1460
1.2733588218688965 1460
1.2733588218688965 1460
1.2762069702148438 1460
1.2762069702148438 1460
1.2762069702148438 1460
1.2762069702148438 1460
1.2805018424987793 1460
1.2805018424987793 1460
1.2805018424987793 1460
1.2810959815979004 1460
1.2810959815979004 1460
1.2838678359985352 1460
1.2838678359985352 1460
1.2838678359985352 1460
1.2838678359985352 1460
1.2843639850616455 1460
1.2843639850616455 1460
1.2846708297729492 1460
1.2846708297729492 1460
1.2858119010925293 1460
1.2858119010925293 1460
1.4044020175933838 1460
1.4044020175933838 1460
1.4044020175933838 1460
1.4044020175933838 1460
1.4044020175933838 1460
1.4044020175933838 1460
1.404836893081665 1460
1.404836893081665 1460
1.4051868915557861 1460
1.4051868915557861 1460
1.4401748180389404 1460
1.4401748180389404 1460
1.4401748180389404 1460
1.4401748180389404 1460
1.4419920444488525 1460
1.4419920444488525 1460
1.4419920444488525 1460
1.4419920444488525 1460
1.4419920444488525 1460
1.4419920444488525 1460
1.4431629180908203 1460
1.4431629180908203 1460
1.4431629180908203 1460
1.4437568187713623 1460
1.4437568187713623 1460
1.4672818183898926 1460
1.4672818183898926 1460
1.4672818183898926 1460
1.4672818183898926 1460
1.4675860404968262 1460
1.4675860404968262 1460
1.4724349975585938 1460
1.4724349975585938 1460
1.4724349975585938 1460
1.4724349975585938 1460
1.4728939533233643 1460
1.4728939533233643 1460
1.4744539260864258 1460
1.4744539260864258 1460
1.476172924041748 1460
1.4903929233551025 1460
1.4903929233551025 1460
1.4903929233551025 1460
1.4908599853515625 1460
1.4908599853515625 1460
1.5033760070800781 1460
1.505882978439331 1460
1.505882978439331 1460
1.505882978439331 1460
1.505882978439331 1460
1.505882978439331 1460
1.505882978439331 1460
1.5072638988494873 1460
1.5072638988494873 1460
1.5072638988494873 1460
1.5072638988494873 1460
1.5072638988494873 1460
1.5072638988494873 1460
1.5072638988494873 1460
1.5072638988494873 1460
1.5079889297485352 1460
1.5079889297485352 1460
1.5079889297485352 1460
1.5079889297485352 1460
1.5104880332946777 1460
1.5109319686889648 1460
1.5109319686889648 1460
1.5109319686889648 1460
1.5146260261535645 1460
1.5146260261535645 1460
1.5146260261535645 1460
1.5146260261535645 1460
1.516934871673584 1460
1.516934871673584 1460
1.5186078548431396 1460
1.5186078548431396 1460
1.5191569328308105 1460
1.5191569328308105 1460
1.5215339660644531 1460
1.5215339660644531 1460
1.5258369445800781 1460
1.5258369445800781 1460
1.5289688110351562 1460
1.5289688110351562 1460
1.5289688110351562 1460
1.530930995941162 1460
1.5314178466796875 1460
1.5314178466796875 1460
1.5334038734436035 1460
1.5334038734436035 1460
1.534958839416504 1460
1.534958839416504 1460
1.5369598865509033 1460
1.537451982498169 1460
1.5392699241638184 1460
1.5392699241638184 1460
1.5409228801727295 1460
1.5409228801727295 1460
1.5414128303527832 1460
1.5414128303527832 1460
1.5449519157409668 1460
1.5449519157409668 1460
1.5465209484100342 1460
1.5465209484100342 1460
1.5470149517059326 1460
1.5483489036560059 1460
1.5487799644470215 1460
1.5487799644470215 1460
1.550689935684204 1460
1.550689935684204 1460
1.5525288581848145 1460
1.5525288581848145 1460
1.5554568767547607 1460
1.5554568767547607 1460
1.5559120178222656 1460
1.5559120178222656 1460
1.5585229396820068 1460
1.5585229396820068 1460
1.5589699745178223 1460
1.5589699745178223 1460
1.5750739574432373 1460
1.5750739574432373 1460
1.5750739574432373 1460
1.5758888721466064 1460
1.5758888721466064 1460
1.5758888721466064 1460
1.5758888721466064 1460
1.5765488147735596 1460
1.5765488147735596 1460
1.5765488147735596 1460
1.5765488147735596 1460
1.5772018432617188 1460
1.5772018432617188 1460
1.5794398784637451 1460
1.5794398784637451 1460
1.5799839496612549 1460
1.5799839496612549 1460
1.5833508968353271 1460
1.5833508968353271 1460
1.5841329097747803 1460
1.5841329097747803 1460
1.5841329097747803 1460
1.5841329097747803 1460
1.5841329097747803 1460
1.5841329097747803 1460
1.5863628387451172 1460
1.5863628387451172 1460
1.5879628658294678 1460
1.5879628658294678 1460
1.590268850326538 1460
1.590268850326538 1460
1.590268850326538 1460
1.590595006942749 1460
1.5912559032440186 1460
1.5912559032440186 1460
1.5912559032440186 1460
1.5912559032440186 1460
1.5929498672485352 1460
1.5929498672485352 1460
1.595088005065918 1460
1.595088005065918 1460
1.7123169898986816 1460
1.7123169898986816 1460
1.7131948471069336 1460
1.7131948471069336 1460
1.7131948471069336 1460
1.7143068313598633 1460
1.7143068313598633 1460
1.7143068313598633 1460
1.7143068313598633 1460
1.7143068313598633 1460
1.7143068313598633 1460
1.7143068313598633 1460
1.7143068313598633 1460
1.7222888469696045 1460
1.7448348999023438 1460
1.7448348999023438 1460
1.7448348999023438 1460
1.7448348999023438 1460
1.7448348999023438 1460
1.7451088428497314 1460
1.7701349258422852 1460
1.7701349258422852 1460
1.7701349258422852 1460
1.7710390090942383 1460
1.7710390090942383 1460
1.7764818668365479 1460
1.7764818668365479 1460
1.7928369045257568 1460
1.7928369045257568 1460
1.7932958602905273 1460
1.7932958602905273 1460
1.7952380180358887 1460
1.7952380180358887 1460
1.813689947128296 1460
1.813689947128296 1460
1.813689947128296 1460
1.813689947128296 1460
1.813689947128296 1460
