1050000
0.0 1500
0.0007600784301757812 1500
0.0018939971923828125 1500
0.002971172332763672 1500
0.002971172332763672 1500
0.00374603271484375 1500
0.006139993667602539 1500
0.006139993667602539 1500
0.006318092346191406 1500
0.0068950653076171875 1500
0.007960081100463867 1500
0.007960081100463867 1500
0.009116172790527344 1500
0.009888172149658203 1500
0.009888172149658203 1500
0.010923147201538086 1500
0.011876106262207031 1500
0.012943029403686523 1500
0.012943029403686523 1500
0.013868093490600586 1500
0.014906167984008789 1500
0.01573801040649414 1500
0.01573801040649414 1500
0.01693415641784668 1500
0.01787114143371582 1500
0.01787114143371582 1500
0.019396066665649414 1500
0.019787073135375977 1500
0.021566152572631836 1500
0.021566152572631836 1500
0.021952152252197266 1500
0.02292919158935547 1500
0.02292919158935547 1500
0.023881196975708008 1500
0.024778127670288086 1500
0.025896072387695312 1500
0.025896072387695312 1500
0.026916027069091797 1500
0.02788519859313965 1500
0.02892303466796875 1500
0.02892303466796875 1500
0.02986907958984375 1500
0.03095412254333496 1500
0.03095412254333496 1500
0.031725168228149414 1500
0.03294110298156738 1500
0.033843994140625 1500
0.033843994140625 1500
0.03496217727661133 1500
0.0358731746673584 1500
0.0358731746673584 1500
0.03694510459899902 1500
0.03786897659301758 1500
0.03894400596618652 1500
0.03894400596618652 1500
0.03986716270446777 1500
0.04127001762390137 1500
0.04186606407165527 1500
0.04186606407165527 1500
0.04291200637817383 1500
0.043714046478271484 1500
0.043714046478271484 1500
0.04585599899291992 1500
0.04585599899291992 1500
0.04677104949951172 1500
0.04677104949951172 1500
0.04786801338195801 1500
0.04891514778137207 1500
0.04891514778137207 1500
0.04987215995788574 1500
0.05092906951904297 1500
0.05187106132507324 1500
0.05187106132507324 1500
0.05297517776489258 1500
0.05386805534362793 1500
0.05492901802062988 1500
0.05492901802062988 1500
0.05586719512939453 1500
0.05694007873535156 1500
0.05694007873535156 1500
0.05786919593811035 1500
0.05892300605773926 1500
0.05986905097961426 1500
0.05986905097961426 1500
0.06093907356262207 1500
0.06176114082336426 1500
0.0629889965057373 1500
0.0629889965057373 1500
0.06407499313354492 1500
0.06528401374816895 1500
0.06528401374816895 1500
0.06577801704406738 1500
0.06690001487731934 1500
0.06787514686584473 1500
0.06787514686584473 1500
0.06894898414611816 1500
0.06977701187133789 1500
0.06977701187133789 1500
0.07083010673522949 1500
0.07187604904174805 1500
0.0736379623413086 1500
0.0736379623413086 1500
0.07378911972045898 1500
0.07492709159851074 1500
0.07577300071716309 1500
0.07577300071716309 1500
0.07679605484008789 1500
0.07780003547668457 1500
0.07780003547668457 1500
0.07890605926513672 1500
0.07970809936523438 1500
0.08070898056030273 1500
0.08070898056030273 1500
0.08197307586669922 1500
0.08300209045410156 1500
0.08300209045410156 1500
0.08391714096069336 1500
0.08591699600219727 1500
0.08591699600219727 1500
0.08591699600219727 1500
0.08691716194152832 1500
0.08788108825683594 1500
0.08890604972839355 1500
0.08890604972839355 1500
0.08987212181091309 1500
0.09091615676879883 1500
0.09091615676879883 1500
0.09187698364257812 1500
0.09271717071533203 1500
0.09371113777160645 1500
0.09371113777160645 1500
0.0947721004486084 1500
0.09569597244262695 1500
0.09569597244262695 1500
0.09745407104492188 1500
0.09775018692016602 1500
0.09900212287902832 1500
0.09900212287902832 1500
0.10002613067626953 1500
0.10086607933044434 1500
0.10086607933044434 1500
0.1019141674041748 1500
0.10297799110412598 1500
0.10391616821289062 1500
0.10391616821289062 1500
0.10488319396972656 1500
0.10590314865112305 1500
0.10706615447998047 1500
0.10706615447998047 1500
0.10793113708496094 1500
0.1088860034942627 1500
0.1088860034942627 1500
0.10989809036254883 1500
0.11087918281555176 1500
0.1119840145111084 1500
0.1119840145111084 1500
0.11290216445922852 1500
0.11391496658325195 1500
0.11391496658325195 1500
0.11490416526794434 1500
0.11600613594055176 1500
0.11690807342529297 1500
0.11690807342529297 1500
0.11797308921813965 1500
0.11889004707336426 1500
0.11975312232971191 1500
0.11975312232971191 1500
0.12092900276184082 1500
0.1218881607055664 1500
0.1218881607055664 1500
0.1228790283203125 1500
0.12389302253723145 1500
0.12597107887268066 1500
0.12597107887268066 1500
0.12597107887268066 1500
0.1268930435180664 1500
0.1268930435180664 1500
0.1279151439666748 1500
0.12887907028198242 1500
0.1298990249633789 1500
0.1298990249633789 1500
0.13089704513549805 1500
0.1321730613708496 1500
0.13330698013305664 1500
0.13330698013305664 1500
0.13393902778625488 1500
0.13487911224365234 1500
0.13487911224365234 1500
0.13589215278625488 1500
0.13790297508239746 1500
0.13790297508239746 1500
0.13790297508239746 1500
0.13901114463806152 1500
0.1399080753326416 1500
0.1409320831298828 1500
0.1409320831298828 1500
0.1418910026550293 1500
0.14288616180419922 1500
0.14288616180419922 1500
0.14388108253479004 1500
0.1448960304260254 1500
0.14586496353149414 1500
0.14586496353149414 1500
0.1469120979309082 1500
0.14788413047790527 1500
0.14788413047790527 1500
0.14890718460083008 1500
0.15091609954833984 1500
0.15091609954833984 1500
0.15091609954833984 1500
0.15246319770812988 1500
0.15274596214294434 1500
0.15388798713684082 1500
0.15388798713684082 1500
0.1547410488128662 1500
0.15601897239685059 1500
0.15601897239685059 1500
0.15682697296142578 1500
0.15789318084716797 1500
0.15886712074279785 1500
0.15886712074279785 1500
0.15980005264282227 1500
0.16081905364990234 1500
0.16081905364990234 1500
0.1619110107421875 1500
0.1628890037536621 1500
0.1639270782470703 1500
0.1639270782470703 1500
0.1649169921875 1500
0.16588997840881348 1500
0.16690301895141602 1500
0.16690301895141602 1500
0.16787505149841309 1500
0.1689300537109375 1500
0.1689300537109375 1500
0.16989803314208984 1500
0.17104196548461914 1500
0.17188119888305664 1500
0.17188119888305664 1500
0.1732170581817627 1500
0.17412209510803223 1500
0.17412209510803223 1500
0.17489910125732422 1500
0.1759021282196045 1500
0.1769871711730957 1500
0.1769871711730957 1500
0.17792201042175293 1500
0.17886710166931152 1500
0.17886710166931152 1500
0.18021202087402344 1500
0.18089509010314941 1500
0.18191099166870117 1500
0.18191099166870117 1500
0.1828920841217041 1500
0.18429303169250488 1500
0.18476319313049316 1500
0.18476319313049316 1500
0.18575596809387207 1500
0.18667101860046387 1500
0.18667101860046387 1500
0.18769097328186035 1500
0.18870115280151367 1500
0.19012808799743652 1500
0.19012808799743652 1500
0.19070696830749512 1500
0.19173717498779297 1500
0.19173717498779297 1500
0.19273805618286133 1500
0.19376301765441895 1500
0.19474411010742188 1500
0.19474411010742188 1500
0.1957540512084961 1500
0.19684219360351562 1500
0.19779706001281738 1500
0.19779706001281738 1500
0.19875717163085938 1500
0.19984197616577148 1500
0.19984197616577148 1500
0.20108699798583984 1500
0.20190119743347168 1500
0.2029871940612793 1500
0.2029871940612793 1500
0.20372605323791504 1500
0.2047111988067627 1500
0.2047111988067627 1500
0.20578598976135254 1500
0.20674514770507812 1500
0.207733154296875 1500
0.207733154296875 1500
0.20876216888427734 1500
0.20973801612854004 1500
0.21073508262634277 1500
0.21073508262634277 1500
0.21173906326293945 1500
0.21280598640441895 1500
0.21280598640441895 1500
0.21375799179077148 1500
0.21472597122192383 1500
0.21676301956176758 1500
0.21676301956176758 1500
0.21676301956176758 1500
0.21793317794799805 1500
0.21795105934143066 1500
0.21875810623168945 1500
0.21972298622131348 1500
0.22087502479553223 1500
0.22087502479553223 1500
0.22187399864196777 1500
0.22276902198791504 1500
0.22385716438293457 1500
0.22385716438293457 1500
0.22485113143920898 1500
0.225877046585083 1500
0.225877046585083 1500
0.22686004638671875 1500
0.22890901565551758 1500
0.22890901565551758 1500
0.22890901565551758 1500
0.22994518280029297 1500
0.23086309432983398 1500
0.23086309432983398 1500
0.23178315162658691 1500
0.23282814025878906 1500
0.23383212089538574 1500
0.23383212089538574 1500
0.23482513427734375 1500
0.23581600189208984 1500
0.23687219619750977 1500
0.23687219619750977 1500
0.23782896995544434 1500
0.23870515823364258 1500
0.23870515823364258 1500
0.2397170066833496 1500
0.2417740821838379 1500
0.2417740821838379 1500
0.2417740821838379 1500
0.24288010597229004 1500
0.24391913414001465 1500
0.24391913414001465 1500
0.24487805366516113 1500
0.24585318565368652 1500
0.24697017669677734 1500
0.24697017669677734 1500
0.2478790283203125 1500
0.2489621639251709 1500
0.2500190734863281 1500
0.2500190734863281 1500
0.25089406967163086 1500
0.25186896324157715 1500
0.25186896324157715 1500
0.2530691623687744 1500
0.25372314453125 1500
0.25519704818725586 1500
0.25519704818725586 1500
0.2558441162109375 1500
0.256878137588501 1500
0.256878137588501 1500
0.25788402557373047 1500
0.2588841915130615 1500
0.25986719131469727 1500
0.25986719131469727 1500
0.26087117195129395 1500
0.2618601322174072 1500
0.2627110481262207 1500
0.26273012161254883 1500
0.26386499404907227 1500
0.264876127243042 1500
0.264876127243042 1500
0.26587605476379395 1500
0.266862154006958 1500
0.2680351734161377 1500
0.2680351734161377 1500
0.26885008811950684 1500
0.27019500732421875 1500
0.27019500732421875 1500
0.2708930969238281 1500
0.2718629837036133 1500
0.2728571891784668 1500
0.2728571891784668 1500
0.2738611698150635 1500
0.2748901844024658 1500
0.27589917182922363 1500
0.27796316146850586 1500
0.2787020206451416 1500
0.27980804443359375 1500
0.27980804443359375 1500
0.2807140350341797 1500
0.28168702125549316 1500
0.28270506858825684 1500
0.28270506858825684 1500
0.28371500968933105 1500
0.28469014167785645 1500
0.2858240604400635 1500
0.2858240604400635 1500
0.2867250442504883 1500
0.2878580093383789 1500
0.28798699378967285 1500
0.2886769771575928 1500
0.2897930145263672 1500
0.2906770706176758 1500
0.2906770706176758 1500
0.29175519943237305 1500
0.2928481101989746 1500
0.2928481101989746 1500
0.29370808601379395 1500
0.2946481704711914 1500
0.29597997665405273 1500
0.29597997665405273 1500
0.2966790199279785 1500
0.29784607887268066 1500
0.2989161014556885 1500
0.2989161014556885 1500
0.3000001907348633 1500
0.3009490966796875 1500
0.3009490966796875 1500
0.301861047744751 1500
0.30297303199768066 1500
0.30387306213378906 1500
0.30387306213378906 1500
0.3049461841583252 1500
0.3058791160583496 1500
0.3058791160583496 1500
0.30693817138671875 1500
0.3078629970550537 1500
0.30976200103759766 1500
0.30976200103759766 1500
0.30976200103759766 1500
0.3110010623931885 1500
0.3118619918823242 1500
0.3118619918823242 1500
0.3129000663757324 1500
0.31368398666381836 1500
0.31368398666381836 1500
0.31475210189819336 1500
0.31594300270080566 1500
0.31693506240844727 1500
0.31693506240844727 1500
0.31787800788879395 1500
0.3188920021057129 1500
0.3188920021057129 1500
0.32091712951660156 1500
0.32091712951660156 1500
0.32254600524902344 1500
0.32254600524902344 1500
0.3229031562805176 1500
0.323803186416626 1500
0.32475900650024414 1500
0.32475900650024414 1500
0.32587599754333496 1500
0.32691311836242676 1500
0.32691311836242676 1500
0.32790112495422363 1500
0.32876110076904297 1500
0.3299081325531006 1500
0.3299081325531006 1500
0.3308839797973633 1500
0.3320901393890381 1500
0.3320901393890381 1500
0.33290910720825195 1500
0.33389997482299805 1500
0.33492302894592285 1500
0.33492302894592285 1500
0.336137056350708 1500
0.3368861675262451 1500
0.337893009185791 1500
0.337893009185791 1500
0.33889007568359375 1500
0.3399050235748291 1500
0.3399050235748291 1500
0.34070897102355957 1500
0.34241604804992676 1500
0.3428070545196533 1500
0.3428070545196533 1500
0.34390902519226074 1500
0.34488606452941895 1500
0.34488606452941895 1500
0.34610915184020996 1500
0.3468940258026123 1500
0.34792113304138184 1500
0.34792113304138184 1500
0.34888601303100586 1500
0.3498721122741699 1500
0.3509080410003662 1500
0.3509080410003662 1500
0.3518850803375244 1500
0.35301899909973145 1500
0.35301899909973145 1500
0.35388898849487305 1500
0.3558940887451172 1500
0.3558940887451172 1500
0.3558940887451172 1500
0.35713911056518555 1500
0.3578610420227051 1500
0.35892319679260254 1500
0.35892319679260254 1500
0.3598620891571045 1500
0.3609170913696289 1500
0.3609170913696289 1500
0.3618600368499756 1500
0.3628971576690674 1500
0.3638620376586914 1500
0.3638620376586914 1500
0.36490917205810547 1500
0.3658640384674072 1500
0.3658640384674072 1500
0.36689114570617676 1500
0.36786699295043945 1500
0.3689429759979248 1500
0.3689429759979248 1500
0.3698141574859619 1500
0.37104010581970215 1500
0.37172603607177734 1500
0.37172603607177734 1500
0.37285518646240234 1500
0.37372303009033203 1500
0.37372303009033203 1500
0.37499213218688965 1500
0.37586307525634766 1500
0.3768329620361328 1500
0.3768329620361328 1500
0.3781120777130127 1500
0.3791651725769043 1500
0.3791651725769043 1500
0.3801231384277344 1500
0.38109302520751953 1500
0.3821539878845215 1500
0.3821539878845215 1500
0.3830080032348633 1500
0.38406896591186523 1500
0.38406896591186523 1500
0.3849451541900635 1500
0.38603901863098145 1500
0.3871431350708008 1500
0.3871431350708008 1500
0.38797712326049805 1500
0.38896799087524414 1500
0.3902411460876465 1500
0.3902411460876465 1500
0.3914191722869873 1500
0.39228200912475586 1500
0.39228200912475586 1500
0.39313697814941406 1500
0.39394116401672363 1500
0.39524412155151367 1500
0.39524412155151367 1500
0.39597511291503906 1500
0.3971540927886963 1500
0.3971540927886963 1500
0.3981130123138428 1500
0.3990211486816406 1500
0.39990997314453125 1500
0.39990997314453125 1500
0.4009890556335449 1500
0.4019451141357422 1500
0.40323305130004883 1500
0.40323305130004883 1500
0.40384697914123535 1500
0.40488719940185547 1500
0.40488719940185547 1500
0.4065730571746826 1500
0.40701913833618164 1500
0.4080181121826172 1500
0.4080181121826172 1500
0.40898799896240234 1500
0.40988707542419434 1500
0.40988707542419434 1500
0.41088318824768066 1500
0.41187214851379395 1500
0.4128990173339844 1500
0.4128990173339844 1500
0.4137141704559326 1500
0.414898157119751 1500
0.41588497161865234 1500
0.41588497161865234 1500
0.4169189929962158 1500
0.4177100658416748 1500
0.4177100658416748 1500
0.4187741279602051 1500
0.41980409622192383 1500
0.42087817192077637 1500
0.42087817192077637 1500
0.42190003395080566 1500
0.4228990077972412 1500
0.4228990077972412 1500
0.42387914657592773 1500
0.424882173538208 1500
0.4258911609649658 1500
0.4258911609649658 1500
0.42687511444091797 1500
0.4278991222381592 1500
0.42885899543762207 1500
0.42885899543762207 1500
0.4298741817474365 1500
0.43088817596435547 1500
0.43088817596435547 1500
0.43207812309265137 1500
0.43303918838500977 1500
0.4338870048522949 1500
0.4338870048522949 1500
0.4349091053009033 1500
0.4360511302947998 1500
0.4360511302947998 1500
0.4379251003265381 1500
0.4379251003265381 1500
0.43914103507995605 1500
0.4401869773864746 1500
0.4401869773864746 1500
0.4410090446472168 1500
0.4420890808105469 1500
0.44300198554992676 1500
0.44300198554992676 1500
0.4440441131591797 1500
0.44484996795654297 1500
0.4458491802215576 1500
0.4458491802215576 1500
0.4468700885772705 1500
0.4478640556335449 1500
0.4478640556335449 1500
0.44884610176086426 1500
0.4498591423034668 1500
0.4508950710296631 1500
0.4508950710296631 1500
0.4518849849700928 1500
0.4529380798339844 1500
0.4529380798339844 1500
0.4538719654083252 1500
0.454848051071167 1500
0.4558591842651367 1500
0.4558591842651367 1500
0.45685696601867676 1500
0.4578590393066406 1500
0.4578590393066406 1500
0.45894312858581543 1500
0.45993709564208984 1500
0.460712194442749 1500
0.460712194442749 1500
0.46184515953063965 1500
0.46283507347106934 1500
0.46373605728149414 1500
0.46373605728149414 1500
0.46482110023498535 1500
0.4656541347503662 1500
0.466763973236084 1500
0.466763973236084 1500
0.4676530361175537 1500
0.4686930179595947 1500
0.4686930179595947 1500
0.4696660041809082 1500
0.4706730842590332 1500
0.47167015075683594 1500
0.47167015075683594 1500
0.4726901054382324 1500
0.4737880229949951 1500
0.4737880229949951 1500
0.4746851921081543 1500
0.47566819190979004 1500
0.47679901123046875 1500
0.47679901123046875 1500
0.47769713401794434 1500
0.47881317138671875 1500
0.4797961711883545 1500
0.4797961711883545 1500
0.48069119453430176 1500
0.4818241596221924 1500
0.4818241596221924 1500
0.4828760623931885 1500
0.4838709831237793 1500
0.48491716384887695 1500
0.48491716384887695 1500
0.48589301109313965 1500
0.48688316345214844 1500
0.48688316345214844 1500
0.48791003227233887 1500
0.48894309997558594 1500
0.48989415168762207 1500
0.48989415168762207 1500
0.49089598655700684 1500
0.4918839931488037 1500
0.4927551746368408 1500
0.4927551746368408 1500
0.4939241409301758 1500
0.4947819709777832 1500
0.4947819709777832 1500
0.4964280128479004 1500
0.49678897857666016 1500
0.49793100357055664 1500
0.49793100357055664 1500
0.4988820552825928 1500
0.49988317489624023 1500
0.49988317489624023 1500
0.5008811950683594 1500
0.5019221305847168 1500
0.502938985824585 1500
0.502938985824585 1500
0.5039010047912598 1500
0.5064451694488525 1500
0.5064451694488525 1500
0.5064451694488525 1500
0.5066931247711182 1500
0.507749080657959 1500
