1050020
0.0 1460
0.022724151611328125 1460
0.02418804168701172 1460
0.02921605110168457 1460
0.02921605110168457 1460
0.02921605110168457 1460
0.02921605110168457 1460
0.02921605110168457 1460
0.02921605110168457 1460
0.047688961029052734 1460
0.047688961029052734 1460
0.0481410026550293 1460
0.0481410026550293 1460
0.051612138748168945 1460
0.051612138748168945 1460
0.051612138748168945 1460
0.05318808555603027 1460
0.05318808555603027 1460
0.05351519584655762 1460
0.05351519584655762 1460
0.05488419532775879 1460
0.05488419532775879 1460
0.05653715133666992 1460
0.05653715133666992 1460
0.058155059814453125 1460
0.06977605819702148 1460
0.06977605819702148 1460
0.07124209403991699 1460
0.07124209403991699 1460
0.07124209403991699 1460
0.07124209403991699 1460
0.07124209403991699 1460
0.07253313064575195 1460
0.07294201850891113 1460
0.0748591423034668 1460
0.0748591423034668 1460
0.0748591423034668 1460
0.0748591423034668 1460
0.07628202438354492 1460
0.07856011390686035 1460
0.07895898818969727 1460
0.07895898818969727 1460
0.07895898818969727 1460
0.08107709884643555 1460
0.08155012130737305 1460
0.08155012130737305 1460
0.08155012130737305 1460
0.08359313011169434 1460
0.08359313011169434 1460
0.08404803276062012 1460
0.08404803276062012 1460
0.08404803276062012 1460
0.08404803276062012 1460
0.08656597137451172 1460
0.08656597137451172 1460
0.08656597137451172 1460
0.08656597137451172 1460
0.09320902824401855 1460
0.09320902824401855 1460
0.09320902824401855 1460
0.09320902824401855 1460
0.09488415718078613 1460
0.09488415718078613 1460
0.09488415718078613 1460
0.09488415718078613 1460
0.10728311538696289 1460
0.10728311538696289 1460
0.10728311538696289 1460
0.10728311538696289 1460
0.10728311538696289 1460
0.11371111869812012 1460
0.11371111869812012 1460
0.11371111869812012 1460
0.11371111869812012 1460
0.11371111869812012 1460
0.11371111869812012 1460
0.11371111869812012 1460
0.11371111869812012 1460
0.11371111869812012 1460
0.11371111869812012 1460
0.11371111869812012 1460
0.11429619789123535 1460
0.11429619789123535 1460
0.11429619789123535 1460
0.11429619789123535 1460
0.11429619789123535 1460
0.11429619789123535 1460
0.11429619789123535 1460
0.11429619789123535 1460
0.11429619789123535 1460
0.11429619789123535 1460
0.11429619789123535 1460
0.11429619789123535 1460
0.11477208137512207 1460
0.11477208137512207 1460
0.11477208137512207 1460
0.11498904228210449 1460
0.11498904228210449 1460
0.11498904228210449 1460
0.11498904228210449 1460
0.11498904228210449 1460
0.11498904228210449 1460
0.11498904228210449 1460
0.11498904228210449 1460
0.11498904228210449 1460
0.11498904228210449 1460
0.11498904228210449 1460
0.11498904228210449 1460
0.11554813385009766 1460
0.11554813385009766 1460
0.11554813385009766 1460
0.11554813385009766 1460
0.11752510070800781 1460
0.11752510070800781 1460
0.1179649829864502 1460
0.1179649829864502 1460
0.1179649829864502 1460
0.1179649829864502 1460
0.12045812606811523 1460
0.12045812606811523 1460
0.12045812606811523 1460
0.12045812606811523 1460
0.12045812606811523 1460
0.12045812606811523 1460
0.2526891231536865 1460
0.2526891231536865 1460
0.2526891231536865 1460
0.2526891231536865 1460
0.25301313400268555 1460
0.25301313400268555 1460
0.25443601608276367 1460
0.25443601608276367 1460
0.25443601608276367 1460
0.25443601608276367 1460
0.25443601608276367 1460
0.25443601608276367 1460
0.25443601608276367 1460
0.25443601608276367 1460
0.25443601608276367 1460
0.25443601608276367 1460
0.25443601608276367 1460
0.2550380229949951 1460
0.2550380229949951 1460
0.2550380229949951 1460
0.2550380229949951 1460
0.2550380229949951 1460
0.2550380229949951 1460
0.2550380229949951 1460
0.2550380229949951 1460
0.2550380229949951 1460
0.2550380229949951 1460
0.2550380229949951 1460
0.2550380229949951 1460
0.2550380229949951 40
0.2550380229949951 1460
0.2550380229949951 1460
0.2550380229949951 1460
0.25563716888427734 1460
0.25563716888427734 1460
0.25563716888427734 1460
0.25563716888427734 1460
0.25563716888427734 1460
0.25563716888427734 1460
0.25563716888427734 1460
0.25563716888427734 1460
0.25563716888427734 1460
0.25563716888427734 1460
0.25563716888427734 1460
0.25563716888427734 1460
0.25563716888427734 1460
0.25589919090270996 1460
0.25589919090270996 1460
0.25589919090270996 1460
0.2561371326446533 1460
0.2561371326446533 1460
0.2561371326446533 1460
0.2561371326446533 1460
0.2561371326446533 1460
0.2561371326446533 1460
0.2561371326446533 1460
0.2561371326446533 1460
0.2644031047821045 1460
0.31306910514831543 1460
0.31306910514831543 1460
0.3134171962738037 1460
0.3134171962738037 1460
0.3134171962738037 1460
0.3134171962738037 1460
0.31519412994384766 1460
0.31519412994384766 1460
0.31519412994384766 1460
0.31519412994384766 1460
0.31519412994384766 1460
0.31519412994384766 1460
0.31519412994384766 1460
0.31519412994384766 1460
0.31519412994384766 1460
0.31519412994384766 1460
0.31519412994384766 1460
0.31519412994384766 1460
0.31580114364624023 1460
0.31580114364624023 1460
0.31580114364624023 1460
0.31580114364624023 1460
0.31580114364624023 1460
0.3336210250854492 40
0.34085917472839355 1460
0.34085917472839355 1460
0.3428010940551758 1460
0.34320616722106934 1460
0.34320616722106934 1460
0.34320616722106934 1460
0.34320616722106934 1460
0.34464597702026367 1460
0.34464597702026367 1460
0.3448941707611084 1460
0.346311092376709 1460
0.346311092376709 1460
0.346311092376709 1460
0.3466989994049072 1460
0.3466989994049072 1460
0.34978699684143066 1460
0.34978699684143066 1460
0.34978699684143066 1460
0.35016608238220215 1460
0.35016608238220215 1460
0.35041308403015137 1460
0.350600004196167 1460
0.350600004196167 1460
0.3519721031188965 1460
0.35239315032958984 1460
0.35239315032958984 1460
0.35239315032958984 1460
0.35239315032958984 1460
0.36474609375 1460
0.36474609375 1460
0.3658790588378906 1460
0.3658790588378906 1460
0.3658790588378906 1460
0.3658790588378906 1460
0.36614203453063965 1460
0.3676719665527344 1460
0.36817002296447754 1460
0.36817002296447754 1460
0.3700270652770996 1460
0.3700270652770996 1460
0.3714599609375 1460
0.3714599609375 1460
0.3714599609375 1460
0.3718111515045166 1460
0.3718111515045166 1460
0.3718111515045166 1460
0.3718111515045166 1460
0.3737599849700928 1460
0.3737599849700928 1460
0.3737599849700928 1460
0.3737599849700928 1460
0.3741731643676758 1460
0.3741731643676758 1460
0.3762671947479248 1460
0.3762671947479248 1460
0.3762671947479248 1460
0.3762671947479248 1460
0.37667107582092285 1460
0.37667107582092285 1460
0.3793680667877197 1460
0.3793680667877197 1460
0.3793680667877197 1460
0.3793680667877197 1460
0.3793680667877197 1460
0.3793680667877197 1460
0.3811800479888916 1460
0.3811800479888916 1460
0.3816051483154297 1460
0.3816051483154297 1460
0.3816051483154297 1460
0.3816051483154297 1460
0.3843350410461426 1460
0.3843350410461426 1460
0.3843350410461426 1460
0.3843350410461426 1460
0.38488197326660156 1460
0.38488197326660156 1460
0.3864099979400635 1460
0.38692617416381836 1460
0.38692617416381836 1460
0.38692617416381836 1460
0.3882319927215576 1460
0.3882319927215576 1460
0.38864707946777344 1460
0.38864707946777344 1460
0.38864707946777344 1460
0.38864707946777344 1460
0.3910651206970215 1460
0.3910651206970215 1460
0.3910651206970215 1460
0.3914310932159424 1460
0.3914310932159424 1460
0.3934750556945801 1460
0.3934750556945801 1460
0.3934750556945801 40
0.3934750556945801 1460
0.3938791751861572 1460
0.3938791751861572 1460
0.3938791751861572 1460
0.39533114433288574 1460
0.39533114433288574 1460
0.395780086517334 40
0.395780086517334 1460
0.395780086517334 1460
0.3974761962890625 1460
0.3974761962890625 1460
0.39777517318725586 1460
0.39777517318725586 1460
0.39777517318725586 1460
0.39777517318725586 1460
0.40152812004089355 1460
0.40152812004089355 1460
0.40152812004089355 1460
0.40190696716308594 1460
0.40190696716308594 1460
0.40190696716308594 1460
0.40190696716308594 1460
0.40190696716308594 1460
0.40190696716308594 1460
0.4037339687347412 1460
0.4037339687347412 1460
0.4040200710296631 1460
0.4040200710296631 1460
0.4066610336303711 1460
0.4066610336303711 1460
0.40725016593933105 40
0.40725016593933105 1460
0.40725016593933105 1460
0.40725016593933105 1460
0.40766310691833496 1460
0.40766310691833496 1460
0.40766310691833496 1460
0.4094350337982178 1460
0.4094350337982178 1460
0.4094350337982178 1460
0.41100406646728516 1460
0.41100406646728516 1460
0.41100406646728516 1460
0.41130805015563965 1460
0.41130805015563965 1460
0.41261816024780273 1460
0.41261816024780273 1460
0.41301918029785156 1460
0.41301918029785156 1460
0.41455507278442383 1460
0.41455507278442383 1460
0.4149630069732666 1460
0.4149630069732666 1460
0.4171640872955322 1460
0.4171640872955322 1460
0.4171640872955322 1460
0.4171640872955322 1460
0.4195871353149414 1460
0.4195871353149414 1460
0.4195871353149414 1460
0.4195871353149414 1460
0.4206721782684326 1460
0.4206721782684326 1460
0.4206721782684326 1460
0.4206721782684326 1460
0.4206721782684326 1460
0.4221839904785156 1460
0.4221839904785156 1460
0.4225451946258545 1460
0.4225451946258545 1460
0.4225451946258545 1460
0.4225451946258545 1460
0.42649412155151367 1460
0.42649412155151367 1460
0.42649412155151367 1460
0.42649412155151367 1460
0.42649412155151367 1460
0.42649412155151367 1460
0.4278421401977539 1460
0.4278421401977539 1460
0.4278421401977539 1460
0.4278421401977539 1460
0.4278421401977539 1460
0.4278421401977539 1460
0.42937612533569336 1460
0.42937612533569336 1460
0.42966604232788086 1460
0.43076205253601074 1460
0.4326601028442383 1460
0.4326601028442383 1460
0.4331221580505371 1460
0.4331221580505371 1460
0.4331221580505371 1460
0.4331221580505371 1460
0.43460607528686523 1460
0.43460607528686523 1460
0.4350581169128418 1460
0.4350581169128418 1460
0.43634605407714844 1460
0.43634605407714844 1460
0.43634605407714844 1460
0.43634605407714844 1460
0.43634605407714844 1460
0.43685197830200195 1460
0.43685197830200195 1460
0.43685197830200195 1460
0.4380509853363037 1460
0.4380509853363037 1460
0.4380509853363037 1460
0.43839502334594727 1460
0.43839502334594727 1460
0.5565931797027588 1460
0.5565931797027588 1460
0.5565931797027588 1460
0.5565931797027588 1460
0.5584280490875244 1460
0.5584280490875244 1460
0.5584280490875244 1460
0.5584280490875244 1460
0.5584280490875244 1460
0.5584280490875244 1460
0.5584280490875244 1460
0.5584280490875244 1460
0.5584280490875244 1460
0.5584280490875244 1460
0.5584280490875244 1460
0.5599050521850586 1460
0.5599050521850586 1460
0.5599050521850586 1460
0.5599050521850586 1460
0.5599050521850586 1460
0.5599050521850586 1460
0.5599050521850586 1460
0.5599050521850586 1460
0.5599050521850586 1460
0.5599050521850586 1460
0.5599050521850586 1460
0.5789980888366699 1460
0.5834009647369385 1460
0.5834009647369385 1460
0.585381031036377 1460
0.585381031036377 1460
0.585381031036377 1460
0.585381031036377 1460
0.585381031036377 1460
0.585381031036377 1460
0.5857210159301758 1460
0.5857210159301758 1460
0.5857210159301758 1460
0.5857210159301758 1460
0.5857210159301758 1460
0.5884590148925781 1460
0.5884590148925781 1460
0.5884590148925781 1460
0.5887491703033447 1460
0.5887491703033447 1460
0.5887491703033447 1460
0.5887491703033447 1460
0.5917661190032959 1460
0.5917661190032959 1460
0.5917661190032959 1460
0.5917661190032959 1460
0.5921711921691895 1460
0.5921711921691895 1460
0.5921711921691895 1460
0.5921711921691895 1460
0.595717191696167 1460
0.595717191696167 1460
0.6041591167449951 1460
0.6098790168762207 1460
0.6127309799194336 1460
0.6127309799194336 1460
0.6127309799194336 1460
0.6127309799194336 1460
0.6127309799194336 1460
0.6127309799194336 1460
0.6140151023864746 1460
0.6140151023864746 1460
0.6140151023864746 1460
0.6140151023864746 1460
0.6140151023864746 1460
0.6142191886901855 1460
0.6159510612487793 1460
0.6159510612487793 1460
0.6173100471496582 1460
0.6177730560302734 1460
0.6177730560302734 1460
0.6225581169128418 1460
0.6225581169128418 1460
0.6225581169128418 1460
0.6231961250305176 1460
0.6231961250305176 1460
0.6231961250305176 1460
0.6231961250305176 1460
0.6242079734802246 1460
0.6242079734802246 1460
0.6242079734802246 1460
0.6242079734802246 1460
0.6242079734802246 1460
0.6291351318359375 1460
0.6291351318359375 1460
0.6337909698486328 1460
0.6337909698486328 1460
0.6367020606994629 1460
0.6367020606994629 1460
0.6367020606994629 1460
0.6367020606994629 1460
0.6384961605072021 1460
0.6384961605072021 1460
0.6545979976654053 1460
0.6545979976654053 1460
0.6545979976654053 1460
0.6545979976654053 1460
0.6545979976654053 1460
0.6545979976654053 1460
0.6545979976654053 1460
0.6552050113677979 1460
0.6552050113677979 1460
0.6552050113677979 1460
0.6552050113677979 1460
0.6552050113677979 1460
0.6552050113677979 1460
0.6552050113677979 1460
0.6552050113677979 1460
0.6552050113677979 1460
0.6552050113677979 1460
0.6552050113677979 1460
0.6557819843292236 1460
0.6557819843292236 1460
0.6557819843292236 1460
0.6557819843292236 1460
0.6557819843292236 1460
0.6560690402984619 1460
0.6560690402984619 1460
0.6578190326690674 1460
0.6578190326690674 1460
0.6578190326690674 1460
0.6578190326690674 1460
0.6578190326690674 1460
0.6578190326690674 1460
0.6582331657409668 1460
0.6582331657409668 1460
0.6582331657409668 1460
0.6582331657409668 1460
0.658656120300293 1460
0.658656120300293 1460
0.658656120300293 1460
0.658656120300293 1460
0.6591520309448242 1460
0.6591520309448242 1460
0.6619091033935547 1460
0.6619091033935547 1460
0.6619091033935547 1460
0.6619091033935547 1460
0.6623940467834473 1460
0.6623940467834473 1460
0.6623940467834473 1460
0.6623940467834473 1460
0.6629230976104736 1460
0.6629230976104736 1460
0.6629230976104736 1460
0.6629230976104736 1460
0.6651191711425781 1460
0.6651191711425781 1460
0.6651191711425781 1460
0.6651191711425781 1460
0.666388988494873 1460
0.666388988494873 1460
0.6678099632263184 1460
0.6678099632263184 1460
0.6683061122894287 1460
0.6683061122894287 1460
0.6683061122894287 1460
0.6683061122894287 1460
0.6683061122894287 1460
0.6697080135345459 1460
0.6697080135345459 1460
0.6702079772949219 1460
0.6702079772949219 1460
0.6715841293334961 1460
0.6715841293334961 1460
0.6844840049743652 1460
0.6844840049743652 1460
0.6849300861358643 1460
0.6849300861358643 1460
0.6866140365600586 1460
0.6866140365600586 1460
0.6885571479797363 1460
0.6885571479797363 1460
0.6885571479797363 40
0.6885571479797363 1460
0.6885571479797363 1460
0.6892080307006836 1460
0.6985290050506592 1460
0.6985290050506592 1460
0.6985290050506592 1460
0.6985290050506592 1460
0.6985290050506592 1460
0.7039730548858643 1460
0.7039730548858643 1460
0.7039730548858643 1460
0.7039730548858643 1460
0.7039730548858643 1460
0.7039730548858643 1460
0.7044930458068848 1460
0.7044930458068848 1460
0.7044930458068848 1460
0.7044930458068848 1460
0.7044930458068848 1460
0.7051141262054443 1460
0.7051141262054443 1460
0.7051141262054443 1460
0.7051141262054443 1460
0.7051141262054443 1460
0.7051141262054443 1460
0.7051141262054443 1460
0.7073791027069092 1460
0.7073791027069092 1460
0.7073791027069092 1460
0.7073791027069092 1460
0.7073791027069092 1460
0.7073791027069092 1460
0.7073791027069092 1460
0.7073791027069092 1460
0.7085111141204834 1460
0.7085111141204834 1460
0.7085111141204834 1460
0.7085111141204834 1460
0.7085111141204834 1460
0.7085111141204834 1460
0.7085111141204834 1460
0.7085111141204834 1460
0.7085111141204834 1460
0.7085111141204834 1460
0.7085111141204834 1460
0.7100350856781006 1460
0.7100350856781006 1460
0.7100350856781006 1460
0.7100350856781006 1460
0.7100350856781006 1460
0.7100350856781006 1460
0.7104430198669434 1460
0.7104430198669434 1460
0.7114031314849854 1460
0.7114031314849854 1460
0.7114031314849854 1460
0.7118351459503174 1460
0.7139010429382324 1460
0.7139010429382324 1460
0.7139010429382324 1460
0.7139010429382324 1460
0.7139010429382324 1460
0.7139010429382324 1460
0.715022087097168 1460
0.715022087097168 1460
0.7152199745178223 1460
0.7152199745178223 1460
0.7156591415405273 1460
0.7156591415405273 1460
0.7168881893157959 1460
0.7168881893157959 1460
0.7178640365600586 1460
0.7178640365600586 1460
0.7178640365600586 1460
0.7178640365600586 1460
0.7189040184020996 1460
0.7189040184020996 1460
0.7189040184020996 1460
0.7189040184020996 1460
0.7192461490631104 1460
0.7205910682678223 1460
0.7210390567779541 1460
0.7210390567779541 1460
0.7229471206665039 1460
0.7229471206665039 1460
0.7248551845550537 1460
0.7248551845550537 1460
0.7252211570739746 1460
0.7252211570739746 1460
0.7252211570739746 1460
0.7264070510864258 1460
0.7264070510864258 1460
0.7264070510864258 1460
0.7264070510864258 1460
0.72788405418396 1460
0.72788405418396 1460
0.7283279895782471 1460
0.7297661304473877 1460
0.7297661304473877 1460
0.7297661304473877 1460
0.7297661304473877 1460
0.7300841808319092 1460
0.7300841808319092 1460
0.7300841808319092 1460
0.7318730354309082 1460
0.7318730354309082 1460
0.7318730354309082 1460
0.7318730354309082 1460
0.7373270988464355 1460
0.7373270988464355 1460
0.7401111125946045 1460
0.7401111125946045 1460
0.7401111125946045 1460
0.7401111125946045 1460
0.7401111125946045 1460
0.7401111125946045 1460
0.7406079769134521 1460
0.7406079769134521 1460
0.7406079769134521 1460
0.7406079769134521 1460
0.7406079769134521 40
0.7406079769134521 1460
0.7406079769134521 1460
0.7406079769134521 1460
0.7406079769134521 1460
0.7406079769134521 1460
0.7406079769134521 1460
0.7406079769134521 1460
0.7406079769134521 1460
0.7406079769134521 1460
0.7406079769134521 1460
0.7406079769134521 1460
0.7428250312805176 1460
0.7428250312805176 1460
0.7428250312805176 1460
