1048620
0.0 1500
0.0012829303741455078 1500
0.002335071563720703 1500
0.002335071563720703 1500
0.003170013427734375 1500
0.004302024841308594 1500
0.0048580169677734375 1500
0.0048580169677734375 1500
0.006292104721069336 1500
0.0075991153717041016 1500
0.009443044662475586 1500
0.009443044662475586 1500
0.009443044662475586 1500
0.00998997688293457 1500
0.00998997688293457 1500
0.011525154113769531 1500
0.01194000244140625 1500
0.013194084167480469 1500
0.013194084167480469 1500
0.014081001281738281 1500
0.015058040618896484 1500
0.015058040618896484 1500
0.01645207405090332 1500
0.01702404022216797 1500
0.01809406280517578 1500
0.01809406280517578 1500
0.019227981567382812 1500
0.021047115325927734 1500
0.021047115325927734 1500
0.021047115325927734 1500
0.022984027862548828 1500
0.023051977157592773 1500
0.023267030715942383 1500
0.024163007736206055 1500
0.025231122970581055 1500
0.02609395980834961 1500
0.02609395980834961 1500
0.027008056640625 1500
0.028198957443237305 1500
0.028198957443237305 1500
0.02918410301208496 1500
0.030007123947143555 1500
0.032317161560058594 1500
0.032317161560058594 1500
0.032317161560058594 1500
0.033041954040527344 1500
0.03480195999145508 1500
0.03480195999145508 1500
0.035028934478759766 1500
0.03645205497741699 1500
0.03645205497741699 1500
0.037178993225097656 1500
0.0383601188659668 1500
0.03904294967651367 1500
0.03904294967651367 1500
0.040081024169921875 1500
0.04128313064575195 1500
0.04128313064575195 1500
0.04212808609008789 1500
0.04479694366455078 1500
0.04479694366455078 1500
0.04479694366455078 1500
0.045185089111328125 1500
0.04624009132385254 1500
0.047254085540771484 1500
0.047254085540771484 1500
0.04816794395446777 1500
0.04926109313964844 1500
0.04926109313964844 1500
0.05002307891845703 1500
0.051306962966918945 1500
0.05211210250854492 1500
0.05211210250854492 1500
0.05318498611450195 1500
0.05414700508117676 1500
0.05414700508117676 1500
0.05557703971862793 1500
0.05613994598388672 1500
0.057290077209472656 1500
0.057290077209472656 1500
0.058300018310546875 1500
0.0592350959777832 1500
0.06005096435546875 1500
0.06005096435546875 1500
0.061183929443359375 1500
0.062402963638305664 1500
0.062402963638305664 1500
0.06331110000610352 1500
0.06399106979370117 1500
0.06595897674560547 1500
0.06595897674560547 1500
0.06614995002746582 1500
0.06808114051818848 1500
0.06808114051818848 1500
0.06808114051818848 1500
0.0693061351776123 1500
0.07011699676513672 1500
0.07011699676513672 1500
0.07183194160461426 1500
0.07183194160461426 1500
0.07419705390930176 1500
0.07419705390930176 1500
0.07419705390930176 1500
0.07529497146606445 1500
0.07529497146606445 1500
0.07639002799987793 1500
0.07718110084533691 1500
0.07821512222290039 1500
0.07821512222290039 1500
0.07912707328796387 1500
0.08010315895080566 1500
0.08010315895080566 1500
0.0813760757446289 1500
0.08214712142944336 1500
0.08307909965515137 1500
0.08307909965515137 1500
0.0843501091003418 1500
0.08536005020141602 1500
0.08536005020141602 1500
0.08606815338134766 1500
0.0871429443359375 1500
0.08811402320861816 1500
0.08811402320861816 1500
0.09022092819213867 1500
0.09022092819213867 1500
0.09102201461791992 1500
0.09102201461791992 1500
0.09215807914733887 1500
0.09328007698059082 1500
0.09328007698059082 1500
0.09423112869262695 1500
0.09526801109313965 1500
0.09625411033630371 1500
0.09625411033630371 1500
0.09728193283081055 1500
0.09811615943908691 1500
0.09811615943908691 1500
0.09916305541992188 1500
0.10007095336914062 1500
0.10102105140686035 1500
0.10115694999694824 1500
0.10190296173095703 1500
0.10309910774230957 1500
0.10421109199523926 1500
0.10421109199523926 1500
0.10511994361877441 1500
0.1062769889831543 1500
0.1062769889831543 1500
0.10682010650634766 1500
0.10823702812194824 1500
0.10936212539672852 1500
0.10936212539672852 1500
0.10997915267944336 1500
0.11105799674987793 1500
0.11105799674987793 1500
0.11185002326965332 1500
0.11315703392028809 1500
0.11430907249450684 1500
0.11430907249450684 1500
0.11531400680541992 1500
0.1162559986114502 1500
0.11717605590820312 1500
0.11717605590820312 1500
0.11838507652282715 1500
0.11926007270812988 1500
0.11926007270812988 1500
0.12023305892944336 1500
0.12112092971801758 1500
0.12253212928771973 1500
0.12253212928771973 1500
0.12313604354858398 1500
0.124114990234375 1500
0.124114990234375 1500
0.125169038772583 1500
0.12621712684631348 1500
0.12724995613098145 1500
0.12724995613098145 1500
0.12836098670959473 1500
0.12946510314941406 1500
0.13027596473693848 1500
0.13027596473693848 1500
0.13132715225219727 1500
0.13210201263427734 1500
0.13210201263427734 1500
0.13442707061767578 1500
0.13442707061767578 1500
0.13518714904785156 1500
0.13518714904785156 1500
0.13592195510864258 1500
0.13697004318237305 1500
0.13697004318237305 1500
0.13827109336853027 1500
0.13922500610351562 1500
0.13984012603759766 1500
0.13984012603759766 1500
0.1409931182861328 1500
0.14185500144958496 1500
0.14314508438110352 1500
0.14314508438110352 1500
0.14411497116088867 1500
0.1450190544128418 1500
0.1450190544128418 1500
0.14601397514343262 1500
0.1472151279449463 1500
0.14837002754211426 1500
0.14837002754211426 1500
0.14932608604431152 1500
0.15038609504699707 1500
0.15038609504699707 1500
0.15118694305419922 1500
0.1520979404449463 1500
0.15311598777770996 1500
0.15311598777770996 1500
0.15524792671203613 1500
0.15524792671203613 1500
0.1561110019683838 1500
0.1561110019683838 1500
0.15733003616333008 1500
0.15815305709838867 1500
0.15815305709838867 1500
0.15911293029785156 1500
0.1602621078491211 1500
0.16103506088256836 1500
0.16103506088256836 1500
0.16296696662902832 1500
0.1631770133972168 1500
0.1631770133972168 1500
0.1640760898590088 1500
0.16527700424194336 1500
0.16704010963439941 1500
0.16704010963439941 1500
0.16704010963439941 1500
0.16788601875305176 1500
0.1689920425415039 1500
0.1689920425415039 1500
0.17006492614746094 1500
0.17107605934143066 1500
0.17107605934143066 1500
0.17188501358032227 1500
0.1731431484222412 1500
0.17415213584899902 1500
0.17415213584899902 1500
0.17493510246276855 1500
0.1759960651397705 1500
0.1759960651397705 1500
0.17702007293701172 1500
0.17803311347961426 1500
0.17909693717956543 1500
0.17909693717956543 1500
0.1803150177001953 1500
0.18116211891174316 1500
0.18180513381958008 1500
0.18180513381958008 1500
0.18296003341674805 1500
0.18402314186096191 1500
0.18402314186096191 1500
0.18504810333251953 1500
0.18594813346862793 1500
0.1871480941772461 1500
0.1871480941772461 1500
0.18824195861816406 1500
0.18898606300354004 1500
0.18898606300354004 1500
0.1902000904083252 1500
0.1912240982055664 1500
0.19229507446289062 1500
0.19229507446289062 1500
0.19320201873779297 1500
0.1940760612487793 1500
0.19498705863952637 1500
0.19498705863952637 1500
0.19609808921813965 1500
0.19710707664489746 1500
0.19710707664489746 1500
0.19816112518310547 1500
0.19901013374328613 1500
0.19993114471435547 1500
0.19993114471435547 1500
0.2009279727935791 1500
0.20211505889892578 1500
0.20211505889892578 1500
0.20309209823608398 1500
0.20429706573486328 1500
0.20519709587097168 1500
0.20519709587097168 1500
0.20598196983337402 1500
0.20774292945861816 1500
0.2079761028289795 1500
0.2079761028289795 1500
0.2092890739440918 1500
0.2104041576385498 1500
0.2104041576385498 1500
0.21133708953857422 1500
0.21225404739379883 1500
0.2132570743560791 1500
0.2132570743560791 1500
0.21403098106384277 1500
0.21516203880310059 1500
0.21516203880310059 1500
0.216048002243042 1500
0.21689915657043457 1500
0.2180800437927246 1500
0.2180800437927246 1500
0.21935701370239258 1500
0.2209479808807373 1500
0.2209479808807373 1500
0.2209479808807373 1500
0.22210311889648438 1500
0.22317004203796387 1500
0.22317004203796387 1500
0.22420406341552734 1500
0.2249910831451416 1500
0.2263469696044922 1500
0.2263469696044922 1500
0.22693514823913574 1500
0.22826194763183594 1500
0.22826194763183594 1500
0.2289731502532959 1500
0.2558629512786865 1500
0.2574160099029541 1500
0.2574160099029541 1500
0.2840590476989746 1500
0.28417515754699707 1500
0.28600096702575684 1500
0.28600096702575684 1500
0.31224894523620605 1500
0.31224894523620605 1500
0.3141779899597168 1500
0.3141779899597168 1500
0.34043407440185547 1500
0.34043407440185547 1500
0.3423881530761719 1500
0.3423881530761719 1500
0.3697381019592285 1500
0.3697381019592285 1500
0.36996912956237793 1500
0.36996912956237793 1500
0.401015043258667 1500
0.401015043258667 1500
0.40268802642822266 1500
0.40268802642822266 1500
0.4289259910583496 1500
0.4289259910583496 1500
0.43430209159851074 1500
0.43430209159851074 1500
0.4573631286621094 1500
0.4573631286621094 1500
0.4583289623260498 1500
0.4583289623260498 1500
0.4591541290283203 1500
0.4591541290283203 1500
0.460374116897583 1500
0.460374116897583 1500
0.4624040126800537 1500
0.4624040126800537 1500
0.46303701400756836 1500
0.46303701400756836 1500
0.46585798263549805 1500
0.46585798263549805 1500
0.4661741256713867 1500
0.4664320945739746 1500
0.46787500381469727 1500
0.46787500381469727 1500
0.46984195709228516 1500
0.46984195709228516 1500
0.47040700912475586 1500
0.47040700912475586 1500
0.4725379943847656 1500
0.4725379943847656 1500
0.4731731414794922 1500
0.4731731414794922 1500
0.47504210472106934 1500
0.47504210472106934 1500
0.47504210472106934 1500
0.47815799713134766 1500
0.47815799713134766 1500
0.4782111644744873 1500
0.4785010814666748 1500
0.4804530143737793 1500
0.4804530143737793 1500
0.4812610149383545 1500
0.4812610149383545 1500
0.4830901622772217 1500
0.4830901622772217 1500
0.48406195640563965 1500
0.48406195640563965 1500
0.4849889278411865 1500
0.48500800132751465 1500
0.4885680675506592 1500
0.4885680675506592 1500
0.4885680675506592 1500
0.4885680675506592 1500
0.4903740882873535 1500
0.4903740882873535 1500
0.4912121295928955 1500
0.4912121295928955 1500
0.4921109676361084 1500
0.4921109676361084 1500
0.4943399429321289 1500
0.4943399429321289 1500
0.49620795249938965 1500
0.49620795249938965 1500
0.49715709686279297 1500
0.49715709686279297 1500
0.49923205375671387 1500
0.49923205375671387 1500
0.5003869533538818 1500
0.5003869533538818 1500
0.5014121532440186 1500
0.5014121532440186 1500
0.5039150714874268 1500
0.5039150714874268 1500
0.5045089721679688 1500
0.5045089721679688 1500
0.5051021575927734 1500
0.5051021575927734 1500
0.5071799755096436 1500
0.5071799755096436 1500
0.5083770751953125 1500
0.5083770751953125 1500
0.511152982711792 1500
0.511152982711792 1500
0.511152982711792 1500
0.5113170146942139 1500
0.5128669738769531 1500
0.5130400657653809 1500
0.5145821571350098 1500
0.5145821571350098 1500
0.515160083770752 1500
0.515160083770752 1500
0.5179460048675537 1500
0.5179460048675537 1500
0.5206589698791504 1500
0.5206589698791504 1500
0.5233230590820312 1500
0.5233230590820312 1500
0.5250451564788818 1500
0.5250451564788818 1500
0.5250451564788818 1500
0.5250451564788818 1500
0.525097131729126 1500
0.525097131729126 1500
0.5263259410858154 1500
0.5263259410858154 1500
0.5263259410858154 1500
0.5263259410858154 1500
0.527163028717041 1500
0.527163028717041 1500
0.527163028717041 1500
0.5273640155792236 1500
0.5284781455993652 1500
0.5284781455993652 1500
0.5293991565704346 1500
0.5293991565704346 1500
0.5298919677734375 1500
0.5298919677734375 1500
0.5319290161132812 1500
0.5325610637664795 1500
0.5354149341583252 1500
0.5354149341583252 1500
0.5354149341583252 1500
0.5354149341583252 1500
0.5354149341583252 1500
0.5354149341583252 1500
0.5368161201477051 1500
0.5368161201477051 1500
0.5372481346130371 1500
0.5372481346130371 1500
0.5381619930267334 1500
0.5395650863647461 1500
0.5401439666748047 1500
0.540269136428833 1500
0.5409510135650635 1500
0.542431116104126 1500
0.542431116104126 1500
0.5431621074676514 1500
0.5450079441070557 1500
0.5450079441070557 1500
0.5450079441070557 1500
0.5462310314178467 1500
0.5470459461212158 1500
0.5470459461212158 1500
0.5482370853424072 1500
0.5491111278533936 1500
0.5498120784759521 1500
0.5498120784759521 1500
0.551591157913208 1500
0.5518679618835449 1500
0.5518679618835449 1500
0.5530691146850586 1500
0.5542831420898438 1500
0.5550291538238525 1500
0.5550291538238525 1500
0.5576391220092773 1500
0.5576391220092773 1500
0.5582599639892578 1500
0.5582599639892578 1500
0.5590090751647949 1500
0.560204029083252 1500
0.560204029083252 1500
0.5611469745635986 1500
0.5621459484100342 1500
0.5632810592651367 1500
0.5632810592651367 1500
0.5642139911651611 1500
0.5651049613952637 1500
0.5651049613952637 1500
0.5659890174865723 1500
0.5673551559448242 1500
0.5692529678344727 1500
0.5692529678344727 1500
0.569288969039917 1500
0.569951057434082 1500
0.570868968963623 1500
0.5709049701690674 1500
0.5724689960479736 1500
0.5731339454650879 1500
0.5731339454650879 1500
0.5738120079040527 1500
0.5751521587371826 1500
0.5758180618286133 1500
0.5758180618286133 1500
0.5771589279174805 1500
0.5782020092010498 1500
0.5782020092010498 1500
0.5796430110931396 1500
0.5801291465759277 1500
0.5812909603118896 1500
0.5812909603118896 1500
0.5819971561431885 1500
0.582935094833374 1500
0.5841660499572754 1500
0.5841660499572754 1500
0.5848979949951172 1500
0.5860490798950195 1500
0.5860490798950195 1500
0.587165117263794 1500
0.5881409645080566 1500
0.5890190601348877 1500
0.5890190601348877 1500
0.5900650024414062 1500
0.5912301540374756 1500
0.5912301540374756 1500
0.5921440124511719 1500
0.5930700302124023 1500
0.5941610336303711 1500
0.5941610336303711 1500
0.5952370166778564 1500
0.596001148223877 1500
0.5970680713653564 1500
0.5970680713653564 1500
0.5981440544128418 1500
0.599174976348877 1500
0.599174976348877 1500
0.6002299785614014 1500
0.6013121604919434 1500
0.6022500991821289 1500
0.6022500991821289 1500
0.6043920516967773 1500
0.6043920516967773 1500
0.6043920516967773 1500
0.6051061153411865 1500
0.6060490608215332 1500
0.607172966003418 1500
0.607172966003418 1500
0.6081609725952148 1500
0.6090221405029297 1500
0.6101241111755371 1500
0.6101241111755371 1500
0.6113049983978271 1500
0.6128511428833008 1500
0.6128511428833008 1500
0.6130199432373047 1500
0.6140379905700684 1500
0.6163179874420166 1500
0.6163179874420166 1500
0.6163971424102783 1500
0.6172709465026855 1500
0.6172709465026855 1500
0.6179311275482178 1500
0.6190011501312256 1500
0.62003493309021 1500
0.62003493309021 1500
0.6214320659637451 1500
0.6222410202026367 1500
0.6230990886688232 1500
0.6230990886688232 1500
0.6240401268005371 1500
0.6252710819244385 1500
0.6252710819244385 1500
0.626460075378418 1500
0.6273319721221924 1500
0.6284141540527344 1500
0.6284141540527344 1500
0.6292779445648193 1500
0.6301009654998779 1500
0.6301009654998779 1500
0.6312680244445801 1500
0.6319730281829834 1500
0.6330549716949463 1500
0.6330890655517578 1500
0.6340799331665039 1500
0.6352970600128174 1500
0.6360681056976318 1500
0.6360681056976318 1500
0.637005090713501 1500
0.6380810737609863 1500
0.6380810737609863 1500
0.6388020515441895 1500
0.6401791572570801 1500
0.6411769390106201 1500
0.6411769390106201 1500
0.6421780586242676 1500
0.643226146697998 1500
0.643226146697998 1500
0.6443090438842773 1500
0.6449911594390869 1500
0.6460890769958496 1500
0.6460890769958496 1500
0.647118091583252 1500
0.6478509902954102 1500
0.6488280296325684 1500
0.6488280296325684 1500
0.6513760089874268 1500
0.6513760089874268 1500
0.6513760089874268 1500
0.6522250175476074 1500
0.6528849601745605 1500
0.6543600559234619 1500
0.6543600559234619 1500
0.655156135559082 1500
0.65625 1500
0.65625 1500
0.6569180488586426 1500
0.6581370830535889 1500
0.6591100692749023 1500
0.6591100692749023 1500
0.6602990627288818 1500
0.6613750457763672 1500
0.6620481014251709 1500
0.6620481014251709 1500
0.6636619567871094 1500
0.6640291213989258 1500
0.6640291213989258 1500
0.6658401489257812 1500
0.6658401489257812 1500
0.6676599979400635 1500
0.6676599979400635 1320
0.947983980178833 40
1.4768660068511963 40
2.4661941528320312 1500
2.4661941528320312 1500
2.467055082321167 1500
2.467055082321167 1500
2.467055082321167 1500
2.4682600498199463 1500
2.4693150520324707 1500
2.4693150520324707 1500
2.4702279567718506 1500
2.4702279567718506 1500
2.4712891578674316 1500
2.4712891578674316 1500
2.4721360206604004 1500
2.4721360206604004 1500
2.4741170406341553 1500
2.4741170406341553 1500
2.4741170406341553 1500
2.4741170406341553 1500
2.477105140686035 1500
2.477105140686035 1500
2.477105140686035 1500
2.477105140686035 1500
2.4787509441375732 1500
2.4787509441375732 1500
2.479544162750244 1500
2.479544162750244 1500
2.4800729751586914 1500
2.481235980987549 1500
2.481235980987549 1500
2.482330083847046 1500
2.4829840660095215 1500
2.4829840660095215 1500
2.485042095184326 220
2.485042095184326 1500
2.4850921630859375 1500
2.4853060245513916 1500
2.48551607131958 1500
2.486541986465454 1500
2.486541986465454 1500
2.4872241020202637 1500
2.4872241020202637 1500
2.4882431030273438 1500
2.489361047744751 1500
2.490385055541992 1500
2.490385055541992 1500
2.491353988647461 1500
2.491353988647461 1500
2.4923009872436523 1500
2.4923009872436523 1500
2.493165969848633 1500
2.493165969848633 1500
2.494246006011963 1500
