1048620
0.0 1500
0.0010161399841308594 1500
0.0010161399841308594 1500
0.002231121063232422 1500
0.003283977508544922 1500
0.003283977508544922 1500
0.004330158233642578 1500
0.0055999755859375 1500
0.006181001663208008 1500
0.006181001663208008 1500
0.008708000183105469 1500
0.008708000183105469 1500
0.008959054946899414 1500
0.008959054946899414 1500
0.010456085205078125 1500
0.01126408576965332 1500
0.01126408576965332 1500
0.012086153030395508 1500
0.01336216926574707 1500
0.014190196990966797 1500
0.014190196990966797 1500
0.01575613021850586 1500
0.016117095947265625 1500
0.016117095947265625 1500
0.017156124114990234 1500
0.01810598373413086 1500
0.019033193588256836 1500
0.019033193588256836 1500
0.02026200294494629 1500
0.021296977996826172 1500
0.0220491886138916 1500
0.0220491886138916 1500
0.023145198822021484 1500
0.024077177047729492 1500
0.024077177047729492 1500
0.025360107421875 1500
0.026063203811645508 1500
0.027503013610839844 1500
0.027503013610839844 1500
0.028129100799560547 1500
0.0289461612701416 1500
0.0289461612701416 1500
0.029881000518798828 1500
0.0310361385345459 1500
0.032196044921875 1500
0.032196044921875 1500
0.0329740047454834 1500
0.034234046936035156 1500
0.03494715690612793 1500
0.03494715690612793 1500
0.03591799736022949 1500
0.03712320327758789 1500
0.03712320327758789 1500
0.03817105293273926 1500
0.039216041564941406 1500
0.04020404815673828 1500
0.04020404815673828 1500
0.040904998779296875 1500
0.04193520545959473 1500
0.04193520545959473 1500
0.043910980224609375 1500
0.04501914978027344 1500
0.04501914978027344 1500
0.04510617256164551 1500
0.04588913917541504 1500
0.047216176986694336 1500
0.048139095306396484 1500
0.04815411567687988 1500
0.04922604560852051 1500
0.04999399185180664 1500
0.04999399185180664 1500
0.051026105880737305 1500
0.051931142807006836 1500
0.05300307273864746 1500
0.05300307273864746 1500
0.05405306816101074 1500
0.05489301681518555 1500
0.05489301681518555 1500
0.05589008331298828 1500
0.05718517303466797 1500
0.05804610252380371 1500
0.05804610252380371 1500
0.058936119079589844 1500
0.059931039810180664 1500
0.06099510192871094 1500
0.06099510192871094 1500
0.062432050704956055 1500
0.06298518180847168 1500
0.06298518180847168 1500
0.06392812728881836 1500
0.06497311592102051 1500
0.06593799591064453 1500
0.06593799591064453 1500
0.06708717346191406 1500
0.06808018684387207 1500
0.06808018684387207 1500
0.07002019882202148 1500
0.07002019882202148 1500
0.07111811637878418 1500
0.07111811637878418 1500
0.07206511497497559 1500
0.07301712036132812 1500
0.07397103309631348 1500
0.07397103309631348 1500
0.07498407363891602 1500
0.07615518569946289 1500
0.07615518569946289 1500
0.07715320587158203 1500
0.07828807830810547 1500
0.07908415794372559 1500
0.07908415794372559 1500
0.08009219169616699 1500
0.08112406730651855 1500
0.08112406730651855 1500
0.0827481746673584 1500
0.08336210250854492 1500
0.08397912979125977 1500
0.08397912979125977 1500
0.08554506301879883 1500
0.08610701560974121 1500
0.08610701560974121 1500
0.08719110488891602 1500
0.08830904960632324 1500
0.08919715881347656 1500
0.08919715881347656 1500
0.09009909629821777 1500
0.09113097190856934 1500
0.09226608276367188 1500
0.09226608276367188 1500
0.09330511093139648 1500
0.09421300888061523 1500
0.09421300888061523 1500
0.09521198272705078 1500
0.09614300727844238 1500
0.09712505340576172 1500
0.09712505340576172 1500
0.09821915626525879 1500
0.09926605224609375 1500
0.09926605224609375 1500
0.10012006759643555 1500
0.1011500358581543 1500
0.10244107246398926 1500
0.10244107246398926 1500
0.10332107543945312 1500
0.10454511642456055 1500
0.10540604591369629 1500
0.10540604591369629 1500
0.10658502578735352 1500
0.1069631576538086 1500
0.1069631576538086 1500
0.10826802253723145 1500
0.10932397842407227 1500
0.11014008522033691 1500
0.11014008522033691 1500
0.1111140251159668 1500
0.11213517189025879 1500
0.11213517189025879 1500
0.4040181636810303 1192
0.7388830184936523 40
1.3472561836242676 40
2.295283079147339 1500
2.295283079147339 1500
2.295283079147339 1500
2.295283079147339 1500
2.2974441051483154 1500
2.2974441051483154 1500
2.2981951236724854 1500
2.2981951236724854 1500
2.300737142562866 1500
2.300737142562866 1500
2.301253080368042 1500
2.301253080368042 1500
2.303518056869507 1500
2.303518056869507 1500
2.3042080402374268 1500
2.3042080402374268 1500
2.3052611351013184 1500
2.3052611351013184 1500
2.3074381351470947 1500
2.3074381351470947 1500
2.308357000350952 1500
2.3092479705810547 1500
2.310467004776001 1500
2.310467004776001 1500
2.31257700920105 1500
2.31257700920105 1500
2.313225030899048 1500
2.313225030899048 1500
2.314333200454712 1500
2.314333200454712 1500
2.315559148788452 1500
2.315559148788452 1500
2.3169281482696533 1500
2.3169281482696533 1500
2.319350004196167 1500
2.319350004196167 1500
2.320310115814209 1500
2.320310115814209 1500
2.3213109970092773 1500
2.3213109970092773 1500
2.322072982788086 1500
2.322072982788086 1500
2.3250060081481934 1500
2.3250060081481934 348
2.3250060081481934 1500
2.325314998626709 1500
2.32722806930542 1500
2.32722806930542 1500
2.32722806930542 1500
2.3285281658172607 1500
2.3293681144714355 1500
2.3293681144714355 1500
2.3302371501922607 1500
2.3302371501922607 1500
2.332545042037964 1500
2.332545042037964 1500
2.333441972732544 1500
2.333441972732544 1500
2.335808038711548 1500
2.335808038711548 1500
2.3361740112304688 1500
2.3361740112304688 1500
2.3406260013580322 1500
2.3406260013580322 1500
2.3406260013580322 1500
2.3406260013580322 1500
2.3422791957855225 1500
2.3422791957855225 1500
2.342604160308838 1500
2.342604160308838 1500
2.343116044998169 1500
2.343116044998169 1500
2.3458640575408936 1500
2.3458640575408936 1500
2.346304178237915 1500
2.346304178237915 1500
2.348433017730713 1500
2.348433017730713 1500
2.3492770195007324 1500
2.3492770195007324 1500
2.350281000137329 1500
2.3514389991760254 1500
2.3525869846343994 1500
2.3525869846343994 1500
2.352992057800293 1500
2.3530101776123047 1500
2.3558390140533447 1500
2.3558390140533447 1500
2.3564391136169434 1500
2.3564391136169434 1500
2.3574910163879395 1500
2.3583850860595703 1500
2.3583850860595703 1500
2.3583850860595703 1500
2.359577178955078 1500
2.359577178955078 1500
2.360896110534668 1500
2.360896110534668 1500
2.3623440265655518 1500
2.3623440265655518 1500
2.3631160259246826 1500
2.3631160259246826 1500
2.3645269870758057 1500
2.3645269870758057 1500
2.3654329776763916 1500
2.3654329776763916 1500
2.366460084915161 1500
2.366460084915161 1500
2.367396116256714 1500
2.367396116256714 1500
2.368622064590454 1500
2.368622064590454 1500
2.3692781925201416 1500
2.3705410957336426 1500
2.371415138244629 1500
2.371415138244629 1500
2.3735830783843994 1500
2.3735830783843994 1500
2.3735830783843994 1500
2.3735830783843994 1500
2.3744611740112305 1500
2.3744611740112305 1500
2.3753161430358887 1500
2.3753161430358887 1500
2.376082181930542 1500
2.376082181930542 1500
2.3782620429992676 1500
2.3782620429992676 1500
2.379254102706909 1500
2.379254102706909 1500
2.380316972732544 1500
2.380316972732544 1500
2.3811240196228027 1500
2.3811240196228027 1500
2.382310152053833 1500
2.382310152053833 1500
2.3834121227264404 1500
2.3841121196746826 1500
2.3854501247406006 1500
2.3854501247406006 1500
2.386392116546631 1500
2.387273073196411 1500
2.387273073196411 1500
2.3880960941314697 1500
2.3891260623931885 1500
2.390047073364258 1500
2.390047073364258 1500
2.3911900520324707 1500
2.3923230171203613 1500
2.3930912017822266 1500
2.3930912017822266 1500
2.394177198410034 1500
2.3963470458984375 1500
2.3963470458984375 1500
2.3963470458984375 1500
2.397318124771118 1500
2.3981711864471436 1500
2.3981711864471436 1500
2.3993661403656006 1500
2.4002881050109863 1500
2.4002881050109863 1500
2.4013490676879883 1500
2.4020421504974365 1500
2.403388023376465 1500
2.403388023376465 1500
2.4041881561279297 1500
2.405346155166626 1500
2.4062252044677734 1500
2.4062252044677734 1500
2.4070961475372314 1500
2.408972978591919 1500
2.408972978591919 1500
2.4093151092529297 1500
2.410290002822876 1500
2.411403179168701 1500
2.411403179168701 1500
2.4121999740600586 1500
2.4132239818573 1500
2.4132239818573 1500
2.414139986038208 1500
2.415292978286743 1500
2.4164340496063232 1500
2.4164340496063232 1500
2.4173760414123535 1500
2.41825008392334 1500
2.41967511177063 1500
2.41967511177063 1500
2.420279026031494 1500
2.4209630489349365 1500
2.4209630489349365 1500
2.4223439693450928 1500
2.423248052597046 1500
2.424030065536499 1500
2.424030065536499 1500
2.4250810146331787 1500
2.4260261058807373 1500
2.4260261058807373 1500
2.427356004714966 1500
2.4282751083374023 1500
2.4311649799346924 1500
2.4311649799346924 1500
2.4311649799346924 1500
2.4311649799346924 1500
2.4321541786193848 1500
2.4321541786193848 1500
2.43306303024292 1500
2.434035062789917 1500
2.434035062789917 1500
2.4353160858154297 1500
2.4360320568084717 1500
2.4369189739227295 1500
2.4369189739227295 1500
2.437875986099243 1500
2.438857078552246 1500
2.438857078552246 1500
2.4398910999298096 1500
2.440869092941284 1500
2.4424500465393066 1500
2.4424500465393066 1500
2.4431819915771484 1500
2.4440181255340576 1500
2.4451091289520264 1500
2.4451091289520264 1500
2.4463441371917725 1500
2.447157144546509 1500
2.447157144546509 1500
2.4481070041656494 1500
2.4492721557617188 1500
2.450263023376465 1500
2.450263023376465 1500
2.4525949954986572 1500
2.4525949954986572 1500
2.4525949954986572 1500
2.4533531665802 1500
2.454130172729492 1500
2.4554901123046875 1500
2.4554901123046875 1500
2.456278085708618 1500
2.4572930335998535 1500
2.45810604095459 1500
2.45810604095459 1500
2.4592931270599365 1500
2.4604971408843994 1500
2.4604971408843994 1500
2.4614081382751465 1500
2.462028980255127 1500
2.4637691974639893 1500
2.4637691974639893 1500
2.463958978652954 1500
2.464966058731079 1500
2.4650261402130127 1500
2.4660120010375977 1500
2.4671730995178223 1500
2.4681990146636963 1500
2.4681990146636963 1500
2.46978497505188 1500
2.4698309898376465 1500
2.471647024154663 1500
2.471647024154663 1500
2.471811056137085 1500
2.4735450744628906 1500
2.4735450744628906 1500
2.474234104156494 1500
2.4750871658325195 1500
2.4760241508483887 1500
2.4760241508483887 1500
2.477114200592041 1500
2.4781320095062256 1500
2.4781320095062256 1500
2.47922420501709 1500
2.4800491333007812 1500
2.4810421466827393 1500
2.4810421466827393 1500
2.482241153717041 1500
2.4833900928497314 1500
2.4833900928497314 1500
2.4840409755706787 1500
2.486920118331909 1500
2.486920118331909 1500
2.486920118331909 1500
2.4871490001678467 1500
2.488370180130005 1500
2.4894471168518066 1500
2.4894471168518066 1500
2.4904351234436035 1500
2.491122007369995 1500
2.491122007369995 1500
2.4923770427703857 1500
2.4932069778442383 1500
2.494286060333252 1500
2.494286060333252 1500
2.4952139854431152 1500
2.4962451457977295 1500
2.4962451457977295 1500
2.497523069381714 1500
2.498321056365967 1500
2.4992570877075195 1500
2.4992570877075195 1500
2.5002200603485107 1500
2.501378059387207 1500
2.5023679733276367 1500
2.5023679733276367 1500
2.5031750202178955 1500
2.504343032836914 1500
2.504343032836914 1500
2.5053300857543945 1500
2.5061721801757812 1500
2.507143974304199 1500
2.507143974304199 1500
2.5081701278686523 1500
2.5090620517730713 1500
2.5090620517730713 1500
2.510056972503662 1500
2.511385202407837 1500
2.5122830867767334 1500
2.5122830867767334 1500
2.5132291316986084 1500
2.514364004135132 1500
2.5151829719543457 1500
2.5151829719543457 1500
2.5161311626434326 1500
2.5172901153564453 1500
2.5172901153564453 1500
2.518203020095825 1500
2.519134998321533 1500
2.52167010307312 1500
2.52167010307312 1500
2.52167010307312 1500
2.5219860076904297 1500
2.5219860076904297 1500
2.523336172103882 1500
2.524496078491211 1500
2.5250890254974365 1500
2.5250890254974365 1500
2.5263381004333496 1500
2.5271949768066406 1500
2.5283641815185547 1500
2.5283641815185547 1500
2.529151201248169 1500
2.529848098754883 1500
2.529848098754883 1500
2.5311641693115234 1500
2.534149169921875 1500
2.534149169921875 1500
2.534149169921875 1500
2.534149169921875 1500
2.5358810424804688 1500
2.5358810424804688 1500
2.5358810424804688 1500
2.537229061126709 1500
2.5383920669555664 1500
2.5383920669555664 1500
2.5392091274261475 1500
2.540062189102173 1500
2.541011095046997 1500
2.541011095046997 1500
2.5422310829162598 1500
2.54329514503479 1500
2.54329514503479 1500
2.5442020893096924 1500
2.545389175415039 1500
2.546427011489868 1500
2.546427011489868 1500
2.547327995300293 1500
2.5483641624450684 1500
2.5483641624450684 1500
2.5490171909332275 1500
2.550266981124878 1500
2.5511200428009033 1500
2.5511200428009033 1500
2.5520501136779785 1500
2.553152084350586 1500
2.5542500019073486 1500
2.5542500019073486 1500
2.555025100708008 1500
2.556370973587036 1500
2.556370973587036 1500
2.5574450492858887 1500
2.55861496925354 1500
2.559140205383301 1500
2.559140205383301 1500
2.5600571632385254 1500
2.5612270832061768 1500
2.5612270832061768 1500
2.5621721744537354 1500
2.5632641315460205 1500
2.5645081996917725 1500
2.5645081996917725 1500
2.5652661323547363 1500
2.5663130283355713 1500
2.5673680305480957 1500
2.5673680305480957 1500
2.5682811737060547 1500
2.5694520473480225 1500
2.5694520473480225 1500
2.570127010345459 1500
2.571186065673828 1500
2.5723249912261963 1500
2.5723249912261963 1500
2.5733981132507324 1500
2.5741829872131348 1500
2.5741829872131348 1500
2.575268030166626 1500
2.576397180557251 1500
2.577970027923584 1500
2.577970027923584 1500
2.578253984451294 1500
2.5794332027435303 1500
2.5801031589508057 1500
2.5801031589508057 1500
2.5830230712890625 1500
2.5830230712890625 1500
2.5830230712890625 1500
2.5831871032714844 1500
2.584083080291748 1500
2.5850679874420166 1500
2.5850679874420166 1500
2.5861401557922363 1500
2.5875070095062256 1500
2.5875070095062256 1500
2.588386058807373 1500
2.589370012283325 1500
2.590203046798706 1500
2.590203046798706 1500
2.5909500122070312 1500
2.5921850204467773 1500
2.593480110168457 1500
2.593480110168457 1500
2.594480037689209 1500
2.5951671600341797 1500
2.5951671600341797 1500
2.5961921215057373 1500
2.59721302986145 1500
2.5982041358947754 1500
2.5982041358947754 1500
2.5992321968078613 1500
2.600335121154785 1500
2.600335121154785 1500
2.6014339923858643 1500
2.6024010181427 1500
2.6031510829925537 1500
2.6031510829925537 1500
2.6042401790618896 1500
2.6051101684570312 1500
2.6061601638793945 1500
2.6061601638793945 1500
2.6071929931640625 1500
2.60817813873291 1500
2.60817813873291 1500
2.609255075454712 1500
2.6100261211395264 1500
2.611358165740967 1500
2.611358165740967 1500
2.612300157546997 1500
2.613319158554077 1500
2.613319158554077 1500
2.6142780780792236 1500
2.6153290271759033 1500
2.6163229942321777 1500
2.6163229942321777 1500
2.6172471046447754 1500
2.6181700229644775 1500
2.619220018386841 1500
2.619220018386841 1500
2.6203441619873047 1500
2.621284008026123 1500
2.621284008026123 1500
2.622047185897827 1500
2.623047113418579 1500
2.624096155166626 1500
2.624096155166626 1500
2.6252710819244385 1500
2.626039981842041 1500
2.626039981842041 1500
2.6282951831817627 1500
2.6282951831817627 1500
2.629115104675293 1500
2.629115104675293 1500
2.6300230026245117 1500
2.631117105484009 1500
2.6320300102233887 1500
2.6320300102233887 1500
2.633111000061035 1500
2.634275197982788 1500
2.634275197982788 1500
2.6351921558380127 1500
2.6359190940856934 1500
2.6370201110839844 1500
2.6370201110839844 1500
2.638090133666992 1500
2.639039993286133 1500
2.639039993286133 1500
2.6403629779815674 1500
2.641024112701416 1500
2.6421210765838623 1500
2.6421210765838623 1500
2.6430110931396484 1500
2.6443920135498047 1500
2.6443920135498047 1500
2.6451001167297363 1500
2.6460440158843994 1500
2.6470820903778076 1500
2.6470820903778076 1500
2.6483700275421143 1500
2.649113178253174 1500
2.651724100112915 1500
2.651724100112915 1500
2.651724100112915 1500
2.651966094970703 1500
2.651966094970703 1500
2.653280019760132 1500
2.654109001159668 1500
2.655083179473877 1500
2.655083179473877 1500
2.656028985977173 1500
2.6571099758148193 1500
2.6571099758148193 1500
2.6580941677093506 1500
2.659041166305542 1500
2.6601309776306152 1500
2.6601309776306152 1500
2.661324977874756 1500
2.6622660160064697 1500
2.663081169128418 1500
2.663081169128418 1500
2.664029121398926 1500
2.665459156036377 1500
2.665459156036377 1500
2.666177988052368 1500
2.667351007461548 1500
2.667917013168335 1500
2.667917013168335 1500
2.66975998878479 1500
2.670166015625 1500
2.670166015625 1500
2.6710829734802246 1500
2.672106981277466 1500
2.6732051372528076 1500
2.6732051372528076 1500
2.6740591526031494 1500
2.674997091293335 1500
2.6763839721679688 1500
