1048824
0.0 1452
0.0 1452
0.0011510848999023438 1452
0.0011510848999023438 1452
0.0018291473388671875 1452
0.0018291473388671875 1452
0.006498098373413086 1452
0.006963014602661133 1452
0.007909059524536133 1452
0.007909059524536133 1452
0.008769035339355469 1452
0.008769035339355469 1452
0.009773969650268555 1452
0.009773969650268555 1452
0.014410972595214844 1452
0.014718055725097656 1452
0.015411138534545898 1452
0.01648116111755371 1452
0.0172121524810791 1452
0.018615007400512695 1452
0.018615007400512695 1452
0.019024133682250977 1452
0.019024133682250977 1452
0.02312302589416504 1452
0.02312302589416504 1452
0.024026155471801758 1452
0.024569988250732422 1452
0.025498151779174805 1452
0.025498151779174805 1452
0.026548147201538086 1452
0.026548147201538086 1452
0.02802109718322754 1452
0.02802109718322754 1452
0.0289151668548584 1452
0.0289151668548584 1452
0.0321500301361084 1452
0.03348207473754883 1452
0.03442502021789551 1452
0.03442502021789551 1452
0.03495502471923828 1452
0.03495502471923828 1452
0.039350032806396484 1452
0.039350032806396484 1452
0.04045701026916504 1452
0.04045701026916504 1452
0.04269099235534668 1452
0.04269099235534668 1452
0.04378008842468262 1452
0.04378008842468262 1452
0.04760599136352539 1452
0.04760599136352539 1452
0.048753976821899414 1452
0.048753976821899414 1452
0.05022311210632324 1452
0.05022311210632324 1452
0.05147504806518555 1452
0.05147504806518555 1452
0.052436113357543945 1452
0.05291318893432617 1452
0.05669713020324707 1452
0.05669713020324707 1452
0.05799508094787598 1452
0.05799508094787598 1452
0.05906105041503906 1452
0.0594480037689209 1452
0.06109905242919922 1452
0.06109905242919922 1452
0.06540298461914062 1452
0.06540298461914062 1452
0.06612420082092285 1452
0.06647515296936035 1452
0.06723499298095703 1452
0.06723499298095703 1452
0.06835007667541504 1452
0.06835007667541504 1452
0.06990504264831543 1452
0.06990504264831543 1452
0.07096600532531738 1452
0.07131099700927734 1452
0.0716559886932373 1452
0.07200002670288086 1452
0.0769340991973877 1452
0.0769340991973877 1452
0.07810616493225098 1452
0.07810616493225098 1452
0.07933616638183594 1452
0.07933616638183594 1452
0.07978200912475586 1452
0.07978200912475586 1452
0.08456802368164062 1452
0.08456802368164062 1452
0.08560419082641602 1452
0.08600616455078125 1452
0.08710098266601562 1452
0.08710098266601562 1452
0.08821606636047363 1452
0.08821606636047363 1452
0.09446001052856445 1452
0.09446001052856445 1452
0.09554910659790039 1452
0.09554910659790039 1452
0.09607696533203125 1452
0.09607696533203125 1452
0.09784412384033203 1452
0.09784412384033203 1452
0.10319399833679199 1452
0.10319399833679199 1452
0.10439896583557129 1452
0.10488104820251465 1452
0.10542798042297363 1452
0.10542798042297363 1452
0.10688304901123047 1452
0.10722899436950684 1452
0.11241316795349121 1452
0.11241316795349121 1452
0.11331415176391602 1452
0.11331415176391602 1452
0.11476302146911621 1452
0.11510610580444336 1452
0.11579298973083496 1452
0.11579298973083496 1452
0.12167000770568848 1452
0.12167000770568848 1452
0.12305116653442383 1452
0.12305116653442383 1452
0.12398219108581543 1452
0.12398219108581543 1452
0.1301870346069336 1452
0.1301870346069336 1452
0.13120508193969727 1452
0.13158512115478516 1452
0.13224411010742188 1452
0.13224411010742188 1452
0.1332850456237793 1452
0.1336381435394287 1452
0.13455700874328613 1452
0.13455700874328613 1452
0.1355600357055664 1452
0.13591313362121582 1452
0.1372849941253662 1452
0.1372849941253662 1452
0.13826298713684082 1452
0.1388101577758789 1452
0.1398169994354248 1452
0.1398169994354248 1452
0.14079618453979492 1452
0.14079618453979492 1452
0.1416471004486084 1452
0.1416471004486084 1452
0.14266514778137207 1452
0.14266514778137207 1452
0.14404702186584473 1452
0.14404702186584473 1452
0.1452469825744629 1452
0.1452469825744629 1452
0.14621400833129883 1452
0.14621400833129883 1452
0.14801907539367676 1452
0.14801907539367676 1452
0.14870619773864746 1452
0.14870619773864746 1452
0.15604400634765625 1452
0.15604400634765625 1452
0.4135739803314209 1320
0.7174820899963379 40
1.2056961059570312 40
1.9556350708007812 1452
1.9560511112213135 1452
1.9564430713653564 1452
1.9567999839782715 1452
1.9575691223144531 1452
1.9575691223144531 1452
1.9586269855499268 1452
1.9586269855499268 1452
1.9596171379089355 1452
1.9596171379089355 1452
1.9605519771575928 1452
1.9605519771575928 1452
1.9614670276641846 1452
1.9614670276641846 1452
1.962357997894287 1452
1.962357997894287 1452
1.9633491039276123 1452
1.9633491039276123 1452
1.964257001876831 1452
1.964257001876831 1452
1.9651470184326172 1452
1.9651470184326172 1452
1.9661061763763428 1452
1.9661061763763428 1452
1.9670701026916504 1452
1.9670701026916504 1452
1.967839002609253 1452
1.967839002609253 1452
1.9686410427093506 1452
1.9686410427093506 1452
1.969628095626831 1452
1.969628095626831 1452
1.9706261157989502 1452
1.9706261157989502 1452
1.9714810848236084 1452
1.9714810848236084 172
1.9718191623687744 1452
1.9722590446472168 1452
1.9730620384216309 1452
1.9730620384216309 1452
1.9740941524505615 1452
1.9740941524505615 1452
1.9749691486358643 1452
1.9749691486358643 1452
1.9757661819458008 1452
1.9757661819458008 1452
1.976595163345337 1452
1.976595163345337 1452
1.9775960445404053 1452
1.9775960445404053 1452
1.9785950183868408 1452
1.9785950183868408 1452
1.9796030521392822 1452
1.9796030521392822 1452
1.9804801940917969 1452
1.9804801940917969 1452
1.981400966644287 1452
1.981400966644287 1452
1.9824020862579346 1452
1.9824020862579346 1452
1.9832420349121094 1452
1.9832420349121094 1452
1.9841971397399902 1452
1.9841971397399902 1452
1.9850611686706543 1452
1.9850611686706543 1452
1.9861860275268555 1452
1.9861860275268555 1452
1.987178087234497 1452
1.987178087234497 1452
1.987555980682373 1452
1.9881091117858887 1452
1.988651990890503 1452
1.988651990890503 1452
1.989659070968628 1452
1.989659070968628 1452
1.9906201362609863 1452
1.9906201362609863 1452
1.9917151927947998 1452
1.9917151927947998 1452
1.9922661781311035 1452
1.9926631450653076 1452
1.993699073791504 1452
1.993699073791504 1452
1.9942359924316406 1452
1.9942359924316406 1452
1.9955220222473145 1452
1.9955220222473145 1452
1.9960460662841797 1452
1.9960460662841797 1452
1.9974071979522705 1452
1.9974071979522705 1452
1.997859001159668 1452
1.997859001159668 1220
2.2534961700439453 40
2.734524965286255 40
3.701536178588867 40
5.557645082473755 40
5.946941137313843 1452
5.946941137313843 1452
5.947357177734375 1452
5.947875022888184 1452
5.948270082473755 1452
5.948270082473755 1452
5.949205160140991 1452
5.949205160140991 1452
5.949609041213989 1452
5.950141191482544 1452
5.950558185577393 1452
5.950558185577393 1452
5.9514381885528564 1452
5.9514381885528564 1452
5.951838970184326 1452
5.951838970184326 1452
5.95276403427124 1452
5.95276403427124 1452
5.953539133071899 1452
5.953539133071899 1452
5.953926086425781 1452
5.954355001449585 1452
5.9551801681518555 1452
5.9551801681518555 1452
5.955631971359253 1452
5.955631971359253 1452
5.95634913444519 1452
5.95634913444519 1452
5.956711053848267 1452
5.95707106590271 1452
5.957779169082642 1452
5.957779169082642 1452
5.9585020542144775 1452
5.9585020542144775 1452
5.958868026733398 272
5.959311008453369 1452
5.959311008453369 1452
5.959671974182129 1452
5.960033178329468 1452
5.960573196411133 1452
5.960573196411133 1452
5.961410999298096 1452
5.961410999298096 1452
5.961762189865112 1452
5.962126970291138 1452
5.96255898475647 1452
5.962958097457886 1452
5.9636030197143555 1452
5.9636030197143555 1452
5.963961124420166 1452
5.964354991912842 1452
5.965054035186768 1452
5.965054035186768 1452
5.965435981750488 1452
5.9658331871032715 1452
5.966456174850464 1452
5.966456174850464 1452
5.966840028762817 1452
5.96724009513855 1452
5.967619180679321 1452
5.967976093292236 1452
5.968605041503906 1452
5.968605041503906 1452
5.968986988067627 1452
5.96933913230896 1452
5.970038175582886 1452
5.970038175582886 1452
5.970383167266846 1452
5.970746994018555 1452
5.9714250564575195 1452
5.9714250564575195 1452
5.972151041030884 1452
5.972151041030884 1452
5.972970008850098 1452
5.972970008850098 1452
5.973322153091431 1452
5.973678112030029 1452
5.974372148513794 1452
5.974372148513794 1452
5.974760055541992 1452
5.975154161453247 1452
5.975594997406006 1452
5.976004123687744 1452
5.976577043533325 1452
5.976577043533325 1452
5.976960182189941 1452
5.977355003356934 1452
5.977741003036499 1452
5.978135108947754 1452
5.978579044342041 1452
5.978579044342041 1452
5.979480028152466 1452
5.979480028152466 1452
5.9804441928863525 1452
5.9804441928863525 1452
5.980835199356079 1452
5.980835199356079 1452
5.981216192245483 1452
5.981611013412476 1452
5.982292175292969 1452
5.982292175292969 1452
5.982669115066528 1452
5.983062028884888 1452
5.983594179153442 1452
5.983594179153442 1452
5.984492063522339 1452
5.984492063522339 1452
5.984872102737427 1452
5.985265016555786 1452
5.986559152603149 1452
5.986559152603149 1452
5.986946105957031 1452
5.986946105957031 1452
5.986946105957031 1452
5.987297058105469 1452
5.988103151321411 1452
5.988103151321411 1452
5.988440990447998 1452
5.98879599571228 1452
5.989469051361084 1452
5.989469051361084 1452
5.990171194076538 1452
5.990171194076538 1452
5.9905500411987305 1452
5.990942001342773 1452
5.991575002670288 1452
5.991575002670288 1452
5.992355108261108 1452
5.992355108261108 1452
5.992820978164673 1452
5.993255138397217 1452
5.99373197555542 1452
5.99373197555542 1452
5.994239091873169 1452
5.994629144668579 1452
5.9953460693359375 1452
5.9953460693359375 1452
5.995836019515991 1452
5.995836019515991 1452
5.9967241287231445 1452
5.9967241287231445 1452
5.997220993041992 1452
5.997220993041992 1452
5.998236179351807 1452
5.998236179351807 1452
5.998736143112183 1452
5.998736143112183 1452
5.998736143112183 1452
5.999731063842773 1452
5.999731063842773 1452
5.999731063842773 1452
6.000234127044678 1452
6.00072717666626 1452
6.00072717666626 1452
6.0012171268463135 1452
6.0012171268463135 1452
6.0012171268463135 1452
6.002231121063232 1452
6.002231121063232 1452
6.002231121063232 1452
6.003055095672607 1452
6.003055095672607 1452
6.003475189208984 1452
6.003475189208984 1452
6.003899097442627 1452
6.003899097442627 1452
6.004686117172241 1452
6.004686117172241 1452
6.00505518913269 1452
6.005474090576172 1452
6.005474090576172 1452
6.005866050720215 1452
6.006240129470825 1452
6.0066351890563965 1452
6.0066351890563965 1452
6.0066351890563965 1452
6.0073771476745605 1452
6.0073771476745605 1452
6.0073771476745605 1452
6.008270025253296 1452
6.008270025253296 1452
6.008641004562378 1452
6.0090110301971436 1452
6.0090110301971436 1452
6.00940203666687 1452
6.00995397567749 1452
6.00995397567749 984
6.270419120788574 40
6.7584991455078125 40
7.733647108078003 40
8.94841718673706 1452
8.94841718673706 1452
8.94841718673706 1452
8.949385166168213 1452
8.949385166168213 1452
8.949385166168213 1452
8.949769973754883 1452
8.950278043746948 1452
8.950278043746948 1452
8.950654983520508 1452
8.950654983520508 1452
8.950654983520508 1452
8.951425075531006 1452
8.951425075531006 1452
8.95182204246521 1452
8.952222108840942 1452
8.952222108840942 1452
8.952222108840942 1452
8.953164100646973 1452
8.953164100646973 1452
8.953164100646973 1452
8.953582048416138 1452
8.953582048416138 1452
8.953935146331787 1452
8.95444917678833 1452
8.95444917678833 1452
8.95444917678833 1452
8.95536208152771 1452
8.95536208152771 1452
8.95536208152771 1452
8.95609712600708 1452
8.95609712600708 1452
8.95609712600708 508
8.956434965133667 1452
8.956434965133667 1452
8.95678997039795 1452
8.957129001617432 1452
8.957576990127563 1452
8.957576990127563 1452
8.95798110961914 1452
8.95798110961914 1452
8.958392143249512 1452
8.958784103393555 1452
8.959192037582397 1452
8.959192037582397 1452
8.959597110748291 1452
8.959597110748291 1452
8.959597110748291 1452
8.960376024246216 1452
8.960376024246216 1452
8.960376024246216 1452
8.96122407913208 1452
8.96122407913208 1452
8.96122407913208 1452
8.9616219997406 1452
8.962124109268188 1452
8.962124109268188 1452
8.96260404586792 1452
8.96260404586792 1452
8.96260404586792 1452
8.963464975357056 1452
8.963464975357056 1452
8.963464975357056 1452
8.964375972747803 1452
8.964375972747803 1452
8.964375972747803 1452
8.964730024337769 1452
8.965147018432617 1452
8.965147018432617 1452
8.965636014938354 1452
8.965636014938354 1452
8.965988159179688 1452
8.966495990753174 1452
8.966495990753174 1452
8.966495990753174 1452
8.966936111450195 1452
8.967442989349365 1452
8.967442989349365 1452
8.96787714958191 1452
8.968382120132446 1452
8.968382120132446 1452
8.968382120132446 1452
8.969166040420532 1452
8.969166040420532 1452
8.969166040420532 1452
8.969667196273804 1452
8.969667196273804 1452
8.970115184783936 1452
8.97048807144165 1452
8.97048807144165 1452
8.970909118652344 1452
8.971412181854248 1452
8.971412181854248 1452
8.971412181854248 1452
8.971758127212524 1452
8.972350120544434 1452
8.972350120544434 1452
8.97264313697815 1452
8.97264313697815 1452
8.973013162612915 1452
8.97334909439087 1452
8.97377610206604 1452
8.97377610206604 1452
8.974167108535767 1452
8.974517107009888 1452
8.974517107009888 1452
8.974867105484009 1452
8.974867105484009 1452
8.975219964981079 1452
8.975564002990723 1452
8.975917100906372 1452
8.975917100906372 1452
8.976287126541138 1452
8.976613998413086 1452
8.976613998413086 1452
8.977308988571167 1452
8.977308988571167 1452
8.977308988571167 1452
8.977995157241821 1452
8.977995157241821 1452
8.978348970413208 1452
8.978698015213013 1452
8.978698015213013 1452
8.979135990142822 1452
8.979483127593994 1452
8.979879140853882 1452
8.979879140853882 1452
8.979879140853882 1452
8.980668067932129 1452
8.980668067932129 1452
8.981024026870728 1452
8.98141098022461 1452
8.98141098022461 1452
8.98141098022461 1452
8.982344150543213 1452
8.982344150543213 1452
8.982344150543213 1452
8.9828519821167 1452
8.9828519821167 1452
8.983361005783081 1452
8.983859062194824 1452
8.983859062194824 1452
8.983859062194824 1452
8.984281063079834 1452
8.984779119491577 1452
8.984779119491577 1452
8.985285997390747 1452
8.985285997390747 1452
8.985285997390747 1452
8.985782146453857 1452
8.986279010772705 1452
8.986279010772705 1452
8.986775159835815 1452
8.986775159835815 1452
8.986775159835815 1452
8.987191200256348 1452
8.98770809173584 1452
8.98770809173584 1452
8.988202095031738 1452
8.988202095031738 1452
8.988713026046753 1452
8.988713026046753 1452
8.989036083221436 1452
8.989036083221436 1452
8.98977518081665 1452
8.98977518081665 1452
8.98977518081665 1452
8.990538120269775 1452
8.990538120269775 1452
8.990538120269775 1452
8.991311073303223 1452
8.991311073303223 1452
8.991311073303223 1452
8.991708040237427 1452
8.992160081863403 1452
8.992160081863403 1452
8.992671966552734 1452
8.993182182312012 1452
8.993182182312012 1452
8.993182182312012 1452
8.993607997894287 1452
8.99415397644043 1452
8.99415397644043 1452
8.994614124298096 1452
8.994614124298096 1452
8.994614124298096 1452
8.995014190673828 1452
8.995522022247314 1452
8.995522022247314 1452
8.99603009223938 1452
8.99603009223938 1452
8.996459007263184 1452
8.996875047683716 1452
8.996875047683716 1452
8.996875047683716 1452
8.997913122177124 1452
8.997913122177124 1452
8.997913122177124 1452
8.998425006866455 1452
8.998425006866455 1452
8.998926162719727 1452
8.998926162719727 1452
8.999446153640747 1452
8.999446153640747 1452
8.999943971633911 1452
8.999943971633911 1452
8.999943971633911 1452
9.000465154647827 1452
9.000465154647827 1452
9.000972986221313 1452
9.000972986221313 1452
9.001466989517212 1452
9.001466989517212 1452
9.001466989517212 1452
9.001883029937744 1452
9.002393007278442 1452
9.002393007278442 1452
9.002393007278442 1452
9.002909183502197 1452
9.002909183502197 1452
9.002909183502197 1452
9.003417015075684 1452
9.003417015075684 1452
9.003417015075684 1452
9.003931045532227 1452
9.003931045532227 1452
9.004278182983398 1452
9.004667043685913 1452
9.004667043685913 1452
9.004667043685913 1452
9.005062103271484 1452
9.005429029464722 1452
9.005429029464722 1452
9.005782127380371 1452
9.005782127380371 1452
9.005782127380371 1452
9.006129026412964 1452
9.006484985351562 1452
9.006484985351562 1452
9.006831169128418 1452
9.006831169128418 1452
9.007280111312866 1452
9.007280111312866 1452
9.007613182067871 1452
9.007613182067871 1452
9.007613182067871 1452
9.008434057235718 1452
9.008434057235718 1452
9.008434057235718 1452
9.008434057235718 1452
9.008805990219116 1452
9.009247064590454 1452
9.009247064590454 1452
9.009247064590454 1452
9.009706020355225 1452
9.009706020355225 1452
9.010191202163696 1452
9.010191202163696 1452
9.010191202163696 1452
9.010675191879272 1452
9.010675191879272 1452
9.011157035827637 1452
9.011157035827637 1452
9.011636972427368 1452
9.011636972427368 1452
9.011636972427368 1452
9.012039184570312 1452
9.012039184570312 1452
9.01249098777771 1452
9.01249098777771 1452
9.012977123260498 1452
9.012977123260498 1452
9.012977123260498 1452
9.013447999954224 1452
9.013447999954224 1452
9.013918161392212 1452
9.013918161392212 1452
9.013918161392212 1452
9.01439619064331 1452
9.01439619064331 1452
