1049740
0.0 1460
0.0 1460
0.002933025360107422 1460
0.002933025360107422 1460
0.0036890506744384766 1460
0.004101991653442383 1460
0.005354166030883789 1460
0.005354166030883789 1460
0.007267951965332031 1460
0.0077130794525146484 1460
0.0077130794525146484 1460
0.0077130794525146484 1460
0.009160995483398438 1460
0.009543180465698242 1460
0.01106715202331543 1460
0.01106715202331543 1460
0.011466026306152344 1460
0.011466026306152344 1460
0.013396978378295898 1460
0.013396978378295898 1460
0.015380144119262695 1460
0.015380144119262695 1460
0.01719498634338379 1460
0.01719498634338379 1460
0.019108057022094727 1460
0.019108057022094727 1460
0.02193903923034668 1460
0.023125171661376953 1460
0.023125171661376953 1460
0.02418208122253418 1460
0.02485513687133789 1460
0.02485513687133789 1460
0.026426076889038086 1460
0.026426076889038086 1460
0.028306961059570312 1460
0.02872610092163086 1460
0.02872610092163086 1460
0.02872610092163086 1460
0.03021717071533203 1460
0.03021717071533203 1460
0.032156944274902344 1460
0.032156944274902344 1460
0.032156944274902344 1460
0.03256416320800781 1460
0.034049034118652344 1460
0.0344700813293457 1460
0.03596210479736328 1460
0.03596210479736328 1460
0.037966012954711914 1460
0.03856205940246582 1460
0.03856205940246582 1460
0.03856205940246582 1460
0.0404660701751709 1460
0.0404660701751709 1460
0.041728973388671875 1460
0.04213404655456543 1460
0.04406309127807617 1460
0.04406309127807617 1460
0.04566311836242676 1460
0.04604506492614746 1460
0.05132102966308594 1460
0.05132102966308594 1460
0.05323910713195801 1460
0.0536341667175293 1460
0.0536341667175293 1460
0.0536341667175293 1460
0.06751894950866699 1460
0.06751894950866699 1460
0.07196903228759766 1460
0.07196903228759766 1460
0.07196903228759766 1460
0.07196903228759766 1460
0.07196903228759766 1460
0.07321715354919434 1460
0.07321715354919434 1460
0.07321715354919434 1460
0.07321715354919434 1460
0.07419705390930176 1460
0.07419705390930176 1460
0.07419705390930176 1460
0.07419705390930176 1460
0.07419705390930176 1460
0.07419705390930176 1460
0.0751800537109375 1460
0.0751800537109375 1460
0.0751800537109375 1460
0.0751800537109375 1460
0.07611703872680664 1460
0.07611703872680664 1460
0.0774691104888916 1460
0.0774691104888916 1460
0.07863903045654297 1460
0.0804600715637207 1460
0.0804600715637207 1460
0.0804600715637207 1460
0.08238005638122559 1460
0.08238005638122559 1460
0.08433008193969727 1460
0.08433008193969727 1460
0.08632206916809082 1460
0.08632206916809082 1460
0.08777594566345215 1460
0.08818912506103516 1460
0.08966898918151855 1460
0.08966898918151855 1460
0.0915989875793457 1460
0.0915989875793457 1460
0.09200096130371094 1460
0.09351015090942383 1460
0.09351015090942383 1460
0.09351015090942383 1460
0.09543395042419434 1460
0.09543395042419434 1460
0.09582996368408203 1460
0.09582996368408203 1460
0.09776115417480469 1460
0.09776115417480469 1460
0.09961700439453125 1460
0.09961700439453125 1460
0.10153698921203613 1460
0.10153698921203613 1460
0.10306596755981445 1460
0.1034700870513916 1460
0.1050410270690918 1460
0.1050410270690918 1460
0.10538601875305176 1460
0.10695815086364746 1460
0.10731196403503418 1460
0.10731196403503418 1460
0.10926294326782227 1460
0.10926294326782227 1460
0.11113595962524414 1460
0.11113595962524414 1460
0.11303901672363281 1460
0.11303901672363281 1460
0.11500096321105957 1460
0.11500096321105957 1460
0.11648201942443848 1460
0.11688804626464844 1460
0.1184229850769043 1460
0.1188499927520752 1460
0.12073111534118652 1460
0.12073111534118652 1460
0.12229800224304199 1460
0.1227719783782959 1460
0.124298095703125 1460
0.12469601631164551 1460
0.12612414360046387 1460
0.12612414360046387 1460
0.12651896476745605 1460
0.12651896476745605 1460
0.12842106819152832 1460
0.12992405891418457 1460
0.13033604621887207 1460
0.13183903694152832 1460
0.13183903694152832 1460
0.13183903694152832 1460
0.13375115394592285 1460
0.13375115394592285 1460
0.135667085647583 1460
0.135667085647583 1460
0.13607311248779297 1460
0.13765406608581543 1460
0.138092041015625 1460
0.138092041015625 1460
0.4027841091156006 1460
0.4027841091156006 1460
0.4049539566040039 1460
0.4049539566040039 1460
0.4049539566040039 1460
0.4049539566040039 1460
0.4049539566040039 1460
0.4049539566040039 1460
0.4049539566040039 1460
0.40553712844848633 1460
0.40845704078674316 1460
0.40845704078674316 1460
0.40845704078674316 1460
0.40845704078674316 1460
0.4129171371459961 1460
0.4129171371459961 1460
0.4129171371459961 1460
0.4129171371459961 1460
0.4138450622558594 1460
0.41425108909606934 1460
0.41576409339904785 1460
0.41576409339904785 1460
0.4161951541900635 1460
0.41768813133239746 1460
0.42064905166625977 1460
0.42064905166625977 1460
0.42220616340637207 1460
0.4226081371307373 1460
0.4244711399078369 1460
0.4244711399078369 1460
0.4244711399078369 1460
0.42637109756469727 1460
0.42637109756469727 1460
0.428300142288208 1460
0.428300142288208 1460
0.42978405952453613 1460
0.4300200939178467 1460
0.4338371753692627 1460
0.4338371753692627 1460
0.4338371753692627 1460
0.4344661235809326 1460
0.4344661235809326 1460
0.4344661235809326 1460
0.43572402000427246 1460
0.43572402000427246 1460
0.4361400604248047 1460
0.43746495246887207 1460
0.43958210945129395 1460
0.4407351016998291 1460
0.441378116607666 1460
0.441378116607666 1460
0.44170212745666504 1460
0.44323301315307617 1460
0.44361305236816406 1460
0.4456331729888916 1460
0.4456331729888916 1460
0.4470491409301758 1460
0.4474611282348633 1460
0.4489631652832031 1460
0.44934916496276855 1460
0.44934916496276855 1460
0.44934916496276855 1460
0.4513981342315674 1460
0.4513981342315674 1460
0.4531230926513672 1460
0.4531230926513672 1460
0.45474815368652344 1460
0.45474815368652344 1460
0.45711517333984375 1460
0.45711517333984375 1460
0.45711517333984375 1460
0.4585609436035156 1460
0.45891809463500977 1460
0.4604611396789551 1460
0.4608030319213867 1460
0.4608030319213867 1460
0.46274495124816895 1460
0.46274495124816895 1460
0.4642810821533203 1460
0.4646480083465576 1460
0.4662301540374756 1460
0.4662301540374756 1460
0.4681100845336914 1460
0.4681100845336914 1460
0.46860408782958984 1460
0.4700310230255127 1460
0.47200703620910645 1460
0.47200703620910645 1460
0.47240304946899414 1460
0.47435617446899414 1460
0.47435617446899414 1460
0.47435617446899414 1460
0.4761490821838379 1460
0.4761490821838379 1460
0.477694034576416 1460
0.4781031608581543 1460
0.4781031608581543 1460
0.4796020984649658 1460
0.4800889492034912 1460
0.48192811012268066 1460
0.48192811012268066 1460
0.48192811012268066 1460
0.4838449954986572 1460
0.4838449954986572 1460
0.48534202575683594 1460
0.48534202575683594 1460
0.48784494400024414 1460
0.48784494400024414 1460
0.4892439842224121 1460
0.489760160446167 1460
0.489760160446167 1460
0.491832971572876 1460
0.4930260181427002 1460
0.49341416358947754 1460
0.4949460029602051 1460
0.4954490661621094 1460
0.4954490661621094 1460
0.4972219467163086 1460
0.4972219467163086 1460
0.4991919994354248 1460
0.5007350444793701 1460
0.5007350444793701 1460
0.5010471343994141 1460
0.5030701160430908 1460
0.5030701160430908 1460
0.5045440196990967 1460
0.5051450729370117 1460
0.5051450729370117 1460
0.5051450729370117 1460
0.506965160369873 1460
0.506965160369873 1460
0.5091509819030762 1460
0.5106260776519775 1460
0.5106260776519775 1460
0.5112471580505371 1460
0.5129811763763428 1460
0.5129811763763428 1460
0.5156049728393555 1460
0.5158360004425049 1460
0.516463041305542 1460
0.516463041305542 1460
0.5194740295410156 1460
0.5194740295410156 1460
0.5199620723724365 1460
0.5199620723724365 1460
0.5218660831451416 1460
0.5218660831451416 1460
0.5223770141601562 1460
0.5223770141601562 1460
0.5241000652313232 1460
0.5241000652313232 1460
0.5260210037231445 1460
0.5260210037231445 1460
0.5276319980621338 1460
0.5281820297241211 1460
0.5281820297241211 1460
0.5294661521911621 1460
0.5294661521911621 1460
0.5313839912414551 1460
0.5313839912414551 1460
0.5313839912414551 1460
0.5320401191711426 1460
0.5349781513214111 1460
0.5349781513214111 1460
0.5349781513214111 1460
0.5356490612030029 1460
0.5356490612030029 1460
0.5514960289001465 1460
0.5514960289001465 1460
0.5514960289001465 1460
0.5520989894866943 1460
0.5520989894866943 1460
0.5520989894866943 1460
0.5520989894866943 1460
0.5520989894866943 1460
0.5525050163269043 1460
0.5525050163269043 1460
0.5525050163269043 1460
0.5528390407562256 1460
0.5528390407562256 1460
0.5540781021118164 1460
0.5540781021118164 1460
0.5540781021118164 1460
0.5540781021118164 1460
0.5540781021118164 1460
0.5547070503234863 1460
0.5547070503234863 1460
0.5547070503234863 1460
0.5551760196685791 1460
0.5551760196685791 1460
0.5551760196685791 1460
0.5609250068664551 1460
0.5623080730438232 1460
0.5623080730438232 1460
0.5623080730438232 1460
0.5623080730438232 1460
0.562716007232666 1460
0.5630240440368652 1460
0.5647211074829102 1460
0.5647211074829102 1460
0.5647211074829102 1460
0.5660359859466553 1460
0.5660359859466553 1460
0.5689339637756348 1460
0.5689339637756348 1460
0.5689339637756348 1460
0.5702390670776367 1460
0.5702390670776367 1460
0.5720551013946533 1460
0.5724220275878906 1460
0.5755031108856201 1460
0.5755031108856201 1460
0.5759031772613525 1460
0.577423095703125 1460
0.5778450965881348 1460
0.5778450965881348 1460
0.5793330669403076 1460
0.5793330669403076 1460
0.57973313331604 1460
0.5858421325683594 1460
0.5858421325683594 1460
0.5858421325683594 1460
0.5858421325683594 1460
0.5858421325683594 1460
0.590813159942627 1460
0.590813159942627 1460
0.590813159942627 1460
0.590813159942627 1460
0.590813159942627 1460
0.590813159942627 1460
0.5913100242614746 1460
0.5913100242614746 1460
0.5921390056610107 1460
0.5921390056610107 1460
0.5921390056610107 1460
0.5921390056610107 1460
0.5984439849853516 1460
0.5984439849853516 1460
0.5984439849853516 1460
0.5984439849853516 1460
0.5984439849853516 1460
0.5996971130371094 1460
0.5996971130371094 1460
0.5996971130371094 1460
0.6050419807434082 1460
0.6050419807434082 1460
0.6050419807434082 1460
0.6050419807434082 1460
0.6050419807434082 1460
0.6050419807434082 1460
0.6057591438293457 1460
0.6057591438293457 1460
0.6057591438293457 1460
0.6057591438293457 1460
0.6057591438293457 1460
0.6057591438293457 1460
0.6057591438293457 1460
0.6057591438293457 1460
0.6070501804351807 1460
0.6070501804351807 1460
0.608126163482666 1460
0.608126163482666 1460
0.6104140281677246 1460
0.6104140281677246 1460
0.6123390197753906 1460
0.6123390197753906 1460
0.6143059730529785 1460
0.6143059730529785 1460
0.617293119430542 1460
0.617293119430542 1460
0.6179161071777344 1460
0.6179161071777344 1460
0.6200189590454102 1460
0.6200189590454102 1460
0.6220841407775879 1460
0.6220841407775879 1460
0.6237940788269043 1460
0.6237940788269043 1460
0.6667490005493164 1460
0.6667490005493164 1460
0.6672580242156982 1460
0.6672580242156982 1460
0.6672580242156982 1460
0.6672580242156982 1460
0.6676249504089355 1460
0.6685550212860107 1460
0.6685550212860107 1460
0.6685550212860107 1460
0.6685550212860107 1460
0.6703569889068604 1460
0.6703569889068604 1460
0.6703569889068604 1460
0.6703569889068604 1460
0.6703569889068604 1460
0.6703569889068604 1460
0.6707589626312256 1460
0.6707589626312256 1460
0.6707589626312256 1460
0.6707589626312256 1460
0.6707589626312256 1460
0.6712710857391357 1460
0.6712710857391357 1460
0.6712710857391357 1460
0.6712710857391357 1460
0.6712710857391357 1460
0.6712710857391357 1460
0.6712710857391357 1460
0.6717071533203125 1460
0.6717071533203125 1460
0.6717071533203125 1460
0.6717071533203125 1460
0.6717071533203125 1460
0.6717071533203125 1460
0.6721780300140381 1460
0.6721780300140381 1460
0.6721780300140381 1460
0.6733090877532959 1460
0.6733090877532959 1460
0.6806080341339111 1460
0.6810009479522705 1460
0.6810009479522705 1460
0.6810009479522705 1460
0.6829919815063477 1460
0.6829919815063477 1460
0.6844940185546875 1460
0.6848180294036865 1460
0.6863670349121094 1460
0.686798095703125 1460
0.686798095703125 1460
0.6883530616760254 1460
0.6887619495391846 1460
0.6887619495391846 1460
0.690683126449585 1460
0.690683126449585 1460
0.690683126449585 1460
0.692188024520874 1460
0.6926319599151611 1460
0.6926319599151611 1460
0.6926319599151611 1460
0.6940770149230957 1460
0.6944200992584229 1460
0.6959731578826904 1460
0.6964461803436279 1460
0.6964461803436279 1460
0.6983649730682373 1460
0.6983649730682373 1460
0.6983649730682373 1460
0.6998109817504883 1460
0.7021019458770752 1460
0.7021019458770752 1460
0.7040770053863525 1460
0.7060201168060303 1460
0.706428050994873 1460
0.7080540657043457 1460
0.7080540657043457 1460
0.7101199626922607 1460
0.7101199626922607 1460
0.7122299671173096 1460
0.7122299671173096 1460
0.7122299671173096 1460
0.7122299671173096 1460
0.7137100696563721 1460
0.7138540744781494 1460
0.7151370048522949 1460
0.7155320644378662 1460
0.7176251411437988 1460
0.7205181121826172 1460
0.7205181121826172 1460
0.7213790416717529 1460
0.7213790416717529 1460
0.7229831218719482 1460
0.7229831218719482 1460
0.7247600555419922 1460
0.7247600555419922 1460
0.7270960807800293 1460
0.7270960807800293 1460
0.7270960807800293 1460
0.7290000915527344 1460
0.7290000915527344 1460
0.7290000915527344 1460
0.7290000915527344 1460
0.7308320999145508 1460
0.7343339920043945 1460
0.7343339920043945 1460
0.7346680164337158 1460
0.7346680164337158 1460
0.7366640567779541 1460
0.7366640567779541 1460
0.7382891178131104 1460
0.7382891178131104 1460
0.7389211654663086 1460
0.7389211654663086 1460
0.7405591011047363 1460
0.7405591011047363 1460
0.7424881458282471 1460
0.7424881458282471 1460
0.7424881458282471 1460
0.7439060211181641 1460
0.7443840503692627 1460
0.7443840503692627 1460
0.7458419799804688 1460
0.7458419799804688 1460
0.7462990283966064 1460
0.7462990283966064 1460
0.7482409477233887 1460
0.7482409477233887 1460
0.7482409477233887 1460
0.7500770092010498 1460
0.7515640258789062 1460
0.751960039138794 1460
0.8833019733428955 1460
0.8833019733428955 1460
0.8833019733428955 1460
0.8833019733428955 1460
0.8842990398406982 1460
0.8842990398406982 1460
0.8842990398406982 1460
0.8842990398406982 1460
0.8943159580230713 1460
0.8943159580230713 1460
0.8949110507965088 1460
0.8949110507965088 1460
0.8965239524841309 1460
0.8965239524841309 1460
0.8993661403656006 1460
0.8993661403656006 1460
0.8993661403656006 1460
0.8993661403656006 1460
0.8999309539794922 1460
0.9027831554412842 1460
0.9029231071472168 1460
0.9029231071472168 1460
0.9029231071472168 1460
0.9029231071472168 1460
0.9067599773406982 1460
0.9071640968322754 1460
0.9071640968322754 1460
0.9091401100158691 1460
0.9091401100158691 1460
0.9091401100158691 1460
0.910675048828125 1460
0.9111580848693848 1460
0.9125361442565918 1460
0.9125361442565918 1460
0.9129359722137451 1460
0.9148681163787842 1460
0.9148681163787842 1460
0.9153680801391602 1460
0.9153680801391602 1460
0.9168460369110107 1460
0.9173569679260254 1460
0.9173569679260254 1460
0.9173569679260254 1460
0.9192171096801758 1460
0.9195671081542969 1460
0.9195671081542969 1460
0.9195671081542969 1460
0.9207351207733154 1460
0.9212501049041748 1460
0.9306721687316895 1460
0.9306721687316895 1460
0.9344179630279541 1460
0.9344179630279541 1460
0.9344179630279541 1460
0.9344179630279541 1460
0.9344179630279541 1460
0.9344179630279541 1460
0.9357361793518066 1460
0.9357361793518066 1460
0.9357361793518066 1460
0.9357361793518066 1460
0.9357361793518066 1460
0.9357361793518066 1460
0.9357361793518066 1460
0.9363789558410645 1460
0.9363789558410645 1460
0.9363789558410645 1460
0.9363789558410645 1460
0.9363789558410645 1460
0.9363789558410645 1460
0.9369039535522461 1460
0.9369039535522461 1460
0.9369039535522461 1460
0.9369039535522461 1460
0.9369039535522461 1460
0.9369039535522461 1460
0.9369039535522461 1460
0.9384770393371582 1460
0.9388041496276855 1460
0.9388041496276855 1460
0.9388041496276855 1460
0.9388041496276855 1460
0.9399011135101318 1460
0.940248966217041 1460
0.940248966217041 1460
0.9443149566650391 1460
0.9443149566650391 1460
0.9456479549407959 1460
0.9460170269012451 1460
0.9460170269012451 1460
0.9475710391998291 1460
0.9480631351470947 1460
0.9494550228118896 1460
0.9499340057373047 1460
0.9499340057373047 1460
0.9499340057373047 1460
0.9514119625091553 1460
0.9514119625091553 1460
0.9514119625091553 1460
0.9533441066741943 1460
0.9537060260772705 1460
0.9537060260772705 1460
0.9558181762695312 1460
0.9558181762695312 1460
0.9563989639282227 1460
0.9563989639282227 1460
0.9583749771118164 1460
0.9583749771118164 1460
0.9594841003417969 1460
0.9594841003417969 1460
0.9594841003417969 1460
0.9594841003417969 1460
0.9609770774841309 1460
0.9609770774841309 1460
0.9613540172576904 1460
0.9613540172576904 1460
0.9635610580444336 1460
0.9635610580444336 1460
0.9651851654052734 1460
0.9651851654052734 1460
0.9671611785888672 1460
0.9671611785888672 1460
0.9671611785888672 1460
0.9671611785888672 1460
0.9690301418304443 1460
0.9690301418304443 1460
0.9743609428405762 1460
0.9772930145263672 1460
0.9792420864105225 1460
0.9792420864105225 1460
0.9811210632324219 1460
0.9811210632324219 1460
0.9888350963592529 1460
0.9902870655059814 1460
0.9922001361846924 1460
0.9922001361846924 1460
0.9925980567932129 1460
0.9925980567932129 1460
0.9947400093078613 1460
0.9947400093078613 1460
0.9960989952087402 1460
0.9968080520629883 1460
1.0021231174468994 1460
1.0021231174468994 1460
