1050000
0.0 1500
0.001157999038696289 1500
0.0015041828155517578 1500
0.0015041828155517578 1500
0.0023670196533203125 1500
0.003412008285522461 1500
0.005118131637573242 1500
0.005118131637573242 1500
0.005460023880004883 1500
0.006687164306640625 1500
0.00726318359375 1500
0.00726318359375 1500
0.008414983749389648 1500
0.010582208633422852 1500
0.010582208633422852 1500
0.010582208633422852 1500
0.011600017547607422 1500
0.012992143630981445 1500
0.012992143630981445 1500
0.01351618766784668 1500
0.014957189559936523 1500
0.014957189559936523 1500
0.015273094177246094 1500
0.016581058502197266 1500
0.017323017120361328 1500
0.017323017120361328 1500
0.01875615119934082 1500
0.019538164138793945 1500
0.020374059677124023 1500
0.020374059677124023 1500
0.02182912826538086 1500
0.02254509925842285 1500
0.02254509925842285 1500
0.023786067962646484 1500
0.024349212646484375 1500
0.025776147842407227 1500
0.025776147842407227 1500
0.026522159576416016 1500
0.02769017219543457 1500
0.02769017219543457 1500
0.029230117797851562 1500
0.02934098243713379 1500
0.030228137969970703 1500
0.030228137969970703 1500
0.03129911422729492 1500
0.03223013877868652 1500
0.03223013877868652 1500
0.033289194107055664 1500
0.03422808647155762 1500
0.03559613227844238 1500
0.03559613227844238 1500
0.03657817840576172 1500
0.037722110748291016 1500
0.03833413124084473 1500
0.03833413124084473 1500
0.03948020935058594 1500
0.04067206382751465 1500
0.04141998291015625 1500
0.04141998291015625 1500
0.04237008094787598 1500
0.04344511032104492 1500
0.04463005065917969 1500
0.04463005065917969 1500
0.04518604278564453 1500
0.04661202430725098 1500
0.04661202430725098 1500
0.04732918739318848 1500
0.04823803901672363 1500
0.049311161041259766 1500
0.049311161041259766 1500
0.051232099533081055 1500
0.051232099533081055 1500
0.05136513710021973 1500
0.052326202392578125 1500
0.05334615707397461 1500
0.05426812171936035 1500
0.05426812171936035 1500
0.05526900291442871 1500
0.05655813217163086 1500
0.057373046875 1500
0.057482004165649414 1500
0.05864214897155762 1500
0.0592191219329834 1500
0.0592191219329834 1500
0.06044816970825195 1500
0.061312198638916016 1500
0.06268906593322754 1500
0.06281518936157227 1500
0.06325006484985352 1500
0.06432414054870605 1500
0.06432414054870605 1500
0.06519508361816406 1500
0.0664680004119873 1500
0.06732702255249023 1500
0.06732702255249023 1500
0.06885504722595215 1500
0.06991100311279297 1500
0.07025408744812012 1500
0.07025408744812012 1500
0.0716400146484375 1500
0.07278919219970703 1500
0.07278919219970703 1500
0.07324099540710449 1500
0.07427215576171875 1500
0.07522821426391602 1500
0.07522821426391602 1500
0.07650399208068848 1500
0.07735800743103027 1500
0.07735800743103027 1500
0.07835102081298828 1500
0.07936620712280273 1500
0.08044314384460449 1500
0.08044314384460449 1500
0.08117103576660156 1500
0.08280420303344727 1500
0.08342313766479492 1500
0.08342313766479492 1500
0.08486318588256836 1500
0.08537912368774414 1500
0.08537912368774414 1500
0.08723616600036621 1500
0.08723616600036621 1500
0.08825421333312988 1500
0.08825421333312988 1500
0.08924412727355957 1500
0.09025120735168457 1500
0.09025120735168457 1500
0.09121417999267578 1500
0.09258508682250977 1500
0.09325718879699707 1500
0.09325718879699707 1500
0.09439516067504883 1500
0.09701919555664062 1500
0.09701919555664062 1500
0.09701919555664062 1500
0.09732818603515625 1500
0.09832215309143066 1500
0.09832215309143066 1500
0.09943914413452148 1500
0.10050106048583984 1500
0.1014711856842041 1500
0.1014711856842041 1500
0.10316705703735352 1500
0.10374116897583008 1500
0.10374116897583008 1500
0.10415005683898926 1500
0.1053321361541748 1500
0.10681009292602539 1500
0.10681009292602539 1500
0.10756421089172363 1500
0.10855913162231445 1500
0.10964202880859375 1500
0.10964202880859375 1500
0.11024212837219238 1500
0.11133003234863281 1500
0.11133003234863281 1500
0.11293411254882812 1500
0.1134030818939209 1500
0.11436104774475098 1500
0.11436104774475098 1500
0.11522912979125977 1500
0.11632513999938965 1500
0.11632513999938965 1500
0.11749911308288574 1500
0.11822915077209473 1500
0.11925101280212402 1500
0.11925101280212402 1500
0.12029504776000977 1500
0.12133407592773438 1500
0.12133407592773438 1500
0.12222814559936523 1500
0.12324118614196777 1500
0.12419915199279785 1500
0.12419915199279785 1500
0.12547516822814941 1500
0.12645316123962402 1500
0.1282520294189453 1500
0.1282520294189453 1500
0.1282520294189453 1500
0.129472017288208 1500
0.129472017288208 1500
0.13033604621887207 1500
0.13164305686950684 1500
0.1322941780090332 1500
0.1322941780090332 1500
0.13331007957458496 1500
0.13431215286254883 1500
0.13431215286254883 1500
0.1352221965789795 1500
0.13652515411376953 1500
0.13744211196899414 1500
0.13744211196899414 1500
0.13828015327453613 1500
0.13959503173828125 1500
0.14051508903503418 1500
0.14051508903503418 1500
0.14122700691223145 1500
0.1422281265258789 1500
0.1422281265258789 1500
0.14339208602905273 1500
0.14434313774108887 1500
0.14538812637329102 1500
0.14538812637329102 1500
0.14664912223815918 1500
0.1472630500793457 1500
0.1472630500793457 1500
0.14820098876953125 1500
0.15047407150268555 1500
0.15047407150268555 1500
0.15047407150268555 1500
0.15132999420166016 1500
0.15218400955200195 1500
0.1534421443939209 1500
0.1534421443939209 1500
0.1543591022491455 1500
0.15534210205078125 1500
0.15534210205078125 1500
0.15644407272338867 1500
0.1572270393371582 1500
0.15845608711242676 1500
0.15845608711242676 1500
0.15925216674804688 1500
0.16016507148742676 1500
0.16016507148742676 1500
0.16233515739440918 1500
0.16233515739440918 1500
0.1633150577545166 1500
0.1633150577545166 1500
0.16427016258239746 1500
0.16522502899169922 1500
0.16635608673095703 1500
0.16635608673095703 1500
0.16739916801452637 1500
0.16826510429382324 1500
0.16826510429382324 1500
0.1692969799041748 1500
0.17043614387512207 1500
0.17122817039489746 1500
0.17122817039489746 1500
0.172227144241333 1500
0.17322421073913574 1500
0.17322421073913574 1500
0.1742382049560547 1500
0.17526698112487793 1500
0.17647910118103027 1500
0.17647910118103027 1500
0.17730498313903809 1500
0.1785871982574463 1500
0.17920207977294922 1500
0.17920207977294922 1500
0.18047213554382324 1500
0.18131518363952637 1500
0.18131518363952637 1500
0.18222403526306152 1500
0.18322515487670898 1500
0.18593215942382812 1500
0.18593215942382812 1500
0.18593215942382812 1500
0.18664908409118652 1500
0.18664908409118652 1500
0.18721699714660645 1500
0.18877100944519043 1500
0.18935918807983398 1500
0.18935918807983398 1500
0.19023704528808594 1500
0.191237211227417 1500
0.19251513481140137 1500
0.19252920150756836 1500
0.19333910942077637 1500
0.19472908973693848 1500
0.19472908973693848 1500
0.1953871250152588 1500
0.19692206382751465 1500
0.1973412036895752 1500
0.1973412036895752 1500
0.19844317436218262 1500
0.19922399520874023 1500
0.19922399520874023 1500
0.20024609565734863 1500
0.20158600807189941 1500
0.20264911651611328 1500
0.20264911651611328 1500
0.20364999771118164 1500
0.20522308349609375 1500
0.20535516738891602 1500
0.20535516738891602 1500
0.20663714408874512 1500
0.20724105834960938 1500
0.20724105834960938 1500
0.20836901664733887 1500
0.20937204360961914 1500
0.21047401428222656 1500
0.21047401428222656 1500
0.211259126663208 1500
0.21271920204162598 1500
0.21271920204162598 1500
0.21354007720947266 1500
0.21433019638061523 1500
0.21523714065551758 1500
0.21523714065551758 1500
0.2164170742034912 1500
0.21724510192871094 1500
0.2182919979095459 1500
0.2182919979095459 1500
0.21962308883666992 1500
0.22050905227661133 1500
0.22050905227661133 1500
0.2214820384979248 1500
0.22248005867004395 1500
0.22392511367797852 1500
0.22392511367797852 1500
0.22441411018371582 1500
0.22526311874389648 1500
0.22526311874389648 1500
0.22645306587219238 1500
0.22738409042358398 1500
0.22930598258972168 1500
0.22930598258972168 1500
0.22930598258972168 1500
0.23042011260986328 1500
0.23159098625183105 1500
0.23159098625183105 1500
0.23251008987426758 1500
0.23324918746948242 1500
0.23324918746948242 1500
0.23420405387878418 1500
0.2353219985961914 1500
0.23653316497802734 1500
0.23653316497802734 1500
0.23736119270324707 1500
0.23872613906860352 1500
0.23872613906860352 1500
0.23923015594482422 1500
0.24026107788085938 1500
0.24170899391174316 1500
0.24170899391174316 1500
0.24345111846923828 1500
0.24361801147460938 1500
0.24425101280212402 1500
0.24425101280212402 1500
0.24524998664855957 1500
0.2463080883026123 1500
0.2463080883026123 1500
0.24785304069519043 1500
0.24820804595947266 1500
0.24924707412719727 1500
0.24924707412719727 1500
0.2511789798736572 1500
0.25165319442749023 1500
0.25165319442749023 1500
0.25226306915283203 1500
0.2532351016998291 1500
0.2544710636138916 1500
0.2544710636138916 1500
0.2552311420440674 1500
0.2565591335296631 1500
0.25819921493530273 1500
0.25819921493530273 1500
0.25819921493530273 1500
0.2597641944885254 1500
0.2597641944885254 1500
0.26019811630249023 1500
0.26139307022094727 1500
0.2623300552368164 1500
0.26244020462036133 1500
0.26328110694885254 1500
0.2642509937286377 1500
0.2642509937286377 1500
0.2653520107269287 1500
0.26653218269348145 1500
0.26740312576293945 1500
0.26740312576293945 1500
0.26836204528808594 1500
0.2692220211029053 1500
0.2703981399536133 1500
0.2703981399536133 1500
0.2712252140045166 1500
0.2722480297088623 1500
0.2722480297088623 1500
0.2733120918273926 1500
0.27449917793273926 1500
0.2752242088317871 1500
0.2752242088317871 1500
0.27645421028137207 1500
0.27735209465026855 1500
0.27735209465026855 1500
0.27919816970825195 1500
0.2794041633605957 1500
0.2802300453186035 1500
0.280256986618042 1500
0.2812831401824951 1500
0.28237318992614746 1500
0.28237318992614746 1500
0.28328919410705566 1500
0.2845900058746338 1500
0.285398006439209 1500
0.28553318977355957 1500
0.286653995513916 1500
0.2871730327606201 1500
0.2885110378265381 1500
0.2885110378265381 1500
0.28934812545776367 1500
0.2904322147369385 1500
0.2904322147369385 1500
0.2911691665649414 1500
0.29266905784606934 1500
0.29317617416381836 1500
0.29317617416381836 1500
0.29434704780578613 1500
0.29526209831237793 1500
0.29526209831237793 1500
0.2961912155151367 1500
0.2971961498260498 1500
0.29829907417297363 1500
0.29829907417297363 1500
0.2991771697998047 1500
0.30022406578063965 1500
0.3013601303100586 1500
0.3013601303100586 1500
0.30222511291503906 1500
0.303530216217041 1500
0.303530216217041 1500
0.3042480945587158 1500
0.30532312393188477 1500
0.3065001964569092 1500
0.3065001964569092 1500
0.30721616744995117 1500
0.30877017974853516 1500
0.3094351291656494 1500
0.3094351291656494 1500
0.31038999557495117 1500
0.3112761974334717 1500
0.3112761974334717 1500
0.31257200241088867 1500
0.3134341239929199 1500
0.31463003158569336 1500
0.31463003158569336 1500
0.31519603729248047 1500
0.3163130283355713 1500
0.3164510726928711 1500
0.31727099418640137 1500
0.3184990882873535 1500
0.31952500343322754 1500
0.31952500343322754 1500
0.32025909423828125 1500
0.32123517990112305 1500
0.32230520248413086 1500
0.32230520248413086 1500
0.3236560821533203 1500
0.32419514656066895 1500
0.32419514656066895 1500
0.32520008087158203 1500
0.3263270854949951 1500
0.3273019790649414 1500
0.3273019790649414 1500
0.32860517501831055 1500
0.32947802543640137 1500
0.32947802543640137 1500
0.33045411109924316 1500
0.3313460350036621 1500
0.33223700523376465 1500
0.33223700523376465 1500
0.3339409828186035 1500
0.3342630863189697 1500
0.3352642059326172 1500
0.3352642059326172 1500
0.3364582061767578 1500
0.33746910095214844 1500
0.33746910095214844 1500
0.3382441997528076 1500
0.33939409255981445 1500
0.3404271602630615 1500
0.3404271602630615 1500
0.34146714210510254 1500
0.3423891067504883 1500
0.3423891067504883 1500
0.34467315673828125 1500
0.34467315673828125 1500
0.3452310562133789 1500
0.3452310562133789 1500
0.3466520309448242 1500
0.3473670482635498 1500
0.348635196685791 1500
0.348635196685791 1500
0.3493640422821045 1500
0.3505411148071289 1500
0.3505411148071289 1500
0.35123515129089355 1500
0.35266613960266113 1500
0.3536381721496582 1500
0.3536381721496582 1500
0.3545541763305664 1500
0.35526514053344727 1500
0.35526514053344727 1500
0.35645413398742676 1500
0.35742902755737305 1500
0.358443021774292 1500
0.358443021774292 1500
0.35956311225891113 1500
0.3602890968322754 1500
0.36153411865234375 1500
0.36153411865234375 1500
0.36234211921691895 1500
0.36342906951904297 1500
0.36342906951904297 1500
0.36453700065612793 1500
0.3654031753540039 1500
0.3664071559906006 1500
0.3664071559906006 1500
0.3676271438598633 1500
0.36829209327697754 1500
0.36829209327697754 1500
0.36956119537353516 1500
0.370542049407959 1500
0.37123703956604004 1500
0.37123703956604004 1500
0.3723430633544922 1500
0.3734250068664551 1500
0.37435412406921387 1500
0.37435412406921387 1500
0.37539005279541016 1500
0.3769960403442383 1500
0.3769960403442383 1500
0.3783440589904785 1500
0.3783440589904785 1500
0.37934398651123047 1500
0.37934398651123047 1500
0.38043212890625 1500
0.3813660144805908 1500
0.3813660144805908 1500
0.3826611042022705 1500
0.3836050033569336 1500
0.38448309898376465 1500
0.38448309898376465 1500
0.38518214225769043 1500
0.3866159915924072 1500
0.3866159915924072 1500
0.3873260021209717 1500
0.3884141445159912 1500
0.38954710960388184 1500
0.38954710960388184 1500
0.3903491497039795 1500
0.3917980194091797 1500
0.3923780918121338 1500
0.3923780918121338 1500
0.393402099609375 1500
0.394381046295166 1500
0.394381046295166 1500
0.39550304412841797 1500
0.3965461254119873 1500
0.39739298820495605 1500
0.39739298820495605 1500
0.39844799041748047 1500
0.39939212799072266 1500
0.39939212799072266 1500
0.4002571105957031 1500
0.4012470245361328 1500
0.4024991989135742 1500
0.4024991989135742 1500
0.4032430648803711 1500
0.40441107749938965 1500
0.40546202659606934 1500
0.40546202659606934 1500
0.40661001205444336 1500
0.4073970317840576 1500
0.4073970317840576 1500
0.4085052013397217 1500
0.4093301296234131 1500
0.4103519916534424 1500
0.4103519916534424 1500
0.4114341735839844 1500
0.4124481678009033 1500
0.4124481678009033 1500
0.41329121589660645 1500
0.4146251678466797 1500
0.41550302505493164 1500
0.41550302505493164 1500
0.4166111946105957 1500
0.4178500175476074 1500
0.41847705841064453 1500
0.41847705841064453 1500
0.41931700706481934 1500
0.42031216621398926 1500
0.42031216621398926 1500
0.4214141368865967 1500
0.422321081161499 1500
0.42379021644592285 1500
0.42379021644592285 1500
0.4243040084838867 1500
0.42609119415283203 1500
0.42609119415283203 1500
0.4262521266937256 1500
0.4271860122680664 1500
0.4283270835876465 1500
0.4283270835876465 1500
0.42925214767456055 1500
0.43044114112854004 1500
0.4311671257019043 1500
0.4311671257019043 1500
0.4322021007537842 1500
0.43350720405578613 1500
0.43354320526123047 1500
0.4341881275177002 1500
0.43724918365478516 1500
0.43724918365478516 1500
0.43724918365478516 1500
0.4374971389770508 1500
0.43874216079711914 1500
0.43874216079711914 1500
0.43952512741088867 1500
0.44036316871643066 1500
0.4413871765136719 1500
0.4413871765136719 1500
0.4424610137939453 1500
0.44365406036376953 1500
0.4446680545806885 1500
0.4446680545806885 1500
0.4451920986175537 1500
0.4467651844024658 1500
0.4467651844024658 1500
0.4472541809082031 1500
0.4487190246582031 1500
0.45004820823669434 1500
0.45004820823669434 1500
0.4502420425415039 1500
0.4516561031341553 1500
0.4516561031341553 1500
0.45227503776550293 1500
0.45361900329589844 1500
0.4549260139465332 1500
0.4549260139465332 1500
0.4557301998138428 1500
0.45653319358825684 1500
0.45751309394836426 1500
0.45751309394836426 1500
0.45847415924072266 1500
0.45964908599853516 1500
0.45964908599853516 1500
0.4607410430908203 1500
0.46250319480895996 1500
0.46250319480895996 1500
0.46268701553344727 1500
0.4633610248565674 1500
0.46469998359680176 1500
0.46469998359680176 1500
0.46527719497680664 1500
0.4667689800262451 1500
0.46747899055480957 1500
0.46747899055480957 1500
0.4685070514678955 1500
0.46936798095703125 1500
0.47034120559692383 1500
0.47034120559692383 1500
0.4713551998138428 1500
0.47246313095092773 1500
0.47246313095092773 1500
0.47341418266296387 1500
0.47443199157714844 1500
0.4754641056060791 1500
0.4754641056060791 1500
0.4766271114349365 1500
0.4776179790496826 1500
0.4776179790496826 1500
0.47815918922424316 1500
0.4797999858856201 1500
0.48041701316833496 1500
0.48041701316833496 1500
0.48136401176452637 1500
0.48279404640197754 1500
0.483612060546875 1500
0.483612060546875 1500
0.4846160411834717 1500
0.4857461452484131 1500
0.4857461452484131 1500
0.48630809783935547 1500
0.4873640537261963 1500
0.4883739948272705 1500
0.4883739948272705 1500
0.4903709888458252 1500
0.4903709888458252 1500
0.4903709888458252 1500
0.49146103858947754 1500
0.49257707595825195 1500
0.49335503578186035 1500
0.49335503578186035 1500
0.49449610710144043 1500
0.4953641891479492 1500
0.49674010276794434 1500
0.49674010276794434 1500
0.4973580837249756 1500
0.49959516525268555 1500
0.49959516525268555 1500
0.49959516525268555 1500
0.5003690719604492 1500
0.5013120174407959 1500
0.5013120174407959 1500
0.5023729801177979 1500
0.5036070346832275 1500
0.5036070346832275 1500
0.5044569969177246 1500
