1048690
0.0 1452
0.0013968944549560547 1452
0.0013968944549560547 1452
0.003114938735961914 1452
0.003114938735961914 1452
0.0031158924102783203 1452
0.0031158924102783203 1452
0.004971027374267578 1452
0.004971981048583984 1452
0.004973888397216797 1452
0.004973888397216797 1452
0.00497889518737793 1452
0.007014036178588867 1452
0.0070149898529052734 1452
0.0070149898529052734 1452
0.00701904296875 1452
0.00701904296875 1452
0.00899505615234375 1452
0.00899505615234375 1452
0.008997917175292969 1452
0.008998870849609375 1452
0.010895967483520508 1452
0.010895967483520508 1452
0.010899066925048828 1452
0.010900020599365234 1452
0.010901927947998047 1452
0.010901927947998047 1452
0.012722015380859375 1452
0.012722969055175781 1452
0.012724876403808594 1452
0.012724876403808594 1452
0.012727022171020508 1452
0.012727975845336914 1452
0.012727975845336914 1452
0.01272892951965332 1452
0.014606952667236328 1452
0.014606952667236328 1452
0.01460886001586914 1452
0.014610052108764648 1452
0.01646900177001953 1452
0.016469955444335938 1452
0.01647186279296875 1452
0.01647186279296875 1452
0.01647496223449707 1452
0.016475915908813477 1452
0.018594026565551758 1452
0.018594980239868164 1452
0.01859593391418457 1452
0.018596887588500977 1452
0.018598079681396484 1452
0.018599987030029297 1452
0.020514965057373047 1452
0.020515918731689453 1452
0.020518064498901367 1452
0.020519018173217773 1452
0.020519018173217773 1452
0.02051997184753418 1452
0.022324085235595703 1452
0.022324085235595703 1452
0.022326946258544922 1452
0.022326946258544922 1452
0.022327899932861328 1452
0.022327899932861328 1452
0.024169921875 1452
0.024169921875 1452
0.024172067642211914 1452
0.02417302131652832 1452
0.024173974990844727 1452
0.024174928665161133 1452
0.02417588233947754 1452
0.024177074432373047 1452
0.02607893943786621 1452
0.026079893112182617 1452
0.026081085205078125 1452
0.02608203887939453 1452
0.027966976165771484 1452
0.027966976165771484 1452
0.027970075607299805 1452
0.02797102928161621 1452
0.0300290584564209 1452
0.030030012130737305 1452
0.03003406524658203 1452
0.03003406524658203 1452
0.03168201446533203 1452
0.03168201446533203 1452
0.03374886512756348 1452
0.03375101089477539 1452
0.0337519645690918 1452
0.0337519645690918 1452
0.03375601768493652 1452
0.03375697135925293 1452
0.03556203842163086 1452
0.03556203842163086 1452
0.035572052001953125 1452
0.035572052001953125 1452
0.037283897399902344 1452
0.037283897399902344 1452
0.037286996841430664 1452
0.037286996841430664 1452
0.04014992713928223 1452
0.04015088081359863 1452
0.04015207290649414 1452
0.04015302658081055 1452
0.04015493392944336 1452
0.04015493392944336 1452
0.04175686836242676 1452
0.04175686836242676 1452
0.041758060455322266 1452
0.04175901412963867 1452
0.043955087661743164 1452
0.04395604133605957 1452
0.04395699501037598 1452
0.04395794868469238 1452
0.04578399658203125 1452
0.045784950256347656 1452
0.04578804969787598 1452
0.04578900337219238 1452
0.04774904251098633 1452
0.047749996185302734 1452
0.04775190353393555 1452
0.04775190353393555 1452
0.049818992614746094 1452
0.0498199462890625 1452
0.049820899963378906 1452
0.049820899963378906 1452
0.04982399940490723 1452
0.04982495307922363 1452
0.05189990997314453 1452
0.051902055740356445 1452
0.05190896987915039 1452
0.0519108772277832 1452
0.053288936614990234 1452
0.053288936614990234 1452
0.05329108238220215 1452
0.053292036056518555 1452
0.05541586875915527 1452
0.05541586875915527 1452
0.055420875549316406 1452
0.055420875549316406 1452
0.057446956634521484 1452
0.057446956634521484 1452
0.057450056076049805 1452
0.057450056076049805 1452
0.05745196342468262 1452
0.05745196342468262 1452
0.05954599380493164 1452
0.05954599380493164 1452
0.05955004692077637 1452
0.05955004692077637 1452
0.06097602844238281 1452
0.06097698211669922 1452
0.06311392784118652 1452
0.06311488151550293 1452
0.06311798095703125 1452
0.06311798095703125 1452
0.0648949146270752 1452
0.0648949146270752 1452
0.06703400611877441 1452
0.06703400611877441 1452
0.06703591346740723 1452
0.06703686714172363 1452
0.0687859058380127 1452
0.0687868595123291 1452
0.06879091262817383 1452
0.06879186630249023 1452
0.07079887390136719 1452
0.0708000659942627 1452
0.07080388069152832 1452
0.07080388069152832 1452
0.0724799633026123 1452
0.0724799633026123 1452
0.07457089424133301 1452
0.07457208633422852 1452
0.07457590103149414 1452
0.07634592056274414 1452
0.07634902000427246 1452
0.07634997367858887 1452
0.07841706275939941 1452
0.07841706275939941 1452
0.07842087745666504 1452
0.07842087745666504 1452
0.08031892776489258 1452
0.08031988143920898 1452
0.0822138786315918 1452
0.0822138786315918 1452
0.08377599716186523 1452
0.08377599716186523 1452
0.08378005027770996 1452
0.08378005027770996 1452
0.08495092391967773 1452
0.08495092391967773 1452
0.08685588836669922 1452
0.08685588836669922 1452
0.08875107765197754 1452
0.08875203132629395 1452
0.08875489234924316 1452
0.08875608444213867 1452
0.0908348560333252 1452
0.0908348560333252 1452
0.0927278995513916 1452
0.0927278995513916 1452
0.09273195266723633 1452
0.09273195266723633 1452
0.0942230224609375 1452
0.0942230224609375 1452
0.0962669849395752 1452
0.0962669849395752 1452
0.0982658863067627 1452
0.0982670783996582 1452
0.10050106048583984 1452
0.10050106048583984 1452
0.1005089282989502 1452
0.1005089282989502 1452
0.10199689865112305 1452
0.10199785232543945 1452
0.10497593879699707 1452
0.10497593879699707 1452
0.10498189926147461 1452
0.10498285293579102 1452
0.10697293281555176 1452
0.10697293281555176 1452
0.10858488082885742 1452
0.10858607292175293 1452
0.11053085327148438 1452
0.11053085327148438 1452
0.1105349063873291 1452
0.1105349063873291 1452
0.11266088485717773 1452
0.11266088485717773 1452
0.11447691917419434 1452
0.11447787284851074 1452
0.11643385887145996 1452
0.11643385887145996 1452
0.11818194389343262 1452
0.11818194389343262 1452
0.12045907974243164 1452
0.12046003341674805 1452
0.12046408653259277 1452
0.12046504020690918 1452
0.12233901023864746 1452
0.12233996391296387 1452
0.1243438720703125 1452
0.1243438720703125 1452
0.12591195106506348 1452
0.12591290473937988 1452
0.1259150505065918 1452
0.1259150505065918 1452
0.1280059814453125 1452
0.1280069351196289 1452
0.12964105606079102 1452
0.12964105606079102 1452
0.13181400299072266 1452
0.13181591033935547 1452
0.1318199634552002 1452
0.1318199634552002 1452
0.13373208045959473 1452
0.13373398780822754 1452
0.13568496704101562 1452
0.13568496704101562 1452
0.13751792907714844 1452
0.13751888275146484 1452
0.13752198219299316 1452
0.13752293586730957 1452
0.13940906524658203 1452
0.13941001892089844 1452
0.14133191108703613 1452
0.14133405685424805 1452
0.14134001731872559 1452
0.141340970993042 1452
0.143157958984375 1452
0.1431598663330078 1452
0.14486289024353027 1452
0.14486408233642578 1452
0.14667701721191406 1452
0.14667797088623047 1452
0.1466810703277588 1452
0.1466820240020752 1452
0.14889001846313477 1452
0.14889001846313477 1452
0.15088200569152832 1452
0.15088295936584473 1452
0.15297985076904297 1452
0.15298104286193848 1452
0.15298795700073242 1452
0.15298891067504883 1452
0.15483999252319336 1452
0.15483999252319336 1452
0.15484285354614258 1452
0.15484285354614258 1452
0.15649008750915527 1452
0.15649104118347168 1452
0.15649199485778809 1452
0.1564929485321045 1452
0.15834403038024902 1452
0.15834498405456543 1452
0.15834593772888184 1452
0.15834593772888184 1452
0.16025495529174805 1452
0.16025495529174805 1452
0.16025805473327637 1452
0.16025805473327637 1452
0.1621708869934082 1452
0.1621708869934082 1452
0.16217398643493652 1452
0.16217494010925293 1452
0.1639258861541748 1452
0.1639258861541748 1452
0.16419601440429688 1452
0.16419696807861328 1452
0.16678190231323242 1452
0.16678404808044434 1452
0.16678690910339355 1452
0.16678786277770996 1452
0.16794490814208984 1452
0.16794490814208984 1452
0.16794705390930176 1452
0.16794705390930176 1452
0.17001104354858398 1452
0.1700129508972168 1452
0.17001700401306152 1452
0.17001700401306152 1452
0.17310500144958496 1452
0.17310500144958496 1452
0.175246000289917 1452
0.175246000289917 1452
0.17525005340576172 1452
0.17525100708007812 1452
0.17525291442871094 1452
0.17525291442871094 1452
0.17525506019592285 1452
0.17525601387023926 1452
0.17656397819519043 1452
0.17656493186950684 1452
0.17656588554382324 1452
0.17656588554382324 1452
0.17850208282470703 1452
0.17850208282470703 1452
0.180372953414917 1452
0.1803739070892334 1452
0.18235492706298828 1452
0.1823558807373047 1452
0.18236088752746582 1452
0.18236088752746582 1452
0.18433403968811035 1452
0.18433403968811035 833
0.26419591903686523 833
1.1855080127716064 40
1.1855099201202393 40
1.1984140872955322 1452
1.1984169483184814 1452
1.1984210014343262 1452
1.1984219551086426 1452
1.200218915939331 1452
1.2002198696136475 1452
1.2002220153808594 1452
1.2002220153808594 1452
1.2025730609893799 1452
1.2025749683380127 1452
1.2025840282440186 1452
1.2025890350341797 1452
1.2041690349578857 1452
1.2041690349578857 1452
1.204171895980835 1452
1.2041730880737305 1452
1.20638108253479 1452
1.20638108253479 1452
1.2063839435577393 1452
1.2063848972320557 1452
1.208056926727295 1452
1.208056926727295 1452
1.208061933517456 1452
1.208061933517456 1452
1.2101619243621826 1452
1.2101619243621826 1452
1.2101669311523438 1452
1.2118399143218994 1452
1.2118439674377441 1452
1.2118439674377441 1452
1.2138230800628662 1452
1.2138230800628662 1452
1.215620994567871 1452
1.2156219482421875 1452
1.2156250476837158 1452
1.2156260013580322 1452
1.2173309326171875 1452
1.2173309326171875 1452
1.2193858623504639 1452
1.2193880081176758 1452
1.2193899154663086 1452
1.219390869140625 1452
1.2214810848236084 1452
1.2214820384979248 1452
1.2232320308685303 1452
1.2232329845428467 1452
1.2232370376586914 1452
1.2232370376586914 1452
1.2253549098968506 1452
1.225355863571167 1452
1.227046012878418 1452
1.227046012878418 1452
1.2289528846740723 1452
1.2289540767669678 1452
1.2289559841156006 1452
1.228956937789917 1452
1.2308080196380615 1452
1.2308080196380615 1452
1.2319889068603516 1452
1.231989860534668 1452
1.2337398529052734 1452
1.233741044998169 1452
1.2337448596954346 1452
1.2337448596954346 1452
1.235476016998291 1452
1.235476016998291 1452
1.2354788780212402 1452
1.2375068664550781 1452
1.2375109195709229 1452
1.2375109195709229 1452
1.2392759323120117 1452
1.2392768859863281 1452
1.2392818927764893 1452
1.241405963897705 1452
1.2414100170135498 1452
1.2414100170135498 1452
1.241412878036499 1452
1.2433130741119385 1452
1.2433359622955322 1452
1.2433369159698486 1452
1.2451848983764648 1452
1.2451848983764648 1452
1.245189905166626 1452
1.2451908588409424 1452
1.2470910549163818 1452
1.2470910549163818 1452
1.2492048740386963 1452
1.2492060661315918 1452
1.249208927154541 1452
1.2492098808288574 1452
1.2507209777832031 1452
1.2507209777832031 1452
1.250722885131836 1452
1.250722885131836 1452
1.2528128623962402 1452
1.2528128623962402 1452
1.2528150081634521 1452
1.252816915512085 1452
1.254652976989746 1452
1.254652976989746 1452
1.2546570301055908 1452
1.2546570301055908 1452
1.2565970420837402 1452
1.2565979957580566 1452
1.2566008567810059 1452
1.2566008567810059 1452
1.2585630416870117 1452
1.2585630416870117 1452
1.2585668563842773 1452
1.2585680484771729 1452
1.2585690021514893 1452
1.2585690021514893 1452
1.2605679035186768 1452
1.2605688571929932 1452
1.260571002960205 1452
1.260571002960205 1452
1.2623639106750488 1452
1.2623639106750488 1452
1.2623660564422607 1452
1.2623670101165771 1452
1.264401912689209 1452
1.2644028663635254 1452
1.2644050121307373 1452
1.2644059658050537 1452
1.2661550045013428 1452
1.2661550045013428 1452
1.266160011291504 1452
1.266160011291504 1452
1.2700488567352295 1452
1.270050048828125 1452
1.2700529098510742 1452
1.2700529098510742 1452
1.270056962966919 1452
1.270056962966919 1452
1.2722759246826172 1452
1.2722759246826172 1452
1.2722790241241455 1452
1.2722790241241455 1452
1.2735519409179688 1452
1.2735519409179688 1452
1.273555040359497 1452
1.2735559940338135 1452
1.2754039764404297 1452
1.2754039764404297 1452
1.2772550582885742 1452
1.2772560119628906 1452
1.2772588729858398 1452
1.2772588729858398 1452
1.2772619724273682 1452
1.279033899307251 1452
1.2790369987487793 1452
1.2790379524230957 1452
1.2811570167541504 1452
1.2811570167541504 1452
1.2811598777770996 1452
1.2811610698699951 1452
1.2831130027770996 1452
1.2831130027770996 1452
1.2856829166412354 1452
1.2856838703155518 1452
1.285688877105713 1452
1.285688877105713 1452
1.2856919765472412 1452
1.2856929302215576 1452
1.287781000137329 1452
1.287781000137329 1452
1.2877838611602783 1452
1.2877850532531738 1452
1.2896928787231445 1452
1.2896928787231445 1452
1.2896959781646729 1452
1.2896959781646729 1452
1.2916488647460938 1452
1.2916500568389893 1452
1.2916510105133057 1452
1.291651964187622 1452
1.2935450077056885 1452
1.2935459613800049 1452
1.2935500144958496 1452
1.293550968170166 1452
1.2954108715057373 1452
1.2954108715057373 1452
1.2954120635986328 52
1.2971808910369873 1452
1.2971820831298828 1452
1.2971820831298828 1452
1.2971858978271484 1452
1.2971899509429932 1452
1.2971909046173096 1452
1.2987260818481445 1452
1.298727035522461 1452
1.2987570762634277 1452
1.2989380359649658 1452
1.3011598587036133 1452
1.3011610507965088 1452
1.301171064376831 1452
1.3011720180511475 1452
1.3030140399932861 1452
1.3030149936676025 1452
1.3030200004577637 1452
1.303022861480713 1452
1.3050310611724854 1452
1.3050320148468018 1452
1.3050479888916016 1452
1.305048942565918 1452
1.3050498962402344 1452
1.3050510883331299 1452
1.3065879344940186 1452
1.306588888168335 1452
1.3065950870513916 1452
1.3085360527038574 1452
1.3085370063781738 1452
1.3085379600524902 1452
1.308539867401123 1452
1.3085410594940186 1452
1.310426950454712 1452
1.3104279041290283 1452
1.3104310035705566 1452
1.3104310035705566 1452
1.310431957244873 1452
1.3104329109191895 1452
1.312514066696167 1452
1.312514066696167 1452
1.3125150203704834 1452
1.3125159740447998 1452
1.314450979232788 1452
1.3144519329071045 1452
1.3144540786743164 1452
1.3144550323486328 1452
1.316248893737793 1452
1.316248893737793 1452
1.3162548542022705 1452
1.3182308673858643 1452
1.3182320594787598 1452
1.3182320594787598 1452
1.318234920501709 1452
1.3182358741760254 1452
1.320167064666748 1452
1.3201680183410645 1452
1.3201680183410645 1452
1.3201699256896973 1452
1.3201708793640137 1452
1.3220930099487305 1452
1.3220939636230469 1452
1.3220970630645752 1452
1.3220980167388916 1452
1.323796033859253 1452
1.323796033859253 1452
1.3237979412078857 1452
1.3237979412078857 1452
1.325861930847168 1452
1.325861930847168 1452
1.3258628845214844 1452
1.3258628845214844 1452
1.3277058601379395 1452
1.3277058601379395 1452
1.327707052230835 1452
1.327707052230835 1452
1.329442024230957 1452
1.3294429779052734 1452
1.3294448852539062 1452
1.3294448852539062 1452
1.3294470310211182 1452
1.3294470310211182 1452
1.3299310207366943 1452
1.331176996231079 1452
1.3311798572540283 1452
1.3311810493469238 1452
1.3311810493469238 1452
1.3311820030212402 1452
1.3332479000091553 1452
1.3332479000091553 1452
1.335223913192749 1452
1.335223913192749 1452
1.3352248668670654 1452
1.3352270126342773 1452
1.3352270126342773 1452
1.3352279663085938 1452
1.3352279663085938 1452
1.3370909690856934 1452
1.3370909690856934 1452
1.3370919227600098 1452
1.3370928764343262 1452
1.337095022201538 1452
1.337095022201538 1452
1.3388919830322266 1452
1.3388919830322266 1452
1.338892936706543 1452
1.338892936706543 1452
1.3388950824737549 1452
1.3388950824737549 1452
1.3408939838409424 1452
1.3408939838409424 1452
1.3408949375152588 1452
1.3408949375152588 1452
1.3408970832824707 1452
1.3408970832824707 1452
1.340898036956787 1452
1.3427739143371582 1452
1.3427770137786865 1452
1.3427770137786865 1452
1.342777967453003 1452
1.3427789211273193 1452
1.3427798748016357 1452
1.3445799350738525 1452
1.3445830345153809 1452
1.3445830345153809 1452
1.3445839881896973 1452
1.3445849418640137 1452
1.3467049598693848 1452
1.3467059135437012 1452
1.3467090129852295 1452
1.346709966659546 1452
1.3483200073242188 1452
1.3483200073242188 1452
1.348322868347168 1452
1.348322868347168 1452
1.3504040241241455 1452
1.350404977798462 1452
1.352388858795166 1452
1.3523900508880615 1452
1.352391004562378 1452
1.3523919582366943 1452
1.352396011352539 1452
1.352396011352539 1452
1.354193925857544 1452
1.354193925857544 1452
1.3555018901824951 1452
1.3555018901824951 1452
1.3555018901824951 1452
1.3555030822753906 1452
1.3568620681762695 1452
1.3568620681762695 1452
1.392164945602417 1452
1.3921658992767334 1452
1.3921680450439453 1452
1.3942339420318604 1452
1.3942370414733887 1452
1.394239902496338 1452
1.3942430019378662 1452
1.3942439556121826 1452
1.3942439556121826 1452
1.3962819576263428 1452
1.3962838649749756 1452
1.3962838649749756 1452
1.3962860107421875 1452
1.3962860107421875 1452
1.3984229564666748 1452
1.3984229564666748 1452
1.3984260559082031 1452
1.3984260559082031 1452
1.398427963256836 1452
1.3984289169311523 1452
1.3984298706054688 1452
1.3984310626983643 1452
1.3984320163726807 1452
1.4008939266204834 1452
1.4008970260620117 1452
1.400907039642334 1452
1.4009099006652832 1452
1.4009239673614502 1452
1.4009249210357666 1452
1.4009320735931396 1452
1.4009339809417725 1452
1.4027609825134277 1452
1.4027628898620605 1452
1.4027678966522217 1452
1.4027700424194336 1452
1.4027788639068604 1452
1.4027810096740723 1452
1.4027860164642334 1452
1.4046659469604492 1452
1.4046669006347656 1452
1.4046669006347656 1452
1.404670000076294 1452
1.404670000076294 1452
1.4046709537506104 1452
1.4046709537506104 1452
