1049836
0.0 40
1.0231921672821045 40
2.0482399463653564 40
3.0710439682006836 40
4.095690965652466 40
5.119105100631714 40
6.145528078079224 40
7.167057037353516 40
8.191041946411133 40
9.215084075927734 40
10.240086078643799 40
11.26326608657837 40
12.288051128387451 40
13.311851024627686 40
14.335040092468262 40
15.358940124511719 40
16.38302993774414 40
17.407073974609375 40
18.430793046951294 40
19.455137968063354 40
20.478673934936523 40
21.504421949386597 40
22.527040004730225 40
23.55105495452881 40
24.576030015945435 40
25.600083112716675 40
26.622887134552002 40
27.64797306060791 40
28.67098116874695 40
29.69504714012146 40
30.720124006271362 40
31.742947101593018 40
32.76783013343811 40
33.03141808509827 1452
33.03141808509827 1452
33.032103061676025 1452
33.033008098602295 1452
33.03401803970337 1452
33.03524303436279 1452
33.03669309616089 1452
33.0372371673584 1452
33.03779411315918 1452
33.038341999053955 1452
33.03889298439026 1452
33.03943610191345 1452
33.03943610191345 172
33.041808128356934 1452
33.041808128356934 1452
33.04235100746155 1452
33.0428900718689 1452
33.04342794418335 1452
33.04493808746338 1452
33.04493808746338 1452
33.08396911621094 1452
33.140422105789185 1452
33.14092397689819 1452
33.14187002182007 1452
33.14237713813782 1452
33.142884969711304 1452
33.15672516822815 1452
33.17007899284363 1452
33.18897199630737 1452
33.25580596923828 1452
33.25679397583008 1452
33.25679397583008 1452
33.257445096969604 1452
33.257445096969604 1452
33.257445096969604 1452
33.258748054504395 1452
33.27098107337952 1452
33.27098107337952 1452
33.2720000743866 1452
33.27268099784851 1452
33.28458905220032 1452
33.28458905220032 1452
33.28618001937866 1452
33.29861903190613 1452
33.29861903190613 1452
33.31219816207886 1452
33.31272315979004 1452
33.31272315979004 1452
33.32555794715881 1452
33.33904814720154 1452
33.33940505981445 1452
33.35261797904968 1452
33.353049993515015 1452
33.365983963012695 1452
33.365983963012695 1452
33.36804413795471 1452
33.36804413795471 1452
33.36804413795471 1452
33.36839294433594 1452
33.36948204040527 1452
33.36948204040527 1452
33.37057113647461 1452
33.37057113647461 1452
33.38032507896423 1452
33.38032507896423 1452
33.38158297538757 1452
33.38158297538757 1452
33.382734060287476 1452
33.38405799865723 1452
33.384921073913574 1452
33.386017084121704 1452
33.387017011642456 1452
33.388023138046265 1452
33.388023138046265 1452
33.389405965805054 1452
33.389405965805054 1452
33.3901891708374 1452
33.3901891708374 1452
33.39109706878662 1452
33.3914909362793 1452
33.39472007751465 1452
33.396093130111694 1452
33.39735698699951 1452
33.398983001708984 1452
33.398983001708984 1452
33.398983001708984 1452
33.4000289440155 1452
33.400822162628174 1452
33.4019250869751 1452
33.4019250869751 1452
33.40300798416138 1452
33.40300798416138 1452
33.40400695800781 1452
33.40400695800781 1452
33.40540909767151 1452
33.40617895126343 1452
33.40617895126343 1452
33.40799117088318 1452
33.410006046295166 1452
33.4110209941864 1452
33.41198706626892 1452
33.41237998008728 1452
33.41332197189331 1452
33.41382193565369 1452
33.41394805908203 1452
33.41503310203552 1452
33.41675400733948 1452
33.41675400733948 1452
33.41687607765198 1452
33.4180121421814 1452
33.4180121421814 1452
33.41900706291199 1452
33.42062211036682 1452
33.42062211036682 1452
33.421385049819946 1452
33.421385049819946 1452
33.42251801490784 1452
33.42289900779724 1452
33.42289900779724 1452
33.423994064331055 1452
33.423994064331055 1452
33.425004959106445 1452
33.425004959106445 1452
33.426515102386475 1452
33.42742204666138 1452
33.42742204666138 1452
33.42852306365967 1452
33.42852306365967 1452
33.429299116134644 1452
33.43009805679321 1452
33.43009805679321 1452
33.430999994277954 1452
33.431825160980225 1452
33.432244062423706 1452
33.432647943496704 1452
33.43408012390137 1452
33.43408012390137 1452
33.435652017593384 1452
33.435652017593384 1452
33.436700105667114 1452
33.436700105667114 1452
33.43776297569275 1452
33.44020104408264 1452
33.44131016731262 1452
33.44185996055603 1452
33.443033933639526 1452
33.443033933639526 1452
33.44358205795288 1452
33.44413614273071 1452
33.44450616836548 1452
33.44526505470276 1452
33.4457311630249 1452
33.446670055389404 1452
33.44790315628052 1452
33.44790315628052 1452
33.44887614250183 1452
33.4492609500885 1452
33.45110607147217 1452
33.45123600959778 1452
33.45259714126587 1452
33.45259714126587 1452
33.45387411117554 1452
33.45387411117554 1452
33.45497107505798 1452
33.45497107505798 1452
33.456387996673584 1452
33.457499980926514 1452
33.457499980926514 1452
33.45864415168762 1452
33.45960807800293 1452
33.45960807800293 1452
33.4610960483551 1452
33.46207094192505 1452
33.462533950805664 1452
33.462533950805664 1452
33.46359705924988 1452
33.464399099349976 1452
33.4659149646759 1452
33.4659149646759 1452
33.4659149646759 1452
33.46696901321411 1452
33.46696901321411 1452
33.46879696846008 1452
33.46879696846008 1452
33.46952199935913 1452
33.46952199935913 1452
33.470338106155396 1452
33.47072696685791 1452
33.471538066864014 1452
33.47301697731018 1452
33.47301697731018 1452
33.47419500350952 1452
33.47531700134277 1452
33.47641897201538 1452
33.47641897201538 1452
33.477527141571045 1452
33.477527141571045 1452
33.47853994369507 1452
33.479645013809204 1452
33.479645013809204 1452
33.48084998130798 1452
33.48184299468994 1452
33.48335599899292 1452
33.48335599899292 1452
33.48433995246887 1452
33.48489999771118 1452
33.48489999771118 1452
33.48599410057068 1452
33.48647713661194 1452
33.487447023391724 1452
33.488471031188965 1452
33.488471031188965 1452
33.48946809768677 1452
33.49046611785889 1452
33.49046611785889 1452
33.49146795272827 1452
33.491950035095215 1452
33.49295210838318 1452
33.49295210838318 1452
33.49393701553345 1452
33.49393701553345 1452
33.494927167892456 1452
33.494927167892456 1452
33.49579405784607 1452
33.49579405784607 1452
33.49700403213501 1452
33.49809193611145 1452
33.49809193611145 1452
33.499303102493286 1452
33.500219106674194 1452
33.50029110908508 1452
33.50029110908508 1452
33.501956939697266 1452
33.502416133880615 1452
33.502416133880615 1452
33.503623962402344 1452
33.503623962402344 1452
33.50462007522583 1452
33.50462007522583 1452
33.506109952926636 1452
33.506109952926636 1452
33.50709414482117 1452
33.50709414482117 1452
33.508079051971436 1452
33.509106159210205 1452
33.509106159210205 1452
33.510087966918945 1452
33.510581970214844 1452
33.511728048324585 1452
33.511728048324585 1452
33.51219916343689 1452
33.512686014175415 1452
33.51348114013672 1452
33.51475715637207 1452
33.51475715637207 1452
33.51586699485779 1452
33.51586699485779 1452
33.51695394515991 1452
33.51695394515991 1452
33.51793599128723 1452
33.51793599128723 1452
33.52009606361389 1452
33.520591020584106 1452
33.52106714248657 1452
33.522560119628906 1452
33.522560119628906 1452
33.52365493774414 1452
33.52475714683533 1452
33.52475714683533 1452
33.52575898170471 1452
33.52575898170471 1452
33.526865005493164 1452
33.526865005493164 1452
33.527897119522095 1452
33.52889800071716 1452
33.52889800071716 1452
33.530009031295776 1452
33.530009031295776 1452
33.53101706504822 1452
33.532407999038696 1452
33.533287048339844 1452
33.53455305099487 1452
33.53455305099487 1452
33.53550410270691 1452
33.53675198554993 1452
33.537758111953735 1452
33.537758111953735 1452
33.538859128952026 1452
33.538859128952026 1452
33.54185914993286 1452
33.54221510887146 1452
33.54269814491272 1452
33.543148040771484 1452
33.54408597946167 1452
33.54457402229309 1452
33.54505515098572 1452
33.54553008079529 1452
33.545979022979736 1452
33.54645800590515 1452
33.54723596572876 1452
33.549095153808594 1452
33.550002098083496 1452
33.55103516578674 1452
33.551491022109985 1452
33.55197095870972 1452
33.552956104278564 1452
33.552956104278564 1452
33.553980112075806 1452
33.553980112075806 1452
33.554957151412964 1452
33.554957151412964 1452
33.555997133255005 1452
33.556458950042725 1452
33.55832600593567 1452
33.55832600593567 1452
33.55931615829468 1452
33.55931615829468 1452
33.560312032699585 1452
33.560312032699585 1452
33.56235408782959 1452
33.56282997131348 1452
33.564209938049316 1452
33.564209938049316 1452
33.56517004966736 1452
33.56517004966736 1452
33.56616401672363 1452
33.56616401672363 1452
33.56716203689575 1452
33.56815814971924 1452
33.56815814971924 1452
33.56935095787048 1452
33.56935095787048 1452
33.570034980773926 1452
33.571447134017944 1452
33.571447134017944 1452
33.572540044784546 1452
33.572540044784546 1452
33.574432134628296 1452
33.576066970825195 1452
33.576066970825195 1452
33.57704710960388 1452
33.57704710960388 1452
33.57803297042847 1452
33.57803297042847 1452
33.579060077667236 1452
33.579060077667236 1452
33.58015203475952 1452
33.58015203475952 1452
33.581321001052856 1452
33.58198595046997 1452
33.582038164138794 1452
33.582579135894775 1452
33.58344316482544 1452
33.58344316482544 1452
33.58452105522156 1452
33.58550810813904 1452
33.58550810813904 1452
33.58650803565979 1452
33.58705806732178 1452
33.58804106712341 1452
33.58804106712341 1452
33.58906602859497 1452
33.58906602859497 1452
33.590059995651245 1452
33.592002153396606 1452
33.59241509437561 1452
33.5931761264801 1452
33.59357404708862 1452
33.594436168670654 1452
33.594436168670654 1452
33.59560513496399 1452
33.59655499458313 1452
33.59655499458313 1452
33.59790015220642 1452
33.59932994842529 1452
33.59998798370361 1452
33.60101103782654 1452
33.60101103782654 1452
33.60297393798828 1452
33.60342001914978 1452
33.60440015792847 1452
33.60548710823059 1452
33.60548710823059 1452
33.60659313201904 1452
33.607598066329956 1452
33.608097076416016 1452
33.60909605026245 1452
33.610065937042236 1452
33.610065937042236 1452
33.61258602142334 1452
33.613089084625244 1452
33.61502408981323 1452
33.61542797088623 1452
33.6157500743866 1452
33.617449045181274 1452
33.617449045181274 1452
33.618452072143555 1452
33.618901014328 1452
33.62000513076782 1452
33.6203510761261 1452
33.621453046798706 1452
33.62180805206299 1452
33.6221661567688 1452
33.622987031936646 1452
33.622987031936646 1452
33.62446212768555 1452
33.62555813789368 1452
33.62665796279907 1452
33.62804412841797 1452
33.62804412841797 1452
33.6292200088501 1452
33.6292200088501 1452
33.63025212287903 1452
33.63057494163513 1452
33.631561040878296 1452
33.63391709327698 1452
33.63391709327698 1452
33.63391709327698 1452
33.63391709327698 1452
33.63502216339111 1452
33.63502216339111 1452
33.63604116439819 1452
33.63604116439819 1452
33.63786005973816 1452
33.63786005973816 1452
33.639322996139526 1452
33.64056897163391 1452
33.64056897163391 1452
33.6416699886322 1452
33.6416699886322 1452
33.642837047576904 1452
33.643269062042236 1452
33.64417099952698 1452
33.64501404762268 1452
33.64501404762268 1452
33.64601111412048 1452
33.64715909957886 1452
33.64715909957886 1452
33.647814989089966 1452
33.64896106719971 1452
33.64896106719971 1452
33.6499810218811 1452
33.6499810218811 1452
33.6499810218811 1452
33.65097999572754 1452
33.65097999572754 1452
33.65128993988037 1452
33.65200614929199 1452
33.65200614929199 1452
33.653053998947144 1452
33.653053998947144 1452
33.65404510498047 1452
33.65404510498047 1452
33.65504693984985 1452
33.65544104576111 1452
33.65706515312195 1452
33.65706515312195 1452
33.65890097618103 1452
33.65890097618103 1452
33.65994095802307 1452
33.660884141922 1452
33.663613080978394 1452
33.66498398780823 1452
33.66498398780823 1452
33.66603398323059 1452
33.66603398323059 1452
33.667022943496704 1452
33.668517112731934 1452
33.669618129730225 1452
33.669618129730225 1452
33.670730113983154 1452
33.672922134399414 1452
33.67330193519592 1452
33.67330193519592 1452
33.67461895942688 1452
33.67461895942688 1452
33.67581605911255 1452
33.67620897293091 1452
33.67659401893616 1452
33.67751216888428 1452
33.67861199378967 1452
33.67900800704956 1452
33.67939114570618 1452
33.68018412590027 1452
33.68181610107422 1452
33.68181610107422 1452
33.68280601501465 1452
33.68359398841858 1452
33.6839599609375 1452
33.685014963150024 1452
33.6863579750061 1452
33.68763303756714 1452
33.68872594833374 1452
33.689805030822754 1452
33.689805030822754 1452
33.69100499153137 1452
33.692070960998535 1452
33.692070960998535 1452
33.693077087402344 1452
33.69411516189575 1452
33.69510793685913 1452
33.69551610946655 1452
33.69654607772827 1452
33.69654607772827 1452
33.69769215583801 1452
33.69769215583801 1452
33.699788093566895 1452
33.699788093566895 1452
33.699788093566895 1452
33.699788093566895 1452
33.70087003707886 1452
33.70087003707886 1452
33.702239990234375 1452
33.70296812057495 1452
33.70296812057495 1452
33.70425009727478 1452
33.70535206794739 1452
33.70535206794739 1452
33.70672416687012 1452
33.70672416687012 1452
33.707261085510254 1452
33.70764994621277 1452
33.70885896682739 1452
33.70885896682739 1452
33.7099609375 1452
33.7099609375 1452
33.711053133010864 1452
33.711053133010864 1452
33.71217203140259 1452
33.71217203140259 1452
33.713266134262085 1452
33.715280055999756 1452
33.71558213233948 1452
33.71558213233948 1452
33.71670603752136 1452
33.71670603752136 1452
33.717560052871704 1452
33.717560052871704 1452
33.718892097473145 1452
33.718892097473145 1452
33.719995975494385 1452
33.719995975494385 1452
33.721107959747314 1452
33.72167897224426 1452
33.72367215156555 1452
33.72367215156555 1452
33.726588010787964 1452
33.726588010787964 1452
33.72773313522339 1452
33.72773313522339 1452
33.728880167007446 1452
33.728880167007446 1452
33.729833126068115 1452
33.729833126068115 1452
33.73106098175049 1452
33.73106098175049 1452
33.732836961746216 1452
33.732836961746216 1452
33.733798027038574 1452
33.734787940979004 1452
33.735790967941284 1452
33.735790967941284 1452
33.73678207397461 1452
33.73678207397461 1452
33.738394021987915 1452
33.738394021987915 1452
33.73887896537781 1452
33.73887896537781 1452
33.740139961242676 1452
33.740139961242676 1452
33.740915060043335 1452
33.740915060043335 1452
33.74130415916443 1452
33.741652965545654 1452
33.74204206466675 1452
33.74295115470886 1452
33.743927001953125 1452
33.74439811706543 1452
33.74489998817444 1452
33.745397090911865 1452
33.74640703201294 1452
33.74694800376892 1452
33.74731206893921 1452
33.74770212173462 1452
33.74809503555298 1452
33.74849796295166 1452
33.74849796295166 1452
33.74925494194031 1452
33.75040602684021 1452
33.75040602684021 1452
33.75191402435303 1452
33.75191402435303 1452
33.75278997421265 1452
33.75374698638916 1452
33.75496697425842 1452
33.75553512573242 1452
33.75608515739441 1452
33.7566339969635 1452
33.7566339969635 1452
33.75793409347534 1452
33.75793409347534 1452
33.75870895385742 1452
33.75870895385742 1452
33.75925898551941 1452
33.759824991226196 1452
33.760375022888184 1452
33.760375022888184 1452
33.761964082717896 1452
33.76367902755737 1452
33.76367902755737 1452
33.76453614234924 1452
33.765743017196655 1452
33.76671314239502 1452
33.76671314239502 1452
33.76770210266113 1452
33.76770210266113 1452
33.768731117248535 1452
33.76983094215393 1452
33.76983094215393 1452
33.77091908454895 1452
33.77091908454895 1452
33.773686170578 1452
33.775676012039185 1452
33.775676012039185 1452
33.77667808532715 1452
33.77667808532715 1452
33.777671098709106 1452
33.777671098709106 1452
33.778669118881226 1452
33.778669118881226 1452
33.779667139053345 1452
33.779667139053345 1452
33.78066611289978 1452
33.78066611289978 1452
33.78172707557678 1452
33.78172707557678 1452
33.782719135284424 1452
33.78566312789917 1452
33.78667116165161 1452
33.78667116165161 1452
33.787644147872925 1452
33.78864502906799 1452
33.78864502906799 1452
33.789639949798584 1452
33.789639949798584 1452
33.7906379699707 1452
33.7906379699707 1452
33.79263210296631 1452
33.79363012313843 1452
33.79363012313843 1452
33.794634103775024 1452
33.794634103775024 1452
33.79593896865845 1452
33.79703402519226 1452
33.797999143600464 1452
33.800196170806885 1452
33.801011085510254 1452
33.80140805244446 1452
33.802103996276855 1452
33.802103996276855 1452
33.80302715301514 1452
33.80394196510315 1452
33.80394196510315 1452
33.804945945739746 1452
33.804945945739746 1452
33.80601215362549 1452
33.80601215362549 1452
33.80705213546753 1452
33.80705213546753 1452
33.80818200111389 1452
33.80818200111389 1452
33.80965805053711 1452
33.80965805053711 1452
33.81081509590149 1452
33.81081509590149 1452
33.81138014793396 1452
33.811944007873535 1452
33.81249713897705 1452
33.813958168029785 1452
33.813958168029785 1452
33.81417107582092 1452
33.81556415557861 1452
33.81592512130737 1452
33.81701111793518 1452
33.817567110061646 1452
33.81779408454895 1452
33.81870698928833 1452
33.81906008720398 1452
33.819905042648315 1452
33.821027994155884 1452
33.821577072143555 1452
33.82209801673889 1452
33.82209801673889 1452
33.82264494895935 1452
33.82374310493469 1452
33.824289083480835 1452
33.824289083480835 1452
33.826045989990234 1452
33.826045989990234 1452
33.82702612876892 1452
33.827468156814575 1452
33.82840013504028 1452
33.82840013504028 1452
33.8293890953064 1452
33.8293890953064 1452
33.83041214942932 1452
33.83041214942932 1452
33.83155608177185 1452
33.83155608177185 1452
33.833786964416504 1452
33.833786964416504 1452
33.833786964416504 1452
33.833786964416504 1452
33.83472204208374 1452
33.83472204208374 1452
33.835829973220825 1452
33.83791708946228 1452
33.83791708946228 1452
33.83791708946228 1452
33.83791708946228 1452
33.83897304534912 1452
33.83897304534912 1452
33.8399760723114 1452
