1049680
0.0 1440
9.5367431640625e-07 1440
0.0016369819641113281 1440
0.004520893096923828 1440
0.009238958358764648 1440
0.01135396957397461 1440
0.011354923248291016 1440
0.01614689826965332 1440
0.019021034240722656 1440
0.023283958435058594 1440
0.025810956954956055 1440
0.025812864303588867 1440
0.029901981353759766 1440
0.031646013259887695 1440
0.03579592704772949 1440
0.038292884826660156 1440
0.04030895233154297 1440
0.043434858322143555 1440
0.0451970100402832 1440
0.05104804039001465 1440
0.05330395698547363 1440
0.08698391914367676 1440
0.08698487281799316 1440
0.08698892593383789 1440
0.08699393272399902 1440
0.08699893951416016 1440
0.08700299263000488 1440
0.08700394630432129 1440
0.08700799942016602 1440
0.08951687812805176 1440
0.08952093124389648 1440
0.0895240306854248 1440
0.08952498435974121 1440
0.08952903747558594 1440
0.0913689136505127 1440
0.09474706649780273 1440
0.09821200370788574 1440
0.09821295738220215 1440
0.10327601432800293 1440
0.10476398468017578 1440
0.10828900337219238 1440
0.11187505722045898 1440
0.11188602447509766 1440
0.11637187004089355 1440
0.11937999725341797 1440
0.12168002128601074 1440
0.12506890296936035 1440
0.12879300117492676 1440
0.12879395484924316 1440
0.13132405281066895 1440
0.1354680061340332 1440
0.1392970085144043 1440
0.14128899574279785 1440
0.14273905754089355 1440
0.14505386352539062 1440
0.14713597297668457 1440
0.15002894401550293 1440
0.1530170440673828 1440
0.15301799774169922 1440
0.15599989891052246 1440
0.15764403343200684 1440
0.1593608856201172 1440
0.16302895545959473 1440
0.16302990913391113 1440
0.16653108596801758 1440
0.16803288459777832 1440
0.1712360382080078 1440
0.17363905906677246 1440
0.17364001274108887 1440
0.1753549575805664 1440
0.17767596244812012 1440
0.18152093887329102 1440
0.18528103828430176 1440
0.18528485298156738 1440
0.18675994873046875 1440
0.18927788734436035 1440
0.19176506996154785 1440
0.19338202476501465 1440
0.19571208953857422 1440
0.19717097282409668 1440
0.19898486137390137 1440
0.20122289657592773 1440
0.2067110538482666 1440
0.20671391487121582 1440
0.20671486854553223 1440
0.20946598052978516 1440
0.21326804161071777 1440
0.21743392944335938 1440
0.2174360752105713 1440
0.2174370288848877 1440
0.22325396537780762 1440
0.22325587272644043 1440
0.22561001777648926 1440
0.22670292854309082 1440
0.23261189460754395 1440
0.23261308670043945 1440
0.23339486122131348 1440
0.2349388599395752 1440
0.2369370460510254 1440
0.23944306373596191 1440
0.24065899848937988 1440
0.24274587631225586 1440
0.24556994438171387 1440
0.24735689163208008 1440
0.25006794929504395 1440
0.25154995918273926 1440
0.2531399726867676 1440
0.25808286666870117 1440
0.27133989334106445 1440
0.2713439464569092 1440
0.2713470458984375 1440
0.2713499069213867 1440
0.27135205268859863 1440
0.27135205268859863 1440
0.27391695976257324 1440
0.2971339225769043 1440
0.2971370220184326 1440
0.29713892936706543 1440
0.29714107513427734 1440
0.29714202880859375 1440
0.29714393615722656 1440
0.2971470355987549 1440
0.2971479892730713 1440
0.2971510887145996 1440
0.297152042388916 1440
0.2971529960632324 1440
0.30106401443481445 1440
0.30120205879211426 1440
0.3036229610443115 1440
0.3046278953552246 1440
0.30706286430358887 1440
0.4713900089263916 1440
0.4713928699493408 1440
0.47139692306518555 1440
0.47139906883239746 1440
0.4714059829711914 1440
0.47141194343566895 1440
0.47141599655151367 1440
0.4714188575744629 1440
0.4714200496673584 1440
0.471423864364624 1440
0.47142696380615234 1440
0.47197890281677246 1440
0.4719839096069336 1440
0.47199296951293945 1440
0.4719960689544678 1440
0.4719998836517334 1440
0.47200489044189453 1440
0.47201108932495117 1440
0.4720170497894287 1440
0.4720180034637451 1440
0.47202301025390625 1440
0.47260499000549316 1440
0.47260594367980957 1440
0.4726090431213379 1440
0.48266005516052246 1440
0.4826629161834717 1440
0.4826650619506836 1440
0.482666015625 1440
0.4826669692993164 1440
0.4826688766479492 1440
0.48267292976379395 1440
0.48421502113342285 1440
0.48802900314331055 1440
0.4918849468231201 1440
0.4918849468231201 1440
0.4949679374694824 1440
0.4975168704986572 1440
0.5003790855407715 1440
0.5055198669433594 1440
0.5075600147247314 1440
0.5085420608520508 1440
0.5109329223632812 1440
0.5147929191589355 1440
0.5184509754180908 1440
0.5210609436035156 1440
0.5227980613708496 1440
0.5262050628662109 1440
0.5295159816741943 1440
0.5343759059906006 1440
0.5358610153198242 1440
0.5358619689941406 1440
0.5387990474700928 1440
0.5424809455871582 1440
0.546422004699707 1440
0.5496320724487305 1440
0.5496320724487305 1440
0.5538580417633057 1440
0.5565729141235352 1440
0.5590898990631104 1440
0.5624110698699951 1440
0.5640380382537842 1440
0.591886043548584 1440
0.5918898582458496 1440
0.5918920040130615 1440
0.5918970108032227 1440
0.5918998718261719 1440
0.5919010639190674 1440
0.5919029712677002 1440
0.5919079780578613 1440
0.5922698974609375 1440
0.594275951385498 1440
0.5950429439544678 1440
0.599531888961792 1440
0.6004159450531006 1440
0.6046209335327148 1440
0.6084120273590088 1440
0.6091840267181396 1440
0.6362018585205078 1440
0.6362040042877197 1440
0.6362059116363525 1440
0.6362080574035645 1440
0.6362090110778809 1440
0.6362109184265137 1440
0.6362130641937256 1440
0.6362900733947754 1440
0.6366848945617676 1440
0.6366848945617676 1440
0.6393189430236816 1440
0.641394853591919 1440
0.6452109813690186 1440
0.6496679782867432 1440
0.6525020599365234 1440
0.6525030136108398 1440
0.6550679206848145 1168
0.6684808731079102 40
0.9535150527954102 1440
0.9596269130706787 1440
0.9596278667449951 1336
0.960568904876709 1440
0.9622700214385986 1440
0.9635119438171387 1336
0.9656410217285156 1440
0.967108964920044 1440
0.968656063079834 1336
0.9694778919219971 1440
0.9783298969268799 1440
0.9783298969268799 1336
0.9783320426940918 1440
0.978334903717041 1440
0.978334903717041 1336
1.00136399269104 1440
1.0013649463653564 1440
1.0013680458068848 1336
1.0013699531555176 1440
1.0013718605041504 1440
1.0013740062713623 1336
1.0013749599456787 1440
1.0013759136199951 1440
1.0013790130615234 1336
1.0013799667358398 1440
1.0013818740844727 1440
1.0013830661773682 1336
1.0013840198516846 1440
1.0013868808746338 1440
1.0013868808746338 1440
1.001389980316162 1440
1.0013909339904785 1440
1.0069198608398438 1440
1.0069210529327393 1440
1.0086019039154053 1440
1.0086040496826172 1440
1.0086050033569336 1440
1.0101978778839111 1440
1.0112719535827637 1440
1.013597011566162 1440
1.0170769691467285 1440
1.017077922821045 1440
1.0176808834075928 1440
1.0186278820037842 1440
1.0222458839416504 1440
1.0229029655456543 1440
1.0243010520935059 1440
1.0262360572814941 1440
1.0268340110778809 1440
1.0300920009613037 1440
1.0300929546356201 1440
1.031425952911377 1440
1.0333728790283203 1440
1.034296989440918 1440
1.0372428894042969 1440
1.0409789085388184 1440
1.042283058166504 1440
1.0422840118408203 1440
1.0429890155792236 1440
1.0453860759735107 1440
1.0476329326629639 1440
1.0482919216156006 1440
1.048292875289917 1440
1.0502450466156006 1440
1.0541250705718994 1440
1.0542919635772705 1440
1.0556859970092773 1440
1.0565030574798584 1440
1.0587260723114014 1440
1.0600640773773193 1440
1.0618109703063965 1440
1.0647459030151367 1440
1.0647459030151367 1440
1.066148042678833 1440
1.068917989730835 1440
1.0704169273376465 1440
1.0726828575134277 1440
1.082679033279419 1440
1.0826799869537354 1440
1.0826818943023682 1440
1.0826830863952637 1440
1.1048710346221924 1440
1.1048729419708252 1440
1.1048738956451416 1440
1.1048738956451416 1440
1.1048760414123535 1440
1.1048779487609863 1440
1.1048779487609863 1440
1.1048789024353027 1440
1.1048798561096191 1440
1.1048810482025146 1440
1.1048829555511475 1440
1.1048839092254639 1440
1.1048848628997803 1440
1.1048860549926758 1440
1.1048860549926758 1440
1.104888916015625 1440
1.1086900234222412 1440
1.108691930770874 1440
1.1086928844451904 1440
1.108694076538086 1440
1.110058069229126 1440
1.111464023590088 1440
1.1133570671081543 1440
1.1152069568634033 1440
1.1166560649871826 1440
1.1193158626556396 1440
1.121079921722412 1440
1.1232149600982666 1440
1.123215913772583 1440
1.1258599758148193 1440
1.1268219947814941 1440
1.1301369667053223 1440
1.1324028968811035 1440
1.132404088973999 1440
1.1336710453033447 1440
1.1354560852050781 1440
1.1387319564819336 1440
1.1392159461975098 1440
1.1394810676574707 1440
1.14388108253479 1440
1.1438829898834229 1440
1.147265911102295 1440
1.1486308574676514 1440
1.1486320495605469 1440
1.1509079933166504 1440
1.154646873474121 1440
1.154649019241333 1440
1.155358076095581 1440
1.1569569110870361 1440
1.1578819751739502 1440
1.1601169109344482 1440
1.166477918624878 1440
1.1664800643920898 1440
1.1664810180664062 1440
1.1664819717407227 1440
1.167768955230713 1440
1.1682450771331787 1440
1.170590877532959 1440
1.17274808883667 1440
1.17274808883667 1440
1.1744639873504639 1440
1.1763200759887695 1440
1.1783239841461182 1440
1.1806919574737549 1440
1.1806919574737549 1440
1.1822738647460938 1440
1.1840229034423828 1440
1.1878340244293213 1440
1.1899430751800537 1440
1.1899440288543701 1440
1.1905648708343506 1440
1.1933190822601318 1440
1.1933200359344482 1440
1.1933200359344482 1440
1.1934030055999756 1440
1.194882869720459 1440
1.196126937866211 1440
1.1963238716125488 1440
1.1978800296783447 1440
1.1985929012298584 1440
1.2002010345458984 1440
1.2002019882202148 1440
1.2002899646759033 1440
1.2017979621887207 1440
1.2046589851379395 1440
1.2046599388122559 1440
1.2053959369659424 1440
1.2053968906402588 1440
1.2056770324707031 1440
1.2074010372161865 1440
1.2075538635253906 1440
1.213284969329834 1440
1.2132859230041504 1440
1.2132859230041504 1440
1.2165000438690186 1440
1.219541072845459 1440
1.2195420265197754 1440
1.2195420265197754 1440
1.2195420265197754 1440
1.2195429801940918 1440
1.2195429801940918 1440
1.2195429801940918 1440
1.2195439338684082 1440
1.2195439338684082 1440
1.2200369834899902 1440
1.221553087234497 1440
1.2215540409088135 1440
1.2223329544067383 1440
1.223602056503296 1440
1.224318027496338 1440
1.2252159118652344 1440
1.225342035293579 1440
1.2285149097442627 1440
1.228515863418579 1440
1.228515863418579 1440
1.2285170555114746 1440
1.2300379276275635 1440
1.2309138774871826 1440
1.2315559387207031 1440
1.233130931854248 1440
1.23313307762146 1440
1.233670949935913 1440
1.2347290515899658 1440
1.235610008239746 1440
1.236372947692871 1440
1.2363739013671875 1440
1.2378590106964111 1440
1.2393519878387451 1440
1.239353895187378 1440
1.2408230304718018 1440
1.2408239841461182 1440
1.2413969039916992 1440
1.2430510520935059 1440
1.2435929775238037 1440
1.246924877166748 1440
1.2469260692596436 1440
1.24692702293396 1440
1.2478270530700684 1440
1.2478280067443848 1440
1.2482900619506836 1440
1.2484169006347656 1440
1.2493360042572021 1440
1.2508649826049805 1440
1.2509770393371582 1440
1.2515499591827393 1440
1.2524230480194092 1440
1.2538089752197266 1440
1.254492998123169 1440
1.2551519870758057 1440
1.2566120624542236 1440
1.25661301612854 1440
1.2574150562286377 1440
1.2586040496826172 1440
1.2586050033569336 1440
1.2595138549804688 1440
1.2609939575195312 1440
1.2623379230499268 1440
1.2623388767242432 1440
1.2624409198760986 1440
1.264056921005249 1440
1.2640578746795654 1440
1.2646229267120361 1440
1.2657499313354492 1440
1.2657508850097656 1440
1.2670328617095947 1440
1.267838954925537 1440
1.2693328857421875 1440
1.2696549892425537 1440
1.2711060047149658 1440
1.2719380855560303 1440
1.271939992904663 1440
1.2734620571136475 1440
1.2734639644622803 1440
1.2749900817871094 1440
1.2749910354614258 1440
1.27547287940979 1440
1.2766640186309814 1440
1.2802410125732422 1440
1.2802410125732422 1440
1.2803618907928467 1440
1.2836949825286865 1440
1.2854318618774414 1440
1.286496877670288 1440
1.2894229888916016 1440
1.2895619869232178 1440
1.2951829433441162 1440
1.2951829433441162 1440
1.2951838970184326 1440
1.2964389324188232 1440
1.2983620166778564 1440
1.2990210056304932 1440
1.3012678623199463 1440
1.3017160892486572 1440
1.327470064163208 1440
1.3274710178375244 1440
1.3274719715118408 1440
1.3274729251861572 1440
1.3274738788604736 1440
1.3274750709533691 1440
1.3274760246276855 1440
1.3274760246276855 1440
1.3274779319763184 1440
1.3274788856506348 1440
1.3274800777435303 1440
1.3293719291687012 1440
1.3307759761810303 1440
1.3338088989257812 1440
1.3354718685150146 1440
1.337702989578247 1440
1.34141206741333 1440
1.34141206741333 1440
1.3446009159088135 1440
1.3471848964691162 1440
1.3502740859985352 1440
1.5172910690307617 1440
1.519101858139038 1440
1.51910400390625 1440
1.5191068649291992 1440
1.5191118717193604 1440
1.5191130638122559 1440
1.5191149711608887 1440
1.5191199779510498 1440
1.5191209316253662 1440
1.5191259384155273 1440
1.5191280841827393 1440
1.5191309452056885 1440
1.5191349983215332 1440
1.5191378593444824 1440
1.5191409587860107 1440
1.5191428661346436 1440
1.5191450119018555 1440
1.5191469192504883 1440
1.5202949047088623 1440
1.5211949348449707 1440
1.5211989879608154 1440
1.5211989879608154 1440
1.5212020874023438 1440
1.521204948425293 1440
1.5212090015411377 1440
1.5212109088897705 1440
1.521211862564087 1440
1.5212140083312988 1440
1.5212159156799316 1440
1.5212199687957764 1440
1.5469350814819336 1440
1.5469350814819336 1440
1.5469369888305664 1440
1.5469379425048828 1440
1.5469388961791992 1440
1.5469410419464111 1440
1.5469419956207275 1440
1.546942949295044 1440
1.5469448566436768 1440
1.5469460487365723 1440
1.5585949420928955 1440
1.5585970878601074 1440
1.5586068630218506 1440
1.562520980834961 1440
1.5652029514312744 1440
1.568145990371704 1440
1.572253942489624 1440
1.572253942489624 1440
1.581326961517334 1440
1.5813279151916504 1440
1.5813310146331787 1440
1.5813329219818115 1440
1.5813570022583008 1440
1.5950870513916016 1440
1.595088005065918 1440
1.5950889587402344 1440
1.5960760116577148 1440
1.5960769653320312 1440
1.599776029586792 1440
1.6015870571136475 1440
1.6046669483184814 1440
1.6086249351501465 1440
1.6103289127349854 1440
1.6145808696746826 1440
1.6153628826141357 1440
1.6185739040374756 1440
1.6231350898742676 1440
1.6255979537963867 1440
1.6282410621643066 1440
1.6299278736114502 1440
1.6332290172576904 1440
1.6378700733184814 1440
1.6407840251922607 1440
1.6407849788665771 1440
1.6450660228729248 1440
1.6472668647766113 1440
1.6537199020385742 1440
1.6553590297698975 1440
1.6553599834442139 1440
1.6578090190887451 1440
1.661233901977539 440
1.67289400100708 40
1.9965178966522217 1440
2.0032169818878174 1440
2.00321888923645 1336
2.0062029361724854 1440
2.0095419883728027 1440
2.0139000415802 1336
2.0139060020446777 1440
2.019118070602417 1440
2.024035930633545 1336
2.024038076400757 1440
2.025413990020752 1440
2.0296499729156494 1336
2.0296518802642822 1440
2.0336039066314697 1440
2.035628080368042 1336
2.041149854660034 1440
2.0411529541015625 1440
2.0437960624694824 1336
2.0452370643615723 1440
2.0515968799591064 1440
2.054579019546509 1336
2.0545830726623535 1440
2.058007001876831 1440
2.0582799911499023 1336
2.065114974975586 1440
2.0669450759887695 1440
2.0684750080108643 1440
2.0732970237731934 1440
2.073298931121826 1440
2.0768039226531982 1440
2.079413890838623 1440
2.083432912826538 1440
2.0895519256591797 1440
2.089552879333496 1440
2.090204954147339 1440
2.0938639640808105 1440
2.0999770164489746 1440
2.0999789237976074 1440
2.1252799034118652 1440
2.125282049179077 1440
2.125938892364502 1440
2.125941038131714 1440
2.1259429454803467 1440
2.125946044921875 1440
2.1259469985961914 1440
2.1259498596191406 1440
2.125952959060669 1440
2.127429962158203 1440
2.1336090564727783 1440
2.1336100101470947 1440
2.135798931121826 1440
2.1372439861297607 1440
2.143079996109009 1440
2.1431069374084473 1440
2.1444509029388428 1440
2.14861798286438 1440
2.1504549980163574 1440
2.154162883758545 1440
2.1577608585357666 1440
2.157762050628662 1440
2.1618618965148926 1440
2.1649420261383057 1440
2.1701700687408447 1440
2.1716859340667725 1440
2.1735270023345947 1440
2.1748218536376953 1440
2.179497003555298 1440
2.182468891143799 1440
2.185459852218628 1440
2.189131021499634 1440
2.18913197517395 1440
2.1923930644989014 1440
2.1968109607696533 1440
2.198606014251709 1440
2.202547073364258 1440
2.2026970386505127 1440
2.2339210510253906 1440
2.2339279651641846 1440
2.2339329719543457 1440
2.2339389324188232 1440
2.233942985534668 1440
2.233949899673462 1440
2.233957052230835 1440
2.2352540493011475 1440
2.2352559566497803 1440
2.235257863998413 1440
2.2352609634399414 1440
2.2372260093688965 1440
2.242344856262207 1440
2.2436978816986084 1440
2.2454400062561035 1440
2.2468700408935547 1440
2.2519259452819824 1440
2.254154920578003 1440
2.2575149536132812 1440
2.26094388961792 1440
2.261133909225464 1440
2.2670860290527344 1440
2.269101858139038 1440
2.2756800651550293 1440
2.2756829261779785 1440
2.2756850719451904 1440
2.2780840396881104 1440
2.2824740409851074 1440
2.28444504737854 1440
2.288282871246338 1440
2.288421869277954 1440
2.292325973510742 1440
2.2954020500183105 1440
2.298513889312744 1440
2.3011488914489746 1440
2.304821014404297 1440
2.305039882659912 1440
2.3106849193573 1440
2.314321994781494 1440
2.3159189224243164 1440
2.319019079208374 1440
2.319020986557007 1440
2.3242318630218506 1440
2.3243579864501953 1440
2.3268959522247314 1440
2.331173896789551 1440
2.3311750888824463 1440
2.340190887451172 1440
2.3401949405670166 1440
2.3401970863342285 1440
2.340198040008545 1440
2.3401989936828613 1440
2.3402018547058105 1440
2.343043088912964 1440
