1048964
0.0 1460
9.5367431640625e-07 1460
1.9073486328125e-06 1460
1.9073486328125e-06 1460
3.0994415283203125e-06 1460
0.041249990463256836 1460
0.041249990463256836 1460
0.04125094413757324 1460
0.04125094413757324 1460
0.04125094413757324 1460
0.04125213623046875 1460
0.0429840087890625 1460
0.0429840087890625 1460
0.0429840087890625 1460
0.042984962463378906 1460
0.05853390693664551 1460
0.05853390693664551 1460
0.058535099029541016 1460
0.05853605270385742 1460
0.08064007759094238 1460
0.08064103126525879 1460
0.08064103126525879 1460
0.08064103126525879 1460
0.0806419849395752 1460
0.08223390579223633 1460
0.08223390579223633 1460
0.08223390579223633 1460
0.08223509788513184 1460
0.08223509788513184 1460
0.08421206474304199 1460
0.08421206474304199 1460
0.0842130184173584 1460
0.0842130184173584 1460
0.0842139720916748 1460
0.08421611785888672 1460
0.08421993255615234 1460
0.08512210845947266 1460
0.08512210845947266 1460
0.08512306213378906 1460
0.08512306213378906 1460
0.08512401580810547 1460
0.08512401580810547 1460
0.08512496948242188 1460
0.08514094352722168 1460
0.08718490600585938 1460
0.08718609809875488 1460
0.08718705177307129 1460
0.08718705177307129 1460
0.0871880054473877 1460
0.0871880054473877 1460
0.0871880054473877 1460
0.0871889591217041 1460
0.08718991279602051 1460
0.08719110488891602 1460
0.08719110488891602 1460
0.08719205856323242 1460
0.08719205856323242 1460
0.08719301223754883 1460
0.08719301223754883 1460
0.08719396591186523 1460
0.08772492408752441 1460
0.08772611618041992 1460
0.08772611618041992 1460
0.08925294876098633 1460
0.08925414085388184 1460
0.08925509452819824 1460
0.08925509452819824 1460
0.08925604820251465 1460
0.11261296272277832 1460
0.11401796340942383 1460
0.11401796340942383 1460
0.11401891708374023 1460
0.11401891708374023 1460
0.11401891708374023 1460
0.11402010917663574 1460
0.11402010917663574 1460
0.11402010917663574 1460
0.11402106285095215 1460
0.11402106285095215 1460
0.11402201652526855 1460
0.11402201652526855 1460
0.15645313262939453 1460
0.15645408630371094 1460
0.15645599365234375 1460
0.15645813941955566 1460
0.15646004676818848 1460
0.15646100044250488 1460
0.15825200080871582 1460
0.1598200798034668 1460
0.1598210334777832 1460
0.1598210334777832 1460
0.17531108856201172 1460
0.17531108856201172 1460
0.17531204223632812 1460
0.17531299591064453 1460
0.1790170669555664 1460
0.1790170669555664 1460
0.1790170669555664 1460
0.1790180206298828 1460
0.1790180206298828 1460
0.18086910247802734 1460
0.18086910247802734 1460
0.18087005615234375 1460
0.18087005615234375 1460
0.18087005615234375 1460
0.18315792083740234 1460
0.18315911293029785 1460
0.18315911293029785 1460
0.18316006660461426 1460
0.18316006660461426 1460
0.18316006660461426 1460
0.18316102027893066 1460
0.18472695350646973 1460
0.18472695350646973 1460
0.18472790718078613 1460
0.18472790718078613 1460
0.18472909927368164 1460
0.18472909927368164 1460
0.18473005294799805 1460
0.18473005294799805 1460
0.18473005294799805 1460
0.18473100662231445 1460
0.18473100662231445 1460
0.18473196029663086 1460
0.18473196029663086 1460
0.18473291397094727 1460
0.18473291397094727 1460
0.18473291397094727 1460
0.1868910789489746 1460
0.18689203262329102 1460
0.18689203262329102 1460
0.18689703941345215 1460
0.18689703941345215 1460
0.18689799308776855 1460
0.18689894676208496 1460
0.18689894676208496 1460
0.1884019374847412 1460
0.1884019374847412 1460
0.18840312957763672 1460
0.18840599060058594 1460
0.18840694427490234 1460
0.18840694427490234 1460
0.18840813636779785 1460
0.21335792541503906 1460
0.21335792541503906 1460
0.21335911750793457 1460
0.21335911750793457 1460
0.21336007118225098 1460
0.21336007118225098 1460
0.21336007118225098 1460
0.21336102485656738 1460
0.21336102485656738 1460
0.2133619785308838 1460
0.2133619785308838 1460
0.2133629322052002 1460
0.2133629322052002 1460
0.244765043258667 1460
0.2447659969329834 1460
0.2447669506072998 1460
0.2447679042816162 1460
0.24476909637451172 1460
0.24477005004882812 1460
0.2453291416168213 1460
0.2453300952911377 1460
0.2453310489654541 1460
0.2453320026397705 1460
0.2557210922241211 1460
0.2557220458984375 1460
0.2557229995727539 1460
0.2557229995727539 1460
0.2557239532470703 1460
0.2557249069213867 1460
0.25780391693115234 1460
0.25780510902404785 1460
0.25780606269836426 1460
0.25780606269836426 1460
0.25780701637268066 1460
0.25780797004699707 1460
0.25780797004699707 1460
0.2578089237213135 1460
0.2600219249725342 1460
0.2600231170654297 1460
0.2600231170654297 1460
0.2600250244140625 1460
0.26226305961608887 1460
0.2622640132904053 1460
0.2622649669647217 1460
0.2622649669647217 1460
0.2622659206390381 1460
0.2622659206390381 1460
0.2622671127319336 1460
0.26226806640625 1460
0.26226806640625 1460
0.2622690200805664 1460
0.2622690200805664 1460
0.2622699737548828 1460
0.2644309997558594 1460
0.2644309997558594 1460
0.2644319534301758 1460
0.2644319534301758 1460
0.2644329071044922 1460
0.2644340991973877 1460
0.2644340991973877 1460
0.2644350528717041 1460
0.2644350528717041 1460
0.2644360065460205 1460
0.2659440040588379 1460
0.2659449577331543 1460
0.2659459114074707 1460
0.2659471035003662 1460
0.2659471035003662 1460
0.2659480571746826 1460
0.265949010848999 1460
0.265949010848999 1460
0.26594996452331543 1460
0.26595091819763184 1460
0.26595091819763184 1460
0.26595211029052734 1460
0.26595306396484375 1460
0.29004406929016113 1460
0.29004502296447754 1460
0.29004502296447754 1460
0.29004597663879395 1460
0.29004693031311035 1460
0.29004693031311035 1460
0.29004812240600586 1460
0.29004907608032227 1460
0.29004907608032227 1460
0.290053129196167 1460
0.2900540828704834 1460
0.2900540828704834 1460
0.2918829917907715 1460
0.2918839454650879 1460
0.30170392990112305 1460
0.30170512199401855 1460
0.30348992347717285 1460
0.30349111557006836 1460
0.30349206924438477 1460
0.30349302291870117 1460
0.3034939765930176 1460
0.303494930267334 1460
0.303494930267334 1460
0.3034961223602295 1460
0.3284471035003662 1460
0.3284471035003662 1460
0.3284480571746826 1460
0.3284480571746826 1460
0.328449010848999 1460
0.33205199241638184 1460
0.33205199241638184 1460
0.33205294609069824 1460
0.33205294609069824 1460
0.33205413818359375 1460
0.33205413818359375 1460
0.33205509185791016 1460
0.33205509185791016 1460
0.3325951099395752 1460
0.3325951099395752 1460
0.33399200439453125 1460
0.33399295806884766 1460
0.33399510383605957 1460
0.33399510383605957 1460
0.333996057510376 1460
0.333996057510376 1460
0.3339970111846924 1460
0.3339970111846924 1460
0.3339979648590088 1460
0.3339979648590088 1460
0.3339989185333252 1460
0.3358471393585205 1460
0.3358480930328369 1460
0.3358490467071533 1460
0.33585596084594727 1460
0.33585691452026367 1460
0.337968111038208 1460
0.3379690647125244 1460
0.3379700183868408 1460
0.3379700183868408 1460
0.3379709720611572 1460
0.33797192573547363 1460
0.33797192573547363 1460
0.33797311782836914 1460
0.33954596519470215 1460
0.33954691886901855 1460
0.33954691886901855 1460
0.33954811096191406 1460
0.33954811096191406 1460
0.33954906463623047 1460
0.3395500183105469 1460
0.3395500183105469 1460
0.3395509719848633 1460
0.3395519256591797 1460
0.3395519256591797 1460
0.3395531177520752 1460
0.3415050506591797 1460
0.4010639190673828 1460
0.4010639190673828 1460
0.4010651111602783 1460
0.4010660648345947 1460
0.4010660648345947 1460
0.4033079147338867 1460
0.4033091068267822 1460
0.40331006050109863 1460
0.40331101417541504 1460
0.40331101417541504 1460
0.40331196784973145 1460
0.40331292152404785 1460
0.40331602096557617 1460
0.4033169746398926 1460
0.406749963760376 1460
0.4087059497833252 1460
0.4087069034576416 1460
0.4087069034576416 1460
0.4087080955505371 1460
0.4087080955505371 1460
0.4087090492248535 1460
0.4087090492248535 1460
0.4087100028991699 1460
0.4087100028991699 1460
0.42586612701416016 1460
0.42586708068847656 1460
0.42586803436279297 1460
0.42586803436279297 1460
0.4258689880371094 1460
0.4258689880371094 1460
0.4278991222381592 1460
0.4279000759124756 1460
0.4279000759124756 1460
0.427901029586792 1460
0.4279019832611084 1460
0.4279019832611084 1460
0.4279029369354248 1460
0.4279029369354248 1460
0.4315190315246582 1460
0.4315199851989746 1460
0.4324951171875 1460
0.4324951171875 1460
0.4324960708618164 1460
0.4324970245361328 1460
0.4324970245361328 1460
0.4324979782104492 1460
0.4324989318847656 1460
0.4324989318847656 1460
0.43250012397766113 1460
0.43250012397766113 1460
0.43250107765197754 1460
0.43250203132629395 1460
0.43250203132629395 1460
0.43250298500061035 1460
0.43250393867492676 1460
0.43424296379089355 1460
0.43424391746520996 1460
0.43424391746520996 1460
0.43424510955810547 1460
0.4359920024871826 1460
0.435992956161499 1460
0.43599390983581543 1460
0.43599510192871094 1460
0.43599605560302734 1460
0.43599700927734375 1460
0.43599796295166016 1460
0.43599891662597656 1460
0.43599891662597656 1460
0.43600010871887207 1460
0.4360010623931885 1460
0.4360010623931885 1460
0.4360020160675049 1460
0.4360029697418213 1460
0.4360039234161377 1460
0.43807101249694824 1460
0.49823999404907227 1460
0.49823999404907227 1460
0.49824094772338867 1460
0.49824094772338867 1460
0.4982421398162842 1460
0.4982430934906006 1460
0.498244047164917 1460
0.498244047164917 1460
0.4982450008392334 1460
0.4982459545135498 1460
0.4982459545135498 1460
0.4982469081878662 1460
0.5004959106445312 1460
0.5004959106445312 1460
0.5005009174346924 1460
0.5040569305419922 1460
0.5040581226348877 1460
0.5040590763092041 1460
0.5060019493103027 1460
0.5060031414031982 1460
0.5060040950775146 1460
0.506005048751831 1460
0.5060060024261475 1460
0.5060060024261475 1460
0.5060069561004639 1460
0.5256280899047852 1460
0.5256280899047852 1460
0.5256290435791016 1460
0.5256290435791016 1460
0.525629997253418 1460
0.525629997253418 1460
0.5256309509277344 1460
0.5269620418548584 1460
0.5269620418548584 1460
0.5269629955291748 1460
0.5269639492034912 1460
0.5269639492034912 1460
0.5269651412963867 1460
0.5269651412963867 1460
0.5306060314178467 1460
0.5306069850921631 1460
0.5306119918823242 1460
0.5306129455566406 1460
0.5306129455566406 1460
0.5317809581756592 1460
0.5317819118499756 1460
0.5317831039428711 1460
0.5317831039428711 1460
0.5317840576171875 1460
0.5317840576171875 1460
0.5317840576171875 1460
0.5317850112915039 1460
0.5317850112915039 1460
0.5317859649658203 1460
0.5317859649658203 1460
0.5317869186401367 1460
0.5317881107330322 1460
0.5317881107330322 1460
0.5317881107330322 1460
0.5317890644073486 1460
0.5335659980773926 1460
0.533566951751709 1460
0.533566951751709 1460
0.5335679054260254 1460
0.5335690975189209 1460
0.5335690975189209 1460
0.5335700511932373 1460
0.5335710048675537 1460
0.5335710048675537 1460
0.5335719585418701 1460
0.5335719585418701 1460
0.5335729122161865 1460
0.5353970527648926 1460
0.5353989601135254 1460
0.5353989601135254 1460
0.5353989601135254 644
0.6482291221618652 40
0.7419159412384033 1460
0.7419159412384033 1460
0.7419171333312988 1460
0.7433431148529053 1460
0.7433431148529053 1460
0.7433440685272217 1460
0.7433440685272217 1460
0.7433450222015381 1460
0.7433450222015381 1460
0.7433459758758545 1460
0.7433459758758545 1460
0.7433469295501709 1460
0.7433469295501709 1460
0.7433481216430664 1460
0.7433481216430664 1460
0.7433481216430664 1460
0.745703935623169 1460
0.7457051277160645 1460
0.7457060813903809 1460
0.7457060813903809 1460
0.7457070350646973 1460
0.7457070350646973 1460
0.7457079887390137 1460
0.7457089424133301 1460
0.7457089424133301 1460
0.7457101345062256 1460
0.7457101345062256 1460
0.745711088180542 1460
0.7457120418548584 1460
0.7457120418548584 1460
0.7457129955291748 1460
0.7457129955291748 1460
0.7471919059753418 1460
0.7471919059753418 1460
0.7471930980682373 1460
0.7471940517425537 1460
0.7471940517425537 1460
0.7471950054168701 1460
0.7471959590911865 1460
0.7471959590911865 1460
0.7471969127655029 1460
0.7471969127655029 1460
0.7471981048583984 1460
0.7471981048583984 1460
0.7471990585327148 1460
0.7471990585327148 1460
0.7472000122070312 1460
0.7472000122070312 1460
0.7489171028137207 1460
0.7489171028137207 1460
0.7489180564880371 1460
0.7489190101623535 1460
0.7489190101623535 1460
0.7489199638366699 1460
0.7489199638366699 1460
0.7489209175109863 1460
0.7489209175109863 1460
0.7489221096038818 1460
0.7489230632781982 1460
0.7489230632781982 1460
0.7489240169525146 1460
0.7489240169525146 1460
0.748924970626831 1460
0.748924970626831 1460
0.7510290145874023 1460
0.7510299682617188 1460
0.7510330677032471 1460
0.7510330677032471 1460
0.7510340213775635 1460
0.7510340213775635 1460
0.7510349750518799 1460
0.7510359287261963 1460
0.7510371208190918 1460
0.7510371208190918 1460
0.7510380744934082 1460
0.7510380744934082 1460
0.7510390281677246 1460
0.8411719799041748 1460
0.8411729335784912 1460
0.8411729335784912 1460
0.8411741256713867 1460
0.8411750793457031 1460
0.8411760330200195 1460
0.8411769866943359 1460
0.8411769866943359 1460
0.8411779403686523 1460
0.8411791324615479 1460
0.8411791324615479 1460
0.8431611061096191 1460
0.8431620597839355 1460
0.843163013458252 1460
0.8431639671325684 1460
0.8431639671325684 1460
0.8431649208068848 1460
0.8431661128997803 1460
0.8431670665740967 1460
0.8431670665740967 1460
0.8431680202484131 1460
0.8431689739227295 1460
0.8431699275970459 1460
0.8431711196899414 1460
0.8431711196899414 1460
0.8431720733642578 1460
0.8431730270385742 1460
0.8450469970703125 1460
0.8450489044189453 1460
0.8450500965118408 1460
0.8450510501861572 1460
0.8450520038604736 1460
0.84505295753479 1460
0.84505295753479 1460
0.845055103302002 1460
0.8450570106506348 1460
0.8450579643249512 1460
0.8450579643249512 1460
0.8450589179992676 1460
0.8450601100921631 1460
0.8450610637664795 1460
0.8450620174407959 1460
0.8450620174407959 1460
0.8470180034637451 1460
0.8470199108123779 1460
0.8470211029052734 1460
0.8470211029052734 1460
0.8470220565795898 1460
0.8470230102539062 1460
0.8470239639282227 1460
0.8470249176025391 1460
0.8470261096954346 1460
0.847027063369751 1460
0.8470280170440674 1460
0.8470289707183838 1460
0.8470289707183838 1460
0.8470299243927002 1460
0.8470311164855957 1460
0.8470320701599121 1460
0.8488650321960449 1460
0.8488659858703613 1460
0.8488669395446777 1460
0.8488669395446777 1460
0.8488681316375732 1460
0.8488681316375732 1460
0.8488719463348389 1460
0.8488731384277344 1460
0.8488740921020508 1460
0.8488750457763672 1460
0.8488750457763672 1460
0.8488759994506836 1460
0.8509421348571777 1460
0.8509440422058105 1460
0.8509440422058105 1460
0.850944995880127 1460
0.8509459495544434 1460
0.8509469032287598 1460
0.8509480953216553 1460
0.9081990718841553 1460
0.9082000255584717 1460
0.9082009792327881 1460
0.9082019329071045 1460
0.908203125 1460
0.910207986831665 1460
0.910210132598877 1460
0.9102110862731934 1460
0.9102110862731934 1460
0.9102120399475098 1460
0.923314094543457 1460
0.9233150482177734 1460
0.9233150482177734 1460
0.9233160018920898 1460
0.9233160018920898 1460
0.9233169555664062 1460
0.9233179092407227 1460
0.9233179092407227 1460
0.9233191013336182 1460
0.9233191013336182 1460
0.9233200550079346 1460
0.9233200550079346 1460
0.923321008682251 1460
0.9250569343566895 1460
0.925058126449585 1460
0.925058126449585 1460
0.9250590801239014 1460
0.9250590801239014 1460
0.9250600337982178 1460
0.9250600337982178 1460
0.9250609874725342 1460
0.9250609874725342 1460
0.9250609874725342 1460
0.9250619411468506 1460
0.9250619411468506 1460
0.9250631332397461 1460
0.9250640869140625 1460
0.9250640869140625 1460
0.9250640869140625 1460
0.9270660877227783 1460
0.9270670413970947 1460
0.9270670413970947 1460
0.9270679950714111 1460
0.9270679950714111 1460
0.9270689487457275 1460
0.9270689487457275 1460
0.927070140838623 1460
0.927070140838623 1460
0.9270710945129395 1460
0.9270710945129395 1460
0.9270720481872559 1460
0.9270720481872559 1460
0.9270730018615723 1460
0.9270730018615723 1460
0.9270739555358887 1460
0.9290919303894043 1460
0.9290931224822998 1460
0.9290940761566162 1460
0.9290940761566162 1460
0.9290950298309326 1460
0.929095983505249 1460
0.929095983505249 1460
0.9290969371795654 1460
0.9290981292724609 1460
0.9290981292724609 1460
0.9290990829467773 1460
0.9291000366210938 1460
0.9291000366210938 1460
0.9291009902954102 1460
0.9291019439697266 1460
0.9291019439697266 1460
0.930962085723877 1460
0.9309630393981934 1460
0.9309630393981934 1460
0.9309639930725098 1460
0.9309639930725098 1460
0.9309649467468262 1460
0.9309649467468262 1460
0.9697370529174805 1460
0.9697399139404297 1460
0.9697411060333252 1460
0.9697420597076416 1460
0.969743013381958 1460
0.9697449207305908 1460
0.9697461128234863 1460
0.9697470664978027 1460
0.9697480201721191 1460
0.969749927520752 1460
1.0231919288635254 1460
1.0231950283050537 1460
1.0231969356536865 1460
1.0232019424438477 1460
1.023205041885376 1460
1.0232090950012207 1460
1.0232110023498535 1460
1.0232129096984863 1460
1.0232150554656982 1460
1.0232179164886475 1460
1.0248699188232422 1460
1.0248711109161377 1460
1.0248711109161377 1460
1.024872064590454 1460
1.024872064590454 1460
1.0248730182647705 1460
1.0248730182647705 1460
1.0248730182647705 1460
1.024873971939087 1460
1.024873971939087 1460
1.024873971939087 1460
1.0248749256134033 1460
1.0248749256134033 1460
1.0248761177062988 1460
1.0248761177062988 1460
1.0248770713806152 1460
1.026932954788208 1460
1.026932954788208 1460
1.0269339084625244 1460
1.0269339084625244 1460
