1049006
0.0 64
0.0217440128326416 40
0.022144794464111328 1460
0.022145986557006836 1460
0.022145986557006836 665
0.025272846221923828 665
0.0392758846282959 40
0.041203975677490234 282
0.06165885925292969 40
0.06165885925292969 40
0.3035128116607666 1460
0.3035140037536621 1460
0.3035140037536621 1460
0.3049349784851074 1460
0.3049349784851074 1460
0.30493593215942383 1460
0.30493593215942383 1460
0.30493688583374023 1460
0.30493688583374023 1460
0.30493688583374023 1460
0.3106539249420166 1460
0.31827282905578613 1460
0.31827378273010254 1460
0.31827378273010254 1460
0.31828999519348145 1460
0.3206009864807129 1460
0.3206019401550293 1460
0.3206019401550293 1460
0.3208959102630615 1460
0.3208959102630615 1460
0.3208959102630615 1460
0.3211979866027832 1460
0.3211989402770996 1460
0.32642078399658203 1460
0.3336038589477539 1460
0.3336038589477539 1460
0.33431100845336914 1460
0.33431100845336914 1460
0.3355109691619873 1460
0.3355109691619873 1460
0.3355119228363037 1460
0.3358938694000244 1460
0.3358948230743408 1460
0.33625197410583496 1460
0.33625197410583496 1460
0.34240293502807617 1460
0.3424038887023926 1460
0.3488588333129883 1460
0.3488588333129883 1460
0.35244178771972656 1460
0.35244297981262207 1460
0.35244297981262207 1460
0.35244297981262207 1460
0.3524439334869385 1460
0.3524439334869385 1460
0.3524448871612549 1460
0.35254979133605957 1460
0.3525509834289551 1460
0.35799098014831543 1460
0.35799193382263184 1460
0.36435985565185547 1460
0.3700449466705322 1460
0.37004590034484863 1460
0.37004685401916504 1460
0.37004685401916504 1460
0.37005090713500977 1460
0.3733558654785156 1460
0.37427592277526855 1460
0.3803877830505371 1460
0.38562488555908203 1460
0.38562583923339844 1460
0.38562583923339844 1460
0.385692834854126 1460
0.38857388496398926 1460
0.39585185050964355 1460
0.4025588035583496 1460
0.4025588035583496 1460
0.4025599956512451 1460
0.40256285667419434 1460
0.40461087226867676 1460
0.4111928939819336 1460
0.41767001152038574 1460
0.41767096519470215 1460
0.41767191886901855 1460
0.41767382621765137 1460
0.42008280754089355 1460
0.42008280754089355 1460
0.42620301246643066 1460
0.43360185623168945 1460
0.4336059093475342 1460
0.4336259365081787 1460
0.4336259365081787 1460
0.4353628158569336 1460
0.4353640079498291 1460
0.4415318965911865 1460
0.4484519958496094 1460
0.4484519958496094 1460
0.4492518901824951 1460
0.4492528438568115 1460
0.45119500160217285 1460
0.45119595527648926 1460
0.4637019634246826 1460
0.4637019634246826 1460
0.4649178981781006 1460
0.464918851852417 1460
0.4663829803466797 1460
0.4663829803466797 1460
0.47917795181274414 1460
0.4811229705810547 1460
0.4819478988647461 1460
0.4819488525390625 1460
0.4943268299102783 1460
0.4965059757232666 1460
0.4976179599761963 1460
0.4976189136505127 1460
0.4976208209991455 1460
0.5098729133605957 1460
0.512178897857666 1460
0.5121808052062988 1460
0.5121819972991943 1460
0.5252859592437744 1460
0.5288798809051514 1460
0.5288817882537842 1460
0.5398588180541992 1460
0.5445737838745117 1460
0.5445749759674072 1460
0.5564877986907959 1460
0.5601677894592285 1460
0.560168981552124 1460
0.5601699352264404 1460
0.572721004486084 1460
0.5752778053283691 1460
0.5752789974212646 1460
0.575279951095581 1460
0.5895209312438965 1460
0.590080976486206 1460
0.5900819301605225 1460
0.5917589664459229 1460
0.6059877872467041 1460
0.6059889793395996 1460
0.6059889793395996 1460
0.6070249080657959 1460
0.6214888095855713 1460
0.6214888095855713 1460
0.6214900016784668 1460
0.621877908706665 1460
0.6366708278656006 1460
0.6366708278656006 1460
0.6366720199584961 1460
0.6367390155792236 1460
0.6373238563537598 1460
0.6373248100280762 1460
0.6527628898620605 1460
0.652763843536377 1460
0.6534359455108643 1460
0.6534368991851807 1460
0.6683688163757324 1460
0.6690318584442139 1460
0.6690328121185303 1460
0.683574914932251 1460
0.6835758686065674 1460
0.6835780143737793 1460
0.6835789680480957 1460
0.6988649368286133 1460
0.699631929397583 1460
0.7004377841949463 1460
0.7004377841949463 1460
0.70088791847229 1460
0.7142999172210693 1460
0.7151379585266113 1460
0.7154099941253662 1460
0.7154099941253662 1460
0.7159099578857422 1460
0.729856014251709 1460
0.7298579216003418 1460
0.7304699420928955 1460
0.7304708957672119 1460
0.7312898635864258 1460
0.7447118759155273 1460
0.7447137832641602 1460
0.7453548908233643 1460
0.7453558444976807 1460
0.7465369701385498 1460
0.7465388774871826 1460
0.7597777843475342 1460
0.7597789764404297 1460
0.7604548931121826 1460
0.760455846786499 1460
0.7616288661956787 1460
0.7616288661956787 1460
0.7758579254150391 1460
0.7758598327636719 1460
0.7758607864379883 1460
0.7758607864379883 1460
0.7766859531402588 1460
0.7766869068145752 1460
0.7912979125976562 1460
0.7912988662719727 1460
0.7912998199462891 1460
0.7913229465484619 1460
0.7921338081359863 1460
0.7921350002288818 1460
0.7923448085784912 1460
0.8071029186248779 1460
0.8071038722991943 1460
0.8071048259735107 1460
0.8078010082244873 1460
0.8078019618988037 1460
0.84505295753479 1460
0.8450779914855957 1460
0.8450798988342285 1460
0.8450808525085449 1460
0.8450818061828613 1460
0.8450829982757568 1460
0.8450839519500732 1460
0.8619029521942139 1460
0.8619039058685303 1460
0.8619048595428467 1460
0.8619389533996582 1460
0.8619399070739746 1460
0.861940860748291 1460
0.862299919128418 1460
0.8623018264770508 1460
0.8623030185699463 1460
0.8626959323883057 1460
0.8775308132171631 1460
0.8775320053100586 1460
0.8805818557739258 1460
0.8805840015411377 1460
0.8805840015411377 1460
0.8805849552154541 1460
0.8805859088897705 1460
0.8805868625640869 1460
0.893258810043335 1460
0.8932600021362305 1460
0.8932609558105469 1460
0.8932619094848633 1460
0.8963158130645752 1460
0.8963179588317871 1460
0.8963189125061035 1460
0.8963499069213867 1460
0.8963499069213867 1460
0.9089279174804688 1460
0.9089288711547852 1460
0.9089298248291016 1460
0.9089469909667969 1460
0.9148149490356445 1460
0.9148159027099609 1460
0.9148168563842773 1460
0.9148178100585938 1460
0.9148190021514893 1460
0.9258499145507812 1460
0.9258508682250977 1460
0.9303379058837891 1460
0.9303388595581055 1460
0.9303388595581055 1460
0.9324119091033936 1460
0.93241286277771 1460
0.9446167945861816 1460
0.9474878311157227 1460
0.9474899768829346 1460
0.9484419822692871 1460
0.9484429359436035 1460
0.9484438896179199 1460
0.9485898017883301 1460
0.9627048969268799 1460
1.2212538719177246 168
1.2366628646850586 1460
1.236663818359375 1460
1.236663818359375 1460
1.236663818359375 1460
1.2366650104522705 1460
1.2530758380889893 1460
1.2530767917633057 1460
1.2530767917633057 1460
1.253093957901001 1460
1.253093957901001 1460
1.2530949115753174 1460
1.4947218894958496 616
1.510685920715332 1460
1.5106878280639648 1460
1.5106887817382812 1460
1.5106899738311768 1460
1.5106909275054932 1460
1.5106918811798096 1460
1.526716947555542 1460
1.5267188549041748 1460
1.5267188549041748 1460
1.5267188549041748 1460
1.5267198085784912 1460
1.5267210006713867 172
1.8648998737335205 40
1.8805367946624756 1460
1.880537986755371 1460
1.8805389404296875 1460
1.880539894104004 1460
1.880539894104004 1460
1.8805408477783203 1460
1.882323980331421 1460
1.8823249340057373 624
1.8823258876800537 1460
1.8823258876800537 1460
1.8956727981567383 1460
1.8956739902496338 1460
2.13427996635437 168
2.3731799125671387 40
2.884377956390381 40
3.9043169021606445 40
3.9200220108032227 1460
3.920022964477539 1460
3.9200239181518555 1460
3.920024871826172 1460
3.920024871826172 1460
3.920027017593384 1460
3.9207499027252197 1460
3.920750856399536 1460
3.9207518100738525 1460
3.9207518100738525 1460
3.936041831970215 1460
3.936041831970215 748
4.173370838165283 40
4.629400014877319 40
4.645653009414673 1460
4.645906925201416 1460
4.645907878875732 1460
4.647686004638672 1460
4.647687911987305 1460
4.6476898193359375 1460
4.647693872451782 1460
4.647696018218994 1460
4.6476969718933105 1460
4.647698879241943 1460
4.662302017211914 1460
5.0103068351745605 744
5.317915916442871 40
5.797497987747192 40
6.853452920913696 40
6.868525981903076 1460
6.868526935577393 1460
6.868527889251709 1460
6.868527889251709 1460
6.868528842926025 1460
6.868529796600342 1460
6.869252920150757 1460
6.869253873825073 1460
6.86925482749939 1460
6.86925482749939 1460
6.883872985839844 1460
6.88387393951416 748
7.1606597900390625 40
7.6294708251953125 40
7.645432949066162 1460
7.6454339027404785 1460
7.6454339027404785 1460
7.645434856414795 1460
7.645434856414795 1460
7.645435810089111 1460
7.647423982620239 1460
7.647424936294556 632
7.647424936294556 1460
7.647425889968872 1460
7.660617828369141 1460
7.660618782043457 1460
7.901449918746948 168
8.142315864562988 40
8.159475803375244 1460
8.15947699546814 1460
8.15947699546814 1460
8.16104793548584 1460
8.161048889160156 1460
8.161048889160156 1460
8.161049842834473 1460
8.161050796508789 1460
8.161050796508789 1460
8.161050796508789 1460
8.174643993377686 776
8.19568395614624 1460
8.437283992767334 40
8.96045184135437 40
9.005292892456055 1460
9.005293846130371 1460
9.005294799804688 1460
9.005294799804688 1460
9.005295991897583 1460
9.005295991897583 1460
9.0052969455719 1460
9.005297899246216 1460
9.005297899246216 1460
9.019513845443726 1460
9.026502847671509 1460
9.31148099899292 744
9.326908826828003 1460
9.326953887939453 1460
9.32695484161377 1460
9.326955795288086 1460
9.326956987380981 1460
9.326957941055298 1460
9.327560901641846 1460
9.342514991760254 1460
9.34251594543457 1460
9.342516899108887 1460
9.342517852783203 1460
9.590329885482788 40
10.13055682182312 40
11.085076808929443 40
11.100841999053955 462
18.643972873687744 40
18.64474081993103 40
18.77924084663391 1460
18.779242992401123 1460
18.77924394607544 1460
18.779245853424072 1460
18.77924680709839 1460
18.779247999191284 1460
18.779964923858643 1460
18.77996587753296 1460
18.779966831207275 1460
18.779966831207275 1460
18.796387910842896 1460
18.796388864517212 1460
18.79638981819153 1460
18.796391010284424 1460
18.79639196395874 1460
18.79639196395874 1460
18.796831846237183 1460
18.796833992004395 1460
18.796833992004395 1460
18.79727602005005 1460
18.815560817718506 1460
18.8155620098114 1460
18.815562963485718 1460
18.815563917160034 1460
18.815563917160034 1460
18.81556487083435 1460
18.815565824508667 1460
18.81556797027588 1460
18.815568923950195 1460
18.834167957305908 1460
18.834168910980225 1460
18.834170818328857 1460
18.834172010421753 1460
18.83417296409607 1460
18.834173917770386 1460
18.834174871444702 1460
18.83417582511902 1460
18.83417797088623 1460
18.853770971298218 1460
18.853770971298218 1460
18.853771924972534 1460
18.85377287864685 1460
18.853773832321167 1460
18.853773832321167 1460
18.853774785995483 1460
18.868717908859253 1460
18.86940598487854 1460
18.86940598487854 1460
18.87083101272583 1460
18.870831966400146 1460
18.870832920074463 1460
18.870832920074463 1460
18.87083387374878 1460
18.884279012680054 1460
18.88427996635437 1460
18.884280920028687 1460
18.886214017868042 1460
18.88621497154236 1460
18.88621497154236 1460
18.886334896087646 1460
18.886335849761963 1460
18.89969801902771 1460
18.900659799575806 1460
18.9006609916687 1460
18.90110492706299 1460
18.901105880737305 1460
18.901631832122803 1460
18.90163278579712 1460
18.90163278579712 1460
18.91529679298401 1460
18.916189908981323 1460
18.91619086265564 1460
18.9169340133667 1460
18.916934967041016 1460
18.91742491722107 1460
18.917425870895386 1460
18.930985927581787 1460
18.931652784347534 1460
18.931654930114746 1460
18.931655883789062 1460
18.93165683746338 1460
18.932374000549316 1460
18.93237590789795 1460
18.946714878082275 1460
18.94743800163269 1460
18.947438955307007 1460
18.947438955307007 1460
18.947439908981323 1460
18.966360807418823 1460
18.96636199951172 1460
18.96647000312805 1460
18.966470956802368 1460
18.98482084274292 1460
18.984821796417236 1460
18.984822988510132 1460
18.98647379875183 1460
19.002540826797485 1460
19.00340700149536 1460
19.003407955169678 1460
19.006045818328857 1460
19.017573833465576 1460
19.01810884475708 1460
19.018109798431396 1460
19.021291971206665 1460
19.03265690803528 1460
19.033950805664062 1460
19.033951997756958 1460
19.03610587120056 1460
19.04963994026184 1460
19.051827907562256 1460
19.065284967422485 1460
19.067349910736084 1460
19.080973863601685 1460
19.082774877548218 1460
19.082774877548218 1460
19.096431970596313 1460
19.09840178489685 1460
19.098403930664062 1460
19.112024784088135 1460
19.113557815551758 1460
19.113559007644653 1460
19.127898931503296 1460
19.128839015960693 1460
19.128840923309326 1460
19.128934860229492 1460
19.143284797668457 1460
19.145530939102173 1460
19.14553189277649 1460
19.14619493484497 1460
19.159188985824585 1460
19.160220861434937 1460
19.160221815109253 1460
19.160762786865234 1460
19.204832792282104 1460
19.204833984375 1460
19.204834938049316 1460
19.204834938049316 1460
19.204835891723633 1460
19.212260007858276 1460
19.22048592567444 1460
19.220486879348755 1460
19.22048783302307 1460
19.220504999160767 1460
19.220504999160767 1460
19.235607862472534 1460
19.23560881614685 1460
19.235610008239746 1460
19.235610961914062 1460
19.23643684387207 1460
19.236437797546387 1460
19.25080895423889 1460
19.250809907913208 1460
19.250809907913208 1460
19.250833988189697 1460
19.251505851745605 1460
19.251506805419922 1460
19.266295909881592 1460
19.266296863555908 1460
19.26716685295105 1460
19.26716685295105 1460
19.267167806625366 1460
19.267514944076538 1460
19.267515897750854 1460
19.267515897750854 1460
19.282041788101196 1460
19.282042980194092 1460
19.28289484977722 1460
19.282895803451538 1460
19.283341884613037 1460
19.28334379196167 1460
19.283344984054565 1460
19.283816814422607 1460
19.297918796539307 1460
19.297919988632202 1460
19.2987859249115 1460
19.298787832260132 1460
19.301150798797607 1460
19.301151990890503 1460
19.312793016433716 1460
19.312793970108032 1460
19.31279492378235 1460
19.312814950942993 1460
19.314620971679688 1460
19.314621925354004 1460
19.316531896591187 1460
19.316532850265503 1460
19.316532850265503 1460
19.328144788742065 1460
19.32814598083496 1460
19.3295419216156 1460
19.329542875289917 1460
19.329543828964233 1460
19.331162929534912 1460
19.331162929534912 1460
19.33116388320923 1460
19.34381890296936 1460
19.343820810317993 1460
19.34481692314148 1460
19.344818830490112 1460
19.34725284576416 1460
19.347253799438477 1460
19.35960078239441 1460
19.359601974487305 1460
19.360288858413696 1460
19.360288858413696 1460
19.362422943115234 1460
19.362612009048462 1460
19.375203847885132 1460
19.37520480155945 1460
19.376149892807007 1460
19.376150846481323 1460
19.377453804016113 1460
19.377455949783325 1460
19.377851009368896 1460
19.390589952468872 1460
19.390589952468872 1460
19.39179301261902 1460
19.39179491996765 1460
19.392684936523438 1460
19.392685890197754 1460
19.39447784423828 1460
19.406471967697144 1460
19.40647292137146 1460
19.406473875045776 1460
19.406474828720093 1460
19.40722894668579 1460
19.407229900360107 1460
19.409376859664917 1460
19.422026872634888 1460
19.422026872634888 1460
19.422027826309204 1460
19.4220290184021 1460
19.422883987426758 1460
19.422884941101074 1460
19.43748378753662 1460
19.437484979629517 1460
19.437484979629517 1460
19.437485933303833 1460
19.437485933303833 1460
19.437485933303833 1460
19.438007831573486 1460
19.453315019607544 1460
19.45331597328186 1460
19.454384803771973 1460
19.454385995864868 1272
19.69427490234375 40
20.165302991867065 40
20.181314945220947 1460
20.18131685256958 1460
20.181317806243896 1460
20.181318998336792 1460
20.18131995201111 1460
20.181320905685425 1460
20.18198299407959 1460
20.18198299407959 1460
20.35871195793152 1460
20.358712911605835 1460
20.358712911605835 1460
20.359646797180176 1460
20.35964798927307 1460
20.359648942947388 1460
20.359648942947388 1460
20.359649896621704 1460
20.39810299873352 1460
20.398103952407837 1460
20.398104906082153 1460
20.39810585975647 1460
20.398106813430786 1460
20.398106813430786 1460
20.39810800552368 1460
20.41326880455017 1460
20.413908004760742 1460
20.414655923843384 1460
20.4146568775177 1460
20.735352993011475 744
20.7528338432312 1460
20.752834796905518 1460
20.752834796905518 1460
20.752835988998413 1460
20.75283694267273 1460
20.768569946289062 1460
20.76857089996338 1460
20.76857089996338 1460
20.769551992416382 1460
20.770763874053955 1460
20.77076482772827 1460
20.78478479385376 1460
20.784785985946655 1460
20.78539800643921 944
20.78570580482483 1460
20.78570580482483 1460
20.801482915878296 1460
20.802201986312866 1460
20.803717851638794 1460
20.80371880531311 1460
20.803719997406006 1460
20.817197799682617 1460
20.81816291809082 1460
20.819538831710815 1460
20.819539785385132 1460
20.83283281326294 1460
20.833870887756348 1460
20.85524582862854 1460
20.855246782302856 1460
20.86911392211914 1460
20.869114875793457 1460
20.871075868606567 1460
20.871890783309937 1460
20.88481593132019 1460
20.88481593132019 1460
20.885823011398315 1460
20.885823011398315 1460
20.88690495491028 1460
20.900604963302612 1460
20.900604963302612 1460
20.90123701095581 1460
20.901237964630127 1460
20.90163779258728 1460
20.91637897491455 1460
20.916379928588867 1460
20.917151927947998 1460
20.917152881622314 1460
20.932127952575684 1460
20.932129859924316 1460
20.93276286125183 1460
20.932763814926147 1460
20.947082996368408 1460
20.948349952697754 1460
20.94835090637207 1460
20.97653079032898 1460
20.97653079032898 1460
20.976531982421875 1460
20.976531982421875 1460
20.992263793945312 1460
20.992264986038208 1460
20.992265939712524 1460
20.992265939712524 1460
21.010700941085815 1460
21.010701894760132 1460
21.01070284843445 1460
21.01070284843445 1460
21.030378818511963 1460
21.03038001060486 1460
21.030380964279175 1460
21.030380964279175 1460
21.03038191795349 1460
21.030382871627808 1460
