1050005
0.0 1460
0.0013880729675292969 1460
0.0013880729675292969 1460
0.0013890266418457031 1460
0.0013899803161621094 1460
0.0013899803161621094 1460
0.0013909339904785156 1460
0.0013909339904785156 1460
0.0013909339904785156 1460
0.0013921260833740234 1460
0.0013921260833740234 1460
0.0013930797576904297 1460
0.0013930797576904297 1460
0.001394033432006836 1460
0.002493143081665039 1460
0.002493143081665039 1460
0.0024940967559814453 1460
0.0024940967559814453 1460
0.0024950504302978516 1460
0.0024950504302978516 1460
0.002496004104614258 1460
0.002496004104614258 1460
0.002496957778930664 1460
0.002496957778930664 1460
0.002496957778930664 1460
0.002498149871826172 1460
0.002498149871826172 1460
0.002499103546142578 1460
0.010224103927612305 1460
0.010224103927612305 1460
0.010225057601928711 1460
0.010226011276245117 1460
0.010226011276245117 1460
0.010226964950561523 1460
0.010226964950561523 1460
0.010228157043457031 1460
0.010228157043457031 1460
0.010229110717773438 1460
0.010229110717773438 1460
0.012198925018310547 1460
0.012200117111206055 1460
0.012200117111206055 1460
0.012201070785522461 1460
0.012202024459838867 1460
0.012202024459838867 1460
0.012202978134155273 1460
0.012202978134155273 1460
0.01220393180847168 1460
0.01220393180847168 1460
0.012205123901367188 1460
0.012205123901367188 1460
0.012206077575683594 1460
0.01220703125 1460
0.012207984924316406 1460
0.012208938598632812 1460
0.014086008071899414 1460
0.01409006118774414 1460
0.014097929000854492 1460
0.014100074768066406 1460
0.014101028442382812 1460
0.014102935791015625 1460
0.014104127883911133 1460
0.014106035232543945 1460
0.014106988906860352 1460
0.014109134674072266 1460
0.014110088348388672 1460
0.014111042022705078 1460
0.01411294937133789 1460
0.014115095138549805 1460
0.014116048812866211 1460
0.014117002487182617 1460
0.016376972198486328 1460
0.016377925872802734 1460
0.016379117965698242 1460
0.016379117965698242 1460
0.01638007164001465 1460
0.016381025314331055 1460
0.016381025314331055 1460
0.01638197898864746 1460
0.01638197898864746 1460
0.016520023345947266 1460
0.017934083938598633 1460
0.01793503761291504 1460
0.01793503761291504 1460
0.01793503761291504 1460
0.017935991287231445 1460
0.017935991287231445 1460
0.01793694496154785 1460
0.01793694496154785 1460
0.01793813705444336 1460
0.019829988479614258 1460
0.019829988479614258 1460
0.021609067916870117 1460
0.021610021591186523 1460
0.021610021591186523 1460
0.021610021591186523 1460
0.12932801246643066 1460
0.12932896614074707 1460
0.12932896614074707 1460
0.12932896614074707 1460
0.12933015823364258 1460
0.12933111190795898 1460
0.12933111190795898 1460
0.1293320655822754 1460
0.13160300254821777 1460
0.13160395622253418 1460
0.1316051483154297 1460
0.1316051483154297 1460
0.1316061019897461 1460
0.1316080093383789 1460
0.1316080093383789 1460
0.1316089630126953 1460
0.1316089630126953 1460
0.13161015510559082 1460
0.13161015510559082 1460
0.13161110877990723 1460
0.13161110877990723 1460
0.13161206245422363 1460
0.13161206245422363 1460
0.13161301612854004 1460
0.13271212577819824 1460
0.13271212577819824 1460
0.13271307945251465 1460
0.13271307945251465 1460
0.13271403312683105 1460
0.13271403312683105 1460
0.13271403312683105 1460
0.13271498680114746 1460
0.13271498680114746 1460
0.13271594047546387 1460
0.13271594047546387 1460
0.13271713256835938 1460
0.13271713256835938 1460
0.13271713256835938 1460
0.13271808624267578 1460
0.13271808624267578 1460
0.13493704795837402 1460
0.13493800163269043 1460
0.13493800163269043 1460
0.13493895530700684 1460
0.13493895530700684 1460
0.13494014739990234 1460
0.13494014739990234 1460
0.13494110107421875 1460
0.13494205474853516 1460
0.13494205474853516 1460
0.13494300842285156 1460
0.13494300842285156 1460
0.13494396209716797 1460
0.13494396209716797 1460
0.15893793106079102 1460
0.15893793106079102 1460
0.15893912315368652 1460
0.15893912315368652 1460
0.15894007682800293 1460
0.15894007682800293 1460
0.15894103050231934 1460
0.15894103050231934 1460
0.15894198417663574 1460
0.15894198417663574 1460
0.15894293785095215 1460
0.15894293785095215 1460
0.15894412994384766 1460
0.16098904609680176 1460
0.16098999977111816 1460
0.16099095344543457 1460
0.16099214553833008 1460
0.16099214553833008 1460
0.16099309921264648 1460
0.1609940528869629 1460
0.1609950065612793 1460
0.1609950065612793 1460
0.1609959602355957 1460
0.1609971523284912 1460
0.16099810600280762 1460
0.16099810600280762 1460
0.16099905967712402 1460
0.16100001335144043 1460
0.16100001335144043 1460
0.16253113746643066 1460
0.16253209114074707 1460
0.16253209114074707 1439
0.2674541473388672 1460
0.2674541473388672 1460
0.2674551010131836 1460
0.2674551010131836 1460
0.2674551010131836 1460
0.2689650058746338 1460
0.2689700126647949 1460
0.26897096633911133 1460
0.34497809410095215 40
0.34497904777526855 40
0.5143990516662598 1460
0.5144000053405762 1460
0.516395092010498 1460
0.5163960456848145 1460
0.5163969993591309 1460
0.5163979530334473 1460
0.5163991451263428 1460
0.5163991451263428 1460
0.5164000988006592 1460
0.5164029598236084 1460
0.5164029598236084 1460
0.5164041519165039 833
0.5181939601898193 1460
0.5181970596313477 1460
0.5181970596313477 1460
0.5181980133056641 1460
0.5181980133056641 1460
0.518200159072876 1460
0.5182011127471924 1460
0.5182020664215088 1460
0.5201499462127686 1460
0.5201511383056641 1460
0.5201520919799805 1460
0.5201520919799805 833
0.5201530456542969 1460
0.5201530456542969 1460
0.5201539993286133 1460
0.5201539993286133 1460
0.5201549530029297 1460
0.5201549530029297 1460
0.5201561450958252 1460
0.5201561450958252 1460
0.5201570987701416 1460
0.5201570987701416 1460
0.5220439434051514 1460
0.5220451354980469 1460
0.5220460891723633 1460
0.5220470428466797 1460
0.5220479965209961 1460
0.5220489501953125 1460
0.5220489501953125 1460
0.522050142288208 1460
0.5220510959625244 1460
0.5220510959625244 1460
0.5220520496368408 1460
0.5220530033111572 1460
0.5220530033111572 1460
0.5220539569854736 1460
0.5220551490783691 1460
0.5220561027526855 1460
0.5241780281066895 1460
0.5241789817810059 1460
0.5241789817810059 1460
0.5241799354553223 1460
0.5241811275482178 1460
0.5241820812225342 1460
0.5241830348968506 1460
0.524183988571167 1460
0.5241849422454834 1460
0.5241849422454834 1460
0.5241861343383789 1460
0.5241870880126953 1460
0.5241870880126953 1460
0.5241880416870117 1460
0.5241889953613281 1460
0.5241899490356445 1460
0.5242350101470947 1460
0.5242359638214111 1460
0.5242359638214111 1460
0.5255820751190186 1460
0.525583028793335 1460
0.5255839824676514 1460
0.5255849361419678 1460
0.5255861282348633 1460
0.5255861282348633 1460
0.5255870819091797 1460
0.5255880355834961 1460
0.5255880355834961 1460
0.5255889892578125 1460
0.5255899429321289 1460
0.5255911350250244 1460
0.5255911350250244 1460
0.5278770923614502 1460
0.527878999710083 1460
0.5278799533843994 1460
0.5278799533843994 1460
0.6570940017700195 1460
0.6570940017700195 1460
0.6570949554443359 1460
0.6570949554443359 1460
0.6570949554443359 1460
0.6570961475372314 1460
0.6570961475372314 1460
0.6570971012115479 1460
0.6570971012115479 1460
0.6570971012115479 1460
0.6570980548858643 1460
0.6570980548858643 1460
0.6590769290924072 1460
0.6590781211853027 1460
0.6590781211853027 1460
0.6590790748596191 1460
0.6590790748596191 1460
0.6590800285339355 1460
0.6590800285339355 1460
0.6590800285339355 1460
0.6590850353240967 1460
0.6605899333953857 1460
0.6605911254882812 1460
0.6605911254882812 1460
0.6605920791625977 1460
0.6605920791625977 1460
0.6605930328369141 1460
0.6605930328369141 1460
0.6605930328369141 1460
0.6605939865112305 1460
0.6605939865112305 1460
0.6605949401855469 1460
0.6605949401855469 1460
0.6605961322784424 1460
0.6627931594848633 1460
0.6627931594848633 1460
0.6627941131591797 1460
0.6627950668334961 1460
0.6627950668334961 1460
0.6627960205078125 1460
0.6627960205078125 1460
0.6627969741821289 1460
0.6627969741821289 1460
0.6627979278564453 1460
0.6627979278564453 1460
0.6627991199493408 1460
0.6628000736236572 1460
0.6628000736236572 1460
0.6647510528564453 1460
0.6647520065307617 1460
0.6647520065307617 1460
0.6647529602050781 1460
0.6647529602050781 1460
0.6647541522979736 1460
0.6647541522979736 1460
0.66475510597229 1460
0.66475510597229 1460
0.6647560596466064 1460
0.6647570133209229 1460
0.6647570133209229 1460
0.6647579669952393 1460
0.6647579669952393 1460
0.6647591590881348 1460
0.6647591590881348 1460
0.666877031326294 1460
0.666877031326294 1460
0.6668779850006104 1460
0.6668779850006104 1460
0.6668789386749268 1460
0.6668789386749268 1460
0.6668801307678223 1460
0.6668801307678223 1460
0.6668810844421387 1460
0.6668810844421387 1460
0.6668820381164551 1460
0.6668820381164551 1460
0.6668829917907715 1460
0.6668829917907715 1460
0.6668839454650879 1460
0.6668839454650879 1460
0.668874979019165 1460
0.6688759326934814 1460
0.668877124786377 1460
0.6688780784606934 1460
0.6688780784606934 1460
0.6688790321350098 1460
0.6688799858093262 1460
0.6688799858093262 1460
0.8007020950317383 1460
0.8007030487060547 1460
0.8007030487060547 1460
0.8007040023803711 1460
0.8007040023803711 1460
0.8007049560546875 1460
0.8025360107421875 1460
0.8025369644165039 1460
0.8025381565093994 1460
0.8025391101837158 1460
0.8025400638580322 1460
0.8025410175323486 1460
0.8025429248809814 1460
0.8065619468688965 1460
0.8065619468688965 1460
0.806563138961792 1460
0.806563138961792 1460
0.806563138961792 1460
0.8065640926361084 1460
0.8065640926361084 1460
0.8065640926361084 1460
0.8065650463104248 1460
0.8065650463104248 1460
0.8084139823913574 1460
0.8084139823913574 1460
0.8084149360656738 1460
0.8084149360656738 1460
0.8084149360656738 1460
0.8084161281585693 1460
0.8084161281585693 1460
0.8084161281585693 1460
0.8084170818328857 1460
0.8084170818328857 1460
0.8084180355072021 1460
0.8084189891815186 1460
0.8103039264678955 1460
0.8103039264678955 1460
0.8103039264678955 1460
0.810305118560791 1460
0.810305118560791 1460
0.8103060722351074 1460
0.8103060722351074 1460
0.8103060722351074 1460
0.8103070259094238 1460
0.8103070259094238 1460
0.8103079795837402 1460
0.8103079795837402 1460
0.8103079795837402 1460
0.8103089332580566 1460
0.8103089332580566 1460
0.8103101253509521 1460
0.812575101852417 1460
0.8125770092010498 1460
0.8125779628753662 1460
0.8125791549682617 1460
0.8125801086425781 1460
0.8125810623168945 1460
0.8125820159912109 1460
0.8125851154327393 1460
0.8125870227813721 1460
0.8125879764556885 1460
0.8125889301300049 1460
0.8125889301300049 1460
0.8125901222229004 1460
0.8125901222229004 1460
0.8125901222229004 1460
0.8125910758972168 1460
0.8141379356384277 1460
0.8141391277313232 1460
0.8141391277313232 1460
0.8141400814056396 1460
0.8141400814056396 1460
0.814141035079956 1460
0.814141035079956 1460
0.8141419887542725 1460
0.8141419887542725 1460
0.8141429424285889 1460
0.8141429424285889 1460
0.8141429424285889 1460
0.8141441345214844 1460
0.8141441345214844 1460
0.8141450881958008 1460
0.815932035446167 1460
0.8159329891204834 1460
0.8159339427947998 1460
0.8159339427947998 1460
0.8159351348876953 1460
0.8159351348876953 1460
0.8159351348876953 1460
0.8159360885620117 1460
0.9446721076965332 1460
0.9446721076965332 1460
0.9446721076965332 1460
0.9446730613708496 1460
0.9446730613708496 1460
0.944674015045166 1460
0.944674015045166 1460
0.9446749687194824 1460
0.9446749687194824 1460
0.9446761608123779 1460
0.9446761608123779 1460
0.9465830326080322 1460
0.9465830326080322 1460
0.9465839862823486 1460
0.9484710693359375 1460
0.9505360126495361 1460
0.9505360126495361 1460
0.9505369663238525 1460
0.9505369663238525 1460
0.950538158416748 1460
0.9505391120910645 1460
0.9505391120910645 1460
0.9505391120910645 1460
0.9505400657653809 1460
0.9505429267883301 1460
0.9505429267883301 1460
0.9505441188812256 1460
0.9520411491394043 1460
0.9520421028137207 1460
0.9520430564880371 1460
0.9520430564880371 1460
0.9520440101623535 1460
0.9520449638366699 1460
0.9520449638366699 1460
0.9520449638366699 1460
0.9520461559295654 1460
0.9520471096038818 1460
0.9520471096038818 1460
0.9520480632781982 1460
0.9520480632781982 1460
0.9520490169525146 1460
0.9520490169525146 1460
0.952049970626831 1460
0.9542391300201416 1460
0.954240083694458 1460
0.9542410373687744 1460
0.9542410373687744 1460
0.9542419910430908 1460
0.9542419910430908 1460
0.9542419910430908 1460
0.9542429447174072 1460
0.9542429447174072 1460
0.9542441368103027 1460
0.9542441368103027 1460
0.9542450904846191 1460
0.9542450904846191 1460
0.9542460441589355 1460
0.9542460441589355 1460
0.954246997833252 1460
0.956265926361084 1460
0.956265926361084 1460
0.956265926361084 1460
0.9562671184539795 1460
0.9562671184539795 1460
0.9562680721282959 1460
0.9562680721282959 1460
0.9562680721282959 1460
0.9562690258026123 1460
0.9562690258026123 1460
0.9562690258026123 1460
0.9562699794769287 1460
0.9562699794769287 1460
0.9562709331512451 1460
0.9562709331512451 1460
0.9562709331512451 1460
0.9565269947052002 1460
0.9565279483795166 1460
0.9577789306640625 1460
0.9577789306640625 1460
0.957780122756958 1460
0.957780122756958 1460
0.9577810764312744 1460
0.9577810764312744 1460
0.9577810764312744 1460
0.9597980976104736 1460
0.9597980976104736 1460
0.95979905128479 1460
0.95979905128479 1460
0.95979905128479 1460
0.9598000049591064 1460
0.9598000049591064 1460
0.9598000049591064 1460
1.0421650409698486 1460
1.0421650409698486 1460
1.0421650409698486 1460
1.042165994644165 1460
1.042165994644165 1460
1.0421669483184814 1460
1.044058084487915 1460
1.0440590381622314 1460
1.0440590381622314 1460
1.0440599918365479 1460
1.0440599918365479 1460
1.0440609455108643 1460
1.0440609455108643 1460
1.0440609455108643 1460
1.0440621376037598 1460
1.0440621376037598 1460
1.0440630912780762 1460
1.0440640449523926 1460
1.0440640449523926 1460
1.0440640449523926 1460
1.044064998626709 1460
1.044064998626709 1460
1.046471118927002 1460
1.046471118927002 1460
1.0464720726013184 1460
1.0464720726013184 1460
1.0464720726013184 1460
1.0464730262756348 1460
1.0464730262756348 1460
1.0464730262756348 1460
1.0464739799499512 1460
1.0464739799499512 1460
1.0464749336242676 1460
1.0464749336242676 1460
1.046476125717163 1460
1.046476125717163 1460
1.046476125717163 1460
1.0464770793914795 1460
1.0477631092071533 1460
1.0477631092071533 1460
1.0477631092071533 1460
1.0477640628814697 1460
1.0477640628814697 1460
1.0477650165557861 1460
1.0477650165557861 1460
1.0477659702301025 1460
1.0497300624847412 1460
1.0497300624847412 1460
1.0497310161590576 1460
1.0497310161590576 1460
1.049731969833374 1460
1.049731969833374 1460
1.049731969833374 1460
1.0497331619262695 1460
1.0497331619262695 1460
1.049734115600586 1460
1.049734115600586 1460
1.049734115600586 1460
1.0497350692749023 1460
1.0497350692749023 1460
1.0497360229492188 1460
1.0497360229492188 1460
1.0497360229492188 1460
1.0497369766235352 1460
1.0497369766235352 1460
1.0497379302978516 1460
1.0497379302978516 1460
1.049739122390747 1460
1.049739122390747 1460
1.0497400760650635 1460
1.0518860816955566 1460
1.051887035369873 1460
1.051887035369873 1460
1.051887035369873 1460
1.0518879890441895 1460
1.0518889427185059 1460
1.0518901348114014 1460
1.0518901348114014 1460
1.0518910884857178 1460
1.0518910884857178 1460
1.0518920421600342 1460
1.0518920421600342 1460
1.0518929958343506 1460
1.0518929958343506 1460
1.0518929958343506 1460
1.051893949508667 1460
1.0536589622497559 1460
1.0536601543426514 1460
1.0536601543426514 1460
1.0536601543426514 1460
1.0536611080169678 1460
1.0536611080169678 1460
1.0536611080169678 1460
1.1053991317749023 1460
1.1053991317749023 1460
1.1054000854492188 1460
1.1068661212921143 1460
1.1068670749664307 1460
1.1068670749664307 1460
1.1068670749664307 1460
1.106868028640747 1460
1.106868028640747 1460
1.1068689823150635 1460
1.1068689823150635 1460
1.1068689823150635 1460
1.1068699359893799 1460
1.1068699359893799 1460
1.1068699359893799 1460
1.1068711280822754 1460
1.1068711280822754 1460
1.1068720817565918 1460
1.1091761589050293 1460
1.1091761589050293 1460
1.1091771125793457 1460
1.1091771125793457 1460
1.1091771125793457 1460
1.109178066253662 1460
1.109178066253662 1460
1.1091790199279785 1460
1.1091790199279785 1460
1.109179973602295 1460
1.109179973602295 1460
1.109179973602295 1460
1.1091809272766113 1460
1.1091809272766113 1460
1.1091821193695068 1460
1.1104021072387695 1460
1.110403060913086 1460
1.110403060913086 1460
1.1104040145874023 1460
1.1104040145874023 1460
1.1104049682617188 1460
1.1104049682617188 1460
1.1104061603546143 1460
1.1104061603546143 1460
1.1104061603546143 1460
1.1104071140289307 1460
1.1104071140289307 1460
1.110408067703247 1460
1.1104090213775635 1460
1.1104090213775635 1460
1.1126720905303955 1460
1.1126720905303955 1460
1.112673044204712 1460
1.112673044204712 1460
1.112673044204712 1460
1.1126739978790283 1460
1.1126739978790283 1460
1.1126749515533447 1460
1.1126761436462402 1460
1.1126761436462402 1460
1.1126761436462402 1460
1.1126770973205566 1460
1.1126770973205566 1460
1.112678050994873 1460
1.112678050994873 1460
1.1126790046691895 1460
1.1145050525665283 1460
1.1145050525665283 1460
1.1145050525665283 1460
1.1145060062408447 1460
1.1145060062408447 1460
1.1145069599151611 1460
1.1145069599151611 1460
1.1145081520080566 1460
1.1145081520080566 1460
1.1145081520080566 1460
1.114509105682373 1460
1.114509105682373 1460
1.114509105682373 1460
1.1145100593566895 1460
1.1145100593566895 1460
1.1145110130310059 1460
1.1164700984954834 1460
