1049759
0.0 1460
0.0 1460
0.0 1460
9.5367431640625e-07 1460
9.5367431640625e-07 1460
1.9073486328125e-06 1460
1.9073486328125e-06 1460
1.9073486328125e-06 1460
2.86102294921875e-06 1460
2.86102294921875e-06 1460
4.0531158447265625e-06 1460
4.0531158447265625e-06 1460
0.002630949020385742 1460
0.002630949020385742 1460
0.0026319026947021484 1460
0.0026319026947021484 1460
0.0026328563690185547 1460
0.0026328563690185547 1460
0.0026350021362304688 1460
0.002635955810546875 1460
0.002635955810546875 1460
0.0026369094848632812 1460
0.0026378631591796875 1460
0.0026378631591796875 1460
0.0026390552520751953 1460
0.0026390552520751953 1460
0.0026400089263916016 1460
0.0026400089263916016 1460
0.0026400089263916016 1460
0.002640962600708008 1460
0.002640962600708008 1460
0.002641916275024414 1460
0.002641916275024414 1460
0.002641916275024414 1460
0.0026428699493408203 1460
0.004643917083740234 1460
0.004643917083740234 1460
0.004644870758056641 1460
0.004644870758056641 1460
0.0046460628509521484 1460
0.0046460628509521484 1460
0.004647016525268555 1460
0.004647016525268555 1460
0.004647970199584961 1460
0.004647970199584961 1460
0.004648923873901367 1460
0.004648923873901367 1460
0.0046498775482177734 1460
0.0046498775482177734 1460
0.004651069641113281 1460
0.004651069641113281 1460
0.006368875503540039 1460
0.006370067596435547 1460
0.006370067596435547 1460
0.006371021270751953 1460
0.006371974945068359 1460
0.011182069778442383 1460
0.011183023452758789 1460
0.011183023452758789 1460
0.011183977127075195 1460
0.011183977127075195 1460
0.011184930801391602 1460
0.011185884475708008 1460
0.011185884475708008 1460
0.011187076568603516 1460
0.011187076568603516 1460
0.011188030242919922 1460
0.011188030242919922 1460
0.011188983917236328 1460
0.012994050979614258 1460
0.012995004653930664 1460
0.012995004653930664 1460
0.01299595832824707 1460
0.01299595832824707 1460
0.01299595832824707 1460
0.012996912002563477 1460
0.012997865676879883 1460
0.01299905776977539 1460
0.01299905776977539 1460
0.013000011444091797 1460
0.013000011444091797 1460
0.013000965118408203 1460
0.013000965118408203 1460
0.013000965118408203 1460
0.01300191879272461 1460
0.014775991439819336 1460
0.014775991439819336 1460
0.014776945114135742 1460
0.014776945114135742 1460
0.014776945114135742 1460
0.014777898788452148 1460
0.014777898788452148 1460
0.014777898788452148 1460
0.014777898788452148 1460
0.014779090881347656 1460
0.014780044555664062 1460
0.014780044555664062 1460
0.014780044555664062 1460
0.014780998229980469 1460
0.014780998229980469 1460
0.014780998229980469 1460
0.016881942749023438 1460
0.016881942749023438 1460
0.016881942749023438 1460
0.08943295478820801 1460
0.08943295478820801 1460
0.08943295478820801 1460
0.08943390846252441 1460
0.08943390846252441 1460
0.08943486213684082 1460
0.08943486213684082 1460
0.08943486213684082 1460
0.08943605422973633 1460
0.08943605422973633 1460
0.09126591682434082 1460
0.09126591682434082 1460
0.09126687049865723 1460
0.09126687049865723 1460
0.09126806259155273 1460
0.09126806259155273 1460
0.09126901626586914 1460
0.09126901626586914 1460
0.09317302703857422 1460
0.09317398071289062 1460
0.09317398071289062 1460
0.09317493438720703 1460
0.09317493438720703 1460
0.09317493438720703 1460
0.09317588806152344 1460
0.09317588806152344 1460
0.09317588806152344 1460
0.09317708015441895 1460
0.09317708015441895 1460
0.09317803382873535 1460
0.09317803382873535 1460
0.09317803382873535 1460
0.09317898750305176 1460
0.09317898750305176 1460
0.09317994117736816 1460
0.09317994117736816 1460
0.09317994117736816 1460
0.09317994117736816 1460
0.09318089485168457 1460
0.09318089485168457 1460
0.09318208694458008 1460
0.09318208694458008 1460
0.09543395042419434 1460
0.09543800354003906 1460
0.09544587135314941 1460
0.09544706344604492 1460
0.09544897079467773 1460
0.09544992446899414 1460
0.09545087814331055 1460
0.09545207023620605 1460
0.09545397758483887 1460
0.09545588493347168 1460
0.09672689437866211 1460
0.09672808647155762 1460
0.09672904014587402 1460
0.09672999382019043 1460
0.09673094749450684 1460
0.09673404693603516 1460
0.09673500061035156 1460
0.09673595428466797 1460
0.09673690795898438 1460
0.09673786163330078 1460
0.09673905372619629 1460
0.0967400074005127 1460
0.0967409610748291 1460
0.09674191474914551 1460
0.09674286842346191 1460
0.09674406051635742 1460
0.09908509254455566 1460
0.09908604621887207 1460
0.09908604621887207 1460
0.09908604621887207 1460
0.09908699989318848 1460
0.09908699989318848 1460
0.09908795356750488 1460
0.09908795356750488 1460
0.09908795356750488 1460
0.09908890724182129 1460
0.09908890724182129 1460
0.0990898609161377 1460
0.1006629467010498 1460
0.10066390037536621 1460
0.10066509246826172 1460
0.10066604614257812 1460
0.12018704414367676 1460
0.12018704414367676 1460
0.12018704414367676 1460
0.12018799781799316 1460
0.12018799781799316 1460
0.12018799781799316 1460
0.12018990516662598 1460
0.12018990516662598 1460
0.12019085884094238 1460
0.12019085884094238 1460
0.12019085884094238 1460
0.12019205093383789 1460
0.12154006958007812 1460
0.12154102325439453 1460
0.12154102325439453 1460
0.12154102325439453 1460
0.12154197692871094 1460
0.12154197692871094 1460
0.12154197692871094 1460
0.12154293060302734 1460
0.12154293060302734 1460
0.12154293060302734 1460
0.12154388427734375 1460
0.12154388427734375 1460
0.12154507637023926 1460
0.12154507637023926 1460
0.12154507637023926 1460
0.12389993667602539 1460
0.1239008903503418 1460
0.1239008903503418 1460
0.1239008903503418 1460
0.1239020824432373 1460
0.1239020824432373 1460
0.1239020824432373 1460
0.12544608116149902 1460
0.12544703483581543 1460
0.12544798851013184 1460
0.12544798851013184 1460
0.12544894218444824 1460
0.12544894218444824 1460
0.12544989585876465 1460
0.12545108795166016 1460
0.12545108795166016 1460
0.12545108795166016 1460
0.12545204162597656 1460
0.12741398811340332 1460
0.12741589546203613 1460
0.12741708755493164 1460
0.12741804122924805 1460
0.12741899490356445 1460
0.1274259090423584 1460
0.1274268627166748 1460
0.1274280548095703 1460
0.1274280548095703 1460
0.12742996215820312 1460
0.21839308738708496 1460
0.21839404106140137 1460
0.21839499473571777 1460
0.21839499473571777 1460
0.21839594841003418 1460
0.21839690208435059 1460
0.218397855758667 1460
0.218397855758667 1460
0.2183990478515625 1460
0.2183990478515625 1460
0.2184000015258789 1460
0.2184009552001953 1460
0.2184009552001953 1460
0.21840190887451172 1460
0.21840286254882812 1460
0.22071599960327148 1460
0.22071599960327148 1460
0.2207169532775879 1460
0.22072196006774902 1460
0.22072291374206543 1460
0.22072291374206543 1460
0.22072386741638184 1460
0.22072505950927734 1460
0.22072505950927734 1460
0.22072601318359375 1460
0.222243070602417 1460
0.222243070602417 1460
0.2222440242767334 1460
0.2222449779510498 1460
0.2222459316253662 1460
0.2222459316253662 1460
0.22224688529968262 1460
0.22224807739257812 1460
0.22224903106689453 1460
0.22224998474121094 1460
0.22225093841552734 1460
0.22225093841552734 1460
0.22225189208984375 1460
0.22225308418273926 1460
0.22225403785705566 1460
0.22225403785705566 1460
0.22446990013122559 1460
0.2244710922241211 1460
0.2244720458984375 1460
0.2244729995727539 1460
0.2244729995727539 1460
0.2244739532470703 1460
0.2244739532470703 1460
0.22447490692138672 1460
0.22447586059570312 1460
0.22447586059570312 1460
0.22447705268859863 1460
0.22447705268859863 1460
0.2263789176940918 1460
0.2263789176940918 1460
0.2263798713684082 1460
0.2263810634613037 1460
0.2263810634613037 1460
0.22638201713562012 1460
0.22638201713562012 1460
0.22638297080993652 1460
0.22638392448425293 1460
0.22638392448425293 1460
0.22638487815856934 1460
0.22638607025146484 1460
0.22638702392578125 1460
0.22638702392578125 1460
0.22826099395751953 1460
0.22826194763183594 1460
0.2300260066986084 1460
0.2300269603729248 1460
0.2300269603729248 1460
0.2300279140472412 1460
0.23002886772155762 1460
0.23002886772155762 1460
0.23184585571289062 1460
0.23184704780578613 1460
0.23184800148010254 1460
0.23184800148010254 1460
0.23184895515441895 1460
0.23184895515441895 1460
0.23185396194458008 1460
0.23185396194458008 1460
0.23185491561889648 1460
0.2318558692932129 1460
0.24941492080688477 1460
0.24941587448120117 1460
0.24941706657409668 1460
0.24941706657409668 1460
0.24941802024841309 1460
0.2494189739227295 1460
0.2494189739227295 1460
0.2494199275970459 1460
0.2494208812713623 1460
0.2494208812713623 1460
0.2494220733642578 1460
0.2494220733642578 1460
0.2511270046234131 1460
0.2511270046234131 1460
0.2511279582977295 1460
0.2511279582977295 1460
0.2511289119720459 1460
0.2511289119720459 1460
0.2511298656463623 1460
0.2511298656463623 1460
0.2511310577392578 1460
0.25315189361572266 1460
0.25315189361572266 1460
0.25315308570861816 1460
0.25315403938293457 1460
0.2531580924987793 1460
0.2531580924987793 1460
0.2531590461730957 1460
0.2531590461730957 1460
0.2531599998474121 1460
0.2531599998474121 1460
0.2531609535217285 1460
0.2531619071960449 1460
0.2531619071960449 1460
0.2539498805999756 1460
0.2539498805999756 1460
0.2539510726928711 1460
0.2539510726928711 1460
0.2539520263671875 1460
0.2539520263671875 1460
0.2539529800415039 1460
0.2560610771179199 1460
0.2560610771179199 1460
0.25606203079223633 1460
0.25606203079223633 1460
0.25606298446655273 1460
0.2578139305114746 1460
0.2578139305114746 1460
0.257814884185791 1460
0.25982189178466797 1460
0.2598230838775635 1460
0.2598240375518799 1460
0.2598240375518799 1460
0.2598249912261963 1460
0.2598259449005127 1460
0.2598259449005127 1460
0.33804988861083984 1460
0.33805108070373535 1460
0.33805108070373535 1460
0.33805203437805176 1460
0.33805203437805176 1460
0.33805298805236816 1460
0.33805298805236816 1460
0.33805394172668457 1460
0.3404700756072998 1460
0.3404700756072998 1460
0.3404710292816162 1460
0.3404710292816162 1460
0.3404710292816162 1460
0.3404719829559326 1460
0.3404719829559326 1460
0.340472936630249 1460
0.340472936630249 1460
0.340472936630249 1460
0.34047389030456543 1460
0.34047389030456543 1460
0.34047508239746094 1460
0.34047508239746094 1460
0.34047603607177734 1460
0.34047603607177734 1460
0.3420889377593994 1460
0.3420898914337158 1460
0.3438558578491211 1460
0.3438570499420166 1460
0.3438570499420166 1460
0.343858003616333 1460
0.343858003616333 1460
0.3438589572906494 1460
0.3438589572906494 1460
0.3438589572906494 1460
0.3438599109649658 1460
0.3438599109649658 1460
0.3438608646392822 1460
0.3438608646392822 1460
0.3458559513092041 1460
0.3458559513092041 1460
0.3458569049835205 1460
0.3458569049835205 1460
0.3458578586578369 1460
0.3458578586578369 1460
0.3458590507507324 1460
0.3458590507507324 1460
0.34586000442504883 1460
0.34586000442504883 1460
0.34586095809936523 1460
0.34586095809936523 1460
0.34586191177368164 1460
0.34586286544799805 1460
0.34586405754089355 1460
0.34586405754089355 1460
0.3484818935394287 1460
0.3484830856323242 1460
0.3484840393066406 1460
0.3484840393066406 1439
0.48003506660461426 40
0.5674030780792236 1460
0.56740403175354 1460
0.56740403175354 1460
0.56740403175354 1460
0.5674049854278564 1460
0.5674049854278564 1460
0.5674059391021729 1460
0.5674059391021729 1460
0.5674059391021729 1460
0.5674059391021729 1460
0.5674068927764893 1460
0.5674068927764893 1460
0.5694968700408936 1460
0.5694968700408936 1460
0.5694980621337891 1460
0.5694980621337891 1460
0.5694980621337891 1460
0.5694990158081055 1460
0.5694990158081055 1460
0.5694990158081055 1460
0.5694999694824219 1460
0.5694999694824219 1460
0.5694999694824219 1460
0.5695009231567383 1460
0.5695009231567383 1460
0.5695018768310547 1460
0.5695018768310547 1460
0.5695018768310547 1460
0.571497917175293 1460
0.571497917175293 1460
0.5714988708496094 1460
0.5714988708496094 1460
0.5715000629425049 1460
0.5715000629425049 1460
0.5715010166168213 1460
0.5715010166168213 1460
0.5715010166168213 1460
0.5715019702911377 1460
0.5715019702911377 1460
0.5715019702911377 1460
0.5715029239654541 1460
0.5715029239654541 1460
0.5715038776397705 1460
0.5715038776397705 1460
0.5717558860778809 1460
0.5717570781707764 1460
0.5717570781707764 1460
0.5736720561981201 1460
0.5736730098724365 1460
0.5736730098724365 1460
0.5736730098724365 1460
0.5736739635467529 1460
0.5736739635467529 1460
0.5736749172210693 1460
0.5736749172210693 1460
0.5736749172210693 1460
0.5736758708953857 1460
0.5736758708953857 1460
0.5736770629882812 1460
0.5736770629882812 1460
0.5750679969787598 1460
0.5750689506530762 1460
0.5750689506530762 1460
0.5750699043273926 1460
0.5750699043273926 1460
0.5750699043273926 1460
0.575070858001709 1460
0.575070858001709 1460
0.5750720500946045 1460
0.5750720500946045 1460
0.5750730037689209 1460
0.5750730037689209 1460
0.5750730037689209 1460
0.5750739574432373 1460
0.5750749111175537 1460
0.5750749111175537 1460
0.5767810344696045 1460
0.5767810344696045 1460
0.5767819881439209 1460
0.5767819881439209 1460
0.5767819881439209 1460
0.5767829418182373 1460
0.5767829418182373 1460
0.5767829418182373 1460
0.5767838954925537 1460
0.5767838954925537 1460
0.5767850875854492 1460
0.5767850875854492 1460
0.5767850875854492 1460
0.5767860412597656 1460
0.5767860412597656 1460
0.576786994934082 1460
0.577704906463623 1460
0.577704906463623 1460
0.5777058601379395 1460
0.5789389610290527 1460
0.5789389610290527 1460
0.5789399147033691 1460
0.5789399147033691 1460
0.5789408683776855 1460
0.5789408683776855 1460
0.5789408683776855 1460
0.578942060470581 1460
0.578942060470581 1460
0.5789430141448975 1460
0.5789430141448975 1460
0.5789430141448975 1460
0.5789439678192139 1460
0.5809519290924072 1460
0.5809519290924072 1460
0.5809528827667236 1460
0.5809528827667236 1460
0.5809540748596191 1460
0.5809540748596191 1460
0.5809540748596191 1460
0.5809550285339355 1460
0.5809550285339355 1460
0.580955982208252 1460
0.580955982208252 1460
0.580955982208252 1460
0.5809569358825684 1460
0.5809569358825684 1460
0.5809578895568848 1460
0.5809578895568848 1460
0.5827009677886963 1460
0.5827009677886963 1460
0.5827019214630127 1460
0.5827019214630127 1460
0.5827019214630127 1460
0.5827028751373291 1460
0.5827028751373291 1460
0.5827028751373291 1460
0.5827040672302246 1460
0.5827040672302246 1460
0.582705020904541 1460
0.582705020904541 1460
0.582705020904541 1460
0.5827059745788574 1460
0.5827059745788574 1460
0.5827069282531738 1460
0.5848689079284668 1460
0.5848689079284668 1460
0.5848689079284668 1460
0.5848698616027832 1460
0.5848698616027832 1460
0.7094860076904297 1460
0.7094869613647461 1460
0.7094869613647461 1460
0.7094879150390625 1460
0.7094900608062744 1460
0.7094910144805908 1460
0.7094919681549072 1460
0.7094919681549072 1460
0.7112698554992676 1460
0.7112710475921631 1460
0.7112720012664795 1460
0.7112729549407959 1460
0.7112739086151123 1460
0.7112739086151123 1460
0.7112748622894287 1460
0.7112760543823242 1460
0.7112770080566406 1460
0.7112770080566406 1460
0.711277961730957 1460
0.7112789154052734 1460
0.7112789154052734 1460
0.7112798690795898 1460
0.7112810611724854 1460
0.7112810611724854 1460
0.7129960060119629 1460
0.7129960060119629 1460
0.7129969596862793 1460
0.7129979133605957 1460
0.7130019664764404 1460
0.7130029201507568 1460
0.7130038738250732 1460
0.7130038738250732 1460
0.7130050659179688 1460
0.7130060195922852 1460
0.7130060195922852 1460
0.7130069732666016 1460
0.713007926940918 1460
0.7130088806152344 1460
0.7130100727081299 1460
0.7130100727081299 1460
0.7152628898620605 1460
0.7152628898620605 1460
0.715264081954956 1460
0.7152650356292725 1460
0.7152659893035889 1460
0.7152659893035889 1460
0.7152669429779053 1460
0.7152678966522217 1460
0.7152678966522217 1460
0.7152690887451172 1460
0.7152700424194336 1460
0.7152700424194336 1460
0.71527099609375 1460
0.7152719497680664 1460
0.7152729034423828 1460
0.7152729034423828 1460
0.7155280113220215 1460
0.7155289649963379 1460
0.7169458866119385 1460
0.716947078704834 1460
0.7169480323791504 1460
0.7169480323791504 1460
0.7169489860534668 1460
0.7169499397277832 1460
0.7169499397277832 1460
0.7169508934020996 1460
0.7169520854949951 1460
0.7169520854949951 1460
0.7169530391693115 1460
0.7169539928436279 1460
0.7169539928436279 1460
0.7169549465179443 1460
0.7189939022064209 1460
0.7189948558807373 1460
0.7189960479736328 1460
0.7189960479736328 1460
0.7189970016479492 1460
0.7189979553222656 1460
0.7189979553222656 1460
0.718998908996582 1460
0.718998908996582 1460
0.7189998626708984 1460
0.719001054763794 1460
0.719001054763794 1460
0.7190020084381104 1460
0.7190020084381104 1460
0.7190029621124268 1460
0.7190039157867432 1460
0.72080397605896 1460
0.7208049297332764 1460
0.7208049297332764 1460
0.7208058834075928 1460
0.7208070755004883 1460
0.7208080291748047 1460
0.7208080291748047 1460
0.7208089828491211 1460
0.7208099365234375 1460
0.7208099365234375 1460
0.7208108901977539 1460
0.7208120822906494 1460
0.7208120822906494 1460
0.7208130359649658 1460
0.7208139896392822 1460
0.7208139896392822 1460
0.7227768898010254 1460
0.7227768898010254 1460
0.7227780818939209 1460
0.7227790355682373 1460
0.7227799892425537 1460
0.7227799892425537 1460
0.7227809429168701 1460
0.7227818965911865 1460
0.7227818965911865 1460
0.722783088684082 1460
0.7227840423583984 1460
0.7227840423583984 1460
0.7227849960327148 1460
0.7227849960327148 1460
0.7227859497070312 1460
0.7227869033813477 1460
0.724700927734375 1460
0.7247018814086914 1460
0.7247030735015869 1460
0.7247030735015869 1460
0.7247040271759033 1460
0.7247049808502197 1460
0.7275230884552002 1460
0.727524995803833 1460
0.7275259494781494 1460
0.7275259494781494 1460
0.7275269031524658 1460
0.7275278568267822 1460
