573508
0.0 40
0.511786937713623 40
1.023913860321045 40
1.5373568534851074 40
2.056077003479004 40
2.5678749084472656 40
4.128664970397949 40
5.152695894241333 40
6.175999879837036 40
7.200560808181763 40
8.2238609790802 40
9.248255968093872 40
10.273006916046143 40
11.296052932739258 40
12.320780992507935 40
13.343756914138794 40
14.368772983551025 40
15.391872882843018 40
16.41611886024475 40
17.440733909606934 40
18.4637668132782 40
19.48781991004944 40
20.511685848236084 40
21.077621936798096 1452
21.078134775161743 1452
21.078134775161743 1452
21.078134775161743 1452
21.078653812408447 1452
21.078653812408447 1452
21.07917594909668 1452
21.07917594909668 1452
21.07971692085266 1452
21.07971692085266 1452
21.07971692085266 292
21.0814208984375 1452
21.0814208984375 1452
21.0814208984375 1452
21.081796884536743 1452
21.08218479156494 1452
21.08218479156494 1452
21.08218479156494 1452
21.083155870437622 1452
21.083155870437622 1452
21.083155870437622 1452
21.083638906478882 1452
21.084069967269897 1452
21.084069967269897 1452
21.084069967269897 1452
21.08503293991089 1452
21.08503293991089 1452
21.08503293991089 1452
21.085997819900513 1452
21.085997819900513 1452
21.085997819900513 1452
21.086848974227905 1452
21.086848974227905 1452
21.086848974227905 1452
21.087347984313965 1452
21.087705850601196 1452
21.087705850601196 1452
21.088676929473877 1452
21.088676929473877 1452
21.088676929473877 1452
21.089159965515137 1452
21.10004997253418 1452
21.10004997253418 1452
21.10004997253418 1452
21.100457906723022 1452
21.111133813858032 1452
21.111530780792236 1452
21.11191487312317 1452
21.122236967086792 1452
21.122721910476685 1452
21.123036861419678 1452
21.13404393196106 1452
21.134582996368408 1452
21.145203828811646 1452
21.145633935928345 1452
21.15665292739868 1452
21.15665292739868 1452
21.157055854797363 1452
21.16820192337036 1452
21.16855478286743 1452
21.177082777023315 1452
21.177082777023315 1452
21.177371978759766 1452
21.177371978759766 1452
21.17812180519104 1452
21.26370096206665 1452
21.27515482902527 1452
21.33310580253601 1452
21.33310580253601 1452
21.333493947982788 1452
21.333876848220825 1452
21.333876848220825 1452
21.33946180343628 1452
21.345114946365356 1452
21.3468599319458 1452
21.3468599319458 1452
21.347218990325928 1452
21.34760093688965 1452
21.348020792007446 1452
21.348020792007446 1452
21.3485369682312 1452
21.3485369682312 1452
21.349069833755493 1452
21.34960389137268 1452
21.34960389137268 1452
21.350552797317505 1452
21.350552797317505 1452
21.35108995437622 1452
21.35108995437622 1452
21.35162377357483 1452
21.35214400291443 1452
21.35214400291443 1452
21.35214400291443 1452
21.35323190689087 1452
21.35323190689087 1452
21.353909969329834 1452
21.353909969329834 1452
21.353909969329834 1452
21.354691982269287 1452
21.354691982269287 1452
21.354691982269287 1452
21.355223894119263 1452
21.355223894119263 1452
21.355771780014038 1452
21.356340885162354 1452
21.357667922973633 1452
21.357667922973633 1452
21.35862898826599 1452
21.35862898826599 1452
21.35862898826599 1452
21.358903884887695 1452
21.35938000679016 1452
21.35938000679016 1452
21.359744787216187 1452
21.360053777694702 1452
21.36048197746277 1452
21.36095881462097 1452
21.36095881462097 1452
21.36192798614502 1452
21.36242389678955 1452
21.362818956375122 1452
21.363295793533325 1452
21.363295793533325 1452
21.3637478351593 1452
21.3637478351593 1452
21.364811897277832 1452
21.364811897277832 1452
21.365288972854614 1452
21.365288972854614 1452
21.36628484725952 1452
21.36628484725952 1452
21.36628484725952 1452
21.367462873458862 1452
21.368838787078857 1452
21.368838787078857 1452
21.36931800842285 1452
21.36931800842285 1452
21.370231866836548 1452
21.37070894241333 1452
21.372145891189575 1452
21.37269377708435 1452
21.37269377708435 1452
21.373087882995605 1452
21.3735249042511 1452
21.373880863189697 1452
21.37465786933899 1452
21.375043869018555 1452
21.37622094154358 1452
21.37657880783081 1452
21.37696599960327 1452
21.377441883087158 1452
21.377441883087158 1452
21.37780499458313 1452
21.379674911499023 1452
21.379674911499023 1452
21.380146980285645 1452
21.3806369304657 1452
21.38110899925232 1452
21.38110899925232 1452
21.381555795669556 1452
21.381555795669556 1452
21.3820378780365 1452
21.38289785385132 1452
21.38289785385132 1452
21.38379693031311 1452
21.38426184654236 1452
21.384755849838257 1452
21.385194778442383 1452
21.385194778442383 1452
21.38617992401123 1452
21.38617992401123 1452
21.386613845825195 1452
21.386613845825195 1452
21.38779377937317 1452
21.38779377937317 1452
21.388227939605713 1452
21.388704776763916 1452
21.388704776763916 1452
21.3891818523407 1452
21.3891818523407 1452
21.390076875686646 1452
21.39047884941101 1452
21.392647981643677 1452
21.392647981643677 1452
21.393626928329468 1452
21.393626928329468 1452
21.39452886581421 1452
21.39452886581421 1452
21.39500093460083 1452
21.39500093460083 1452
21.39538884162903 1452
21.395769834518433 1452
21.395769834518433 1452
21.396646976470947 1452
21.396646976470947 1452
21.39802098274231 1452
21.398387908935547 1452
21.398387908935547 1452
21.398805856704712 1452
21.399741888046265 1452
21.40019178390503 1452
21.40019178390503 1452
21.400683879852295 1452
21.401742935180664 1452
21.401742935180664 1452
21.402743816375732 1452
21.402743816375732 1452
21.403841972351074 1452
21.403841972351074 1452
21.404109954833984 1452
21.404568910598755 1452
21.405735969543457 1452
21.405735969543457 1452
21.40625500679016 1452
21.40656590461731 1452
21.40656590461731 1452
21.40757179260254 1452
21.408089876174927 1452
21.408089876174927 1452
21.40918493270874 1452
21.409446954727173 1452
21.409446954727173 1452
21.409838914871216 1452
21.41071581840515 1452
21.411206007003784 1452
21.41169500350952 1452
21.41169500350952 1452
21.412187814712524 1452
21.413131952285767 1452
21.41407084465027 1452
21.41407084465027 1452
21.414535999298096 1452
21.414535999298096 1452
21.41555690765381 1452
21.41555690765381 1452
21.41555690765381 1452
21.416570901870728 1452
21.416570901870728 1452
21.417048931121826 1452
21.417048931121826 1452
21.417537927627563 1452
21.418033838272095 1452
21.418473958969116 1452
21.418473958969116 1452
21.419752836227417 1452
21.419752836227417 1452
21.42020297050476 1452
21.42020297050476 1452
21.421188831329346 1452
21.421188831329346 1452
21.421188831329346 1452
21.421689987182617 1452
21.42213487625122 1452
21.42213487625122 1452
21.42213487625122 1452
21.422475814819336 1452
21.42291283607483 1452
21.424038887023926 1452
21.424038887023926 1452
21.424038887023926 1452
21.42488980293274 1452
21.42488980293274 1452
21.425310850143433 1452
21.425310850143433 1452
21.425984859466553 1452
21.425984859466553 1452
21.426779985427856 1452
21.426779985427856 1452
21.426779985427856 1452
21.42722487449646 1452
21.427725791931152 1452
21.427725791931152 1452
21.428201913833618 1452
21.428698778152466 1452
21.429126977920532 1452
21.429126977920532 1452
21.42963695526123 1452
21.430065870285034 1452
21.430065870285034 1452
21.430065870285034 1452
21.430869817733765 1452
21.430869817733765 1452
21.431360960006714 1452
21.431748867034912 1452
21.431748867034912 1452
21.431748867034912 1452
21.432748794555664 1452
21.432748794555664 1452
21.43319082260132 1452
21.43368887901306 1452
21.43417477607727 1452
21.435134887695312 1452
21.435134887695312 1452
21.435629844665527 1452
21.435629844665527 1452
21.43606686592102 1452
21.43653678894043 1452
21.43653678894043 1452
21.43653678894043 1452
21.437020778656006 1452
21.437493801116943 1452
21.43797492980957 1452
21.43797492980957 1452
21.43797492980957 1452
21.43846893310547 1452
21.438954830169678 1452
21.438954830169678 1452
21.439450979232788 1452
21.43981695175171 1452
21.440517902374268 1452
21.440517902374268 1452
21.44091296195984 1452
21.441335916519165 1452
21.441335916519165 1452
21.441967964172363 1452
21.442346811294556 1452
21.442346811294556 1452
21.442710876464844 1452
21.443084001541138 1452
21.443084001541138 1452
21.443917989730835 1452
21.443917989730835 1452
21.444405794143677 1452
21.444795846939087 1452
21.444795846939087 1452
21.44525384902954 1452
21.445750951766968 1452
21.44621777534485 1452
21.44621777534485 1452
21.44709587097168 1452
21.44709587097168 1452
21.44709587097168 1452
21.448076963424683 1452
21.448076963424683 1452
21.448076963424683 1452
21.448535919189453 1452
21.448535919189453 1452
21.44948697090149 1452
21.44948697090149 1452
21.44948697090149 1452
21.450453996658325 1452
21.450453996658325 1452
21.450453996658325 1452
21.450836896896362 1452
21.451328992843628 1452
21.4518039226532 1452
21.452598810195923 1452
21.452598810195923 1452
21.45309090614319 1452
21.453558921813965 1452
21.453558921813965 1452
21.453921794891357 1452
21.454765796661377 1452
21.454765796661377 1452
21.454765796661377 1452
21.455127000808716 1452
21.455127000808716 1452
21.455537796020508 1452
21.455911874771118 1452
21.456817865371704 1452
21.456817865371704 1452
21.457247972488403 1452
21.457546949386597 1452
21.457974910736084 1452
21.457974910736084 1452
21.458273887634277 1452
21.459484815597534 1452
21.459484815597534 1452
21.459892988204956 1452
21.460896968841553 1452
21.460896968841553 1452
21.461395978927612 1452
21.461395978927612 1452
21.46178698539734 1452
21.46178698539734 1452
21.46224093437195 1452
21.462732791900635 1452
21.46318483352661 1452
21.463658809661865 1452
21.463658809661865 1452
21.464154958724976 1452
21.464154958724976 1452
21.464645862579346 1452
21.465131998062134 1452
21.465131998062134 1452
21.465131998062134 1180
21.465982913970947 1452
21.46796989440918 1452
21.46844482421875 1452
21.470754861831665 1452
21.470754861831665 1452
21.47121286392212 1452
21.47288179397583 1452
21.47512698173523 1452
23.009002923965454 1452
23.52770185470581 40
24.04076385498047 40
24.55950093269348 40
25.071529865264893 40
26.144420862197876 40
27.167430877685547 40
28.192686796188354 40
29.2165207862854 40
30.241050958633423 40
31.263401985168457 40
32.28749489784241 40
33.31187081336975 40
