1050000
0.0 1500
0.0005471706390380859 1500
0.0013511180877685547 1500
0.0013511180877685547 1500
0.002431154251098633 1500
0.0035910606384277344 1500
0.004422187805175781 1500
0.004422187805175781 1500
0.00555419921875 1500
0.006631135940551758 1500
0.006631135940551758 1500
0.007522106170654297 1500
0.009083032608032227 1500
0.01064610481262207 1500
0.01064610481262207 1500
0.01064610481262207 1500
0.01176309585571289 1500
0.01176309585571289 1500
0.01303720474243164 1500
0.013734102249145508 1500
0.014701128005981445 1500
0.014701128005981445 1500
0.015484094619750977 1500
0.016817092895507812 1500
0.017638206481933594 1500
0.017638206481933594 1500
0.018592119216918945 1500
0.019891023635864258 1500
0.019891023635864258 1500
0.020678997039794922 1500
0.021917104721069336 1500
0.02255702018737793 1500
0.02255702018737793 1500
0.023885011672973633 1500
0.02473902702331543 1500
0.02473902702331543 1500
0.025893211364746094 1500
0.02680516242980957 1500
0.027695178985595703 1500
0.027695178985595703 1500
0.02849102020263672 1500
0.030352115631103516 1500
0.030637025833129883 1500
0.030659198760986328 1500
0.03179121017456055 1500
0.03312802314758301 1500
0.03312802314758301 1500
0.03403615951538086 1500
0.03477120399475098 1500
0.03586316108703613 1500
0.03586316108703613 1500
0.03660702705383301 1500
0.03778815269470215 1500
0.03778815269470215 1500
0.038462162017822266 1500
0.039977073669433594 1500
0.04056119918823242 1500
0.04056119918823242 1500
0.04180502891540527 1500
0.042878150939941406 1500
0.0436861515045166 1500
0.0436861515045166 1500
0.04453611373901367 1500
0.04537010192871094 1500
0.04537010192871094 1500
0.04685807228088379 1500
0.047669172286987305 1500
0.04874110221862793 1500
0.04874110221862793 1500
0.049642086029052734 1500
0.05082201957702637 1500
0.05082201957702637 1500
0.0517430305480957 1500
0.052525997161865234 1500
0.053704023361206055 1500
0.053704023361206055 1500
0.05489921569824219 1500
0.055657148361206055 1500
0.05666708946228027 1500
0.05666708946228027 1500
0.057572126388549805 1500
0.05876302719116211 1500
0.05876302719116211 1500
0.06004500389099121 1500
0.06092500686645508 1500
0.06173515319824219 1500
0.06173515319824219 1500
0.06268715858459473 1500
0.06372404098510742 1500
0.06372404098510742 1500
0.06476902961730957 1500
0.0659182071685791 1500
0.0666961669921875 1500
0.0666961669921875 1500
0.06781220436096191 1500
0.06873416900634766 1500
0.07190608978271484 1500
0.07190608978271484 1500
0.07190608978271484 1500
0.07190608978271484 1500
0.07190608978271484 1500
0.07343816757202148 1500
0.07343816757202148 1500
0.07552599906921387 1500
0.07552599906921387 1500
0.07578802108764648 1500
0.07669806480407715 1500
0.07669806480407715 1500
0.07780003547668457 1500
0.07851815223693848 1500
0.07950711250305176 1500
0.08047008514404297 1500
0.08047008514404297 1500
0.08249211311340332 1500
0.08255720138549805 1500
0.08255720138549805 1500
0.08390116691589355 1500
0.08456301689147949 1500
0.08456301689147949 1500
0.08607816696166992 1500
0.08669805526733398 1500
0.08805704116821289 1500
0.08805704116821289 1500
0.08889603614807129 1500
0.09119009971618652 1500
0.09119009971618652 1500
0.09119009971618652 1500
0.09197616577148438 1500
0.09263801574707031 1500
0.09263801574707031 1500
0.09352517127990723 1500
0.09474706649780273 1500
0.09577417373657227 1500
0.09577417373657227 1500
0.09633111953735352 1500
0.09737610816955566 1500
0.09737610816955566 1500
0.09853506088256836 1500
0.09988713264465332 1500
0.10112500190734863 1500
0.10112500190734863 1500
0.10132718086242676 1500
0.10271120071411133 1500
0.10271120071411133 1500
0.10354113578796387 1500
0.10480904579162598 1500
0.10542607307434082 1500
0.10542607307434082 1500
0.10638904571533203 1500
0.10734105110168457 1500
0.10874104499816895 1500
0.10874104499816895 1500
0.10956406593322754 1500
0.11175203323364258 1500
0.11184906959533691 1500
0.11184906959533691 1500
0.1123511791229248 1500
0.11381006240844727 1500
0.11381006240844727 1500
0.11474299430847168 1500
0.11547303199768066 1500
0.11547303199768066 1500
0.11636614799499512 1500
0.11766314506530762 1500
0.11866903305053711 1500
0.11866903305053711 1500
0.11966919898986816 1500
0.12073516845703125 1500
0.12255620956420898 1500
0.12255620956420898 1500
0.1227412223815918 1500
0.12405920028686523 1500
0.12405920028686523 1500
0.12453818321228027 1500
0.12577009201049805 1500
0.12648916244506836 1500
0.12648916244506836 1500
0.12765121459960938 1500
0.1283249855041504 1500
0.1283249855041504 1500
0.1298811435699463 1500
0.13073110580444336 1500
0.13159608840942383 1500
0.13159608840942383 1500
0.13279104232788086 1500
0.13434410095214844 1500
0.13434410095214844 1500
0.13434410095214844 1500
0.13550519943237305 1500
0.13648009300231934 1500
0.13648009300231934 1500
0.13837718963623047 1500
0.13898921012878418 1500
0.13980913162231445 1500
0.13980913162231445 1500
0.1406559944152832 1500
0.1417992115020752 1500
0.1417992115020752 1500
0.14270901679992676 1500
0.14385604858398438 1500
0.14479517936706543 1500
0.14479517936706543 1500
0.14556312561035156 1500
0.1470651626586914 1500
0.1470651626586914 1500
0.1476001739501953 1500
0.1486210823059082 1500
0.15009021759033203 1500
0.15009021759033203 1500
0.1513221263885498 1500
0.15140318870544434 1500
0.15279817581176758 1500
0.15279817581176758 1500
0.15347814559936523 1500
0.1545870304107666 1500
0.1545870304107666 1500
0.15587902069091797 1500
0.15650701522827148 1500
0.15759706497192383 1500
0.15759706497192383 1500
0.15851616859436035 1500
0.1595151424407959 1500
0.1595151424407959 1500
0.16064214706420898 1500
0.16148900985717773 1500
0.16364312171936035 1500
0.16364312171936035 1500
0.16364312171936035 1500
0.16567611694335938 1500
0.16567611694335938 1500
0.16567611694335938 1500
0.16670799255371094 1500
0.16768717765808105 1500
0.16768717765808105 1500
0.16895103454589844 1500
0.1696321964263916 1500
0.17073822021484375 1500
0.17073822021484375 1500
0.17187118530273438 1500
0.17277121543884277 1500
0.17277121543884277 1500
0.17393112182617188 1500
0.1747901439666748 1500
0.17580103874206543 1500
0.17580103874206543 1500
0.17768406867980957 1500
0.17768406867980957 1500
0.17877507209777832 1500
0.17877507209777832 1500
0.17960715293884277 1500
0.18050718307495117 1500
0.18050718307495117 1500
0.18161821365356445 1500
0.18294906616210938 1500
0.18393206596374512 1500
0.18393206596374512 1500
0.1847081184387207 1500
0.18596506118774414 1500
0.18596506118774414 1500
0.18681812286376953 1500
0.1891191005706787 1500
0.1891191005706787 1500
0.1891191005706787 1500
0.1895771026611328 1500
0.1916801929473877 1500
0.19183921813964844 1500
0.19183921813964844 1500
0.19346213340759277 1500
0.1935281753540039 1500
0.1935281753540039 1500
0.1952211856842041 1500
0.19573616981506348 1500
0.19663500785827637 1500
0.19663500785827637 1500
0.1979830265045166 1500
0.19857120513916016 1500
0.19857120513916016 1500
0.20006799697875977 1500
0.20099902153015137 1500
0.20177412033081055 1500
0.20177412033081055 1500
0.20280814170837402 1500
0.2035660743713379 1500
0.2049570083618164 1500
0.2049570083618164 1500
0.20578598976135254 1500
0.206834077835083 1500
0.206834077835083 1500
0.20785999298095703 1500
0.20893001556396484 1500
0.20975017547607422 1500
0.20975017547607422 1500
0.21047210693359375 1500
0.21191811561584473 1500
0.21191811561584473 1500
0.21416211128234863 1500
0.21416211128234863 1500
0.21504807472229004 1500
0.21504807472229004 1500
0.21551299095153809 1500
0.21673107147216797 1500
0.2175610065460205 1500
0.2175610065460205 1500
0.21877503395080566 1500
0.21972203254699707 1500
0.21972203254699707 1500
0.22080421447753906 1500
0.2216341495513916 1500
0.22258806228637695 1500
0.22264599800109863 1500
0.22357916831970215 1500
0.22534704208374023 1500
0.22534704208374023 1500
0.22543621063232422 1500
0.22745203971862793 1500
0.22808504104614258 1500
0.22808504104614258 1500
0.22887015342712402 1500
0.23006510734558105 1500
0.23098301887512207 1500
0.23098301887512207 1500
0.2316451072692871 1500
0.23297810554504395 1500
0.23297810554504395 1500
0.23363614082336426 1500
0.23449921607971191 1500
0.23574614524841309 1500
0.23574614524841309 1500
0.23659610748291016 1500
0.2377769947052002 1500
0.2377769947052002 1500
0.23933100700378418 1500
0.23933100700378418 1500
0.24067902565002441 1500
0.24067902565002441 1500
0.24167299270629883 1500
0.2426280975341797 1500
0.24381518363952637 1500
0.24381518363952637 1500
0.24576115608215332 1500
0.24576115608215332 1500
0.24576115608215332 1500
0.24749016761779785 1500
0.2475600242614746 1500
0.24895715713500977 1500
0.24895715713500977 1500
0.24931120872497559 1500
0.2505981922149658 1500
0.2505981922149658 1500
0.2516322135925293 1500
0.2527492046356201 1500
0.2536771297454834 1500
0.2536771297454834 1500
0.2545440196990967 1500
0.2556881904602051 1500
0.2566540241241455 1500
0.2566540241241455 1500
0.2577040195465088 1500
0.2587730884552002 1500
0.2587730884552002 1500
0.25974011421203613 1500
0.26057910919189453 1500
0.26146507263183594 1500
0.26146507263183594 1500
0.2628591060638428 1500
0.2638111114501953 1500
0.2638111114501953 1500
0.2649221420288086 1500
0.2655160427093506 1500
0.26673102378845215 1500
0.26673102378845215 1500
0.2677130699157715 1500
0.268740177154541 1500
0.2697641849517822 1500
0.2697641849517822 1500
0.27080702781677246 1500
0.27167201042175293 1500
0.27167201042175293 1500
0.2729191780090332 1500
0.27358102798461914 1500
0.27468299865722656 1500
0.27468299865722656 1500
0.2755551338195801 1500
0.2764570713043213 1500
0.2764570713043213 1500
0.2783961296081543 1500
0.2783961296081543 1500
0.27956700325012207 1500
0.27956700325012207 1500
0.28197813034057617 1500
0.28197813034057617 1500
0.28302001953125 1500
0.28302001953125 1500
0.28372621536254883 1500
0.2847170829772949 1500
0.2847170829772949 1500
0.28601717948913574 1500
0.28667521476745605 1500
0.2878410816192627 1500
0.2878410816192627 1500
0.2895340919494629 1500
0.2895340919494629 1500
0.2895340919494629 1500
0.2906041145324707 1500
0.2917749881744385 1500
0.29282617568969727 1500
0.29282617568969727 1500
0.2934610843658447 1500
0.2947201728820801 1500
0.2947201728820801 1500
0.2955930233001709 1500
0.2968010902404785 1500
0.29811716079711914 1500
0.29811716079711914 1500
0.2988431453704834 1500
0.2994821071624756 1500
0.30057716369628906 1500
0.30057716369628906 1500
0.30151820182800293 1500
0.30266404151916504 1500
0.30266404151916504 1500
0.30373620986938477 1500
0.30482006072998047 1500
0.30579209327697754 1500
0.30579209327697754 1500
0.306469202041626 1500
0.30767202377319336 1500
0.30767202377319336 1500
0.3086891174316406 1500
0.30966901779174805 1500
0.31047701835632324 1500
0.31047701835632324 1500
0.3116321563720703 1500
0.3127009868621826 1500
0.3136711120605469 1500
0.3136711120605469 1500
0.3149070739746094 1500
0.3158841133117676 1500
0.3158841133117676 1500
0.3167409896850586 1500
0.3176610469818115 1500
0.3189420700073242 1500
0.3189420700073242 1500
0.3196291923522949 1500
0.32076406478881836 1500
0.32076406478881836 1500
0.32190918922424316 1500
0.32274413108825684 1500
0.3237781524658203 1500
0.3237781524658203 1500
0.32499003410339355 1500
0.3256840705871582 1500
0.3265061378479004 1500
0.3265061378479004 1500
0.32763099670410156 1500
0.3304870128631592 1500
0.3304870128631592 1500
0.3304870128631592 1500
0.3304870128631592 1500
0.33214402198791504 1500
0.33214402198791504 1500
0.33281898498535156 1500
0.33365917205810547 1500
0.33365917205810547 1500
0.334705114364624 1500
0.33567118644714355 1500
0.3366551399230957 1500
0.3366551399230957 1500
0.337921142578125 1500
0.33872103691101074 1500
0.33968520164489746 1500
0.33968520164489746 1500
0.34085917472839355 1500
0.3417050838470459 1500
0.3417050838470459 1500
0.34262704849243164 1500
0.3439161777496338 1500
0.3445611000061035 1500
0.3445611000061035 1500
0.3461120128631592 1500
0.3466300964355469 1500
0.3466300964355469 1500
0.34794116020202637 1500
0.3485682010650635 1500
0.3496830463409424 1500
0.3496830463409424 1500
0.350689172744751 1500
0.35207605361938477 1500
0.3526430130004883 1500
0.3526430130004883 1500
0.3539540767669678 1500
0.3548312187194824 1500
0.3548312187194824 1500
0.35575008392333984 1500
0.356842041015625 1500
0.35785508155822754 1500
0.35785508155822754 1500
0.3583381175994873 1500
0.35987401008605957 1500
0.35987401008605957 1500
0.3607451915740967 1500
0.36327600479125977 1500
0.36327600479125977 1500
0.36327600479125977 1500
0.3637850284576416 1500
0.3646659851074219 1500
0.36588215827941895 1500
0.36588215827941895 1500
0.3667020797729492 1500
0.3679051399230957 1500
0.3679051399230957 1500
0.3685641288757324 1500
0.3697831630706787 1500
0.370617151260376 1500
0.370617151260376 1500
0.3719360828399658 1500
0.37256813049316406 1500
0.37256813049316406 1500
0.3755331039428711 1500
0.3755331039428711 1500
0.3755331039428711 1500
0.3755331039428711 1500
0.37656521797180176 1500
0.37769317626953125 1500
0.37865209579467773 1500
0.37865209579467773 1500
0.3800051212310791 1500
0.38066720962524414 1500
0.38066720962524414 1500
0.38147902488708496 1500
0.38303303718566895 1500
0.38429713249206543 1500
0.38429713249206543 1500
0.386660099029541 1500
0.386660099029541 1500
0.386660099029541 1500
0.3869462013244629 1500
0.3878002166748047 1500
0.3885610103607178 1500
0.3885610103607178 1500
0.3896450996398926 1500
0.3909640312194824 1500
0.39148712158203125 1500
0.39148712158203125 1500
0.392855167388916 1500
0.3937361240386963 1500
0.3937361240386963 1500
0.39608001708984375 1500
0.39608001708984375 1500
0.396956205368042 1500
0.396956205368042 1500
0.3977851867675781 1500
0.39861202239990234 1500
0.39861202239990234 1500
0.39948320388793945 1500
0.400468111038208 1500
0.4018402099609375 1500
0.4018402099609375 1500
0.40256810188293457 1500
0.40372300148010254 1500
0.404710054397583 1500
0.404710054397583 1500
0.40674901008605957 1500
0.40674901008605957 1500
0.40674901008605957 1500
0.40784502029418945 1500
0.40848708152770996 1500
0.40987110137939453 1500
0.40987110137939453 1500
0.41060805320739746 1500
0.4117112159729004 1500
0.4117112159729004 1500
0.41250014305114746 1500
0.4138360023498535 1500
0.4154331684112549 1500
0.4154331684112549 1500
0.415693998336792 1500
0.41728901863098145 1500
0.4175450801849365 1500
0.4175450801849365 1500
0.41854405403137207 1500
0.4197080135345459 1500
0.4197080135345459 1500
0.42058515548706055 1500
0.421856164932251 1500
0.4230310916900635 1500
0.4230310916900635 1500
0.42363715171813965 1500
0.42470622062683105 1500
0.42470622062683105 1500
0.4257659912109375 1500
0.42646002769470215 1500
0.427731990814209 1500
0.427731990814209 1500
0.42862701416015625 1500
0.42961716651916504 1500
0.4308161735534668 1500
0.4308161735534668 1500
0.43150901794433594 1500
0.43259310722351074 1500
0.43259310722351074 1500
0.43357205390930176 1500
0.434481143951416 1500
0.4363231658935547 1500
0.4363231658935547 1500
0.4364161491394043 1500
0.43749499320983887 1500
0.43749499320983887 1500
0.43902015686035156 1500
0.4406881332397461 1500
0.4406881332397461 1500
0.4406881332397461 1500
0.44154906272888184 1500
0.4428870677947998 1500
0.44379520416259766 1500
0.44379520416259766 1500
0.44472599029541016 1500
0.44586610794067383 1500
0.44586610794067383 1500
0.44666218757629395 1500
0.44772911071777344 1500
0.4487321376800537 1500
0.4487321376800537 1500
0.4498560428619385 1500
0.4505472183227539 1500
0.4505472183227539 1500
0.4521760940551758 1500
0.45307421684265137 1500
0.4538731575012207 1500
0.4538731575012207 1500
0.4548821449279785 1500
0.4555380344390869 1500
0.45674920082092285 1500
0.45674920082092285 1500
0.4578711986541748 1500
0.4585840702056885 1500
0.4585840702056885 1500
0.4596431255340576 1500
0.4605121612548828 1500
0.46172499656677246 1500
0.46172499656677246 1500
0.46324706077575684 1500
0.4635012149810791 1500
0.46377015113830566 1500
0.4650440216064453 1500
0.4657621383666992 1500
0.46698904037475586 1500
0.46698904037475586 1500
0.46760010719299316 1500
0.4685649871826172 1500
0.4685649871826172 1500
0.46955418586730957 1500
0.47074198722839355 1500
0.4716331958770752 1500
0.4716331958770752 1500
0.47240614891052246 1500
0.4735090732574463 1500
0.4750521183013916 1500
0.4750521183013916 1500
0.4757230281829834 1500
0.47667813301086426 1500
0.47667813301086426 1500
0.47763919830322266 1500
0.47884702682495117 1500
0.4797680377960205 1500
0.4797680377960205 1500
0.48073410987854004 1500
0.4816880226135254 1500
0.4816880226135254 1500
0.4826681613922119 1500
0.48357200622558594 1500
0.48473310470581055 1500
0.48473310470581055 1500
0.48569321632385254 1500
0.4866321086883545 1500
0.4879879951477051 1500
0.4879879951477051 1500
0.4887239933013916 1500
0.4895131587982178 1500
0.4895131587982178 1500
0.49079012870788574 1500
0.4924330711364746 1500
0.4924330711364746 1500
0.4924330711364746 1500
0.49405813217163086 1500
0.49455714225769043 1500
0.49455714225769043 1500
0.4953641891479492 1500
0.49673914909362793 1500
0.49771809577941895 1500
0.49771809577941895 1500
0.4988441467285156 1500
0.4995260238647461 1500
0.5004920959472656 1500
0.5004920959472656 1500
0.5021309852600098 1500
0.502636194229126 1500
0.502636194229126 1500
0.5034441947937012 1500
0.5048081874847412 1500
