1049796
0.0 1452
9.5367431640625e-07 1452
2.1457672119140625e-06 1452
2.1457672119140625e-06 1452
3.0994415283203125e-06 1452
0.001940011978149414 1452
0.0019409656524658203 1452
0.0019419193267822266 1452
0.0019431114196777344 1452
0.0019431114196777344 1452
0.0019440650939941406 1452
0.0019440650939941406 1452
0.0019450187683105469 1452
0.0019459724426269531 1452
0.0019459724426269531 1452
0.003587007522583008 1452
0.003587961196899414 1452
0.003587961196899414 1452
0.0035889148712158203 1452
0.003590106964111328 1452
0.0035910606384277344 1452
0.0035910606384277344 1452
0.0035920143127441406 1452
0.003592967987060547 1452
0.003592967987060547 1452
0.005521059036254883 1452
0.005522012710571289 1452
0.005522012710571289 1452
0.005522966384887695 1452
0.0055239200592041016 1452
0.0055239200592041016 1452
0.0055239200592041016 1452
0.005525112152099609 1452
0.005525112152099609 1452
0.005527019500732422 1452
0.005527019500732422 1452
0.005527019500732422 1452
0.007631063461303711 1452
0.007632017135620117 1452
0.007632017135620117 1452
0.0076329708099365234 1452
0.0076329708099365234 1452
0.0076329708099365234 1452
0.00763392448425293 1452
0.0076351165771484375 1452
0.0076351165771484375 1452
0.007636070251464844 1452
0.009557962417602539 1452
0.009558916091918945 1452
0.009560108184814453 1452
0.00956106185913086 1452
0.00956106185913086 1452
0.00956106185913086 1452
0.009562969207763672 1452
0.009562969207763672 1452
0.009563922882080078 1452
0.009563922882080078 1452
0.009565114974975586 1452
0.009565114974975586 1452
0.011254072189331055 1452
0.011255025863647461 1452
0.011255025863647461 1452
0.011255979537963867 1452
0.011255979537963867 1452
0.011256933212280273 1452
0.011258125305175781 1452
0.011258125305175781 1452
0.011258125305175781 1452
0.011259078979492188 1452
0.013178110122680664 1452
0.01317906379699707 1452
0.013180017471313477 1452
0.013180017471313477 1452
0.013180971145629883 1452
0.013180971145629883 1452
0.013181924819946289 1452
0.013181924819946289 1452
0.013183116912841797 1452
0.013183116912841797 1452
0.01522207260131836 1452
0.015223979949951172 1452
0.015223979949951172 1452
0.015224933624267578 1452
0.015224933624267578 1452
0.015224933624267578 1452
0.015226125717163086 1452
0.015227079391479492 1452
0.015227079391479492 1452
0.015227079391479492 1452
0.01716899871826172 1452
0.017169952392578125 1452
0.017169952392578125 1452
0.017169952392578125 1452
0.017171144485473633 1452
0.01717209815979004 1452
0.01717209815979004 1452
0.017173051834106445 1452
0.017173051834106445 1452
0.017173051834106445 1452
0.01717400550842285 1452
0.017174959182739258 1452
0.018835067749023438 1452
0.018836021423339844 1452
0.01883697509765625 1452
0.01883697509765625 1452
0.018837928771972656 1452
0.018837928771972656 1452
0.018839120864868164 1452
0.018839120864868164 1452
0.018839120864868164 1452
0.01884007453918457 1452
0.02083110809326172 1452
0.020832061767578125 1452
0.020832061767578125 1452
0.020833969116210938 1452
0.020833969116210938 1452
0.020834922790527344 1452
0.020837068557739258 1452
0.020837068557739258 1452
0.020838022232055664 1452
0.020838022232055664 1452
0.02083897590637207 1452
0.02083897590637207 1452
0.022841930389404297 1452
0.022841930389404297 1452
0.022843122482299805 1452
0.02284407615661621 1452
0.022845029830932617 1452
0.022845029830932617 1452
0.022845983505249023 1452
0.02284693717956543 1452
0.02284693717956543 1452
0.022848129272460938 1452
0.02462911605834961 1452
0.02462911605834961 1452
0.024631023406982422 1452
0.024631023406982422 1452
0.024631977081298828 1452
0.024631977081298828 1452
0.024632930755615234 1452
0.024634122848510742 1452
0.024634122848510742 1452
0.02463507652282715 1452
0.02666306495666504 1452
0.02666306495666504 1452
0.02666497230529785 1452
0.026665925979614258 1452
0.026665925979614258 1452
0.030426979064941406 1452
0.030427932739257812 1452
0.030427932739257812 1452
0.03042912483215332 1452
0.03042912483215332 1452
0.03042912483215332 1452
0.030431032180786133 1452
0.03043198585510254 1452
0.03043198585510254 1452
0.030432939529418945 1452
0.030434131622314453 1452
0.030434131622314453 1452
0.030436038970947266 1452
0.030436038970947266 1452
0.030436992645263672 1452
0.030436992645263672 1452
0.030436992645263672 1452
0.030437946319580078 1452
0.030439138412475586 1452
0.030439138412475586 1452
0.030440092086791992 1452
0.031180143356323242 1452
0.03118109703063965 1452
0.03118109703063965 1452
0.031182050704956055 1452
0.03118300437927246 1452
0.03118300437927246 1452
0.034461021423339844 1452
0.034462928771972656 1452
0.034462928771972656 1452
0.03446507453918457 1452
0.03446602821350098 1452
0.03446793556213379 1452
0.03447103500366211 1452
0.03447103500366211 1452
0.034471988677978516 1452
0.034471988677978516 1452
0.03447413444519043 1452
0.03447413444519043 1452
0.034475088119506836 1452
0.03447604179382324 1452
0.03447699546813965 1452
0.03447699546813965 1452
0.034477949142456055 1452
0.03447914123535156 1452
0.03447914123535156 1452
0.03448009490966797 1452
0.034481048583984375 1452
0.034481048583984375 1452
0.03823113441467285 1452
0.03823113441467285 1452
0.03823208808898926 1452
0.038233041763305664 1452
0.038236141204833984 1452
0.0382390022277832 1452
0.03823995590209961 1452
0.03823995590209961 1452
0.03824114799499512 1452
0.03824210166931152 1452
0.03824210166931152 1452
0.03824210166931152 1452
0.03824305534362793 1452
0.03824305534362793 1452
0.038244009017944336 1452
0.03824496269226074 1452
0.03824496269226074 1452
0.03824591636657715 1452
0.03824591636657715 1452
0.038247108459472656 1452
0.038247108459472656 1452
0.038247108459472656 1452
0.03824806213378906 1452
0.03824806213378906 1452
0.03824901580810547 1452
0.03824901580810547 1452
0.038249969482421875 1452
0.03878498077392578 1452
0.03878498077392578 1452
0.03878593444824219 1452
0.03878593444824219 1452
0.038787126541137695 1452
0.038787126541137695 1452
0.0387880802154541 1452
0.03878903388977051 1452
0.04075503349304199 1452
0.0407559871673584 1452
0.0407559871673584 1452
0.040756940841674805 1452
0.040756940841674805 1452
0.04075813293457031 1452
0.04075813293457031 1452
0.04075908660888672 1452
0.04075908660888672 1452
0.040760040283203125 1452
0.040760040283203125 1452
0.04076099395751953 1452
0.04076099395751953 1452
0.04076194763183594 1452
0.048078060150146484 1452
0.04807901382446289 1452
0.04807901382446289 1452
0.04807901382446289 1452
0.04807901382446289 1452
0.0480799674987793 1452
0.056622982025146484 1452
0.056622982025146484 1452
0.05662393569946289 1452
0.05662393569946289 1452
0.05662393569946289 1452
0.0566251277923584 1452
0.0566251277923584 1452
0.0566251277923584 1452
0.05806398391723633 1452
0.058064937591552734 1452
0.058064937591552734 1452
0.058064937591552734 1452
0.05806612968444824 1452
0.05806612968444824 1452
0.05806612968444824 1452
0.05806708335876465 1452
0.058068037033081055 1452
0.058068037033081055 1452
0.058068037033081055 1452
0.05806899070739746 1452
0.05806899070739746 1452
0.05806899070739746 1452
0.05806994438171387 1452
0.05806994438171387 1452
0.06032395362854004 1452
0.06032514572143555 1452
0.06032514572143555 1452
0.06032514572143555 1452
0.06032609939575195 1452
0.06032609939575195 1452
0.06032705307006836 1452
0.06032705307006836 1452
0.06032896041870117 1452
0.06032896041870117 1452
0.06032896041870117 1452
0.06032896041870117 1452
0.06032991409301758 1452
0.06239199638366699 1452
0.0623929500579834 1452
0.062394142150878906 1452
0.062394142150878906 1452
0.06239509582519531 1452
0.06239604949951172 1452
0.062397003173828125 1452
0.062397003173828125 1452
0.062397003173828125 1452
0.06239795684814453 1452
0.06421899795532227 1452
0.06421995162963867 1452
0.06421995162963867 1452
0.06421995162963867 1452
0.06422114372253418 1452
0.06422209739685059 1452
0.06422305107116699 1452
0.06422305107116699 1452
0.0642240047454834 1452
0.0642240047454834 1452
0.06642508506774902 1452
0.06642508506774902 1452
0.06642603874206543 1452
0.06642603874206543 1452
0.06642603874206543 1452
0.06642913818359375 1452
0.06642913818359375 1452
0.06817913055419922 1452
0.06818008422851562 1452
0.06818008422851562 1452
0.06818103790283203 1452
0.06818103790283203 1452
0.06818103790283203 1452
0.06818199157714844 1452
0.06818199157714844 1452
0.06818294525146484 1452
0.06818413734436035 1452
0.06818509101867676 1452
0.06818509101867676 1452
0.06818509101867676 1452
0.06998991966247559 1452
0.0699920654296875 1452
0.0699920654296875 1452
0.0699930191040039 1452
0.0699930191040039 1452
0.06999397277832031 1452
0.07003211975097656 1452
0.07003307342529297 1452
0.07003307342529297 1452
0.07003402709960938 1452
0.07028794288635254 1452
0.07190608978271484 1452
0.07190608978271484 1452
0.07190608978271484 1452
0.07190704345703125 1452
0.07190704345703125 1452
0.07190895080566406 1452
0.07190895080566406 1452
0.07191014289855957 1452
0.07191014289855957 1452
0.07408499717712402 1452
0.07408905029296875 1452
0.07409000396728516 1452
0.07409095764160156 1452
0.07409214973449707 1452
0.07409405708312988 1452
0.0740969181060791 1452
0.0740969181060791 1452
0.07409906387329102 1452
0.07410001754760742 1452
0.07577991485595703 1452
0.0757899284362793 1452
0.07579207420349121 1452
0.07579302787780762 1452
0.07579398155212402 1452
0.07579612731933594 1452
0.07580208778381348 1452
0.07782793045043945 1452
0.07782912254333496 1452
0.07782912254333496 1452
0.07783102989196777 1452
0.07783102989196777 1452
0.07783198356628418 1452
0.0778341293334961 1452
0.0778341293334961 1452
0.0778350830078125 1452
0.07947802543640137 1452
0.07947802543640137 1452
0.07947993278503418 1452
0.07948112487792969 1452
0.0794830322265625 1452
0.0794839859008789 1452
0.07948708534240723 1452
0.07948803901672363 1452
0.07948899269104004 1452
0.08141803741455078 1452
0.08141803741455078 1452
0.08141899108886719 1452
0.0814199447631836 1452
0.0814211368560791 1452
0.0814211368560791 1452
0.08142304420471191 1452
0.08142399787902832 1452
0.08354711532592773 1452
0.08354902267456055 1452
0.08354997634887695 1452
0.08354997634887695 1452
0.08355212211608887 1452
0.08355212211608887 1452
0.08355307579040527 1452
0.08617901802062988 1452
0.08617997169494629 1452
0.08617997169494629 1452
0.0861821174621582 1452
0.0861821174621582 1452
0.08618307113647461 1452
0.08618402481079102 1452
0.08618402481079102 1452
0.08618497848510742 1452
0.08899307250976562 1452
0.08899402618408203 1452
0.08899402618408203 1452
0.08899497985839844 1452
0.08899593353271484 1452
0.08899593353271484 1452
0.08899712562561035 1452
0.08899807929992676 1452
0.08899903297424316 1452
0.08899903297424316 1452
0.09137201309204102 1452
0.09137296676635742 1452
0.09137392044067383 1452
0.09137511253356934 1452
0.09137606620788574 1452
0.09344291687011719 1452
0.0934450626373291 1452
0.0934450626373291 1452
0.09344601631164551 1452
0.09344792366027832 1452
0.09344792366027832 1452
0.09344792366027832 1452
0.09345006942749023 1452
0.09345006942749023 1452
0.09345006942749023 1452
0.09610199928283691 1452
0.09610199928283691 1452
0.09610295295715332 1452
0.09610295295715332 1452
0.09610414505004883 1452
0.09610414505004883 1452
0.09754610061645508 1452
0.09754705429077148 1452
0.09754705429077148 1452
0.0975499153137207 1452
0.09755110740661621 1452
0.09755110740661621 1452
0.09755206108093262 1452
0.09755301475524902 1452
0.09755301475524902 1452
0.1000819206237793 1452
0.1000819206237793 1452
0.1000831127166748 1452
0.10008502006530762 1452
0.10008502006530762 1452
0.10008597373962402 1452
0.10008907318115234 1452
0.10009002685546875 1452
0.10009002685546875 1452
0.1025240421295166 1452
0.1025240421295166 1452
0.10252499580383301 1452
0.10252499580383301 1452
0.10252714157104492 1452
0.10252714157104492 1452
0.10252809524536133 1452
0.10482001304626465 1452
0.10482096672058105 1452
0.10482096672058105 1452
0.10482311248779297 1452
0.10482406616210938 1452
0.10614204406738281 1452
0.10614609718322754 1452
0.10614705085754395 1452
0.10614705085754395 1452
0.10615015029907227 1452
0.10615015029907227 1452
0.10615110397338867 1452
0.10879898071289062 1452
0.10879993438720703 1452
0.10879993438720703 1452
0.10880208015441895 1452
0.10880303382873535 1452
0.10880303382873535 1452
0.10880494117736816 1452
0.10880494117736816 1452
0.10880494117736816 1452
0.11105108261108398 1452
0.11105108261108398 1452
0.11105108261108398 1452
0.1110529899597168 1452
0.1110539436340332 1452
0.1110539436340332 1452
0.11105799674987793 1452
0.11105895042419434 1452
0.1135249137878418 1452
0.11352896690368652 1452
0.11352896690368652 1452
0.11352992057800293 1452
0.11353111267089844 1452
0.11353302001953125 1452
0.11353397369384766 1452
0.11353802680969238 1452
0.11353802680969238 1452
0.11353898048400879 1452
0.1158590316772461 1452
0.1158590316772461 1452
0.1158599853515625 1452
0.1158599853515625 1452
0.11586213111877441 1452
0.11586213111877441 1452
0.11586213111877441 1452
0.11823606491088867 1452
0.11823701858520508 1452
0.11823701858520508 1452
0.11823892593383789 1452
0.1182401180267334 1452
0.1182401180267334 1452
0.11824202537536621 1452
0.11824202537536621 1452
0.11824297904968262 1452
0.1203460693359375 1452
0.1203470230102539 1452
0.1203470230102539 1452
0.12186813354492188 1452
0.12186908721923828 1452
0.12186908721923828 1452
0.1218709945678711 1452
0.1218709945678711 1452
0.1218709945678711 1452
0.12187504768371582 1452
0.12187600135803223 1452
0.12187600135803223 1452
0.1240699291229248 1452
0.12407112121582031 1452
0.12407112121582031 1452
0.12407398223876953 1452
0.12407493591308594 1452
0.12407612800598145 1452
0.12407803535461426 1452
0.12407803535461426 1452
0.12666106224060059 1452
0.1266629695892334 1452
0.1266639232635498 1452
0.1266639232635498 1452
0.12666702270507812 1452
0.12666702270507812 1452
0.12666702270507812 1452
0.12666797637939453 1452
0.12862801551818848 1452
0.12862896919250488 1452
0.1286311149597168 1452
0.13220500946044922 1452
0.13220596313476562 1452
0.13220596313476562 1452
0.13220906257629395 1452
0.13221001625061035 1452
0.13221001625061035 1452
0.13221311569213867 1452
0.13221311569213867 1452
0.13221406936645508 1452
0.1322159767150879 1452
0.1322159767150879 1452
0.1322169303894043 1452
0.1377420425415039 1452
0.1377570629119873 1452
0.1377580165863037 1452
0.13775897026062012 1452
0.13776111602783203 1452
0.13776111602783203 1452
0.13776206970214844 1452
0.13776302337646484 1452
0.13776397705078125 1452
0.13776612281799316 1452
0.13776707649230957 1452
0.13776707649230957 1452
0.1377711296081543 1452
0.1377720832824707 1452
0.1377730369567871 1452
0.13777494430541992 1452
0.13777494430541992 1452
0.13777613639831543 1452
0.1386709213256836 1452
0.1386709213256836 1452
0.1386721134185791 1452
0.13867402076721191 1452
0.139876127243042 1452
0.1398770809173584 1452
0.1398789882659912 1452
0.13987994194030762 1452
0.13987994194030762 1452
0.13988304138183594 1452
0.13988304138183594 1452
0.13988399505615234 1452
0.14295005798339844 1452
0.14295005798339844 1452
0.14295101165771484 1452
0.1459369659423828 1452
0.14593791961669922 1452
0.14593791961669922 1452
0.14593911170959473 1452
0.14594197273254395 1452
0.14594197273254395 1452
0.14594292640686035 1452
0.14594602584838867 1452
0.14594697952270508 1452
0.14594697952270508 1452
0.1459500789642334 1452
0.1459500789642334 1452
0.1459510326385498 1452
0.15424394607543945 1452
0.15424609184265137 1452
0.15437698364257812 1452
0.15438103675842285 1452
0.15438199043273926 1452
0.15438294410705566 1452
0.1543869972229004 1452
0.1543879508972168 1452
0.1543891429901123 1452
0.15439105033874512 1452
0.15439105033874512 1452
0.15439510345458984 1452
0.15439891815185547 1452
0.15440011024475098 1452
0.15440106391906738 1452
0.1544020175933838 1452
0.1544029712677002 1452
0.15441012382507324 1452
0.15441298484802246 1452
0.15530109405517578 1452
0.1553030014038086 1452
0.15530705451965332 1452
0.15530800819396973 1452
0.15530896186828613 1452
0.15531301498413086 1452
0.15531396865844727 1452
0.15531611442565918 1452
0.1553189754486084 1452
0.1553199291229248 1452
0.1553211212158203 1452
0.15532612800598145 1452
0.15532708168029785 1452
0.15532803535461426 1452
0.15752100944519043 1452
0.15752196311950684 1452
0.15752196311950684 1452
0.15752291679382324 1452
0.15752696990966797 1452
0.15752696990966797 1452
0.15752792358398438 1452
0.1575319766998291 1452
0.1575329303741455 1452
0.159196138381958 1452
0.15919899940490723 1452
0.15919995307922363 1452
0.15920114517211914 1452
0.15920400619506836 1452
0.15920495986938477 1452
0.15920495986938477 1452
0.16171503067016602 1452
0.16171598434448242 1452
0.16171693801879883 1452
0.16172003746032715 1452
0.16172099113464355 1452
0.16172194480895996 1452
0.16172313690185547 1452
0.16172313690185547 1452
0.16172409057617188 1452
0.1617269515991211 1452
0.16367602348327637 1452
0.16367697715759277 1452
0.1636800765991211 1452
0.1636810302734375 1452
0.1636819839477539 1452
0.16368508338928223 1452
0.16368603706359863 1452
0.16368699073791504 1452
0.1664581298828125 1452
0.1664600372314453 1452
0.16646099090576172 1452
0.16646504402160645 1452
0.16646599769592285 1452
0.16646695137023926 1452
0.16647100448608398 1452
0.1664719581604004 1452
0.1664731502532959 1452
0.16900897026062012 1452
0.16900992393493652 1452
0.16901111602783203 1452
0.16901493072509766 1452
0.16901612281799316 1452
0.16901707649230957 1452
0.16901803016662598 1452
0.17092013359069824 1452
0.17092108726501465 1452
0.17092204093933105 1452
0.17092609405517578 1452
0.1709270477294922 1452
0.1709280014038086 1452
0.17093205451965332 1452
0.17093300819396973 1452
0.17093396186828613 1452
0.17333292961120605 1452
0.17333292961120605 1452
0.17333412170410156 1452
0.1733379364013672 1452
0.1733391284942627 1452
0.1733400821685791 1452
0.17334294319152832 1452
0.17562103271484375 1452
0.17562198638916016 1452
0.17562294006347656 1452
0.17562413215637207 1452
0.17562413215637207 1452
0.1756269931793213 1452
0.1756279468536377 1452
0.1756279468536377 1452
0.17563104629516602 1452
0.17563199996948242 1452
0.1780719757080078 1452
0.17807507514953613 1452
0.17807602882385254 1452
0.17807602882385254 1452
0.17807912826538086 1452
0.17807912826538086 1452
