1050000
0.0 1500
0.0007939338684082031 1500
0.0017840862274169922 1500
0.0017840862274169922 1500
0.0029768943786621094 1500
0.003957033157348633 1500
0.004915952682495117 1500
0.004915952682495117 1500
0.005697011947631836 1500
0.006525993347167969 1500
0.006525993347167969 1500
0.008527994155883789 1500
0.009001970291137695 1500
0.009850025177001953 1500
0.009850025177001953 1500
0.010789871215820312 1500
0.012094974517822266 1500
0.012930870056152344 1500
0.012930870056152344 1500
0.013635873794555664 1500
0.014548063278198242 1500
0.014548063278198242 1500
0.015498876571655273 1500
0.01679396629333496 1500
0.017947912216186523 1500
0.017947912216186523 1500
0.01883697509765625 1500
0.01967597007751465 1500
0.01967597007751465 1500
0.02093195915222168 1500
0.0216829776763916 1500
0.022996902465820312 1500
0.022996902465820312 1500
0.023945093154907227 1500
0.02500605583190918 1500
0.025909900665283203 1500
0.025909900665283203 1500
0.026851892471313477 1500
0.027976036071777344 1500
0.027976036071777344 1500
0.028856992721557617 1500
0.03000807762145996 1500
0.03153586387634277 1500
0.03153586387634277 1500
0.03176403045654297 1500
0.032839059829711914 1500
0.032839059829711914 1500
0.034060001373291016 1500
0.035054922103881836 1500
0.035768985748291016 1500
0.036900997161865234 1500
0.036900997161865234 1500
0.03825998306274414 1500
0.038774967193603516 1500
0.038774967193603516 1500
0.03995108604431152 1500
0.04080390930175781 1500
0.04080390930175781 1500
0.042120933532714844 1500
0.04244208335876465 1500
0.043704986572265625 1500
0.043704986572265625 1500
0.04463386535644531 1500
0.045755863189697266 1500
0.045755863189697266 1500
0.04677605628967285 1500
0.048377037048339844 1500
0.04902505874633789 1500
0.04902505874633789 1500
0.050065040588378906 1500
0.05108904838562012 1500
0.05191493034362793 1500
0.05191493034362793 1500
0.05285906791687012 1500
0.053932905197143555 1500
0.053932905197143555 1500
0.05493593215942383 1500
0.055914878845214844 1500
0.05701589584350586 1500
0.05701589584350586 1500
0.05782604217529297 1500
0.059242963790893555 1500
0.059242963790893555 1500
0.05978107452392578 1500
0.06089901924133301 1500
0.06153988838195801 1500
0.06153988838195801 1500
0.0630040168762207 1500
0.06400299072265625 1500
0.06486296653747559 1500
0.06486296653747559 1500
0.06574797630310059 1500
0.06708598136901855 1500
0.06708598136901855 1500
0.06774091720581055 1500
0.06983590126037598 1500
0.06983590126037598 1500
0.06983590126037598 1500
0.07148504257202148 1500
0.07148504257202148 1500
0.07148504257202148 1500
0.07297492027282715 1500
0.07392501831054688 1500
0.07489705085754395 1500
0.07489705085754395 1500
0.07586407661437988 1500
0.07695698738098145 1500
0.07776594161987305 1500
0.07776594161987305 1500
0.07879400253295898 1500
0.07976794242858887 1500
0.07976794242858887 1500
0.08177900314331055 1500
0.08186006546020508 1500
0.08272194862365723 1500
0.08275985717773438 1500
0.08380794525146484 1500
0.08468198776245117 1500
0.08593297004699707 1500
0.08593297004699707 1500
0.0868680477142334 1500
0.0875389575958252 1500
0.0875389575958252 1500
0.08853006362915039 1500
0.08963394165039062 1500
0.09091401100158691 1500
0.09091401100158691 1500
0.09175801277160645 1500
0.09277796745300293 1500
0.09277796745300293 1500
0.09353899955749512 1500
0.09467101097106934 1500
0.0960700511932373 1500
0.0960700511932373 1500
0.09666204452514648 1500
0.09768486022949219 1500
0.09866499900817871 1500
0.09866499900817871 1500
0.09990501403808594 1500
0.10106801986694336 1500
0.10106801986694336 1500
0.1018819808959961 1500
0.10266494750976562 1500
0.10405898094177246 1500
0.10405898094177246 1500
0.10494494438171387 1500
0.10689091682434082 1500
0.10689091682434082 1500
0.10689091682434082 1500
0.10777688026428223 1500
0.10879206657409668 1500
0.10879206657409668 1500
0.11014294624328613 1500
0.11067485809326172 1500
0.11188292503356934 1500
0.11188292503356934 1500
0.11279702186584473 1500
0.1136789321899414 1500
0.1136789321899414 1500
0.11499285697937012 1500
0.11600804328918457 1500
0.11709189414978027 1500
0.11709189414978027 1500
0.11917996406555176 1500
0.11917996406555176 1500
0.11917996406555176 1500
0.11988496780395508 1500
0.12059402465820312 1500
0.12156391143798828 1500
0.12156391143798828 1500
0.12258601188659668 1500
0.12362504005432129 1500
0.12469696998596191 1500
0.12469696998596191 1500
0.12671995162963867 1500
0.12686491012573242 1500
0.12695002555847168 1500
0.12775087356567383 1500
0.12865304946899414 1500
0.13142704963684082 1500
0.13142704963684082 1500
0.13142704963684082 1500
0.13174700736999512 1500
0.13188695907592773 1500
0.1331179141998291 1500
0.13390707969665527 1500
0.13463902473449707 1500
0.13463902473449707 1500
0.1356830596923828 1500
0.13672494888305664 1500
0.13808894157409668 1500
0.13808894157409668 1500
0.1386580467224121 1500
0.14052987098693848 1500
0.14052987098693848 1500
0.14074397087097168 1500
0.14232301712036133 1500
0.14282488822937012 1500
0.14282488822937012 1500
0.1438770294189453 1500
0.14521408081054688 1500
0.14521408081054688 1500
0.145982027053833 1500
0.14697694778442383 1500
0.14813804626464844 1500
0.14813804626464844 1500
0.1489570140838623 1500
0.14965605735778809 1500
0.15074396133422852 1500
0.15074396133422852 1500
0.15168094635009766 1500
0.15276789665222168 1500
0.15276789665222168 1500
0.15385794639587402 1500
0.15485405921936035 1500
0.15597796440124512 1500
0.15597796440124512 1500
0.1567549705505371 1500
0.15810608863830566 1500
0.15810608863830566 1500
0.1588280200958252 1500
0.15976285934448242 1500
0.16079401969909668 1500
0.16079401969909668 1500
0.1622788906097412 1500
0.16263604164123535 1500
0.16393303871154785 1500
0.16393303871154785 1500
0.16535592079162598 1500
0.16606402397155762 1500
0.16606402397155762 1500
0.16650104522705078 1500
0.16784191131591797 1500
0.16895294189453125 1500
0.16895294189453125 1500
0.16964387893676758 1500
0.17212891578674316 1500
0.17212891578674316 1500
0.17212891578674316 1500
0.17329096794128418 1500
0.1739330291748047 1500
0.1739330291748047 1500
0.17480802536010742 1500
0.17586803436279297 1500
0.17782807350158691 1500
0.17782807350158691 1500
0.17782807350158691 1500
0.17882299423217773 1500
0.17894196510314941 1500
0.17981886863708496 1500
0.18077802658081055 1500
0.1817619800567627 1500
0.1817619800567627 1500
0.18283700942993164 1500
0.1839609146118164 1500
0.1839609146118164 1500
0.18458986282348633 1500
0.1854710578918457 1500
0.1867818832397461 1500
0.1868760585784912 1500
0.1877610683441162 1500
0.18883585929870605 1500
0.1904149055480957 1500
0.1904149055480957 1500
0.19095706939697266 1500
0.19210195541381836 1500
0.19210195541381836 1500
0.1929478645324707 1500
0.19387292861938477 1500
0.19490504264831543 1500
0.19490504264831543 1500
0.19570493698120117 1500
0.1967630386352539 1500
0.1967630386352539 1500
0.19793987274169922 1500
0.19879603385925293 1500
0.1997208595275879 1500
0.1997208595275879 1500
0.20099592208862305 1500
0.20187997817993164 1500
0.2030348777770996 1500
0.2030348777770996 1500
0.20375990867614746 1500
0.20474886894226074 1500
0.20474886894226074 1500
0.2055530548095703 1500
0.20726394653320312 1500
0.207597017288208 1500
0.207597017288208 1500
0.20881199836730957 1500
0.2096409797668457 1500
0.2096409797668457 1500
0.21067404747009277 1500
0.21157288551330566 1500
0.2138960361480713 1500
0.2138960361480713 1500
0.2138960361480713 1500
0.2148289680480957 1500
0.2160019874572754 1500
0.2160019874572754 1500
0.2166609764099121 1500
0.2175920009613037 1500
0.2175920009613037 1500
0.21861791610717773 1500
0.21956586837768555 1500
0.22049999237060547 1500
0.22049999237060547 1500
0.2214970588684082 1500
0.22248196601867676 1500
0.22248196601867676 1500
0.22367501258850098 1500
0.2249760627746582 1500
0.22600388526916504 1500
0.22600388526916504 1500
0.22691702842712402 1500
0.22777986526489258 1500
0.22902297973632812 1500
0.22902297973632812 1500
0.2295389175415039 1500
0.23072504997253418 1500
0.23072504997253418 1500
0.2317509651184082 1500
0.2328329086303711 1500
0.23395395278930664 1500
0.23395395278930664 1500
0.2348949909210205 1500
0.23586487770080566 1500
0.23586487770080566 1500
0.2366929054260254 1500
0.23775196075439453 1500
0.238847017288208 1500
0.238847017288208 1500
0.23991990089416504 1500
0.2407989501953125 1500
0.24167895317077637 1500
0.24167895317077637 1500
0.24298095703125 1500
0.2436659336090088 1500
0.2436659336090088 1500
0.24471497535705566 1500
0.24592804908752441 1500
0.2467820644378662 1500
0.2467820644378662 1500
0.24781394004821777 1500
0.2493429183959961 1500
0.2493429183959961 1500
0.24954009056091309 1500
0.2508220672607422 1500
0.2517979145050049 1500
0.2517979145050049 1500
0.2529458999633789 1500
0.2539689540863037 1500
0.2539689540863037 1500
0.2549469470977783 1500
0.25609397888183594 1500
0.25700807571411133 1500
0.25700807571411133 1500
0.257781982421875 1500
0.25885796546936035 1500
0.25983190536499023 1500
0.25983190536499023 1500
0.2618250846862793 1500
0.2618250846862793 1500
0.2618250846862793 1500
0.2631409168243408 1500
0.2639288902282715 1500
0.2647550106048584 1500
0.2647550106048584 1500
0.2657599449157715 1500
0.2668888568878174 1500
0.2668888568878174 1500
0.2677440643310547 1500
0.26869893074035645 1500
0.2699439525604248 1500
0.2699439525604248 1500
0.27098798751831055 1500
0.2720649242401123 1500
0.2727820873260498 1500
0.2727820873260498 1500
0.2740519046783447 1500
0.2749180793762207 1500
0.2749180793762207 1500
0.27600908279418945 1500
0.27671289443969727 1500
0.2779068946838379 1500
0.2779068946838379 1500
0.2785830497741699 1500
0.2798759937286377 1500
0.2798759937286377 1500
0.2806379795074463 1500
0.28167295455932617 1500
0.28267693519592285 1500
0.28267693519592285 1500
0.2837059497833252 1500
0.2846488952636719 1500
0.28567004203796387 1500
0.28567004203796387 1500
0.28696298599243164 1500
0.2876870632171631 1500
0.2876870632171631 1500
0.2887880802154541 1500
0.28972792625427246 1500
0.29100608825683594 1500
0.29100608825683594 1500
0.29172205924987793 1500
0.2927088737487793 1500
0.2927088737487793 1500
0.2939300537109375 1500
0.2945098876953125 1500
0.2957038879394531 1500
0.2957038879394531 1500
0.2968730926513672 1500
0.2976369857788086 1500
0.2989819049835205 1500
0.2989819049835205 1500
0.29975008964538574 1500
0.30091094970703125 1500
0.30091094970703125 1500
0.30181193351745605 1500
0.3026740550994873 1500
0.3038060665130615 1500
0.3038060665130615 1500
0.30504488945007324 1500
0.3057980537414551 1500
0.3057980537414551 1500
0.3070089817047119 1500
0.30797505378723145 1500
0.30936288833618164 1500
0.30936288833618164 1500
0.30970096588134766 1500
0.3108830451965332 1500
0.311845064163208 1500
0.311845064163208 1500
0.31293296813964844 1500
0.3137969970703125 1500
0.3137969970703125 1500
0.3146960735321045 1500
0.3162539005279541 1500
0.3166689872741699 1500
0.3166689872741699 1500
0.31810593605041504 1500
0.3188190460205078 1500
0.3188190460205078 1500
0.32022690773010254 1500
0.3207578659057617 1500
0.3219928741455078 1500
0.3219928741455078 1500
0.32268500328063965 1500
0.32418203353881836 1500
0.3250250816345215 1500
0.3250250816345215 1500
0.32582902908325195 1500
0.32684803009033203 1500
0.32684803009033203 1500
0.32801294326782227 1500
0.3287529945373535 1500
0.3299989700317383 1500
0.3299989700317383 1500
0.33077192306518555 1500
0.33191609382629395 1500
0.33279895782470703 1500
0.33279895782470703 1500
0.33393001556396484 1500
0.334744930267334 1500
0.334744930267334 1500
0.33564090728759766 1500
0.3370630741119385 1500
0.3390929698944092 1500
0.3390929698944092 1500
0.3390929698944092 1500
0.33948588371276855 1500
0.33948588371276855 1500
0.3406190872192383 1500
0.34165287017822266 1500
0.3427009582519531 1500
0.34272098541259766 1500
0.3434889316558838 1500
0.344649076461792 1500
0.3456230163574219 1500
0.3456230163574219 1500
0.34955286979675293 1500
0.35006093978881836 1500
0.35006093978881836 1500
0.3503398895263672 1500
0.3505239486694336 1500
0.35069894790649414 1500
0.3508939743041992 1500
0.35167789459228516 1500
0.35280609130859375 1500
0.35280609130859375 1500
0.35372495651245117 1500
0.3547780513763428 1500
0.35594701766967773 1500
0.35594701766967773 1500
0.3565669059753418 1500
0.3578450679779053 1500
0.35878801345825195 1500
0.35878801345825195 1500
0.35980892181396484 1500
0.36216187477111816 1500
0.36216187477111816 1500
0.36216187477111816 1500
0.36356091499328613 1500
0.3639199733734131 1500
0.3639199733734131 1500
0.3648080825805664 1500
0.3656599521636963 1500
0.3656599521636963 1500
0.36670804023742676 1500
0.36780405044555664 1500
0.36887288093566895 1500
0.36887288093566895 1500
0.3697340488433838 1500
0.37113094329833984 1500
0.3719050884246826 1500
0.3719050884246826 1500
0.3728480339050293 1500
0.37375688552856445 1500
0.37375688552856445 1500
0.37458086013793945 1500
0.37587690353393555 1500
0.3769199848175049 1500
0.3769199848175049 1500
0.37777209281921387 1500
0.3787980079650879 1500
0.3787980079650879 1500
0.38012003898620605 1500
0.38097405433654785 1500
0.38193488121032715 1500
0.38193488121032715 1500
0.38311004638671875 1500
0.38382792472839355 1500
0.38483595848083496 1500
0.38483595848083496 1500
0.3860619068145752 1500
0.38689303398132324 1500
0.38689303398132324 1500
0.3877899646759033 1500
0.38892292976379395 1500
0.3900299072265625 1500
0.3900299072265625 1500
0.3908259868621826 1500
0.392164945602417 1500
0.392164945602417 1500
0.392772912979126 1500
0.3941640853881836 1500
0.39482688903808594 1500
0.39482688903808594 1500
0.3960120677947998 1500
0.39673495292663574 1500
0.3978729248046875 1500
0.3978729248046875 1500
0.3986930847167969 1500
0.399899959564209 1500
0.399899959564209 1500
0.40091395378112793 1500
0.40171098709106445 1500
0.4028298854827881 1500
0.4028298854827881 1500
0.4051969051361084 1500
0.4051969051361084 1500
0.40521788597106934 1500
0.40572285652160645 1500
0.40758395195007324 1500
0.40821099281311035 1500
0.40821099281311035 1500
0.40909504890441895 1500
0.40978288650512695 1500
0.40978288650512695 1500
0.41081786155700684 1500
0.4120478630065918 1500
0.4130580425262451 1500
0.4130580425262451 1500
0.4135589599609375 1500
0.4148430824279785 1500
0.41588497161865234 1500
0.41588497161865234 1500
0.41688108444213867 1500
0.4183790683746338 1500
0.4183790683746338 1500
0.4185969829559326 1500
0.4201319217681885 1500
0.42066192626953125 1500
0.42066192626953125 1500
0.4221789836883545 1500
0.42299985885620117 1500
0.42400407791137695 1500
0.42400407791137695 1500
0.4248480796813965 1500
0.42651891708374023 1500
0.42651891708374023 1500
0.42711591720581055 1500
0.4277069568634033 1500
0.42913103103637695 1500
0.42913103103637695 1500
0.4300689697265625 1500
0.4308309555053711 1500
0.4308309555053711 1500
0.4315640926361084 1500
0.43282294273376465 1500
0.4338538646697998 1500
0.4338538646697998 1500
0.4348909854888916 1500
0.4358940124511719 1500
0.43703198432922363 1500
0.43703198432922363 1500
0.43793606758117676 1500
0.43882203102111816 1500
0.43882203102111816 1500
0.4400498867034912 1500
0.440993070602417 1500
0.4420959949493408 1500
0.4420959949493408 1500
0.4431638717651367 1500
0.4438040256500244 1500
0.4438040256500244 1500
0.4451298713684082 1500
0.44594502449035645 1500
0.4488818645477295 1500
0.4488818645477295 1500
0.4488818645477295 1500
0.44906187057495117 1500
0.45031094551086426 1500
0.45031094551086426 1500
0.45113086700439453 1500
0.45186901092529297 1500
0.45186901092529297 1500
0.45278286933898926 1500
0.454211950302124 1500
0.45496392250061035 1500
0.45496392250061035 1500
0.4557669162750244 1500
0.45778894424438477 1500
0.45778894424438477 1500
0.45778894424438477 1500
0.4590480327606201 1500
0.4596428871154785 1500
0.4596428871154785 1500
0.46108007431030273 1500
0.46160197257995605 1500
0.46287989616394043 1500
0.46287989616394043 1500
0.463594913482666 1500
0.46488499641418457 1500
0.46488499641418457 1500
0.465533971786499 1500
0.46685194969177246 1500
0.4675278663635254 1500
0.4675278663635254 1500
0.46922802925109863 1500
0.469559907913208 1500
0.4707648754119873 1500
0.4709010124206543 1500
0.47153401374816895 1500
0.4728689193725586 1500
0.4728689193725586 1500
0.4736909866333008 1500
0.4748680591583252 1500
0.47566986083984375 1500
0.47566986083984375 1500
0.4765000343322754 1500
0.4775099754333496 1500
0.4775099754333496 1500
0.48032689094543457 1500
0.48032689094543457 1500
0.480928897857666 1500
0.480928897857666 1500
0.48186588287353516 1500
0.4827308654785156 1500
0.48384904861450195 1500
0.48384904861450195 1500
0.4849550724029541 1500
0.48578596115112305 1500
0.48578596115112305 1500
0.48699092864990234 1500
0.48787593841552734 1500
0.48885297775268555 1500
0.48885297775268555 1500
0.4898850917816162 1500
0.4910249710083008 1500
0.4910249710083008 1500
0.49161386489868164 1500
0.49265193939208984 1500
0.49385786056518555 1500
0.49385786056518555 1500
0.4946269989013672 1500
0.4960908889770508 1500
0.49741196632385254 1500
0.49741196632385254 1500
0.4979078769683838 1500
0.4987940788269043 1500
0.4987940788269043 1500
0.49961090087890625 1500
0.5008418560028076 1500
0.5025889873504639 1500
0.5025889873504639 1500
0.5025889873504639 1500
0.5040409564971924 1500
0.5040409564971924 1500
0.5049848556518555 1500
