1048660
0.0 1500
0.0 1500
0.0006968975067138672 1500
0.0019059181213378906 1500
0.0028069019317626953 1500
0.0028069019317626953 1500
0.004311800003051758 1500
0.005138874053955078 1500
0.005138874053955078 1500
0.006070852279663086 1500
0.006963014602661133 1500
0.007955789566040039 1500
0.007955789566040039 1500
0.009037017822265625 1500
0.010502815246582031 1500
0.011168956756591797 1500
0.011168956756591797 1500
0.011943817138671875 1500
0.013065814971923828 1500
0.013065814971923828 1500
0.01384878158569336 1500
0.014955997467041016 1500
0.015858888626098633 1500
0.015858888626098633 1500
0.016774892807006836 1500
0.017758846282958984 1500
0.017758846282958984 1500
0.01898980140686035 1500
0.019964933395385742 1500
0.021081924438476562 1500
0.021081924438476562 1500
0.021940946578979492 1500
0.023707866668701172 1500
0.023871898651123047 1500
0.023871898651123047 1500
0.02502298355102539 1500
0.02602982521057129 1500
0.02602982521057129 1500
0.02688884735107422 1500
0.02805495262145996 1500
0.02912282943725586 1500
0.02912282943725586 1500
0.03003382682800293 1500
0.03113698959350586 1500
0.03113698959350586 1500
0.0319209098815918 1500
0.03274679183959961 1500
0.033696889877319336 1500
0.033696889877319336 1500
0.03541898727416992 1500
0.03578591346740723 1500
0.037027835845947266 1500
0.037027835845947266 1500
0.037697792053222656 1500
0.03887486457824707 1500
0.03890085220336914 1500
0.03981590270996094 1500
0.040991783142089844 1500
0.04186201095581055 1500
0.04186201095581055 1500
0.043103933334350586 1500
0.043805837631225586 1500
0.043805837631225586 1500
0.04506182670593262 1500
0.04590582847595215 1500
0.04699301719665527 1500
0.04699301719665527 1500
0.0480799674987793 1500
0.04878592491149902 1500
0.0499567985534668 1500
0.0499567985534668 1500
0.05108189582824707 1500
0.05176496505737305 1500
0.05176496505737305 1500
0.05287599563598633 1500
0.05386686325073242 1500
0.055072784423828125 1500
0.055072784423828125 1500
0.055916786193847656 1500
0.05703091621398926 1500
0.05703091621398926 1500
0.057840824127197266 1500
0.06003689765930176 1500
0.06003689765930176 1500
0.06003689765930176 1500
0.061177968978881836 1500
0.06187081336975098 1500
0.06309890747070312 1500
0.06309890747070312 1500
0.06396698951721191 1500
0.06498193740844727 1500
0.06498193740844727 1500
0.06588578224182129 1500
0.06703996658325195 1500
0.06793785095214844 1500
0.06793785095214844 1500
0.07007598876953125 1500
0.07009387016296387 1500
0.07023286819458008 1500
0.07106995582580566 1500
0.07206392288208008 1500
0.07284784317016602 1500
0.07284784317016602 1500
0.07405400276184082 1500
0.07506680488586426 1500
0.07588791847229004 1500
0.07588791847229004 1500
0.07678985595703125 1500
0.07800579071044922 1500
0.07800579071044922 1500
0.07879996299743652 1500
0.08005785942077637 1500
0.08109378814697266 1500
0.08109378814697266 1500
0.08196187019348145 1500
0.08271598815917969 1500
0.08271598815917969 1500
0.08391284942626953 1500
0.08503293991088867 1500
0.08606195449829102 1500
0.08606195449829102 1500
0.08673691749572754 1500
0.08794093132019043 1500
0.08880901336669922 1500
0.08880901336669922 1500
0.08997678756713867 1500
0.09212779998779297 1500
0.09212779998779297 1500
0.09212779998779297 1500
0.09303784370422363 1500
0.09373092651367188 1500
0.09373092651367188 1500
0.09483098983764648 1500
0.09591078758239746 1500
0.09591078758239746 1500
0.09670782089233398 1500
0.09793686866760254 1500
0.09905481338500977 1500
0.09905481338500977 1500
0.09983682632446289 1500
0.10074782371520996 1500
0.1018979549407959 1500
0.1018979549407959 1500
0.102935791015625 1500
0.10387396812438965 1500
0.10387396812438965 1500
0.10486388206481934 1500
0.10657978057861328 1500
0.1070098876953125 1500
0.1070098876953125 1500
0.10789990425109863 1500
0.10869288444519043 1500
0.10885381698608398 1500
0.1100618839263916 1500
0.1109158992767334 1500
0.11214399337768555 1500
0.11214399337768555 1500
0.11338591575622559 1500
0.1139059066772461 1500
0.11489701271057129 1500
0.11489701271057129 1500
0.1166830062866211 1500
0.11702489852905273 1500
0.11704182624816895 1500
0.1179819107055664 1500
0.11902379989624023 1500
0.12021088600158691 1500
0.12021088600158691 1500
0.12098097801208496 1500
0.12198591232299805 1500
0.12198591232299805 1500
0.1228950023651123 1500
0.12414383888244629 1500
0.12487101554870605 1500
0.12583494186401367 1500
0.12583494186401367 1500
0.12704801559448242 1500
0.12776494026184082 1500
0.1300358772277832 1500
0.1300358772277832 1500
0.13022994995117188 1500
0.13092994689941406 1500
0.13092994689941406 1500
0.13175582885742188 1500
0.13278484344482422 1500
0.13382387161254883 1500
0.13382387161254883 1500
0.13533687591552734 1500
0.13592100143432617 1500
0.1368718147277832 1500
0.13688898086547852 1500
0.13776493072509766 1500
0.13931989669799805 1500
0.13931989669799805 1500
0.14006495475769043 1500
0.14116477966308594 1500
0.1419079303741455 1500
0.1419079303741455 1500
0.1431868076324463 1500
0.14382600784301758 1500
0.14382600784301758 1500
0.14484691619873047 1500
0.14611196517944336 1500
0.14696097373962402 1500
0.14696097373962402 1500
0.14806485176086426 1500
0.1487128734588623 1500
0.15003299713134766 1500
0.15003299713134766 1500
0.15084290504455566 1500
0.15204787254333496 1500
0.15204787254333496 1500
0.15286493301391602 1500
0.15382099151611328 1500
0.15611696243286133 1500
0.15611696243286133 1500
0.15613579750061035 1500
0.15696096420288086 1500
0.15696096420288086 1500
0.15781688690185547 1500
0.15902185440063477 1500
0.15974187850952148 1500
0.15974187850952148 1500
0.16087794303894043 1500
0.1619408130645752 1500
0.1631298065185547 1500
0.1631298065185547 1500
0.16377496719360352 1500
0.16509199142456055 1500
0.16509199142456055 1500
0.1659078598022461 1500
0.16667890548706055 1500
0.16801691055297852 1500
0.16801691055297852 1500
0.1688377857208252 1500
0.16992592811584473 1500
0.16992592811584473 1500
0.17086291313171387 1500
0.17207098007202148 1500
0.1726999282836914 1500
0.1726999282836914 1500
0.17413687705993652 1500
0.17474579811096191 1500
0.17607378959655762 1500
0.17607378959655762 1500
0.1771998405456543 1500
0.17774391174316406 1500
0.17774391174316406 1500
0.17891883850097656 1500
0.1798858642578125 1500
0.18075990676879883 1500
0.18075990676879883 1500
0.18183493614196777 1500
0.183135986328125 1500
0.183135986328125 1500
0.18399381637573242 1500
0.1850719451904297 1500
0.18580389022827148 1500
0.18580389022827148 1500
0.18842482566833496 1500
0.18842482566833496 1500
0.18898987770080566 1500
0.18898987770080566 1500
0.1897869110107422 1500
0.19091391563415527 1500
0.19091391563415527 1500
0.1918039321899414 1500
0.19309496879577637 1500
0.19400787353515625 1500
0.19400787353515625 1500
0.19493579864501953 1500
0.19597697257995605 1500
0.19697999954223633 1500
0.19697999954223633 1500
0.19822192192077637 1500
0.19895482063293457 1500
0.19895482063293457 1500
0.19981598854064941 1500
0.20075392723083496 1500
0.20202898979187012 1500
0.20202898979187012 1500
0.20273494720458984 1500
0.20389389991760254 1500
0.20389389991760254 1500
0.20486688613891602 1500
0.20605778694152832 1500
0.20706582069396973 1500
0.20706582069396973 1500
0.2095639705657959 1500
0.2095639705657959 1500
0.21024680137634277 1500
0.21024680137634277 1500
0.21096491813659668 1500
0.21196293830871582 1500
0.21196293830871582 1500
0.2130289077758789 1500
0.213670015335083 1500
0.21495294570922852 1500
0.21495294570922852 1500
0.2157588005065918 1500
0.2167978286743164 1500
0.2167978286743164 1500
0.2179257869720459 1500
0.21877789497375488 1500
0.22002196311950684 1500
0.22002196311950684 1500
0.22103500366210938 1500
0.22188997268676758 1500
0.223006010055542 1500
0.223006010055542 1500
0.22390198707580566 1500
0.2249917984008789 1500
0.2249917984008789 1500
0.2259199619293213 1500
0.22705292701721191 1500
0.22869300842285156 1500
0.22869300842285156 1500
0.22869300842285156 1500
0.23003292083740234 1500
0.23003292083740234 1500
0.23091697692871094 1500
0.23210787773132324 1500
0.23289990425109863 1500
0.23289990425109863 1500
0.2339649200439453 1500
0.23476099967956543 1500
0.23594188690185547 1500
0.23594188690185547 1500
0.23680591583251953 1500
0.238480806350708 1500
0.238480806350708 1500
0.23878979682922363 1500
0.24011778831481934 1500
0.2407689094543457 1500
0.2407689094543457 1500
0.2421419620513916 1500
0.24312782287597656 1500
0.24312782287597656 1500
0.24415993690490723 1500
0.24493098258972168 1500
0.24596381187438965 1500
0.24596381187438965 1500
0.24688982963562012 1500
0.24802279472351074 132
0.5439839363098145 40
1.1440589427947998 40
2.2034568786621094 1500
2.2034568786621094 1500
2.2034568786621094 1500
2.2038888931274414 1500
2.2048418521881104 1500
2.2048418521881104 932
2.205749988555908 1500
2.205749988555908 1500
2.2076058387756348 1500
2.2076058387756348 1500
2.2076058387756348 1500
2.2076058387756348 1500
2.209340810775757 1500
2.209340810775757 1500
2.2101688385009766 1500
2.2101688385009766 1500
2.212202787399292 1500
2.212202787399292 1500
2.212202787399292 1500
2.213660955429077 1500
2.2140119075775146 1500
2.2152099609375 1500
2.2152099609375 1500
2.2152099609375 1500
2.2161848545074463 1500
2.2161848545074463 1500
2.2180769443511963 1500
2.2180769443511963 516
2.2180769443511963 1500
2.2180769443511963 1500
2.2193119525909424 1500
2.2193119525909424 1500
2.220249891281128 1500
2.220249891281128 1500
2.2209768295288086 1500
2.2209768295288086 1500
2.2222158908843994 1500
2.2231428623199463 1500
2.2231428623199463 1500
2.2231428623199463 1500
2.2249019145965576 1500
2.2249019145965576 1500
2.226010799407959 1500
2.226010799407959 1500
2.227980852127075 1500
2.227980852127075 1500
2.227980852127075 1500
2.2290759086608887 1500
2.2301669120788574 1500
2.2301669120788574 1500
2.231097936630249 1500
2.231097936630249 1500
2.231097936630249 1500
2.231097936630249 1500
2.2316699028015137 1500
2.2316699028015137 1500
2.234506845474243 1500
2.234506845474243 1500
2.2348408699035645 1500
2.2348408699035645 1500
2.2360918521881104 1500
2.2366747856140137 1500
2.239457845687866 1500
2.239457845687866 1500
2.239457845687866 1500
2.2397749423980713 1500
2.2397749423980713 1500
2.2407889366149902 1500
2.2417008876800537 1500
2.2436180114746094 1500
2.2436180114746094 1500
2.2439138889312744 1500
2.2448840141296387 1500
2.2448840141296387 1500
2.245914936065674 1500
2.246898889541626 1500
2.248602867126465 1500
2.248602867126465 1500
2.2488389015197754 1500
2.2499399185180664 1500
2.2510128021240234 1500
2.2510128021240234 1500
2.2517919540405273 1500
2.252980947494507 1500
2.252980947494507 1500
2.2541558742523193 1500
2.2550230026245117 1500
2.255772829055786 1500
2.255772829055786 1500
2.2568328380584717 1500
2.2578999996185303 1500
2.2578999996185303 1500
2.2589759826660156 1500
2.2599380016326904 1500
2.261262893676758 1500
2.261262893676758 1500
2.2619569301605225 1500
2.2630999088287354 1500
2.2638938426971436 1500
2.2638938426971436 1500
2.264979839324951 1500
2.2657759189605713 1500
2.2657759189605713 1500
2.2669169902801514 1500
2.267758846282959 1500
2.2697298526763916 1500
2.2697298526763916 1500
2.269892930984497 1500
2.271115779876709 1500
2.271115779876709 1500
2.271838903427124 1500
2.2729837894439697 1500
2.273737907409668 1500
2.273737907409668 1500
2.2751708030700684 1500
2.275869846343994 1500
2.276762008666992 1500
2.276762008666992 1500
2.277876853942871 1500
2.2790768146514893 1500
2.2790768146514893 1500
2.279801845550537 1500
2.2811279296875 1500
2.2818078994750977 1500
2.2818078994750977 1500
2.2829418182373047 1500
2.2854089736938477 1500
2.2854089736938477 1500
2.2854089736938477 1500
2.286237955093384 1500
2.287017822265625 1500
2.287017822265625 1500
2.2881839275360107 1500
2.2889130115509033 1500
2.289865016937256 1500
2.289865016937256 1500
2.2907698154449463 1500
2.2921929359436035 1500
2.2921929359436035 1500
2.2927258014678955 1500
2.29408597946167 1500
2.2947778701782227 1500
2.2947778701782227 1500
2.2959189414978027 1500
2.2970287799835205 1500
2.2970287799835205 1500
2.29794979095459 1500
2.2990028858184814 1500
2.2999839782714844 1500
2.2999839782714844 1500
2.300781011581421 1500
2.3018319606781006 1500
2.3030099868774414 1500
2.3030099868774414 1500
2.303727865219116 1500
2.3049488067626953 1500
2.3049488067626953 1500
2.3057968616485596 1500
2.306962013244629 1500
2.3081228733062744 1500
2.3081228733062744 1500
2.309134006500244 1500
2.3095738887786865 1500
2.3095738887786865 1500
2.311138868331909 1500
2.3119637966156006 1500
2.3130710124969482 1500
2.3130710124969482 1500
2.3138928413391113 1500
2.3148889541625977 1500
2.3148889541625977 1500
2.3161299228668213 1500
2.3179619312286377 1500
2.3179619312286377 1500
2.3179619312286377 1500
2.319031000137329 1500
2.3200039863586426 1500
2.3207249641418457 1500
2.3207249641418457 1500
2.322023868560791 1500
2.3232638835906982 1500
2.3232638835906982 1500
2.323805809020996 1500
2.3248989582061768 1500
2.3259849548339844 1500
2.3259849548339844 1500
2.3267128467559814 1500
2.328871965408325 1500
2.328871965408325 1500
2.3289740085601807 1500
2.3299458026885986 1500
2.3308029174804688 1500
2.3308029174804688 1500
2.331707000732422 1500
2.333699941635132 1500
2.334645986557007 1500
2.334645986557007 1500
2.3347699642181396 1500
2.3395538330078125 1500
2.3395538330078125 1500
2.3395538330078125 1500
2.3395538330078125 1500
2.3395538330078125 1500
2.3395538330078125 1500
2.342700958251953 1500
2.3432488441467285 1500
2.3432488441467285 1500
2.3432488441467285 1500
2.343348979949951 1500
2.3460588455200195 1500
2.3460588455200195 1500
2.346176862716675 1500
2.3463058471679688 1500
2.347111940383911 1500
2.347111940383911 1500
2.350155830383301 1500
2.3502988815307617 1500
2.3502988815307617 1500
2.3504250049591064 1500
2.352029800415039 1500
2.3522989749908447 1500
2.3522989749908447 1500
2.3553547859191895 1500
2.3553547859191895 1500
2.3553929328918457 1500
2.355592966079712 1500
2.356123924255371 1500
2.3571619987487793 1500
2.3571619987487793 1500
2.3578379154205322 1500
2.3586418628692627 1500
2.3599460124969482 1500
2.3599460124969482 1500
2.3608109951019287 1500
2.361860990524292 1500
2.361860990524292 1500
2.3637428283691406 1500
2.3637428283691406 1500
2.364839792251587 1500
2.364839792251587 1500
2.3655779361724854 1500
2.3668439388275146 1500
2.3668439388275146 1500
2.3680999279022217 1500
2.3688158988952637 1500
2.3695929050445557 1500
2.3695929050445557 1500
2.3709309101104736 1500
2.3719348907470703 1500
2.3730738162994385 1500
2.3730738162994385 1500
2.373767852783203 1500
2.374614953994751 1500
2.374614953994751 1500
2.3758368492126465 1500
2.376904010772705 1500
2.3780148029327393 1500
2.3780148029327393 1500
2.3787379264831543 1500
2.379887819290161 1500
2.379887819290161 1500
2.380814790725708 1500
2.3820087909698486 1500
2.3830759525299072 1500
2.3830759525299072 1500
2.384077787399292 1500
2.384809970855713 1500
2.386291980743408 1500
2.386291980743408 1500
2.3864998817443848 1500
2.3877599239349365 1500
2.3877599239349365 1500
2.388974905014038 1500
2.3897979259490967 1500
2.3910558223724365 1500
2.3910558223724365 1500
2.391904830932617 1500
2.3929309844970703 1500
2.3929309844970703 1500
2.394136905670166 1500
2.3945298194885254 1500
2.3958899974823 1500
2.3958899974823 1500
2.3969268798828125 1500
2.3978419303894043 1500
2.3988149166107178 1500
2.3988149166107178 1500
2.399887800216675 1500
2.4011049270629883 1500
2.4011049270629883 1500
2.4020698070526123 1500
2.4028568267822266 1500
2.403759002685547 1500
2.403759002685547 1500
2.4049429893493652 1500
2.406373977661133 1500
2.406373977661133 1500
2.4065628051757812 1500
2.4080958366394043 1500
2.4088997840881348 1500
2.4088997840881348 1500
2.410003900527954 1500
2.4110209941864014 1500
2.4120819568634033 1500
2.4120819568634033 1500
2.412855863571167 1500
2.413850784301758 1500
2.413850784301758 1500
2.4149169921875 1500
2.4157779216766357 1500
2.416766881942749 1500
2.416766881942749 1500
2.417961835861206 1500
2.4190428256988525 1500
2.4190428256988525 1500
2.4199459552764893 1500
2.4212048053741455 1500
2.422294855117798 1500
2.422294855117798 1500
2.423139810562134 1500
2.4240667819976807 1500
2.4247939586639404 1500
2.4247939586639404 1500
2.4258899688720703 1500
2.4267358779907227 1500
2.4267358779907227 1500
2.4279589653015137 1500
2.4289519786834717 1500
2.4302029609680176 1500
2.4302029609680176 1500
2.430630922317505 1500
2.432154893875122 1500
2.432154893875122 1500
2.433044910430908 1500
2.433868885040283 1500
2.434893846511841 1500
2.434893846511841 1500
2.4359347820281982 1500
2.436736822128296 1500
2.4381399154663086 1500
2.4381399154663086 1500
2.438915967941284 1500
2.439819812774658 1500
2.439819812774658 1500
2.440833806991577 1500
2.441856861114502 1500
2.4428558349609375 1500
2.4428558349609375 1500
2.444013833999634 1500
2.4448440074920654 1500
2.4448440074920654 1500
2.445981979370117 1500
2.4470980167388916 1500
2.4480528831481934 1500
2.4480528831481934 1500
2.4488649368286133 1500
2.450159788131714 1500
