1049845
0.0 1460
0.004188060760498047 1460
0.004189014434814453 1460
0.005738019943237305 1460
0.005738019943237305 1460
0.005738973617553711 1460
0.005738973617553711 1460
0.005738973617553711 1460
0.005740165710449219 1460
0.005740165710449219 1460
0.005740165710449219 1460
0.0071070194244384766 1460
0.007107973098754883 1460
0.008563041687011719 1460
0.008563041687011719 1460
0.008563995361328125 1460
0.008563995361328125 1460
0.02484297752380371 1460
0.02484416961669922 1460
0.02484416961669922 1460
0.024845123291015625 1460
0.02630305290222168 1460
0.026304006576538086 1460
0.026304006576538086 1460
0.02642512321472168 1460
0.02642512321472168 1460
0.026426076889038086 1460
0.0286409854888916 1460
0.02864217758178711 1460
0.03373408317565918 1460
0.033738136291503906 1460
0.033738136291503906 1460
0.03373908996582031 1460
0.03373908996582031 1460
0.03373908996582031 1460
0.034744977951049805 1460
0.03474617004394531 1460
0.03474617004394531 1460
0.03474712371826172 1460
0.03474712371826172 1460
0.034748077392578125 1460
0.034748077392578125 1460
0.03474903106689453 1460
0.03475308418273926 1460
0.03671407699584961 1460
0.03802800178527832 1460
0.03802895545959473 1460
0.03802895545959473 1460
0.03802895545959473 1460
0.038030147552490234 1460
0.038030147552490234 1460
0.03803110122680664 1460
0.03803110122680664 1460
0.03803205490112305 1460
0.03803205490112305 1460
0.03803205490112305 1460
0.03803300857543945 1460
0.03913617134094238 1460
0.03913617134094238 1460
0.03913712501525879 1460
0.03913712501525879 1460
0.03913712501525879 1460
0.039138078689575195 1460
0.039138078689575195 1460
0.0391390323638916 1460
0.0391390323638916 1460
0.03913998603820801 1460
0.03913998603820801 1460
0.03913998603820801 1460
0.03922915458679199 1460
0.0392301082611084 1460
0.0392301082611084 1460
0.03935813903808594 1460
0.03935813903808594 1460
0.03935813903808594 1460
0.04156303405761719 1460
0.04156303405761719 1460
0.041563987731933594 1460
0.041563987731933594 1460
0.041563987731933594 1460
0.0415651798248291 1460
0.0415651798248291 1460
0.0415651798248291 1460
0.04156613349914551 1460
0.041567087173461914 1460
0.041567087173461914 1460
0.04156804084777832 1460
0.042752981185913086 1460
0.042752981185913086 1460
0.042752981185913086 1460
0.042754173278808594 1460
0.042754173278808594 1460
0.042755126953125 1460
0.042755126953125 1460
0.042755126953125 1460
0.042756080627441406 1460
0.042756080627441406 1460
0.04275703430175781 1460
0.04275703430175781 1460
0.04415297508239746 1460
0.04415416717529297 1460
0.04415416717529297 1460
0.04415416717529297 1460
0.044155120849609375 1460
0.044155120849609375 1460
0.044155120849609375 1460
0.04415607452392578 1460
0.04415607452392578 1460
0.04415702819824219 1460
0.04415702819824219 1460
0.04415702819824219 1460
0.045861005783081055 1460
0.045861005783081055 1460
0.05141305923461914 1460
0.05141305923461914 1460
0.05141305923461914 1460
0.05141401290893555 1460
0.05141401290893555 1460
0.05141401290893555 1460
0.0530550479888916 1460
0.0530550479888916 1460
0.05305600166320801 1460
0.053056955337524414 1460
0.053056955337524414 1460
0.05305814743041992 1460
0.05305814743041992 1460
0.05305910110473633 1460
0.05305910110473633 1460
0.053060054779052734 1460
0.053060054779052734 1460
0.053060054779052734 1433
0.124298095703125 40
0.12752008438110352 40
0.2204890251159668 52
0.2421431541442871 1460
0.24214410781860352 1460
0.24214410781860352 1460
0.24214506149291992 1460
0.24214506149291992 1460
0.24214506149291992 1460
0.24214601516723633 1460
0.2437269687652588 1460
0.2437281608581543 1460
0.2437281608581543 1460
0.2437291145324707 1460
0.24373197555541992 1460
0.24373197555541992 1460
0.24373316764831543 1460
0.24373316764831543 1460
0.24373316764831543 1460
0.24373412132263184 1460
0.24373412132263184 1460
0.24373412132263184 1460
0.24572515487670898 1460
0.2457261085510254 1460
0.2457270622253418 1460
0.2457270622253418 1460
0.2457280158996582 1460
0.2457289695739746 1460
0.2457289695739746 1460
0.2457289695739746 1460
0.24573016166687012 1460
0.24573016166687012 1460
0.24573111534118652 1460
0.24573111534118652 1460
0.24573111534118652 1460
0.24573206901550293 1460
0.24573302268981934 1460
0.24573302268981934 1460
0.24573302268981934 1460
0.24573397636413574 1460
0.2477569580078125 1460
0.2477569580078125 1460
0.247758150100708 1460
0.24775910377502441 1460
0.24775910377502441 1460
0.24776005744934082 1460
0.24776005744934082 1460
0.24776101112365723 1460
0.24776101112365723 1460
0.24776196479797363 1460
0.24776196479797363 1460
0.24776196479797363 1460
0.24776315689086914 1460
0.24776315689086914 1460
0.24776411056518555 1460
0.24776411056518555 1460
0.24776411056518555 1460
0.24776506423950195 1460
0.25003910064697266 1460
0.25004005432128906 1460
0.25004005432128906 1460
0.25004100799560547 1460
0.25004100799560547 1460
0.25004100799560547 1460
0.2500419616699219 1460
0.2500419616699219 1460
0.2500419616699219 1460
0.2500431537628174 1460
0.2500431537628174 1460
0.2500441074371338 1460
0.2511470317840576 1460
0.251147985458374 1460
0.251147985458374 1460
0.251147985458374 1460
0.25114917755126953 1460
0.25114917755126953 1460
0.25114917755126953 1460
0.25115013122558594 1460
0.25115013122558594 1460
0.25115108489990234 1460
0.25115108489990234 1460
0.25115108489990234 1460
0.25231099128723145 1460
0.25231218338012695 1460
0.25231313705444336 1460
0.25231313705444336 1460
0.25231313705444336 1460
0.25231409072875977 1460
0.25231409072875977 1460
0.25231409072875977 1460
0.25231504440307617 1460
0.25231504440307617 1460
0.2523159980773926 1460
0.2523159980773926 1460
0.2540431022644043 1460
0.2540440559387207 1460
0.2540440559387207 1460
0.2540440559387207 1460
0.2540450096130371 1460
0.2540450096130371 1460
0.2540459632873535 1460
0.2540459632873535 1460
0.254047155380249 1460
0.25404810905456543 1460
0.25404810905456543 1460
0.25404906272888184 1460
0.2550811767578125 1460
0.2550821304321289 1460
0.2550821304321289 1460
0.2550830841064453 1460
0.2550830841064453 1460
0.2550840377807617 1460
0.2550840377807617 1460
0.2550840377807617 1460
0.2550849914550781 1460
0.2550849914550781 1460
0.25508618354797363 1460
0.25508618354797363 1460
0.2566721439361572 1460
0.25667309761047363 1460
0.25667309761047363 1460
0.25667405128479004 1460
0.25667405128479004 1460
0.25667405128479004 1460
0.25667500495910645 1460
0.25667500495910645 1460
0.25667500495910645 1460
0.25667595863342285 1460
0.25667595863342285 1460
0.25667595863342285 1460
0.2569551467895508 1460
0.25815606117248535 1460
0.25815701484680176 1460
0.25815701484680176 1460
0.25815796852111816 1460
0.25815796852111816 1460
0.25815916061401367 1460
0.25815916061401367 1460
0.2581601142883301 1460
0.2581601142883301 1460
0.2581601142883301 1460
0.2581610679626465 1460
0.2581610679626465 1460
0.26041603088378906 1460
0.26041603088378906 1460
0.26041698455810547 1460
0.26041698455810547 1460
0.260418176651001 1460
0.260418176651001 1460
0.2604191303253174 1460
0.2604191303253174 1460
0.2604200839996338 1460
0.2604200839996338 1460
0.2604200839996338 1460
0.2604210376739502 1460
0.2604210376739502 1460
0.2604210376739502 1460
0.2604219913482666 1460
0.2604219913482666 1460
0.2604231834411621 1460
0.261829137802124 1460
0.26183009147644043 1460
0.26183104515075684 1460
0.26183104515075684 1460
0.26183104515075684 1460
0.26183199882507324 1460
0.26183199882507324 1460
0.26183295249938965 1460
0.26183295249938965 1460
0.26183414459228516 1460
0.26183414459228516 1460
0.26183509826660156 1460
0.26313114166259766 1460
0.26313209533691406 1460
0.26313209533691406 1460
0.26313304901123047 1460
0.26313304901123047 1460
0.2631340026855469 1460
0.2631340026855469 1460
0.2631349563598633 1460
0.2631349563598633 1460
0.2631361484527588 1460
0.2631361484527588 1460
0.2631371021270752 1460
0.2646520137786865 1460
0.26465296745300293 1460
0.26465296745300293 1460
0.26465415954589844 1460
0.26465415954589844 1460
0.26465415954589844 1460
0.26465511322021484 1460
0.26465511322021484 1460
0.26465606689453125 1460
0.26465606689453125 1460
0.26465606689453125 1460
0.26465702056884766 1460
0.26632118225097656 1460
0.26632118225097656 1460
0.26632213592529297 1460
0.26632213592529297 1460
0.26632213592529297 1460
0.2663230895996094 1460
0.2663230895996094 1460
0.2663240432739258 1460
0.2663240432739258 1460
0.2663240432739258 1460
0.2663249969482422 1460
0.2663249969482422 1460
0.2677290439605713 1460
0.2677299976348877 1460
0.2677309513092041 1460
0.2677321434020996 1460
0.267733097076416 1460
0.267733097076416 1460
0.2677340507507324 1460
0.26773500442504883 1460
0.26773595809936523 1460
0.26773595809936523 1460
0.26773715019226074 1460
0.26773810386657715 1460
0.2688319683074951 1460
0.2688331604003906 1460
0.2688331604003906 1460
0.26883411407470703 1460
0.26883411407470703 1460
0.26883506774902344 1460
0.26883506774902344 1460
0.26883602142333984 1460
0.26883602142333984 1460
0.26883697509765625 1460
0.26883697509765625 1460
0.26883816719055176 1460
0.34880900382995605 1460
0.35067105293273926 1460
0.35067105293273926 1460
0.35067200660705566 1460
0.35067200660705566 1460
0.35067296028137207 1460
0.35067296028137207 1460
0.35067296028137207 1460
0.3506741523742676 1460
0.3506741523742676 1460
0.350675106048584 1460
0.350675106048584 1460
0.352445125579834 1460
0.352445125579834 1460
0.3524460792541504 1460
0.3524460792541504 1460
0.3524470329284668 1460
0.3524470329284668 1460
0.3524470329284668 1460
0.3524479866027832 1460
0.3524479866027832 1460
0.3524491786956787 1460
0.3524491786956787 1460
0.3524491786956787 1460
0.3542470932006836 1460
0.3542470932006836 1460
0.354248046875 1460
0.354248046875 1460
0.354248046875 1460
0.3542490005493164 1460
0.3542490005493164 1460
0.3542490005493164 1460
0.3542499542236328 1460
0.3542499542236328 1460
0.3542511463165283 1460
0.3542511463165283 1460
0.3555929660797119 1460
0.3555929660797119 1460
0.3555941581726074 1460
0.3555941581726074 1460
0.3555941581726074 1460
0.35559511184692383 1460
0.35559511184692383 1460
0.35559606552124023 1460
0.35559606552124023 1460
0.35559701919555664 1460
0.35559701919555664 1460
0.35559701919555664 1460
0.35559797286987305 1460
0.35559797286987305 1460
0.35559797286987305 1460
0.35559916496276855 1460
0.35559916496276855 1460
0.35560011863708496 1460
0.3576631546020508 1460
0.3576631546020508 1460
0.3576641082763672 1460
0.3576641082763672 1460
0.3576641082763672 1460
0.3576650619506836 1460
0.3576650619506836 1460
0.357666015625 1460
0.357666015625 1460
0.357666015625 1460
0.3576669692993164 1460
0.3576669692993164 1460
0.35865116119384766 1460
0.35865116119384766 1460
0.35865116119384766 1460
0.35865211486816406 1460
0.35865211486816406 1460
0.35865306854248047 1460
0.35865306854248047 1460
0.3586540222167969 1460
0.3586540222167969 1460
0.3586540222167969 1460
0.3586549758911133 1460
0.3586549758911133 1460
0.36026501655578613 1460
0.36026501655578613 1460
0.36026597023010254 1460
0.36026597023010254 1460
0.36026716232299805 1460
0.36026716232299805 1460
0.36026811599731445 1460
0.36026811599731445 1460
0.36026906967163086 1460
0.36026906967163086 1460
0.36026906967163086 1460
0.36027002334594727 1460
0.3615701198577881 1460
0.3615710735321045 1460
0.3615710735321045 1460
0.3615710735321045 1460
0.3615720272064209 1460
0.3615720272064209 1460
0.3615729808807373 1460
0.3615729808807373 1460
0.3615741729736328 1460
0.3615741729736328 1460
0.3615751266479492 1460
0.3615751266479492 1460
0.36289000511169434 1460
0.36289000511169434 1460
0.36289095878601074 1460
0.36289095878601074 1460
0.36289215087890625 1460
0.36289215087890625 1460
0.36289215087890625 1460
0.36289310455322266 1460
0.36289310455322266 1460
0.36289405822753906 1460
0.36289405822753906 1460
0.36289501190185547 1460
0.3646731376647949 1460
0.36467409133911133 1460
0.36467409133911133 1460
0.36467504501342773 1460
0.36467599868774414 1460
0.36467599868774414 1460
0.36467695236206055 1460
0.36467695236206055 1460
0.36467814445495605 1460
0.36467814445495605 1460
0.36467909812927246 1460
0.36467909812927246 1460
0.3658301830291748 1460
0.3658311367034912 1460
0.3658320903778076 1460
0.36583399772644043 1460
0.36583399772644043 1460
0.36583495140075684 1460
0.36583495140075684 1460
0.36583614349365234 1460
0.36583614349365234 1460
0.36583709716796875 1460
0.36583709716796875 1460
0.36583805084228516 1460
0.3672220706939697 1460
0.3672220706939697 1460
0.36722302436828613 1460
0.36722302436828613 1460
0.36722397804260254 1460
0.36722397804260254 1460
0.36722397804260254 1460
0.36722517013549805 1460
0.36722517013549805 1460
0.36722612380981445 1460
0.36722612380981445 1460
0.36722707748413086 1460
0.3690180778503418 1460
0.3690180778503418 1460
0.3690190315246582 1460
0.3690190315246582 1460
0.3690199851989746 1460
0.3690199851989746 1460
0.36902308464050293 1460
0.36902308464050293 1460
0.36902403831481934 1460
0.36902403831481934 1460
0.36902499198913574 1460
0.36902499198913574 1460
0.37043213844299316 1460
0.37043213844299316 1460
0.37043309211730957 1460
0.37043309211730957 1460
0.37043309211730957 1460
0.370434045791626 1460
0.370434045791626 1460
0.3704349994659424 1460
0.3704349994659424 1460
0.3704349994659424 1460
0.3704359531402588 1460
0.3704359531402588 1460
0.37189817428588867 1460
0.37189817428588867 1460
0.3718991279602051 1460
0.3718991279602051 1460
0.3719000816345215 1460
0.3719000816345215 1460
0.3719000816345215 1460
0.3719010353088379 1460
0.3719010353088379 1460
0.3719010353088379 1460
0.3719019889831543 1460
0.3719019889831543 1460
0.3731400966644287 1460
0.3731410503387451 1460
0.3731420040130615 1460
0.3731420040130615 1460
0.37314295768737793 1460
0.37314295768737793 1460
0.37314414978027344 1460
0.37314414978027344 1460
0.37314510345458984 1460
0.37314510345458984 1460
0.37314605712890625 1460
0.37314605712890625 1460
0.3745381832122803 1460
0.3745391368865967 1460
0.3745391368865967 1460
0.3745400905609131 1460
0.3745410442352295 1460
0.3745419979095459 1460
0.3745419979095459 1460
0.3745419979095459 1460
0.3745429515838623 1460
0.3745429515838623 1460
0.3745441436767578 1460
0.3745441436767578 1460
0.375946044921875 1460
0.3759469985961914 1460
0.3759469985961914 1460
0.3759479522705078 1460
0.3759479522705078 1460
0.3759479522705078 1460
0.3759491443634033 1460
0.3759491443634033 1460
0.3759500980377197 1460
0.3759500980377197 1460
0.3759500980377197 1460
0.37595105171203613 1460
0.37733912467956543 1460
0.37734007835388184 1460
0.37734007835388184 1460
0.37734103202819824 1460
0.37734103202819824 1460
0.37734198570251465 1460
0.37734198570251465 1460
0.37734198570251465 1460
0.37734317779541016 1460
0.37734317779541016 1460
0.37734413146972656 1460
0.37734413146972656 1460
0.3789641857147217 1460
0.3789651393890381 1460
0.3789660930633545 1460
0.3789660930633545 1460
0.3789670467376709 1460
0.3789670467376709 1460
0.3789680004119873 1460
0.45873117446899414 1460
0.45873212814331055 1460
0.45873212814331055 1460
0.46009016036987305 1460
0.46009111404418945 1460
0.46009111404418945 1460
0.46009206771850586 1460
0.46009302139282227 1460
0.46009302139282227 1460
0.46009397506713867 1460
0.4600951671600342 1460
0.4600951671600342 1460
0.4600961208343506 1460
0.460097074508667 1460
0.460097074508667 1460
0.46156811714172363 1460
0.46156907081604004 1460
0.46157002449035645 1460
0.46157002449035645 1460
0.46157097816467285 1460
0.46157217025756836 1460
0.46157217025756836 1460
0.46157312393188477 1460
0.46157407760620117 1460
0.46157407760620117 1460
0.4615750312805176 1460
0.461575984954834 1460
0.4630610942840576 1460
0.463062047958374 1460
0.46306300163269043 1460
0.46306395530700684 1460
0.46306395530700684 1460
0.46306514739990234 1460
0.46306610107421875 1460
0.46306610107421875 1460
0.46306705474853516 1460
0.46306800842285156 1460
0.46306800842285156 1460
0.46306896209716797 1460
0.4630701541900635 1460
0.4630711078643799 1460
0.4630711078643799 1460
0.4630720615386963 1460
0.4630730152130127 1460
0.4630730152130127 1460
0.465299129486084 1460
0.4653000831604004 1460
0.4653010368347168 1460
0.4653010368347168 1460
0.4653019905090332 1460
0.4653031826019287 1460
0.4653031826019287 1460
0.4653041362762451 1460
0.4653041362762451 1460
0.4653050899505615 1460
0.4653050899505615 1460
0.46530604362487793 1460
0.4664340019226074 1460
0.4664340019226074 1460
0.46643495559692383 1460
0.46643614768981934 1460
0.46643614768981934 1460
0.46643710136413574 1460
0.46643710136413574 1460
0.46643805503845215 1460
0.46643900871276855 1460
0.46643900871276855 1460
0.46643996238708496 1460
0.46643996238708496 1460
0.467911958694458 1460
0.4679131507873535 1460
0.4679131507873535 1460
0.4679141044616699 1460
0.4679141044616699 1460
0.46791505813598633 1460
0.46791505813598633 1460
0.46791601181030273 1460
0.46791601181030273 1460
0.46791696548461914 1460
0.46791696548461914 1460
0.46791815757751465 1460
0.4691481590270996 1460
0.4691481590270996 1460
0.469149112701416 1460
0.469149112701416 1460
0.4691500663757324 1460
0.4691500663757324 1460
0.46915102005004883 1460
0.46915102005004883 1460
0.46915197372436523 1460
0.46915197372436523 1460
0.46915316581726074 1460
0.46915316581726074 1460
0.470501184463501 1460
0.4705021381378174 1460
0.4705030918121338 1460
0.4705030918121338 1460
0.4705040454864502 1460
0.4705049991607666 1460
0.4705049991607666 1460
0.470505952835083 1460
0.4705071449279785 1460
0.4705080986022949 1460
0.47050905227661133 1460
0.47050905227661133 1460
0.4718949794769287 1460
0.4718961715698242 1460
0.4718961715698242 1460
0.4718971252441406 1460
0.47189807891845703 1460
0.47189807891845703 1460
0.47189903259277344 1460
0.47189903259277344 1460
0.47189998626708984 1460
0.47189998626708984 1460
0.47190117835998535 1460
0.47190213203430176 1460
0.4723060131072998 1460
