1048660
0.0 1500
0.0 1500
0.0016770362854003906 1500
0.002042055130004883 1500
0.002042055130004883 1500
0.002791166305541992 1500
0.00398707389831543 1500
0.00398707389831543 1500
0.004987001419067383 1500
0.005970001220703125 1500
0.006891965866088867 1500
0.006891965866088867 1500
0.00775909423828125 1500
0.008991003036499023 1500
0.008991003036499023 1500
0.009793996810913086 1500
0.01126718521118164 1500
0.012084007263183594 1500
0.012084007263183594 1500
0.012959003448486328 1500
0.013781070709228516 1500
0.01569199562072754 1500
0.01569199562072754 1500
0.01602005958557129 1500
0.01689910888671875 1500
0.01689910888671875 1500
0.017901182174682617 1500
0.01878499984741211 1500
0.019857168197631836 1500
0.019857168197631836 1500
0.02082514762878418 1500
0.02330303192138672 1500
0.02330303192138672 1500
0.02330303192138672 1500
0.024088144302368164 1500
0.024966001510620117 1500
0.024966001510620117 1500
0.025986194610595703 1500
0.026921987533569336 1500
0.027781009674072266 1500
0.027781009674072266 1500
0.02907705307006836 1500
0.02994513511657715 1500
0.02994513511657715 1500
0.03080296516418457 1500
0.032124996185302734 1500
0.03306698799133301 1500
0.03306698799133301 1500
0.034027099609375 1500
0.035021066665649414 1500
0.035021066665649414 1500
0.035749197006225586 1500
0.0371551513671875 1500
0.03800201416015625 1500
0.03800201416015625 1500
0.039057016372680664 1500
0.03982901573181152 1500
0.04125618934631348 1500
0.04125618934631348 1500
0.04161810874938965 1500
0.043311119079589844 1500
0.043311119079589844 1500
0.04370307922363281 1500
0.04537200927734375 1500
0.04581904411315918 1500
0.04581904411315918 1500
0.04708719253540039 1500
0.047831058502197266 1500
0.047831058502197266 1500
0.04924607276916504 1500
0.050089120864868164 1500
0.05092000961303711 1500
0.05092000961303711 1500
0.05285811424255371 1500
0.05285811424255371 1500
0.05419111251831055 1500
0.05419111251831055 1500
0.054943084716796875 1500
0.055941104888916016 1500
0.055941104888916016 1500
0.05702710151672363 1500
0.058120012283325195 1500
0.05897712707519531 1500
0.05897712707519531 1500
0.06017613410949707 1500
0.061277151107788086 1500
0.061277151107788086 1500
0.061858177185058594 1500
0.0629279613494873 1500
0.06423401832580566 1500
0.06423401832580566 1500
0.0648350715637207 1500
0.06597113609313965 1500
0.0667581558227539 1500
0.0667581558227539 1500
0.06772708892822266 1500
0.06888818740844727 1500
0.06888818740844727 1500
0.06976199150085449 1500
0.07091712951660156 1500
0.07198905944824219 1500
0.07198905944824219 1500
0.07307314872741699 1500
0.07393002510070801 1500
0.07393002510070801 1500
0.07495403289794922 1500
0.07674217224121094 1500
0.07674217224121094 1500
0.07674217224121094 1500
0.07797408103942871 1500
0.07888007164001465 1500
0.07985210418701172 1500
0.07985210418701172 1500
0.08103609085083008 1500
0.08177399635314941 1500
0.08177399635314941 1500
0.08270502090454102 1500
0.08372902870178223 1500
0.08504509925842285 1500
0.08504509925842285 1500
0.08570098876953125 1500
0.08713006973266602 1500
0.08713006973266602 1500
0.08784818649291992 1500
0.09023904800415039 1500
0.09033513069152832 1500
0.09033513069152832 1500
0.09105205535888672 1500
0.09166502952575684 1500
0.09302806854248047 1500
0.09302806854248047 1500
0.09393119812011719 1500
0.09580111503601074 1500
0.09580111503601074 1500
0.09580111503601074 1500
0.09694600105285645 1500
0.09775304794311523 1500
0.09775304794311523 1500
0.09888696670532227 1500
0.09992814064025879 1500
0.09992814064025879 1500
0.10111403465270996 1500
0.10201001167297363 1500
0.10311508178710938 1500
0.10311508178710938 1500
0.10391616821289062 1500
0.10510516166687012 1500
0.1057591438293457 1500
0.1057591438293457 1500
0.10709404945373535 1500
0.10783600807189941 1500
0.10783600807189941 1500
0.10902810096740723 1500
0.11053299903869629 1500
0.11079096794128418 1500
0.11079096794128418 1500
0.11171817779541016 1500
0.11292719841003418 1500
0.11292719841003418 1500
0.11359119415283203 1500
0.11491513252258301 1500
0.11575818061828613 1500
0.11575818061828613 1500
0.11722016334533691 1500
0.11788797378540039 1500
0.11884903907775879 1500
0.11884903907775879 1500
0.11983418464660645 1500
0.12085318565368652 1500
0.12085318565368652 1500
0.12290596961975098 1500
0.12290596961975098 1500
0.1238100528717041 1500
0.1238100528717041 1500
0.12466812133789062 1500
0.12571501731872559 1500
0.12571501731872559 1500
0.12682414054870605 1500
0.1281290054321289 1500
0.1289060115814209 1500
0.1289060115814209 1500
0.129669189453125 1500
0.13075709342956543 1500
0.1317610740661621 1500
0.13188409805297852 1500
0.13296818733215332 1500
0.13431596755981445 1500
0.13431596755981445 1500
0.13620209693908691 1500
0.13620209693908691 1500
0.13769817352294922 1500
0.13769817352294922 1500
0.13777399063110352 1500
0.13953518867492676 1500
0.13953518867492676 1500
0.13987302780151367 1500
0.14089417457580566 1500
0.1419200897216797 1500
0.1419200897216797 1500
0.14317011833190918 1500
0.14380812644958496 1500
0.14489102363586426 1500
0.14489102363586426 1500
0.14599204063415527 1500
0.14702701568603516 1500
0.14702701568603516 1500
0.1482830047607422 1500
0.14862799644470215 1500
0.15044808387756348 1500
0.15044808387756348 1500
0.15111708641052246 1500
0.1518411636352539 1500
0.15186214447021484 1500
0.15293002128601074 1500
0.15401506423950195 1500
0.15485501289367676 1500
0.15485501289367676 1500
0.1559150218963623 1500
0.15688705444335938 1500
0.15785002708435059 1500
0.15785002708435059 1500
0.15906906127929688 1500
0.1602630615234375 1500
0.1602630615234375 1500
0.160966157913208 1500
0.16196203231811523 1500
0.16314101219177246 1500
0.16314101219177246 1500
0.1640760898590088 1500
0.16482210159301758 1500
0.16482210159301758 1500
0.1661241054534912 1500
0.1668550968170166 1500
0.16783404350280762 1500
0.16783404350280762 1500
0.1688520908355713 1500
0.1700279712677002 1500
0.17088007926940918 1500
0.17088007926940918 1500
0.17210912704467773 1500
0.1727581024169922 1500
0.1727581024169922 1500
0.17369413375854492 1500
0.17494916915893555 1500
0.17584919929504395 1500
0.1759650707244873 1500
0.17684507369995117 1500
0.17769718170166016 1500
0.17775297164916992 1500
0.17892909049987793 1500
0.1798410415649414 1500
0.18069219589233398 1500
0.18069219589233398 1500
0.1816539764404297 1500
0.18294000625610352 1500
0.18294000625610352 1500
0.18375611305236816 1500
0.18584108352661133 1500
0.18584108352661133 1500
0.18584108352661133 1500
0.1871500015258789 1500
0.1881241798400879 1500
0.1887509822845459 1500
0.1887509822845459 1500
0.18992209434509277 1500
0.19077706336975098 1500
0.19077706336975098 1500
0.1920630931854248 1500
0.19315218925476074 1500
0.19405508041381836 1500
0.19405508041381836 1500
0.19490408897399902 1500
0.19748616218566895 1500
0.19748616218566895 1500
0.19748616218566895 1500
0.19786810874938965 1500
0.198868989944458 1500
0.198868989944458 1500
0.1997840404510498 1500
0.20078015327453613 1500
0.20177912712097168 1500
0.20177912712097168 1500
0.20322108268737793 1500
0.2035970687866211 1500
0.2035970687866211 1500
0.205078125 1500
0.2060680389404297 1500
0.20752596855163574 1500
0.20752596855163574 1500
0.2080831527709961 1500
0.20882415771484375 1500
0.20882415771484375 1500
0.20970606803894043 1500
0.21101903915405273 1500
0.21205401420593262 1500
0.21205401420593262 1500
0.21327519416809082 1500
0.21401214599609375 1500
0.2146761417388916 1500
0.2146761417388916 1500
0.2158670425415039 1500
0.21686196327209473 1500
0.21686196327209473 1500
0.21810317039489746 1500
0.2200021743774414 1500
0.2200021743774414 1500
0.2200021743774414 1500
0.22118306159973145 1500
0.22211813926696777 1500
0.22211813926696777 1500
0.22287702560424805 1500
0.22390317916870117 1500
0.22475719451904297 1500
0.22475719451904297 1500
0.22609996795654297 1500
0.22684407234191895 1500
0.22780609130859375 1500
0.22780609130859375 1500
0.22894811630249023 1500
0.23038005828857422 1500
0.23038005828857422 1500
0.2307109832763672 1500
0.23183703422546387 1500
0.2335951328277588 1500
0.2335951328277588 1500
0.2335951328277588 1500
0.23456907272338867 1500
0.23456907272338867 1500
0.2357921600341797 1500
0.23741412162780762 1500
0.23781704902648926 1500
0.23781704902648926 1500
0.2389371395111084 1500
0.23978114128112793 1500
0.24086499214172363 1500
0.24086499214172363 1500
0.24194908142089844 1500
0.24374008178710938 1500
0.24374008178710938 1500
0.24374008178710938 1500
0.24548101425170898 1500
0.24674606323242188 1500
0.24674606323242188 1500
0.24674606323242188 1500
0.24782800674438477 1500
0.24782800674438477 1500
0.24875307083129883 1500
0.25008201599121094 1500
0.2506570816040039 1500
0.2506570816040039 1500
0.25245118141174316 1500
0.2529730796813965 1500
0.2538340091705322 1500
0.2538340091705322 1500
0.2569410800933838 1500
0.2569410800933838 1500
0.2569410800933838 1500
0.2569410800933838 1500
0.2583150863647461 1500
0.25855302810668945 1500
0.25855302810668945 1500
0.2600531578063965 1500
0.26094913482666016 1500
0.26094913482666016 1500
0.26192712783813477 1500
0.2629880905151367 1500
0.264085054397583 1500
0.264085054397583 1500
0.26502418518066406 1500
0.26578211784362793 1500
0.2674560546875 1500
0.2674560546875 1500
0.26769018173217773 1500
0.26906418800354004 1500
0.26906418800354004 1500
0.26981115341186523 1500
0.27112698554992676 1500
0.2718391418457031 1500
0.2718391418457031 1500
0.27278900146484375 1500
0.27400803565979004 1500
0.27400803565979004 1500
0.2753109931945801 1500
0.27625513076782227 1500
0.2769920825958252 1500
0.2769920825958252 1500
0.2778351306915283 1500
0.2792391777038574 1500
0.28012800216674805 1500
0.28012800216674805 1500
0.28087306022644043 1500
0.28202104568481445 1500
0.28202104568481445 1500
0.2830331325531006 1500
0.28377604484558105 1500
0.2850611209869385 1500
0.2850611209869385 1500
0.286060094833374 1500
0.28703904151916504 1500
0.28703904151916504 1500
0.28792619705200195 1500
0.2888491153717041 1500
0.2917490005493164 1500
0.2917490005493164 1500
0.2917490005493164 1500
0.29198598861694336 1500
0.29312801361083984 1500
0.29312801361083984 1500
0.2940859794616699 1500
0.2951481342315674 1500
0.2951481342315674 1500
0.29615306854248047 1500
0.2968761920928955 1500
0.298734188079834 1500
0.298734188079834 1500
0.29880404472351074 1500
0.30045008659362793 1500
0.30045008659362793 1500
0.30072903633117676 1500
0.30191612243652344 1500
0.30332303047180176 1500
0.30332303047180176 1500
0.3036320209503174 1500
0.3049161434173584 1500
0.30609917640686035 1500
0.30609917640686035 1500
0.3069159984588623 1500
0.30809903144836426 1500
0.30809903144836426 1500
0.30894899368286133 1500
0.30997514724731445 1500
0.3108861446380615 1500
0.3108861446380615 1500
0.3119070529937744 1500
0.3130831718444824 1500
0.3130831718444824 1500
0.31589198112487793 1500
0.31589198112487793 1500
0.31617212295532227 1500
0.31617212295532227 1500
0.3167569637298584 1500
0.31783008575439453 1500
0.31882405281066895 1500
0.31882405281066895 1500
0.320634126663208 1500
0.3208639621734619 1500
0.3208639621734619 1500
0.3219420909881592 1500
0.32296109199523926 1500
0.3240339756011963 1500
0.3240339756011963 1500
0.3248870372772217 1500
0.3269221782684326 1500
0.3269221782684326 1500
0.3269221782684326 1500
0.3279891014099121 1500
0.32893800735473633 1500
0.32893800735473633 1500
0.3299100399017334 1500
0.33078908920288086 1500
0.3317301273345947 1500
0.3317301273345947 1500
0.3335390090942383 1500
0.3337690830230713 1500
0.3337690830230713 1500
0.3354010581970215 1500
0.3359990119934082 1500
0.33696413040161133 1500
0.33696413040161133 1500
0.33807802200317383 1500
0.3388371467590332 1500
0.3388371467590332 1500
0.34000515937805176 1500
0.34114909172058105 1500
0.3419320583343506 1500
0.3419320583343506 1500
0.34308314323425293 1500
0.3439300060272217 1500
0.34496617317199707 1500
0.34496617317199707 1500
0.3459651470184326 1500
0.3468639850616455 1500
0.3468639850616455 1500
0.3479580879211426 1500
0.3487701416015625 1500
0.35032010078430176 1500
0.35032010078430176 1500
0.35075807571411133 1500
0.3525090217590332 1500
0.3525090217590332 1500
0.3527390956878662 1500
0.3556020259857178 1500
0.3556020259857178 1500
0.3556020259857178 1500
0.35636401176452637 1500
0.3575551509857178 1500
0.3575551509857178 1500
0.3577311038970947 1500
0.3588850498199463 1500
0.3599381446838379 1500
0.3599381446838379 1500
0.3610551357269287 1500
0.3620750904083252 1500
0.36382412910461426 1500
0.36382412910461426 1500
0.36382412910461426 1500
0.36502599716186523 1500
0.36502599716186523 1500
0.36563801765441895 1500
0.36751818656921387 1500
0.36797618865966797 1500
0.36797618865966797 1500
0.36885714530944824 1500
0.37009716033935547 1500
0.37009716033935547 1500
0.37084412574768066 1500
0.37204813957214355 1500
0.37296199798583984 1500
0.37296199798583984 1500
0.37410497665405273 1500
0.3748281002044678 1500
0.3760550022125244 1500
0.37613415718078613 1500
0.3767120838165283 1500
0.37787818908691406 1500
0.37787818908691406 1500
0.37876009941101074 1500
0.37970805168151855 1500
0.38078808784484863 1500
0.38078808784484863 1500
0.38170313835144043 1500
0.38315415382385254 1500
0.38315415382385254 1500
0.3838050365447998 1500
0.38468003273010254 1500
0.3857691287994385 1500
0.3857691287994385 1500
0.38690614700317383 1500
0.3878610134124756 1500
0.38892602920532227 1500
0.38892602920532227 1500
0.38991403579711914 1500
0.3909580707550049 1500
0.3909580707550049 1500
0.3919069766998291 1500
0.3934011459350586 1500
0.394132137298584 1500
0.394132137298584 1500
0.3951289653778076 1500
0.3958930969238281 1500
0.3958930969238281 1500
0.39708614349365234 1500
0.3978309631347656 1500
0.3988001346588135 1500
0.3988001346588135 1500
0.3997201919555664 1500
0.4010810852050781 1500
0.4018251895904541 1500
0.4018251895904541 1500
0.4029850959777832 1500
0.40360212326049805 1500
0.4037461280822754 1500
0.4047200679779053 1500
0.40569114685058594 1500
0.406810998916626 1500
0.406810998916626 1500
0.4076671600341797 1500
0.40916013717651367 1500
0.40916013717651367 1500
0.41033196449279785 1500
0.41104817390441895 1500
0.4117441177368164 1500
0.4117441177368164 1500
0.4141831398010254 1500
0.4141831398010254 232
0.7109570503234863 40
1.2946171760559082 40
2.382373094558716 40
2.6347711086273193 1308
2.6347711086273193 1500
2.6347711086273193 1500
2.6370320320129395 1500
2.6370320320129395 1500
2.6399660110473633 1500
2.6399660110473633 1500
2.6411499977111816 1500
2.6411499977111816 1500
2.6411499977111816 1500
2.6411499977111816 1500
2.6431941986083984 1500
2.6431941986083984 1500
2.6439261436462402 1500
2.6439261436462402 1500
2.64508318901062 1500
2.64508318901062 1500
2.6471331119537354 1500
2.6471331119537354 1500
2.6480660438537598 1500
2.6480660438537598 1500
2.6490230560302734 1500
2.6490230560302734 1500
2.6509339809417725 1500
2.6509339809417725 1500
2.6521151065826416 1500
2.652878999710083 1500
2.6539971828460693 1500
2.6539971828460693 1500
2.655102014541626 1500
2.655102014541626 1500
2.65590500831604 1500
2.65590500831604 1500
2.658060073852539 1500
2.658060073852539 1500
2.658679962158203 1500
2.658679962158203 1500
2.6605491638183594 1500
2.6605491638183594 1500
2.662659168243408 1500
2.662659168243408 1500
2.662659168243408 1500
2.6635921001434326 1500
2.665767192840576 1500
2.665767192840576 1500
2.666959047317505 1500
2.667020082473755 1500
2.667747974395752 1500
2.667747974395752 1500
2.6688671112060547 1500
2.6704189777374268 1500
2.6708781719207764 1500
2.6708781719207764 1500
2.672960042953491 1500
2.672960042953491 1500
2.673923969268799 1500
2.673923969268799 1500
2.6747241020202637 1500
2.674889087677002 1500
2.6760640144348145 1500
2.6760640144348145 1500
2.6767361164093018 1500
2.6785671710968018 1500
2.6785671710968018 1500
2.6785671710968018 1500
2.680615186691284 1500
2.680615186691284 1500
2.681887149810791 1500
2.681887149810791 1500
2.683027982711792 1500
2.683027982711792 1500
2.6854281425476074 1500
2.6854281425476074 1500
2.6868631839752197 1500
2.6868631839752197 1500
2.6868631839752197 1500
2.68864107131958 1500
2.6896491050720215 1500
2.6896491050720215 1500
2.6896491050720215 1500
2.689826011657715 1500
2.692185163497925 1500
2.692185163497925 1500
2.6927731037139893 1500
2.6927731037139893 1500
2.693740129470825 1500
2.693740129470825 1500
2.694723129272461 1500
2.6961710453033447 1500
2.6972951889038086 1500
2.6972951889038086 1500
2.697885036468506 1500
2.697885036468506 1500
2.7000091075897217 1500
2.7000091075897217 1500
2.7000091075897217 1500
2.700805187225342 1500
2.700805187225342 1500
2.700805187225342 1500
2.7016921043395996 1500
2.7027859687805176 1500
2.703824996948242 1500
2.703824996948242 1500
2.7047879695892334 1500
2.7047879695892334 1500
2.70603609085083 1500
2.70603609085083 1500
2.706753969192505 1500
2.706753969192505 1500
2.7076780796051025 1500
2.7076780796051025 1500
2.7086570262908936 1500
2.7086570262908936 1500
2.709897041320801 1500
2.709897041320801 1500
2.7112791538238525 1500
2.7112791538238525 1500
2.711879014968872 1500
2.7137320041656494 1500
2.7137320041656494 1500
2.7137320041656494 1500
2.714967966079712 1500
2.714967966079712 1500
2.7154910564422607 1500
2.7154910564422607 1500
