1050000
0.0 1500
0.0009088516235351562 1500
0.0009088516235351562 1500
0.0019059181213378906 1500
0.0029859542846679688 1500
0.0039520263671875 1500
0.0039520263671875 1500
0.004850864410400391 1500
0.006089925765991211 1500
0.006089925765991211 1500
0.007139921188354492 1500
0.008189916610717773 1500
0.009053945541381836 1500
0.009053945541381836 1500
0.010009050369262695 1500
0.010995864868164062 1500
0.010995864868164062 1500
0.012232065200805664 1500
0.012981891632080078 1500
0.014327049255371094 1500
0.014327049255371094 1500
0.015117883682250977 1500
0.016090869903564453 1500
0.016916990280151367 1500
0.016916990280151367 1500
0.01817488670349121 1500
0.019026994705200195 1500
0.019026994705200195 1500
0.020172834396362305 1500
0.020877838134765625 1500
0.022024869918823242 1500
0.022024869918823242 1500
0.022927045822143555 1500
0.023927927017211914 1500
0.023927927017211914 1500
0.024849891662597656 1500
0.02571392059326172 1500
0.027093887329101562 1500
0.027093887329101562 1500
0.027814865112304688 1500
0.028812885284423828 1500
0.029885053634643555 1500
0.029885053634643555 1500
0.031187057495117188 1500
0.032273054122924805 1500
0.032273054122924805 1500
0.033017873764038086 1500
0.03407597541809082 1500
0.034860849380493164 1500
0.034860849380493164 1500
0.03593087196350098 1500
0.03697800636291504 1500
0.03697800636291504 1500
0.03787994384765625 1500
0.03890085220336914 1500
0.03998994827270508 1500
0.03998994827270508 1500
0.04119086265563965 1500
0.041960954666137695 1500
0.041960954666137695 1500
0.04291391372680664 1500
0.044033050537109375 1500
0.04519796371459961 1500
0.04519796371459961 1500
0.04592704772949219 1500
0.04680800437927246 1500
0.047876834869384766 1500
0.047876834869384766 1500
0.049021005630493164 1500
0.04999589920043945 1500
0.04999589920043945 1500
0.0519559383392334 1500
0.0519559383392334 1500
0.0531308650970459 1500
0.0531308650970459 1500
0.054064035415649414 1500
0.054823875427246094 1500
0.054823875427246094 1500
0.05580782890319824 1500
0.057283878326416016 1500
0.05790901184082031 1500
0.05790901184082031 1500
0.05885601043701172 1500
0.06068301200866699 1500
0.06081199645996094 1500
0.06081199645996094 1500
0.0623629093170166 1500
0.06299686431884766 1500
0.06299686431884766 1500
0.06385493278503418 1500
0.06487202644348145 1500
0.06588602066040039 1500
0.06588602066040039 1500
0.06695294380187988 1500
0.06828093528747559 1500
0.06828093528747559 1500
0.06909584999084473 1500
0.06986403465270996 1500
0.07088685035705566 1500
0.07088685035705566 1500
0.07196688652038574 1500
0.07294702529907227 1500
0.07386398315429688 1500
0.07386398315429688 1500
0.07490396499633789 1500
0.07612204551696777 1500
0.07612204551696777 1500
0.07694196701049805 1500
0.07793498039245605 1500
0.07908201217651367 1500
0.07908201217651367 1500
0.08009696006774902 1500
0.0812230110168457 1500
0.0812230110168457 1500
0.08225798606872559 1500
0.08296990394592285 1500
0.08405900001525879 1500
0.08405900001525879 1500
0.08498096466064453 1500
0.08587884902954102 1500
0.08712601661682129 1500
0.08712601661682129 1500
0.08789706230163574 1500
0.08903694152832031 1500
0.08903694152832031 1500
0.08988690376281738 1500
0.09093093872070312 1500
0.09189701080322266 1500
0.09189701080322266 1500
0.0931558609008789 1500
0.09389305114746094 1500
0.09389305114746094 1500
0.09517192840576172 1500
0.09590601921081543 1500
0.09680485725402832 1500
0.09680485725402832 1500
0.09789204597473145 1500
0.09896683692932129 1500
0.09989690780639648 1500
0.09989690780639648 1500
0.10100483894348145 1500
0.10190796852111816 1500
0.10190796852111816 1500
0.10311603546142578 1500
0.10395002365112305 1500
0.10488104820251465 1500
0.10488104820251465 1500
0.10609984397888184 1500
0.10686683654785156 1500
0.10686683654785156 1500
0.10810685157775879 1500
0.10885190963745117 1500
0.10999393463134766 1500
0.10999393463134766 1500
0.11084699630737305 1500
0.11204004287719727 1500
0.11295199394226074 1500
0.11295199394226074 1500
0.11392498016357422 1500
0.11496996879577637 1500
0.11496996879577637 1500
0.11595296859741211 1500
0.11784100532531738 1500
0.11784100532531738 1500
0.11784100532531738 1500
0.11914896965026855 1500
0.11978983879089355 1500
0.11978983879089355 1500
0.12100005149841309 1500
0.12222599983215332 1500
0.1230919361114502 1500
0.1230919361114502 1500
0.12452387809753418 1500
0.12511396408081055 1500
0.12584996223449707 1500
0.12584996223449707 1500
0.12717986106872559 1500
0.12803888320922852 1500
0.12803888320922852 1500
0.12994599342346191 1500
0.12994599342346191 1500
0.13092589378356934 1500
0.13092589378356934 1500
0.13193893432617188 1500
0.13326096534729004 1500
0.13326096534729004 1500
0.1336669921875 1500
0.13499784469604492 1500
0.1358778476715088 1500
0.1358778476715088 1500
0.1369190216064453 1500
0.13785195350646973 1500
0.13908791542053223 1500
0.13908791542053223 1500
0.14009690284729004 1500
0.14121794700622559 1500
0.14121794700622559 1500
0.14298486709594727 1500
0.14298486709594727 1500
0.14437294006347656 1500
0.14437294006347656 1500
0.1450648307800293 1500
0.14609003067016602 1500
0.14609003067016602 1500
0.14690184593200684 1500
0.14810895919799805 1500
0.14885187149047852 1500
0.14885187149047852 1500
0.14991998672485352 1500
0.1508629322052002 1500
0.15197491645812988 1500
0.15197491645812988 1500
0.15298104286193848 1500
0.15392088890075684 1500
0.15392088890075684 1500
0.1559748649597168 1500
0.1559748649597168 1500
0.15717005729675293 1500
0.15717005729675293 1500
0.15794706344604492 1500
0.15921401977539062 1500
0.15921401977539062 1500
0.1600790023803711 1500
0.1609630584716797 1500
0.1618490219116211 1500
0.1618490219116211 1500
0.16289997100830078 1500
0.16385889053344727 1500
0.16529583930969238 1500
0.16529583930969238 1500
0.16565299034118652 1500
0.16729497909545898 1500
0.16729497909545898 1500
0.16813182830810547 1500
0.1688840389251709 1500
0.16988205909729004 1500
0.16988205909729004 1500
0.17106199264526367 1500
0.17202401161193848 1500
0.17202401161193848 1500
0.1734180450439453 1500
0.1743149757385254 1500
0.17483091354370117 1500
0.17483091354370117 1500
0.17601585388183594 1500
0.17685198783874512 1500
0.17795896530151367 1500
0.17795896530151367 1500
0.17884492874145508 1500
0.18097996711730957 1500
0.18097996711730957 1500
0.18097996711730957 1500
0.1817760467529297 1500
0.18301892280578613 1500
0.18301892280578613 1500
0.18405604362487793 1500
0.1849520206451416 1500
0.1849520206451416 1500
0.1861710548400879 1500
0.1869950294494629 1500
0.1879110336303711 1500
0.1879110336303711 1500
0.18894195556640625 1500
0.189957857131958 1500
0.1909480094909668 1500
0.1909480094909668 1500
0.1920628547668457 1500
0.19386982917785645 1500
0.19386982917785645 1500
0.19386982917785645 1500
0.19495797157287598 1500
0.19586801528930664 1500
0.19586801528930664 1500
0.19698596000671387 1500
0.19790196418762207 1500
0.19790196418762207 1500
0.19898295402526855 1500
0.20005583763122559 1500
0.20090985298156738 1500
0.20090985298156738 1500
0.20183801651000977 1500
0.2030198574066162 1500
0.2030198574066162 1500
0.20391488075256348 1500
0.2049119472503662 1500
0.20585298538208008 1500
0.20585298538208008 1500
0.207258939743042 1500
0.2080390453338623 1500
0.20876097679138184 1500
0.20876097679138184 1500
0.21048998832702637 1500
0.21121883392333984 1500
0.21121883392333984 1500
0.2120518684387207 1500
0.21320700645446777 1500
0.21383905410766602 1500
0.21383905410766602 1500
0.214979887008667 1500
0.21584796905517578 1500
0.21584796905517578 1500
0.21689391136169434 1500
0.21807193756103516 1500
0.21899104118347168 1500
0.21899104118347168 1500
0.22016000747680664 1500
0.2208709716796875 1500
0.22220802307128906 1500
0.22220802307128906 1500
0.22345399856567383 1500
0.22398686408996582 1500
0.22398686408996582 1500
0.22470402717590332 1500
0.22673702239990234 1500
0.22673702239990234 1500
0.22673702239990234 1500
0.22796988487243652 1500
0.22926092147827148 1500
0.22926092147827148 1500
0.23010802268981934 1500
0.23110294342041016 1500
0.23202204704284668 1500
0.23202204704284668 1500
0.23286199569702148 1500
0.2339799404144287 1500
0.23496389389038086 1500
0.23496389389038086 1500
0.23607683181762695 1500
0.2369539737701416 1500
0.2369539737701416 1500
0.23795604705810547 1500
0.23885703086853027 1500
0.23996806144714355 1500
0.23996806144714355 1500
0.2407979965209961 1500
0.24208784103393555 1500
0.24226784706115723 1500
0.24323797225952148 1500
0.24385905265808105 1500
0.24484705924987793 1500
0.24484705924987793 1500
0.24587082862854004 1500
0.24686789512634277 1500
0.24797391891479492 1500
0.24797391891479492 1500
0.24884796142578125 1500
0.24985599517822266 1500
0.24985599517822266 1500
0.25104498863220215 1500
0.25192999839782715 1500
0.2534799575805664 1500
0.2534799575805664 1500
0.2537200450897217 1500
0.2548248767852783 1500
0.2548248767852783 1500
0.2565128803253174 1500
0.25676584243774414 1500
0.2581169605255127 1500
0.2581169605255127 1500
0.25917792320251465 1500
0.2602379322052002 1500
0.26085996627807617 1500
0.26085996627807617 1500
0.26199984550476074 1500
0.2628519535064697 1500
0.2628519535064697 1500
0.2638869285583496 1500
0.26475000381469727 1500
0.2660200595855713 1500
0.2660200595855713 1500
0.2668750286102295 1500
0.267894983291626 1500
0.267894983291626 1500
0.26897406578063965 1500
0.2698628902435303 1500
0.2707688808441162 1500
0.2707688808441162 1500
0.27205705642700195 1500
0.27277183532714844 1500
0.27394890785217285 1500
0.27394890785217285 1500
0.2748708724975586 1500
0.2758810520172119 1500
0.2758810520172119 1500
0.27686405181884766 1500
0.27788496017456055 1500
0.27884387969970703 1500
0.27884387969970703 1500
0.2800910472869873 1500
0.2809939384460449 1500
0.2809939384460449 1500
0.2821369171142578 1500
0.2830338478088379 1500
0.2838740348815918 1500
0.2838740348815918 1500
0.285006046295166 1500
0.2857489585876465 1500
0.2874128818511963 1500
0.2874128818511963 1500
0.287647008895874 1500
0.2889978885650635 1500
0.2889978885650635 1500
0.2898859977722168 1500
0.2909269332885742 1500
0.2918829917907715 1500
0.2918829917907715 1500
0.29299402236938477 1500
0.294036865234375 1500
0.294036865234375 1500
0.2948729991912842 1500
0.2959609031677246 1500
0.2969799041748047 1500
0.2969799041748047 1500
0.29843688011169434 1500
0.2992839813232422 1500
0.3000679016113281 1500
0.3000679016113281 1500
0.301149845123291 1500
0.30173587799072266 1500
0.30173587799072266 1500
0.3030059337615967 1500
0.3041698932647705 1500
0.30510497093200684 1500
0.30510497093200684 1500
0.30611705780029297 1500
0.30714988708496094 1500
0.30714988708496094 1500
0.30789804458618164 1500
0.3088839054107666 1500
0.31009697914123535 1500
0.31009697914123535 1500
0.31127190589904785 1500
0.31206393241882324 1500
0.31287288665771484 1500
0.31287288665771484 1500
0.3143279552459717 1500
0.3151090145111084 1500
0.3151090145111084 1500
0.31598401069641113 1500
0.31687402725219727 1500
0.31789588928222656 1500
0.31789588928222656 1500
0.31885600090026855 1500
0.3201479911804199 1500
0.3201479911804199 1500
0.3208739757537842 1500
0.32190394401550293 1500
0.32317399978637695 1500
0.32317399978637695 1500
0.3239288330078125 1500
0.32517290115356445 1500
0.32595205307006836 1500
0.32595205307006836 1500
0.32685089111328125 1500
0.3280680179595947 1500
0.3280680179595947 1500
0.3289299011230469 1500
0.329974889755249 1500
0.33104395866394043 1500
0.33104395866394043 1500
0.3320598602294922 1500
0.33292198181152344 1500
0.33292198181152344 1500
0.3338620662689209 1500
0.3349339962005615 1500
0.3359110355377197 1500
0.3359110355377197 1500
0.33684206008911133 1500
0.33826589584350586 1500
0.339000940322876 1500
0.339000940322876 1500
0.3400239944458008 1500
0.34084200859069824 1500
0.34084200859069824 1500
0.34188294410705566 1500
0.3429410457611084 1500
0.34386491775512695 1500
0.34386491775512695 1500
0.34506797790527344 1500
0.3458728790283203 1500
0.3458728790283203 1500
0.34676504135131836 1500
0.34787487983703613 1500
0.3489689826965332 1500
0.3489689826965332 1500
0.34993505477905273 1500
0.35097503662109375 1500
0.3518860340118408 1500
0.3518860340118408 1500
0.35300183296203613 1500
0.3538370132446289 1500
0.3538370132446289 1500
0.35486483573913574 1500
0.35594606399536133 1500
0.3569488525390625 1500
0.3569488525390625 1500
0.3580188751220703 1500
0.3588728904724121 1500
0.3588728904724121 1500
0.36028385162353516 1500
0.3610880374908447 1500
0.36191797256469727 1500
0.36191797256469727 1500
0.362807035446167 1500
0.3639099597930908 1500
0.36496901512145996 1500
0.36496901512145996 1500
0.36586999893188477 1500
0.36687493324279785 1500
0.36687493324279785 1500
0.36786985397338867 1500
0.3688678741455078 1500
0.37007594108581543 1500
0.37007594108581543 1500
0.37094902992248535 1500
0.3722548484802246 1500
0.3722548484802246 1500
0.372905969619751 1500
0.3738720417022705 1500
0.3751349449157715 1500
0.3751349449157715 1500
0.37589192390441895 1500
0.3772318363189697 1500
0.3772318363189697 1500
0.3780949115753174 1500
0.378695011138916 1500
0.3799760341644287 1500
0.3799760341644287 1500
0.3807699680328369 1500
0.3819279670715332 1500
0.3828308582305908 1500
0.382889986038208 1500
0.3839118480682373 1500
0.384937047958374 1500
0.384937047958374 1500
0.3858978748321533 1500
0.38707590103149414 1500
0.38788890838623047 1500
0.38788890838623047 1500
0.3888700008392334 1500
0.39028096199035645 1500
0.39028096199035645 1500
0.3908829689025879 1500
0.3920419216156006 1500
0.39287900924682617 1500
0.39287900924682617 1500
0.39414000511169434 1500
0.39488792419433594 1500
0.396043062210083 1500
0.396043062210083 1500
0.39673495292663574 1500
0.39797306060791016 1500
0.39797306060791016 1500
0.39891600608825684 1500
0.39987993240356445 1500
0.40084195137023926 1500
0.40084195137023926 1500
0.40187501907348633 1500
0.4030308723449707 1500
0.4030308723449707 1500
0.4042220115661621 1500
0.40500688552856445 1500
0.40598106384277344 1500
0.40598106384277344 1500
0.4071228504180908 1500
0.408189058303833 1500
0.4089319705963135 1500
0.4089319705963135 1500
0.4097769260406494 1500
0.41092586517333984 1500
0.41092586517333984 1500
0.41187191009521484 1500
0.4129199981689453 1500
0.4145050048828125 1500
0.4145050048828125 1500
0.41470885276794434 1500
0.41600489616394043 1500
0.41600489616394043 1500
0.41710400581359863 1500
0.41805505752563477 1500
0.41893601417541504 1500
0.41893601417541504 1500
0.4201629161834717 1500
0.42085790634155273 1500
0.42203283309936523 1500
0.42203283309936523 1500
0.4228708744049072 1500
0.42398595809936523 1500
0.42398595809936523 1500
0.4248499870300293 1500
0.42591190338134766 1500
0.4268178939819336 1500
0.4268178939819336 1500
0.4280998706817627 1500
0.42885684967041016 1500
0.42885684967041016 1500
0.43012285232543945 1500
0.43085598945617676 1500
0.4319009780883789 1500
0.4319009780883789 1500
0.4331648349761963 1500
0.43389105796813965 1500
0.4353320598602295 1500
0.4353320598602295 1500
0.43567991256713867 1500
0.4369330406188965 1500
0.4369330406188965 1500
0.4380509853363037 1500
0.43885183334350586 1500
0.4398770332336426 1500
0.4398770332336426 1500
0.4411029815673828 1500
0.4418818950653076 1500
0.4418818950653076 1500
0.4429478645324707 1500
0.44388890266418457 1500
0.44507598876953125 1500
0.44507598876953125 1500
0.4461219310760498 1500
0.4467639923095703 1500
0.44818782806396484 1500
0.44818782806396484 1500
0.4488668441772461 1500
0.4500868320465088 1500
0.4500868320465088 1500
0.4508509635925293 1500
0.45198798179626465 1500
0.45386505126953125 1500
0.45386505126953125 1500
0.45386505126953125 1500
0.45504188537597656 1500
0.45504188537597656 1500
0.45581793785095215 1500
0.45670604705810547 1500
0.4586489200592041 1500
0.4586489200592041 1500
0.45867085456848145 1500
0.4597148895263672 1500
0.4606759548187256 1500
0.4606759548187256 1500
0.46193790435791016 1500
0.46327900886535645 1500
0.46327900886535645 1500
0.4637129306793213 1500
0.46480584144592285 1500
0.4657249450683594 1500
0.46588993072509766 1500
0.46680784225463867 1500
0.4679088592529297 1500
0.4680819511413574 1500
0.46891283988952637 1500
0.46981287002563477 1500
0.4707329273223877 1500
0.4707329273223877 1500
0.4718139171600342 1500
0.47277092933654785 1500
0.47370195388793945 1500
0.47370195388793945 1500
0.4746978282928467 1500
0.47569799423217773 1500
0.47569799423217773 1500
0.4766960144042969 1500
0.4782400131225586 1500
0.4789149761199951 1500
0.4789149761199951 1500
0.4797229766845703 1500
0.48070693016052246 1500
0.48070693016052246 1500
0.4816868305206299 1500
0.48292994499206543 1500
0.48377203941345215 1500
0.48377203941345215 1500
0.48490285873413086 1500
0.4862198829650879 1500
0.48665595054626465 1500
0.48665595054626465 1500
0.4876749515533447 1500
0.488710880279541 1500
0.48883795738220215 1500
0.4900648593902588 1500
0.49103498458862305 1500
0.49207496643066406 1500
0.49207496643066406 1500
0.4929049015045166 1500
0.4941060543060303 1500
0.4941060543060303 1500
0.494844913482666 1500
0.49597787857055664 1500
0.49713683128356934 1500
0.49713683128356934 1500
0.49808287620544434 1500
0.4988398551940918 1500
0.49984192848205566 1500
0.49984192848205566 1500
0.5008540153503418 1500
0.5018908977508545 1500
0.5018908977508545 1500
0.5029890537261963 1500
0.5038318634033203 1500
0.5048320293426514 1500
