1050000
0.0 1500
0.0 1500
0.0008051395416259766 1500
0.0008051395416259766 1500
0.003237009048461914 1500
0.003237009048461914 1500
0.004044055938720703 1500
0.004044055938720703 1500
0.0060710906982421875 1500
0.0060710906982421875 1500
0.007369041442871094 1500
0.007369041442871094 1500
0.00888514518737793 1500
0.00888514518737793 1500
0.009983062744140625 1500
0.009983062744140625 1500
0.011219024658203125 1500
0.011219024658203125 1500
0.013111114501953125 1500
0.013111114501953125 1500
0.014912128448486328 1500
0.014912128448486328 1500
0.015148162841796875 1500
0.015148162841796875 1500
0.017239093780517578 1500
0.017239093780517578 1500
0.018311023712158203 1500
0.018311023712158203 1500
0.01979804039001465 1500
0.01979804039001465 1500
0.021006107330322266 1500
0.021006107330322266 1500
0.023216962814331055 1500
0.023216962814331055 1500
0.024099111557006836 1500
0.024099111557006836 1500
0.02489614486694336 1500
0.02489614486694336 1500
0.026055097579956055 1500
0.027152061462402344 1500
0.0278470516204834 1500
0.0278470516204834 1500
0.02916097640991211 1500
0.02916097640991211 1500
0.031111955642700195 1500
0.031111955642700195 1500
0.03229999542236328 1500
0.03229999542236328 1500
0.032888174057006836 1500
0.032888174057006836 1500
0.0353851318359375 1500
0.0353851318359375 1500
0.035694122314453125 1500
0.035694122314453125 1500
0.037606000900268555 1500
0.038253068923950195 1500
0.03919506072998047 1500
0.03919506072998047 1500
0.04004216194152832 1500
0.04004216194152832 1500
0.04200005531311035 1500
0.04200005531311035 1500
0.04200005531311035 1500
0.04223203659057617 1500
0.04301595687866211 1500
0.04301595687866211 1500
0.0437321662902832 1500
0.0437321662902832 1500
0.04474902153015137 1500
0.04559516906738281 1500
0.04559516906738281 1500
0.04667997360229492 1500
0.047781944274902344 1500
0.04913210868835449 1500
0.04913210868835449 1500
0.05004715919494629 1500
0.05106210708618164 1500
0.05106210708618164 1500
0.05185699462890625 1500
0.052828073501586914 1500
0.05389118194580078 1500
0.05389118194580078 1500
0.055030107498168945 1500
0.05605316162109375 1500
0.056900978088378906 1500
0.056900978088378906 1500
0.057929039001464844 1500
0.05874800682067871 1500
0.05874800682067871 1500
0.05976510047912598 1500
0.06100296974182129 1500
0.062023162841796875 1500
0.062023162841796875 1500
0.06313204765319824 1500
0.06396698951721191 1500
0.06396698951721191 1500
0.06504106521606445 1500
0.06593704223632812 1500
0.06681108474731445 1500
0.06681108474731445 1500
0.06772994995117188 1500
0.06895899772644043 1500
0.07009005546569824 1500
0.07009005546569824 1500
0.07095813751220703 1500
0.07199907302856445 1500
0.07199907302856445 1500
0.0727071762084961 1500
0.07461404800415039 1500
0.07475996017456055 1500
0.07475996017456055 1500
0.07565712928771973 1500
0.07666897773742676 1500
0.07666897773742676 1500
0.07776308059692383 1500
0.07911515235900879 1500
0.07982802391052246 1500
0.07982802391052246 1500
0.08110809326171875 1500
0.08192205429077148 1500
0.08298206329345703 1500
0.08298206329345703 1500
0.08399415016174316 1500
0.08484101295471191 1500
0.08484101295471191 1500
0.0870521068572998 1500
0.0870521068572998 1500
0.08800101280212402 1500
0.08800101280212402 1500
0.08876800537109375 1500
0.08984708786010742 1500
0.08984708786010742 1500
0.09063506126403809 1500
0.09175300598144531 1500
0.0928490161895752 1500
0.0928490161895752 1500
0.09400296211242676 1500
0.09465813636779785 1500
0.09590411186218262 1500
0.09590411186218262 1500
0.09656810760498047 1500
0.09820008277893066 1500
0.09820008277893066 1500
0.09853005409240723 1500
0.09984111785888672 1500
0.1008751392364502 1500
0.10088801383972168 1500
0.10181498527526855 1500
0.1025550365447998 1500
0.1025550365447998 1500
0.10367918014526367 1500
0.10492897033691406 1500
0.10614609718322754 1500
0.10614609718322754 1500
0.10664916038513184 1500
0.1090250015258789 1500
0.10904598236083984 1500
0.10904598236083984 1500
0.11053800582885742 1500
0.11069202423095703 1500
0.11081504821777344 1500
0.11193108558654785 1500
0.11359715461730957 1500
0.11359715461730957 1500
0.11359715461730957 1500
0.11508917808532715 1500
0.11588215827941895 1500
0.11588215827941895 1500
0.11681294441223145 1500
0.11801505088806152 1500
0.11886715888977051 1500
0.11886715888977051 1500
0.11998605728149414 1500
0.12088704109191895 1500
0.12088704109191895 1500
0.12192416191101074 1500
0.12284398078918457 1500
0.12411618232727051 1500
0.12411618232727051 1500
0.12492513656616211 1500
0.1262500286102295 1500
0.12700295448303223 1500
0.12700295448303223 1500
0.12781310081481934 1500
0.12876296043395996 1500
0.12876296043395996 1500
0.1311500072479248 1500
0.1311500072479248 1500
0.132249116897583 1500
0.132249116897583 1500
0.1328599452972412 1500
0.13375401496887207 1500
0.13375401496887207 1500
0.13498616218566895 1500
0.13574504852294922 1500
0.13691401481628418 1500
0.13691401481628418 1500
0.1380481719970703 1500
0.13901996612548828 1500
0.13994407653808594 1500
0.13994407653808594 1500
0.14112401008605957 1500
0.1419529914855957 1500
0.1419529914855957 1500
0.14296698570251465 1500
0.14393997192382812 1500
0.1451420783996582 1500
0.1451420783996582 1500
0.14590907096862793 1500
0.14698314666748047 1500
0.14698314666748047 1500
0.14768195152282715 1500
0.14867615699768066 1500
0.14956903457641602 1500
0.14956903457641602 1500
0.15102410316467285 1500
0.15267610549926758 1500
0.15267610549926758 1500
0.15267610549926758 1500
0.15389800071716309 1500
0.1546471118927002 1500
0.1546471118927002 1500
0.1558091640472412 1500
0.15670108795166016 1500
0.15776610374450684 1500
0.15776610374450684 1500
0.15873217582702637 1500
0.1599111557006836 1500
0.1599111557006836 1500
0.16059613227844238 1500
0.16210007667541504 1500
0.16260504722595215 1500
0.1636040210723877 1500
0.1636040210723877 1500
0.1649179458618164 1500
0.16583800315856934 1500
0.16583800315856934 1500
0.16686105728149414 1500
0.16753506660461426 1500
0.16753506660461426 1500
0.16905903816223145 1500
0.16973304748535156 1500
0.1711289882659912 1500
0.1711289882659912 1500
0.17179417610168457 1500
0.1742551326751709 1500
0.1742551326751709 1500
0.1742551326751709 1500
0.17463016510009766 1500
0.17581701278686523 1500
0.17581701278686523 1500
0.17674994468688965 1500
0.17803001403808594 1500
0.1789109706878662 1500
0.1789109706878662 1500
0.1797950267791748 1500
0.18084216117858887 1500
0.18084216117858887 1500
0.18160414695739746 1500
0.18292999267578125 1500
0.1839749813079834 1500
0.1839749813079834 1500
0.18478608131408691 1500
0.18606114387512207 1500
0.18606114387512207 1500
0.1868610382080078 1500
0.18792295455932617 1500
0.18882298469543457 1500
0.18882298469543457 1500
0.1900629997253418 1500
0.19071602821350098 1500
0.19223499298095703 1500
0.19223499298095703 1500
0.1928269863128662 1500
0.19417500495910645 1500
0.19417500495910645 1500
0.1949901580810547 1500
0.1958150863647461 1500
0.1969590187072754 1500
0.1969590187072754 1500
0.19804096221923828 1500
0.19884514808654785 1500
0.19896316528320312 1500
0.19986295700073242 1500
0.2006549835205078 1500
0.20218396186828613 1500
0.20218396186828613 1500
0.20284605026245117 1500
0.20501208305358887 1500
0.20501208305358887 1500
0.20501208305358887 1500
0.2058579921722412 1500
0.20677995681762695 1500
0.20677995681762695 1500
0.20793914794921875 1500
0.20878005027770996 1500
0.20961713790893555 1500
0.20961713790893555 1500
0.21081113815307617 1500
0.2125411033630371 1500
0.2125411033630371 1500
0.2129981517791748 1500
0.2139291763305664 1500
0.21522903442382812 1500
0.21522903442382812 1500
0.21558904647827148 1500
0.21699810028076172 1500
0.21796798706054688 1500
0.21799206733703613 1500
0.21898102760314941 1500
0.2198801040649414 1500
0.2198801040649414 1500
0.22103595733642578 1500
0.22206711769104004 1500
0.22314810752868652 1500
0.22314810752868652 1500
0.22391200065612793 1500
0.22469615936279297 1500
0.22469615936279297 1500
0.22597098350524902 1500
0.22662806510925293 1500
0.22777414321899414 1500
0.22777414321899414 1500
0.22872614860534668 1500
0.23006916046142578 1500
0.23082208633422852 1500
0.23082208633422852 1500
0.23184514045715332 1500
0.2327420711517334 1500
0.2327420711517334 1500
0.2340250015258789 1500
0.23496007919311523 1500
0.23582696914672852 1500
0.23582696914672852 1500
0.23684096336364746 1500
0.23816895484924316 1500
0.23816895484924316 1500
0.23888516426086426 1500
0.23995709419250488 1500
0.24086999893188477 1500
0.24086999893188477 1500
0.2419719696044922 1500
0.2429649829864502 1500
0.24406909942626953 1500
0.24406909942626953 1500
0.24498796463012695 1500
0.2458350658416748 1500
0.2458350658416748 1500
0.2477431297302246 1500
0.2477431297302246 1500
0.24909114837646484 1500
0.24909114837646484 1500
0.25015997886657715 1500
0.2512211799621582 1500
0.2512211799621582 1500
0.25197911262512207 1500
0.25278615951538086 1500
0.25396013259887695 1500
0.25396013259887695 1500
0.25498294830322266 1500
0.2559471130371094 1500
0.25699400901794434 1500
0.25699400901794434 1500
0.2579360008239746 1500
0.2589111328125 1500
0.2589111328125 1500
0.2600240707397461 1500
0.2608461380004883 1500
0.2619800567626953 1500
0.2619800567626953 1500
0.2630491256713867 1500
0.26389098167419434 1500
0.26389098167419434 1500
0.2646019458770752 1500
0.266010046005249 1500
0.2669250965118408 1500
0.2669250965118408 1500
0.26876115798950195 1500
0.26876115798950195 1500
0.27040910720825195 1500
0.27040910720825195 1500
0.2708120346069336 1500
0.2721531391143799 1500
0.2721531391143799 1500
0.2732090950012207 1500
0.2738971710205078 1500
0.2747969627380371 1500
0.2747969627380371 1500
0.27588796615600586 1500
0.2768111228942871 1500
0.2768111228942871 1500
0.27806997299194336 1500
0.27902913093566895 1500
0.2797551155090332 1500
0.2797551155090332 1500
0.2808420658111572 1500
0.28166699409484863 1500
0.28166699409484863 1500
0.2827479839324951 1500
0.283627986907959 1500
0.28467607498168945 1500
0.28467607498168945 1500
0.28576207160949707 1500
0.28693413734436035 1500
0.28766703605651855 1500
0.28766703605651855 1500
0.28882908821105957 1500
0.29035496711730957 1500
0.29035496711730957 1500
0.29142212867736816 1500
0.29166102409362793 1500
0.2929689884185791 1500
0.2929689884185791 1500
0.29370713233947754 1500
0.295133113861084 1500
0.295133113861084 1500
0.2960801124572754 1500
0.2970399856567383 1500
0.29781413078308105 1500
0.29781413078308105 1500
0.2988460063934326 1500
0.2995879650115967 1500
0.3015129566192627 1500
0.3015129566192627 1500
0.30194807052612305 1500
0.30271410942077637 1500
0.30271410942077637 1500
0.3040790557861328 1500
0.3048741817474365 1500
0.3060481548309326 1500
0.3060481548309326 1500
0.3069610595703125 1500
0.3081381320953369 1500
0.3081381320953369 1500
0.3089730739593506 1500
0.31006598472595215 1500
0.31177616119384766 1500
0.31177616119384766 1500
0.31177616119384766 1500
0.313323974609375 1500
0.31366395950317383 1500
0.31366395950317383 1500
0.31511998176574707 1500
0.3158581256866455 1500
0.3158581256866455 1500
0.31702494621276855 1500
0.31769800186157227 1500
0.3195669651031494 1500
0.3195669651031494 1500
0.31962013244628906 1500
0.32082605361938477 1500
0.32082605361938477 1500
0.3216831684112549 1500
0.3230249881744385 1500
0.3238651752471924 1500
0.3238651752471924 1500
0.32489013671875 1500
0.32555198669433594 1500
0.3269670009613037 1500
0.3269670009613037 1500
0.3277111053466797 1500
0.32892799377441406 1500
0.32892799377441406 1500
0.3298070430755615 1500
0.33081603050231934 1500
0.33187007904052734 1500
0.33187007904052734 1500
0.33409905433654785 1500
0.33409905433654785 1500
0.33409905433654785 1500
0.33501505851745605 1500
0.33629608154296875 1500
0.33698105812072754 1500
0.33698105812072754 1500
0.3378760814666748 1500
0.339130163192749 1500
0.3399629592895508 1500
0.3399629592895508 1500
0.3409090042114258 1500
0.3416590690612793 1500
0.3416590690612793 1500
0.3434419631958008 1500
0.3440120220184326 1500
0.3465919494628906 1500
0.3465919494628906 1500
0.3465919494628906 1500
0.34693217277526855 1500
0.34693217277526855 1500
0.34810709953308105 1500
0.3490259647369385 1500
0.34986114501953125 1500
0.34986114501953125 1500
0.3508870601654053 1500
0.35166096687316895 1500
0.3528921604156494 1500
0.3528921604156494 1500
0.3538241386413574 1500
0.3549470901489258 1500
0.3549470901489258 1500
0.3559091091156006 1500
0.3578181266784668 1500
0.3578181266784668 1500
0.3578181266784668 1500
0.3588831424713135 1500
0.3598661422729492 1500
0.3598661422729492 1500
0.3609659671783447 1500
0.36206603050231934 1500
0.3629300594329834 1500
0.3629300594329834 1500
0.36382102966308594 1500
0.36506104469299316 1500
0.36589813232421875 1500
0.36589813232421875 1500
0.36692309379577637 1500
0.36791515350341797 1500
0.36791515350341797 1500
0.3700859546661377 1500
0.3700859546661377 1500
0.37076711654663086 1500
0.37076711654663086 1500
0.37193799018859863 1500
0.37308812141418457 1500
0.37308812141418457 1500
0.3737189769744873 1500
0.37520694732666016 1500
0.37589216232299805 1500
0.37589216232299805 1500
0.3769490718841553 1500
0.3778209686279297 1500
0.3789491653442383 1500
0.3789491653442383 1500
0.37987399101257324 1500
0.38103795051574707 1500
0.38103795051574707 1500
0.38207006454467773 1500
0.3827850818634033 1500
0.3846580982208252 1500
0.3846580982208252 1500
0.38472414016723633 1500
0.38607001304626465 1500
0.38607001304626465 1500
0.38675808906555176 1500
0.38802194595336914 1500
0.3897571563720703 1500
0.3897571563720703 1500
0.3899800777435303 1500
0.39077305793762207 1500
0.3927791118621826 1500
0.3927791118621826 1500
0.3927791118621826 1500
0.3939039707183838 1500
0.3939039707183838 1500
0.39479804039001465 1500
0.3961780071258545 1500
0.39725208282470703 1500
0.39725208282470703 1500
0.3976321220397949 1500
0.39890003204345703 1500
0.39890003204345703 1500
0.3998250961303711 1500
0.4008650779724121 1500
0.40207600593566895 1500
0.40207600593566895 1500
0.4029231071472168 1500
0.4037439823150635 1500
0.40482401847839355 1500
0.40482401847839355 1500
0.4057040214538574 1500
0.4066481590270996 1500
0.4066481590270996 1500
0.4077761173248291 1500
0.40915513038635254 1500
0.4098551273345947 1500
0.4098551273345947 1500
0.41074109077453613 1500
0.41185903549194336 1500
0.41185903549194336 1500
0.41280102729797363 1500
0.4136781692504883 1500
0.41585516929626465 1500
0.41585516929626465 1500
0.41585516929626465 1500
0.416978120803833 1500
0.4179251194000244 1500
0.4179251194000244 1500
0.41907811164855957 1500
0.41994404792785645 1500
0.41994404792785645 1500
0.42096710205078125 1500
0.42186808586120605 1500
0.4232499599456787 1500
0.4232499599456787 1500
0.4238300323486328 1500
0.42543816566467285 1500
0.42543816566467285 1500
0.4256479740142822 1500
0.42691707611083984 1500
0.42783212661743164 1500
0.42783212661743164 1500
0.42896509170532227 1500
0.4298100471496582 1500
0.43094611167907715 1500
0.43094611167907715 1500
0.43184900283813477 1500
0.4328901767730713 1500
0.4328901767730713 1500
0.4338409900665283 1500
0.43480515480041504 1500
0.43571901321411133 1500
0.43571901321411133 1500
0.43723297119140625 1500
0.4379000663757324 1500
0.4379000663757324 1500
0.43903517723083496 1500
0.4400460720062256 1500
0.44077205657958984 1500
0.44077205657958984 1500
0.4417741298675537 1500
0.442795991897583 1500
0.44399404525756836 1500
0.44399404525756836 1500
0.4448680877685547 1500
0.44588613510131836 1500
0.44588613510131836 1500
0.44729018211364746 1500
0.4480149745941162 1500
0.4490091800689697 1500
0.4490091800689697 1500
0.4499080181121826 1500
0.45112109184265137 1500
0.45112109184265137 1500
0.45176196098327637 1500
0.4525771141052246 1500
0.45392608642578125 1500
0.45392608642578125 1500
0.45476603507995605 1500
0.4561331272125244 1500
0.4561331272125244 1500
0.458172082901001 1500
0.458172082901001 1500
0.4588949680328369 1500
0.4588949680328369 1500
0.45996713638305664 1500
0.46111297607421875 1500
0.4621291160583496 1500
0.4621291160583496 1500
0.463015079498291 1500
0.4642300605773926 1500
0.4642300605773926 1500
0.46509814262390137 1500
0.4658231735229492 1500
0.4670240879058838 1500
0.4670240879058838 1500
0.46810197830200195 1500
0.46911001205444336 1500
0.46911001205444336 1500
0.4701521396636963 1500
0.4707319736480713 1500
0.4719071388244629 1500
0.4719071388244629 1500
0.4730961322784424 1500
0.4741170406341553 1500
0.4748690128326416 1500
0.4748690128326416 1500
0.4759531021118164 1500
0.47690701484680176 1500
0.47690701484680176 1500
0.4780881404876709 1500
0.47896409034729004 1500
0.48008012771606445 1500
0.48008012771606445 1500
0.48093414306640625 1500
0.4817991256713867 1500
0.4817991256713867 1500
0.48300600051879883 1500
0.4838740825653076 1500
0.48476195335388184 1500
0.48476195335388184 1500
0.48580002784729004 1500
0.4868459701538086 1500
0.48770999908447266 1500
0.48770999908447266 1500
0.4890480041503906 1500
0.4895939826965332 1500
0.4895939826965332 1500
0.49094295501708984 1500
0.4916219711303711 1500
0.4929020404815674 1500
0.4929020404815674 1500
0.49376606941223145 1500
0.49489307403564453 1500
0.49489307403564453 1500
0.49569106101989746 1500
0.49718213081359863 1500
0.4977741241455078 1500
0.4977741241455078 1500
0.49884796142578125 1500
0.49993896484375 1500
0.5009911060333252 1500
