1050000
0.0 1500
0.0011107921600341797 1500
0.0024988651275634766 1500
0.003323793411254883 1500
0.003323793411254883 1500
0.004372835159301758 1500
0.005277872085571289 1500
0.005277872085571289 1500
0.006369829177856445 1500
0.007318973541259766 1500
0.008178949356079102 1500
0.008178949356079102 1500
0.00919795036315918 1500
0.010202884674072266 1500
0.01121377944946289 1500
0.01121377944946289 1500
0.012210845947265625 1500
0.01302194595336914 1500
0.01302194595336914 1500
0.014890909194946289 1500
0.01563096046447754 1500
0.01639699935913086 1500
0.01639699935913086 1500
0.017244815826416016 1500
0.018281936645507812 1500
0.018281936645507812 1500
0.0192568302154541 1500
0.02023601531982422 1500
0.02110600471496582 1500
0.02110600471496582 1500
0.022252798080444336 1500
0.02329087257385254 1500
0.02443981170654297 1500
0.02443981170654297 1500
0.025168895721435547 1500
0.026260852813720703 1500
0.026260852813720703 1500
0.02708292007446289 1500
0.027954816818237305 1500
0.02936387062072754 1500
0.02936387062072754 1500
0.030345916748046875 1500
0.03143596649169922 1500
0.03143596649169922 1500
0.032135963439941406 1500
0.033087968826293945 1500
0.034024953842163086 1500
0.034024953842163086 1500
0.03511190414428711 1500
0.036340951919555664 1500
0.03762388229370117 1500
0.03762388229370117 1500
0.03808283805847168 1500
0.039311885833740234 1500
0.039311885833740234 1500
0.04014396667480469 1500
0.041188955307006836 1500
0.04227900505065918 1500
0.04227900505065918 1500
0.04318380355834961 1500
0.044374942779541016 1500
0.044374942779541016 1500
0.04513883590698242 1500
0.0463869571685791 1500
0.04732799530029297 1500
0.04732799530029297 1500
0.04800581932067871 1500
0.05020499229431152 1500
0.05020499229431152 1500
0.05020499229431152 1500
0.05119585990905762 1500
0.05203890800476074 1500
0.05203890800476074 1500
0.052986860275268555 1500
0.05404996871948242 1500
0.05517578125 1500
0.05517578125 1500
0.05654191970825195 1500
0.057251930236816406 1500
0.057251930236816406 1500
0.05837583541870117 1500
0.05916190147399902 1500
0.06013298034667969 1500
0.06013298034667969 1500
0.06120181083679199 1500
0.06325483322143555 1500
0.06325483322143555 1500
0.06325483322143555 1500
0.06444692611694336 1500
0.06534290313720703 1500
0.06634879112243652 1500
0.06726884841918945 1500
0.06847882270812988 1500
0.06847882270812988 1500
0.06946778297424316 1500
0.07048678398132324 1500
0.07048678398132324 1500
0.07113790512084961 1500
0.07243084907531738 1500
0.07329583168029785 1500
0.07329583168029785 1500
0.07424092292785645 1500
0.07516193389892578 1500
0.07829499244689941 1500
0.07829499244689941 1500
0.07829499244689941 1500
0.07829499244689941 1500
0.07829499244689941 1500
0.07938480377197266 1500
0.0800938606262207 1500
0.08141183853149414 1500
0.08141183853149414 1500
0.08227300643920898 1500
0.08331894874572754 1500
0.08331894874572754 1500
0.0842278003692627 1500
0.08611893653869629 1500
0.08725190162658691 1500
0.08924078941345215 1500
0.09132194519042969 1500
0.09132194519042969 1500
0.09399890899658203 1500
0.09437894821166992 1500
0.0962519645690918 1500
0.09828686714172363 1500
0.09978389739990234 1500
0.10032391548156738 1500
0.10202693939208984 1500
0.10307192802429199 1500
0.10547399520874023 1500
0.10741186141967773 1500
0.10801100730895996 1500
0.11072683334350586 1500
0.11072683334350586 1500
0.1121058464050293 1500
0.11353683471679688 1500
0.11531496047973633 1500
0.11713290214538574 1500
0.11855578422546387 1500
0.11908698081970215 1500
0.12076592445373535 1500
0.12289190292358398 1500
0.12350583076477051 1500
0.12526297569274902 1500
0.12772393226623535 1500
0.12829995155334473 1500
0.13002896308898926 1500
0.13106679916381836 1500
0.13222289085388184 1500
0.1339738368988037 1500
0.1361689567565918 1500
0.1361689567565918 1500
0.13841700553894043 1500
0.13922882080078125 1500
0.1412949562072754 1500
0.1431879997253418 1500
0.14393281936645508 1500
0.14616894721984863 1500
0.14616894721984863 1500
0.1479959487915039 1500
0.14913678169250488 1500
0.15126395225524902 1500
0.15310001373291016 1500
0.15453481674194336 1500
0.155195951461792 1500
0.16300392150878906 1500
0.16427397727966309 1500
0.16497278213500977 1500
0.16714000701904297 1500
0.16796183586120605 1500
0.1700439453125 1500
0.17247295379638672 1500
0.1731719970703125 1500
0.17403483390808105 1500
0.17539191246032715 1500
0.1770939826965332 1500
0.17902398109436035 1500
0.18029284477233887 1500
0.182236909866333 1500
0.18328189849853516 1500
0.18443894386291504 1500
0.1853318214416504 1500
0.1870269775390625 1500
0.18897080421447754 1500
0.1903228759765625 1500
0.1909468173980713 1500
0.19296789169311523 1500
0.19451594352722168 1500
0.1963508129119873 1500
0.1984419822692871 1500
0.19921398162841797 1500
0.2001028060913086 1500
0.20136499404907227 1500
0.20232796669006348 1500
0.20322585105895996 1500
0.20322585105895996 1500
0.20414280891418457 1500
0.20542192459106445 1500
0.20638489723205566 1500
0.20638489723205566 1500
0.20719599723815918 1500
0.20838689804077148 1500
0.2092750072479248 1500
0.2092750072479248 1500
0.2099618911743164 1500
0.21136784553527832 1500
0.21136784553527832 1500
0.21214795112609863 1500
0.21330690383911133 1500
0.21494293212890625 1500
0.21494293212890625 1500
0.21499085426330566 1500
0.21616101264953613 1500
0.21616101264953613 1500
0.2173168659210205 1500
0.21806693077087402 1500
0.21920990943908691 1500
0.21920990943908691 1500
0.22066092491149902 1500
0.22106599807739258 1500
0.22211790084838867 1500
0.22211790084838867 1500
0.22310495376586914 1500
0.22411179542541504 1500
0.22411179542541504 1500
0.2250368595123291 1500
0.2260580062866211 1500
0.2271738052368164 1500
0.2271738052368164 1500
0.2282249927520752 1500
0.22922492027282715 1500
0.22922492027282715 1500
0.2301177978515625 1500
0.2313218116760254 1500
0.23218393325805664 1500
0.23218393325805664 1500
0.23303985595703125 1500
0.23431181907653809 1500
0.23496079444885254 1500
0.23496079444885254 1500
0.2361128330230713 1500
0.2371208667755127 1500
0.2371208667755127 1500
0.23810791969299316 1500
0.23900794982910156 1500
0.2401719093322754 1500
0.2401719093322754 1500
0.24096179008483887 1500
0.24202394485473633 1500
0.24202394485473633 1500
0.2430558204650879 1500
0.24412178993225098 1500
0.24528193473815918 1500
0.24528193473815918 1500
0.24597978591918945 1500
0.24737882614135742 1500
0.24925494194030762 1500
0.25131893157958984 1500
0.2536029815673828 1500
0.25470495223999023 1500
0.25530099868774414 1500
0.25624990463256836 1500
0.25814294815063477 1500
0.25907278060913086 1500
0.2611877918243408 1500
0.2629518508911133 1500
0.26416897773742676 1500
0.26499485969543457 1500
0.26730990409851074 1500
0.26843690872192383 1500
0.2703378200531006 1500
0.27116894721984863 1500
0.27374887466430664 1500
0.27374887466430664 1500
0.2752199172973633 1500
0.2763979434967041 1500
0.2794158458709717 1500
0.28026700019836426 1500
0.2814359664916992 1500
0.28346991539001465 1500
0.2841949462890625 1500
0.28531789779663086 1500
0.2878389358520508 1500
0.28934288024902344 1500
0.2902510166168213 1500
0.2902510166168213 1500
0.2918879985809326 1500
0.29230594635009766 1500
0.29315781593322754 1500
0.29315781593322754 1500
0.29407501220703125 1500
0.2949957847595215 1500
0.2949957847595215 1500
0.29695796966552734 1500
0.29700779914855957 1500
0.29821300506591797 1500
0.29821300506591797 1500
0.2991158962249756 1500
0.30017685890197754 1500
0.30132198333740234 1500
0.30132198333740234 1500
0.3020308017730713 1500
0.30308985710144043 1500
0.3097097873687744 1500
0.3102998733520508 1500
0.31120800971984863 1500
0.31120800971984863 1500
0.31231188774108887 1500
0.3131988048553467 1500
0.3140678405761719 1500
0.3140678405761719 1500
0.3154327869415283 1500
0.31615185737609863 1500
0.31615185737609863 1500
0.3173229694366455 1500
0.31815290451049805 1500
0.31901979446411133 1500
0.31901979446411133 1500
0.32033681869506836 1500
0.32149291038513184 1500
0.32239699363708496 1500
0.32239699363708496 1500
0.32326483726501465 1500
0.32422590255737305 1500
0.3251760005950928 1500
0.3251760005950928 1500
0.32625699043273926 1500
0.3272409439086914 1500
0.3272409439086914 1500
0.32813000679016113 1500
0.3293139934539795 1500
0.33016085624694824 1500
0.33016085624694824 1500
0.3313939571380615 1500
0.3322739601135254 1500
0.3322739601135254 1500
0.3332798480987549 1500
0.33391380310058594 1500
0.3354299068450928 1500
0.3354299068450928 1500
0.3362579345703125 1500
0.33716487884521484 1500
0.33821582794189453 1500
0.33821582794189453 1500
0.3405478000640869 1500
0.3405478000640869 1500
0.3405478000640869 1500
0.3417978286743164 1500
0.34447693824768066 1500
0.34447693824768066 1500
0.34447693824768066 1500
0.34447693824768066 1500
0.3464388847351074 1500
0.3464388847351074 1500
0.3464388847351074 1500
0.34727978706359863 1500
0.3484468460083008 1500
0.3484468460083008 1500
0.3493518829345703 1500
0.35008883476257324 1500
0.35021281242370605 1500
0.3513638973236084 1500
0.3522648811340332 1500
0.353165864944458 1500
0.353165864944458 1500
0.3551208972930908 1500
0.3551208972930908 1500
0.3563868999481201 1500
0.3563868999481201 1500
0.3572969436645508 1500
0.35828495025634766 1500
0.35828495025634766 1500
0.3591029644012451 1500
0.3606679439544678 1500
0.36107397079467773 1500
0.36107397079467773 1500
0.3621799945831299 1500
0.36309289932250977 1500
0.3642609119415283 1500
0.3642609119415283 1500
0.36499595642089844 1500
0.36597180366516113 1500
0.36597180366516113 1500
0.3672208786010742 1500
0.36801791191101074 1500
0.36905884742736816 1500
0.36905884742736816 1500
0.3702549934387207 1500
0.3710899353027344 1500
0.3710899353027344 1500
0.3722038269042969 1500
0.3730778694152832 1500
0.37423181533813477 1500
0.37423181533813477 1500
0.37717580795288086 1500
0.37717580795288086 1500
0.37717580795288086 1500
0.37717580795288086 1500
0.37836480140686035 1500
0.3793518543243408 1500
0.3793518543243408 1500
0.38022398948669434 1500
0.3811638355255127 1500
0.38207578659057617 1500
0.38207578659057617 1500
0.38329195976257324 1500
0.38425397872924805 1500
0.38425397872924805 1500
0.38541483879089355 1500
0.38613390922546387 1500
0.3872649669647217 1500
0.3872649669647217 1500
0.38802480697631836 1500
0.38936400413513184 1500
0.3901379108428955 1500
0.3901379108428955 1500
0.39102983474731445 1500
0.39229679107666016 1500
0.39229679107666016 1500
0.39345788955688477 1500
0.39524388313293457 1500
0.39719080924987793 1500
0.3982570171356201 1500
0.3991739749908447 1500
0.40031981468200684 1500
0.40293097496032715 1500
0.40418481826782227 1500
0.40525197982788086 1500
0.40796399116516113 1500
0.4082329273223877 1500
0.4082329273223877 1500
0.4094228744506836 1500
0.41019487380981445 1500
0.41019487380981445 1500
0.41133689880371094 1500
0.41544198989868164 1500
0.41544198989868164 1500
0.41544198989868164 1500
0.41544198989868164 1500
0.4160609245300293 1500
0.4160609245300293 1500
0.4160609245300293 1500
0.4188838005065918 1500
0.4188838005065918 1500
0.4188838005065918 1500
0.41908788681030273 1500
0.4209129810333252 1500
0.4211897850036621 1500
0.4211897850036621 1500
0.4222218990325928 1500
0.4235038757324219 1500
0.4235038757324219 1500
0.4247119426727295 1500
0.42517685890197754 1500
0.4261608123779297 1500
0.4261608123779297 1500
0.42734289169311523 1500
0.42806386947631836 1500
0.4291248321533203 1500
0.42926692962646484 1500
0.43031883239746094 1500
0.43126988410949707 1500
0.43126988410949707 1500
0.43263888359069824 1500
0.4330627918243408 1500
0.43450498580932617 1500
0.43450498580932617 1500
0.4400358200073242 1500
0.44068384170532227 1500
0.44312095642089844 1500
0.4444589614868164 1500
0.4444589614868164 1500
0.4452238082885742 1500
0.44744300842285156 1500
0.44744300842285156 1500
0.44744300842285156 1500
0.44841480255126953 1500
0.44922685623168945 1500
0.44922685623168945 1500
0.45014381408691406 1500
0.45123887062072754 1500
0.4522709846496582 1500
0.4522709846496582 1500
0.4533708095550537 1500
0.45435094833374023 1500
0.45435094833374023 1500
0.45531678199768066 1500
0.45619893074035645 1500
0.457319974899292 1500
0.457319974899292 1500
0.4583878517150879 1500
0.45915794372558594 1500
0.460191011428833 1500
0.460191011428833 1500
0.46112990379333496 1500
0.46318697929382324 1500
0.46318697929382324 1500
0.46318697929382324 1500
0.4644479751586914 1500
0.46537280082702637 1500
0.46537280082702637 1500
0.466519832611084 1500
0.4673159122467041 1500
0.4673159122467041 1500
0.46837282180786133 1500
0.4692528247833252 1500
0.4700899124145508 1500
0.4700899124145508 1500
0.4712228775024414 1500
0.4720458984375 1500
0.4733388423919678 1500
0.4733388423919678 1500
0.47429490089416504 1500
0.4750978946685791 1500
0.4750978946685791 1500
0.477186918258667 1500
0.477186918258667 1500
0.4781529903411865 1500
0.4781529903411865 1500
0.47902393341064453 1500
0.4802098274230957 1500
0.4802098274230957 1500
0.48120594024658203 1500
0.4822049140930176 1500
0.483227014541626 1500
0.483227014541626 1500
0.48412489891052246 1500
0.48543500900268555 1500
0.4864668846130371 1500
0.4864668846130371 1500
0.48702192306518555 1500
0.48833179473876953 1500
0.48833179473876953 1500
0.48908281326293945 1500
0.490231990814209 1500
0.4911057949066162 1500
0.4911057949066162 1500
0.4922318458557129 1500
0.49313998222351074 1500
0.49313998222351074 1500
0.4941079616546631 1500
0.49504899978637695 1500
0.49638891220092773 1500
0.49638891220092773 1500
0.49706101417541504 1500
0.4980759620666504 1500
0.4998009204864502 1500
0.4998009204864502 1500
0.5000858306884766 1500
0.5012598037719727 1500
0.5012598037719727 1500
0.502194881439209 1500
0.5032949447631836 1500
0.5042459964752197 1500
0.5042459964752197 1500
0.5052227973937988 1500
0.5061609745025635 1500
0.5061609745025635 1500
0.5073349475860596 1500
0.5083358287811279 1500
0.5092809200286865 1500
0.5092809200286865 1500
0.5103659629821777 1500
0.5112588405609131 1500
0.5123069286346436 1500
0.5123069286346436 1500
0.513361930847168 1500
0.5140948295593262 1500
0.5140948295593262 1500
0.5152139663696289 1500
0.5162129402160645 1500
0.5171887874603271 1500
0.5171887874603271 1500
0.5183708667755127 1500
0.5192430019378662 1500
0.5192430019378662 1500
0.5217068195343018 1500
0.5217068195343018 1500
0.5224368572235107 1500
0.5224368572235107 1500
0.5231838226318359 1500
0.5243349075317383 1500
0.5251448154449463 1500
0.5251448154449463 1500
0.5262889862060547 1500
0.5271198749542236 1500
0.5271198749542236 1500
0.5281229019165039 1500
0.5297529697418213 1500
0.5310769081115723 1500
0.5310769081115723 1500
0.5313088893890381 1500
0.5322339534759521 1500
0.5331778526306152 1500
0.5344829559326172 1500
0.5344829559326172 1500
0.5352888107299805 1500
0.536322832107544 1500
0.536322832107544 1500
0.5373249053955078 1500
0.538287878036499 1500
0.5391948223114014 1500
0.5391948223114014 1500
0.5402209758758545 1500
0.541111946105957 1500
0.541111946105957 1500
0.5422048568725586 1500
0.5432000160217285 1500
0.5443098545074463 1500
0.5443098545074463 1500
0.5451278686523438 1500
0.5464038848876953 1500
0.5473668575286865 1500
0.5473668575286865 1500
0.549569845199585 1500
0.549569845199585 1500
0.549569845199585 1500
0.5499927997589111 1500
0.5511798858642578 1500
0.5522558689117432 1500
0.5522558689117432 1500
0.5529289245605469 1500
0.5540318489074707 1500
0.5540318489074707 1500
0.5550868511199951 1500
0.5563459396362305 1500
0.5571448802947998 1500
0.5571448802947998 1500
0.5581607818603516 1500
0.5591268539428711 1500
0.5600478649139404 1500
0.5600638389587402 1500
0.5610709190368652 1500
0.562100887298584 1500
0.562100887298584 1500
0.5632209777832031 1500
0.5642290115356445 1500
0.5652518272399902 1500
0.5652518272399902 1500
0.5661559104919434 1500
0.5671999454498291 1500
0.5671999454498291 1500
0.5683629512786865 1500
0.5695300102233887 1500
0.5701198577880859 1500
0.5701348781585693 1500
0.5711948871612549 1500
0.5721719264984131 1500
0.5729539394378662 1500
0.5729539394378662 1500
0.5762739181518555 1500
0.5764639377593994 1500
0.5764639377593994 1500
0.5766618251800537 1500
0.5782279968261719 1500
0.5784227848052979 1500
0.5784227848052979 1500
0.5792279243469238 1500
0.5803518295288086 1500
0.5803518295288086 1500
0.5809040069580078 1500
0.582352876663208 1500
0.5833919048309326 1500
0.5833919048309326 1500
0.5842068195343018 1500
0.5853018760681152 1500
0.5870118141174316 1500
0.5870118141174316 1500
0.5870118141174316 1500
0.5881359577178955 1500
0.5881359577178955 1500
0.589087963104248 1500
0.5902268886566162 1500
0.5913197994232178 1500
0.5913197994232178 1500
0.5922160148620605 1500
0.5933067798614502 1500
0.5933067798614502 1500
0.5942609310150146 1500
0.5953760147094727 1500
0.5961499214172363 1500
0.5961499214172363 1500
0.5970578193664551 1500
0.599236011505127 1500
0.599236011505127 1500
0.599236011505127 1500
0.6001899242401123 1500
0.6025447845458984 1500
0.6030268669128418 1500
0.6030268669128418 1500
0.6042919158935547 1500
0.6051669120788574 1500
0.6062209606170654 1500
0.6062209606170654 1500
0.6073689460754395 1500
0.6082978248596191 1500
0.6082978248596191 1500
0.6093838214874268 1500
0.6100959777832031 1500
0.6111869812011719 1500
