1049796
0.0 1452
0.0 1452
0.0022430419921875 1452
0.0022430419921875 1452
0.0022459030151367188 1452
0.0022470951080322266 1452
0.003937959671020508 1452
0.003937959671020508 1452
0.005177021026611328 1452
0.005177021026611328 1452
0.005182027816772461 1452
0.006869077682495117 1452
0.006871938705444336 1452
0.006873130798339844 1452
0.008702993392944336 1452
0.008702993392944336 1452
0.008707046508789062 1452
0.008707046508789062 1452
0.010637998580932617 1452
0.010638952255249023 1452
0.010642051696777344 1452
0.01064300537109375 1452
0.012748956680297852 1452
0.012749910354614258 1452
0.012758016586303711 1452
0.012758970260620117 1452
0.014200925827026367 1452
0.014202117919921875 1452
0.014207124710083008 1452
0.014208078384399414 1452
0.016444921493530273 1452
0.016444921493530273 1452
0.01663494110107422 1452
0.016636133193969727 1452
0.01829695701599121 1452
0.01829695701599121 1452
0.02018904685974121 1452
0.020190000534057617 1452
0.020193099975585938 1452
0.020194053649902344 1452
0.022195100784301758 1452
0.022196054458618164 1452
0.02220010757446289 1452
0.023777008056640625 1452
0.02378106117248535 1452
0.02378106117248535 1452
0.023785114288330078 1452
0.025950908660888672 1452
0.0259549617767334 1452
0.0259549617767334 1452
0.027777910232543945 1452
0.027777910232543945 1452
0.027781963348388672 1452
0.027782917022705078 1452
0.0296480655670166 1452
0.029649019241333008 1452
0.029652118682861328 1452
0.029652118682861328 1452
0.03174710273742676 1452
0.031748056411743164 1452
0.03175091743469238 1452
0.03175091743469238 1452
0.03365898132324219 1452
0.03365898132324219 1452
0.035176992416381836 1452
0.035176992416381836 1452
0.03518104553222656 1452
0.03518199920654297 1452
0.037104129791259766 1452
0.037104129791259766 1452
0.03710794448852539 1452
0.03710794448852539 1452
0.039418935775756836 1452
0.039420127868652344 1452
0.03942513465881348 1452
0.03942608833312988 1452
0.040780067443847656 1452
0.04078102111816406 1452
0.04302692413330078 1452
0.04302692413330078 1452
0.0430300235748291 1452
0.0430300235748291 1452
0.04500293731689453 1452
0.04500293731689453 1452
0.04500603675842285 1452
0.04500699043273926 1452
0.04662799835205078 1452
0.04662895202636719 1452
0.04663205146789551 1452
0.04920506477355957 1452
0.0492100715637207 1452
0.0492100715637207 1452
0.05053591728210449 1452
0.050537109375 1452
0.05054306983947754 1452
0.050544023513793945 1452
0.051306962966918945 1452
0.05130791664123535 1452
0.05348992347717285 1452
0.05348992347717285 1452
0.05349302291870117 1452
0.05349302291870117 1452
0.05531001091003418 1452
0.055310964584350586 1452
0.05531501770019531 1452
0.05531597137451172 1452
0.05724906921386719 1452
0.0572509765625 1452
0.05725502967834473 1452
0.05725598335266113 1452
0.05914497375488281 1452
0.05914592742919922 1452
0.05915212631225586 1452
0.0609281063079834 1452
0.06093406677246094 1452
0.060935020446777344 1452
0.06278204917907715 1452
0.06278300285339355 1452
0.06278800964355469 1452
0.06278800964355469 1452
0.06503701210021973 1452
0.06503701210021973 1452
0.06504011154174805 1452
0.06504106521606445 1452
0.0668339729309082 1452
0.06683492660522461 1452
0.06683707237243652 1452
0.06683707237243652 1452
0.06879401206970215 1452
0.06879401206970215 1452
0.07078909873962402 1452
0.07079005241394043 1452
0.07079410552978516 1452
0.07079410552978516 1452
0.0728309154510498 1452
0.0728309154510498 1452
0.07283401489257812 1452
0.07283496856689453 1452
0.07445812225341797 1452
0.07446002960205078 1452
0.07446408271789551 1452
0.07446503639221191 1452
0.07636809349060059 1452
0.07636809349060059 1452
0.07828497886657715 1452
0.07828593254089355 1452
0.0782921314239502 1452
0.0782921314239502 1452
0.08033895492553711 1452
0.08033895492553711 1452
0.08226203918457031 1452
0.08226203918457031 1452
0.08226490020751953 1452
0.08226490020751953 1452
0.08423995971679688 1452
0.08424091339111328 1452
0.08424592018127441 1452
0.08591604232788086 1452
0.08592104911804199 1452
0.08592104911804199 1452
0.08780908584594727 1452
0.08781003952026367 1452
0.08781290054321289 1452
0.08781290054321289 1452
0.08969998359680176 1452
0.08970093727111816 1452
0.08970403671264648 1452
0.08970403671264648 1452
0.09168291091918945 1452
0.09168410301208496 1452
0.09377193450927734 1452
0.09377193450927734 1452
0.09377598762512207 1452
0.09377694129943848 1452
0.0955650806427002 1452
0.0955660343170166 1452
0.09556794166564941 1452
0.09556913375854492 1452
0.09557008743286133 1452
0.09557104110717773 1452
0.09729909896850586 1452
0.09730005264282227 1452
0.09730100631713867 1452
0.09730100631713867 1452
0.09943103790283203 1452
0.09943199157714844 1452
0.09943294525146484 1452
0.09943294525146484 1452
0.09943509101867676 1452
0.09943604469299316 1452
0.09943890571594238 1452
0.09944009780883789 1452
0.10103702545166016 1452
0.10103702545166016 1452
0.10103797912597656 1452
0.10103893280029297 1452
0.10317111015319824 1452
0.10317206382751465 1452
0.10317206382751465 1452
0.10317301750183105 1452
0.10317611694335938 1452
0.10317611694335938 1452
0.10317802429199219 1452
0.10317802429199219 1452
0.10511612892150879 1452
0.1051170825958252 1452
0.1051180362701416 1452
0.10511898994445801 1452
0.10663795471191406 1452
0.10663890838623047 1452
0.10664105415344238 1452
0.10664105415344238 1452
0.1066439151763916 1452
0.10664510726928711 1452
0.10664606094360352 1452
0.10664606094360352 1452
0.10852408409118652 1452
0.10852503776550293 1452
0.10852599143981934 1452
0.10852694511413574 1452
0.11045098304748535 1452
0.11045098304748535 1452
0.11205601692199707 1452
0.11205601692199707 1452
0.11205697059631348 1452
0.11205697059631348 1452
0.11207294464111328 1452
0.11207294464111328 1452
0.11433696746826172 1452
0.11433696746826172 1452
0.11434006690979004 1452
0.11434006690979004 1452
0.11601591110229492 1452
0.11601710319519043 1452
0.11601901054382324 1452
0.11601901054382324 1452
0.11804890632629395 1452
0.11804890632629395 1452
0.11805295944213867 1452
0.11999893188476562 1452
0.11999893188476562 1452
0.12000012397766113 1452
0.12000513076782227 1452
0.12000513076782227 1452
0.1220240592956543 1452
0.1220240592956543 1452
0.12202596664428711 1452
0.12202596664428711 1452
0.12374591827392578 1452
0.12374591827392578 1452
0.12374997138977051 1452
0.12375092506408691 1452
0.12587404251098633 1452
0.12587499618530273 1452
0.12587809562683105 1452
0.12587904930114746 1452
0.12749910354614258 1452
0.12749910354614258 1452
0.1275029182434082 1452
0.1275041103363037 1452
0.12959694862365723 1452
0.12959694862365723 1452
0.12960290908813477 1452
0.12960410118103027 1452
0.1315319538116455 1452
0.13153290748596191 1452
0.13153409957885742 1452
0.13153409957885742 1452
0.13356494903564453 1452
0.13356494903564453 1452
0.13357090950012207 1452
0.13357090950012207 1452
0.13555407524108887 1452
0.13555407524108887 1452
0.1369469165802002 1452
0.1369469165802002 1452
0.13695406913757324 1452
0.13695502281188965 1452
0.1391921043395996 1452
0.13919305801391602 1452
0.13919591903686523 1452
0.13919711112976074 1452
0.1411910057067871 1452
0.14119195938110352 1452
0.14317893981933594 1452
0.14317893981933594 1452
0.14318394660949707 1452
0.14318490028381348 1452
0.14509201049804688 1452
0.14509296417236328 1452
0.145097017288208 1452
0.145097017288208 1452
0.1468820571899414 1452
0.1468830108642578 1452
0.14689397811889648 1452
0.14922094345092773 1452
0.14923095703125 1452
0.1492319107055664 1452
0.14923810958862305 1452
0.15049505233764648 1452
0.1504991054534912 1452
0.1504991054534912 1452
0.15240812301635742 1452
0.15240907669067383 1452
0.15241098403930664 1452
0.15241098403930664 1452
0.15441393852233887 1452
0.15441393852233887 1452
0.1544170379638672 1452
0.1544179916381836 1452
0.1564619541168213 1452
0.1564619541168213 1452
0.15646600723266602 1452
0.15646600723266602 1452
0.15819692611694336 1452
0.15819811820983887 1452
0.15981793403625488 1452
0.1598191261291504 1452
0.15982294082641602 1452
0.15982413291931152 1452
0.1619739532470703 1452
0.16197490692138672 1452
0.16197800636291504 1452
0.16197896003723145 1452
0.16392803192138672 1452
0.16392898559570312 1452
0.16393208503723145 1452
0.16393303871154785 1452
0.16562104225158691 1452
0.16562199592590332 1452
0.16562509536743164 1452
0.16562509536743164 1452
0.16748404502868652 1452
0.16748404502868652 1452
0.16748595237731934 1452
0.16748690605163574 1452
0.16937494277954102 1452
0.16937494277954102 1452
0.16937899589538574 1452
0.17128205299377441 1452
0.17128610610961914 1452
0.17128610610961914 1452
0.17277002334594727 1452
0.17277002334594727 1452
0.172774076461792 1452
0.172774076461792 1452
0.172882080078125 1452
0.172882080078125 1452
0.17522192001342773 1452
0.17522311210632324 1452
0.17701506614685059 1452
0.177016019821167 1452
0.17702412605285645 1452
0.17702412605285645 1452
0.17889404296875 1452
0.1788949966430664 1452
0.18071603775024414 1452
0.18071603775024414 1452
0.18071913719177246 1452
0.18071913719177246 1452
0.18298912048339844 1452
0.18298912048339844 1452
0.18299293518066406 1452
0.18299293518066406 1452
0.18445801734924316 1452
0.18445801734924316 1452
0.18446111679077148 1452
0.18446111679077148 1452
0.18650603294372559 1452
0.186506986618042 1452
0.18839597702026367 1452
0.18839597702026367 1452
0.188399076461792 1452
0.1884000301361084 1452
0.19045591354370117 1452
0.19045710563659668 1452
0.1904609203338623 1452
0.1904609203338623 1452
0.1920769214630127 1452
0.1920781135559082 1452
0.19424009323120117 1452
0.19424200057983398 1452
0.1942589282989502 1452
0.19426202774047852 1452
0.19611310958862305 1452
0.19611406326293945 1452
0.1961219310760498 1452
0.19809603691101074 1452
0.1981050968170166 1452
0.1981050968170166 1452
0.1995680332183838 1452
0.1995689868927002 1452
0.20183706283569336 1452
0.20183801651000977 1452
0.2018420696258545 1452
0.2018430233001709 1452
0.20397210121154785 1452
0.20397210121154785 1452
0.2054600715637207 1452
0.2054600715637207 1452
0.2077350616455078 1452
0.20773601531982422 1452
0.20774006843566895 1452
0.20774006843566895 1452
0.21013593673706055 1452
0.21013712882995605 1452
0.21013998985290527 1452
0.21013998985290527 1452
0.21228504180908203 1452
0.2136390209197998 1452
0.21364498138427734 1452
0.21364593505859375 1452
0.21497607231140137 1452
0.21497607231140137 1452
0.21690893173217773 1452
0.21691107749938965 1452
0.21895194053649902 1452
0.21895194053649902 1452
0.21895599365234375 1452
0.21895599365234375 1452
0.2209329605102539 1452
0.2209339141845703 1452
0.22290301322937012 1452
0.22290301322937012 1452
0.22485709190368652 1452
0.22485804557800293 1452
0.226701021194458 1452
0.22670197486877441 1452
0.22872495651245117 1452
0.22872591018676758 1452
0.2287299633026123 1452
0.2287309169769287 1452
0.23037409782409668 1452
0.23037505149841309 1452
0.23215913772583008 1452
0.23215913772583008 1452
0.23216509819030762 1452
0.23216605186462402 1452
0.2341001033782959 1452
0.2341001033782959 1452
0.23626995086669922 1452
0.23627090454101562 1452
0.23627305030822754 1452
0.23627305030822754 1452
0.23801708221435547 1452
0.23801803588867188 1452
0.23993992805480957 1452
0.23994112014770508 1452
0.23994803428649902 1452
0.23994803428649902 1452
0.24189090728759766 1452
0.24189090728759766 1452
0.2418980598449707 1452
0.2418980598449707 1452
0.24387907981872559 1452
0.24387907981872559 1452
0.24598908424377441 1452
0.24599003791809082 1452
0.24770903587341309 1452
0.2477099895477295 1452
0.24931001663208008 1452
0.24931001663208008 1452
0.2493140697479248 1452
0.2493140697479248 1452
0.24931693077087402 1452
0.24931812286376953 1452
0.2513449192047119 1452
0.2513449192047119 1452
0.25391292572021484 1452
0.25391292572021484 1452
0.25391602516174316 1452
0.25391602516174316 1452
0.25627613067626953 1452
0.25627613067626953 1452
0.25628209114074707 1452
0.25628209114074707 1452
0.2581639289855957 1452
0.2581651210784912 1452
0.25816798210144043 1452
0.25816893577575684 1452
0.2599461078643799 1452
0.2599461078643799 1452
0.26175713539123535 1452
0.26175808906555176 1452
0.26175999641418457 1452
0.26175999641418457 1452
0.26375794410705566 1452
0.2637600898742676 1452
0.2637629508972168 1452
0.2637629508972168 1452
0.2637650966644287 1452
0.2657201290130615 1452
0.26572394371032715 1452
0.26572394371032715 1452
0.26572608947753906 1452
0.26572608947753906 1452
0.26769590377807617 1452
0.2676970958709717 1452
0.2676999568939209 1452
0.2676999568939209 1452
0.26950597763061523 1452
0.26950597763061523 1452
0.26950812339782715 1452
0.26950907707214355 1452
0.2714231014251709 1452
0.2714240550994873 1452
0.2714250087738037 1452
0.2714259624481201 1452
0.2733769416809082 1452
0.2733781337738037 1452
0.27338194847106934 1452
0.27338290214538574 1452
0.27338600158691406 1452
0.27541399002075195 1452
0.2754199504852295 1452
0.2754199504852295 1452
0.2754240036010742 1452
0.2771611213684082 1452
0.2771639823913574 1452
0.27716493606567383 1452
0.27716994285583496 1452
0.27716994285583496 1452
0.27919602394104004 1452
0.27919602394104004 1452
0.28089094161987305 1452
0.28089094161987305 1452
0.28089404106140137 1452
0.28089404106140137 1452
0.2808990478515625 1452
0.2829270362854004 1452
0.28293490409851074 1452
0.28293490409851074 1452
0.284959077835083 1452
0.284959077835083 1452
0.28691697120666504 1452
0.28691792488098145 1452
0.288646936416626 1452
0.2886481285095215 1452
0.29048800468444824 1452
0.29048991203308105 1452
0.2924001216888428 1452
0.2924010753631592 1452
0.29240894317626953 1452
0.29241013526916504 1452
0.29451608657836914 1452
0.29451608657836914 1452
0.2963070869445801 1452
0.2963089942932129 1452
0.2963130474090576 1452
0.29834699630737305 1452
0.2983579635620117 1452
0.2983589172363281 1452
0.29998111724853516 1452
0.29998207092285156 1452
0.2999849319458008 1452
0.2999861240386963 1452
0.3019979000091553 1452
0.3019990921020508 1452
0.302001953125 1452
0.302001953125 1452
0.3038039207458496 1452
0.3038039207458496 1452
0.3038060665130615 1452
0.30380702018737793 1452
0.30550694465637207 1452
0.30550694465637207 1452
0.3055109977722168 1452
0.3055109977722168 1452
0.3055129051208496 1452
0.30751991271972656 1452
0.3075239658355713 1452
0.3075239658355713 1452
0.307528018951416 1452
0.30969810485839844 1452
0.30970311164855957 1452
0.30970311164855957 1452
0.3097081184387207 1452
0.3097090721130371 1452
0.31163597106933594 1452
0.31163692474365234 1452
0.31164002418518066 1452
0.31164097785949707 1452
0.31319093704223633 1452
0.31319212913513184 1452
0.31319308280944824 1452
0.31319403648376465 1452
0.31523895263671875 1452
0.31523895263671875 1452
0.31524205207824707 1452
0.31524205207824707 1452
0.3152480125427246 1452
0.31719493865966797 1452
0.3171989917755127 1452
0.3171989917755127 1452
0.317202091217041 1452
0.3192629814147949 1452
0.31926703453063965 1452
0.31926798820495605 1452
0.3192720413208008 1452
0.3212161064147949 1452
0.32121896743774414 1452
0.32121896743774414 1452
0.3212239742279053 1452
0.3212249279022217 1452
0.3227579593658447 1452
0.32275891304016113 1452
0.3227651119232178 1452
0.3246889114379883 1452
0.3246920108795166 1452
0.324692964553833 1452
0.32469701766967773 1452
0.32469701766967773 1452
0.3268420696258545 1452
0.3268430233001709 1452
0.32684993743896484 1452
0.3284780979156494 1452
0.32848095893859863 1452
0.32848095893859863 1452
0.32848691940307617 1452
0.3284881114959717 1452
0.3304109573364258 1452
0.3304119110107422 1452
0.3304140567779541 1452
0.3304140567779541 1452
0.33254003524780273 1452
0.33254098892211914 1452
0.3325459957122803 1452
0.3325459957122803 1452
0.33417510986328125 1452
0.33417510986328125 1452
0.33417701721191406 1452
0.33417797088623047 1452
0.3361659049987793 1452
0.3361670970916748 1452
0.33617091178894043 1452
0.33617210388183594 1452
0.33617305755615234 1452
0.33806800842285156 1452
0.3380711078643799 1452
0.3380720615386963 1452
0.3380730152130127 1452
0.3380739688873291 1452
0.3400919437408447 1452
0.3400919437408447 1452
0.34009504318237305 1452
0.34009504318237305 1452
0.34009695053100586 1452
0.34009790420532227 1452
0.34198498725891113 1452
0.34198594093322754 1452
0.34198904037475586 1452
0.34198904037475586 1452
0.34199094772338867 1452
0.3419919013977051 1452
0.3439209461212158 1452
0.3439209461212158 1452
0.34392309188842773 1452
0.34392404556274414 1452
0.345966100692749 1452
0.345966100692749 1452
0.34596896171569824 1452
0.34596991539001465 1452
0.347728967666626 1452
0.347728967666626 1452
0.3477330207824707 1452
0.3477330207824707 1452
0.34951305389404297 1452
0.34951305389404297 1452
0.3514230251312256 1452
0.3514261245727539 1452
0.3514289855957031 1452
0.35142993927001953 1452
0.3533170223236084 1452
0.3533170223236084 1452
0.35332298278808594 1452
0.35332298278808594 1452
0.35540199279785156 1452
0.3554039001464844 1452
0.3554079532623291 1452
0.3554089069366455 1452
0.3571591377258301 1452
0.3571591377258301 1452
0.3590879440307617 1452
0.3590891361236572 1452
0.35909199714660645 1452
0.35909295082092285 1452
0.36101698875427246 1452
0.36101698875427246 1452
0.3610219955444336 1452
0.3610219955444336 1452
0.3631870746612549 1452
0.3631880283355713 1452
0.3631899356842041 1452
0.3631899356842041 1452
0.3646669387817383 1452
0.3646681308746338 1452
0.3646681308746338 1452
0.3646690845489502 1452
0.36467504501342773 1452
0.36467504501342773 1452
0.36680006980895996 1452
0.36680102348327637 1452
0.3668029308319092 1452
0.3668041229248047 1452
0.3668060302734375 1452
0.3688790798187256 1452
0.3688819408416748 1452
0.3688819408416748 1452
0.3688840866088867 1452
0.3688840866088867 1452
0.37047505378723145 1452
0.37047505378723145 1452
0.37047791481018066 1452
0.37047791481018066 1452
0.37235403060913086 1452
0.37235403060913086 1452
0.37235593795776367 1452
0.3723571300506592 1452
0.3744699954986572 1452
0.3744699954986572 1452
0.37447404861450195 1452
0.37447404861450195 1452
0.37447690963745117 1452
