1049740
0.0 1460
0.0014522075653076172 1460
0.0074121952056884766 1460
0.0074121952056884766 1460
0.010241031646728516 1460
0.01252603530883789 1460
0.01252603530883789 1460
0.014149188995361328 1460
0.014149188995361328 1460
0.019013166427612305 1460
0.019013166427612305 1460
0.02065300941467285 1460
0.02065300941467285 1460
0.022486209869384766 1460
0.022486209869384766 1460
0.024753093719482422 1460
0.024753093719482422 1460
0.027630090713500977 1460
0.027630090713500977 1460
0.029346227645874023 1460
0.029346227645874023 1460
0.03105616569519043 1460
0.031458139419555664 1460
0.0334470272064209 1460
0.0334470272064209 1460
0.0334470272064209 1460
0.0334470272064209 1460
0.03477001190185547 1460
0.03477001190185547 1460
0.03671407699584961 1460
0.03671407699584961 1460
0.03847622871398926 1460
0.03847622871398926 1460
0.04250311851501465 1460
0.04324603080749512 1460
0.0459752082824707 1460
0.046311140060424805 1460
0.04864621162414551 1460
0.04864621162414551 1460
0.05188918113708496 1460
0.05188918113708496 1460
0.0534670352935791 1460
0.0534670352935791 1460
0.05538511276245117 1460
0.05656909942626953 1460
0.05870819091796875 1460
0.05870819091796875 1460
0.061492204666137695 1460
0.061492204666137695 1460
0.06349301338195801 1460
0.06518721580505371 1460
0.06518721580505371 1460
0.06783103942871094 1460
0.06817913055419922 1460
0.0695340633392334 1460
0.07022213935852051 1460
0.07569217681884766 1460
0.07569217681884766 1460
0.07751011848449707 1460
0.07751011848449707 1460
0.07912421226501465 1460
0.07912421226501465 1460
0.08063602447509766 1460
0.08063602447509766 1460
0.08228707313537598 1460
0.08358311653137207 1460
0.0880742073059082 1460
0.0880742073059082 1460
0.0880742073059082 1460
0.0880742073059082 1460
0.0880742073059082 1460
0.0880742073059082 1460
0.08873915672302246 1460
0.08895611763000488 1460
0.09149312973022461 1460
0.09149312973022461 1460
0.0925140380859375 1460
0.0925140380859375 1460
0.09877705574035645 1460
0.09877705574035645 1460
0.09989500045776367 1460
0.09989500045776367 1460
0.10130715370178223 1460
0.10130715370178223 1460
0.10487818717956543 1460
0.10487818717956543 1460
0.10524106025695801 1460
0.10524106025695801 1460
0.10677003860473633 1460
0.10677003860473633 1460
0.10885214805603027 1460
0.10977816581726074 1460
0.11167407035827637 1460
0.11167407035827637 1460
0.11354613304138184 1460
0.11507201194763184 1460
0.11507201194763184 1460
0.12222814559936523 1460
0.12222814559936523 1460
0.13861608505249023 1460
0.13861608505249023 1460
0.13918399810791016 1460
0.13918399810791016 1460
0.13968300819396973 1460
0.13968300819396973 1460
0.1401381492614746 1460
0.1401381492614746 1460
0.14063215255737305 1460
0.14063215255737305 1460
0.14110207557678223 1460
0.14110207557678223 1460
0.14169621467590332 1460
0.14169621467590332 1460
0.14263916015625 1460
0.14263916015625 1460
0.14575719833374023 1460
0.14575719833374023 1460
0.16898512840270996 1460
0.1693410873413086 1460
0.1693410873413086 1460
0.17281603813171387 1460
0.17281603813171387 1460
0.17315220832824707 1460
0.17315220832824707 1460
0.1783292293548584 1460
0.1783292293548584 1460
0.18163514137268066 1460
0.18163514137268066 1460
0.18163514137268066 1460
0.18163514137268066 1460
0.1831350326538086 1460
0.1831350326538086 1460
0.18512201309204102 1460
0.18667316436767578 1460
0.18667316436767578 1460
0.18667316436767578 1460
0.19081807136535645 1460
0.19081807136535645 1460
0.19533300399780273 1460
0.19533300399780273 1460
0.1970360279083252 1460
0.1970360279083252 1460
0.19922900199890137 1460
0.19922900199890137 1460
0.21184015274047852 1460
0.21184015274047852 1460
0.21349406242370605 1460
0.21349406242370605 1460
0.21396803855895996 1460
0.21396803855895996 1460
0.21396803855895996 1460
0.21396803855895996 1460
0.21450114250183105 1460
0.21450114250183105 1460
0.21450114250183105 1460
0.21450114250183105 1460
0.2148292064666748 1460
0.2148292064666748 1460
0.2206730842590332 1460
0.2206730842590332 1460
0.22205209732055664 1460
0.22205209732055664 1460
0.2245490550994873 1460
0.2245490550994873 1460
0.22609710693359375 1460
0.22631311416625977 1460
0.23177599906921387 1460
0.23177599906921387 1460
0.23546910285949707 1460
0.23546910285949707 1460
0.2398991584777832 1460
0.2398991584777832 1460
0.2403712272644043 1460
0.2403712272644043 1460
0.24202609062194824 1460
0.2431471347808838 1460
0.2491772174835205 1460
0.2491772174835205 1460
0.25289201736450195 1460
0.25289201736450195 1460
0.25395703315734863 1460
0.25395703315734863 1460
0.25643014907836914 1460
0.25643014907836914 1460
0.26227521896362305 1460
0.26392221450805664 1460
0.26392221450805664 1460
0.26433420181274414 1460
0.26433420181274414 1460
0.2657160758972168 1460
0.2657160758972168 1460
0.2688910961151123 1460
0.2688910961151123 1460
0.2736320495605469 1460
0.2736320495605469 1460
0.2744290828704834 1460
0.2744290828704834 1460
0.27469921112060547 1460
0.27469921112060547 1460
0.2762491703033447 1460
0.2762491703033447 1460
0.2779521942138672 1460
0.27842020988464355 1460
0.27960705757141113 1460
0.27999401092529297 1460
0.30240321159362793 1460
0.30294108390808105 1460
0.30294108390808105 1460
0.30652618408203125 1460
0.30652618408203125 1460
0.3124361038208008 1460
0.31287717819213867 1460
0.3148620128631592 1460
0.3166930675506592 1460
0.31832313537597656 1460
0.31832313537597656 1460
0.3221571445465088 1460
0.3221571445465088 1460
0.3238952159881592 1460
0.32541322708129883 1460
0.32865405082702637 1460
0.32865405082702637 1460
0.33055901527404785 1460
0.33072519302368164 1460
0.33484601974487305 1460
0.33484601974487305 1460
0.33689308166503906 1460
0.33689308166503906 1460
0.3391611576080322 1460
0.3391611576080322 1460
0.34061503410339355 1460
0.3409152030944824 1460
0.3446950912475586 1460
0.3446950912475586 1460
0.34533214569091797 1460
0.34533214569091797 1460
0.3475160598754883 1460
0.3475160598754883 1460
0.35401415824890137 1460
0.35401415824890137 1460
0.35588502883911133 1460
0.35588502883911133 1460
0.3605020046234131 1460
0.3605020046234131 1460
0.3627200126647949 1460
0.3627200126647949 1460
0.36397409439086914 1460
0.36424708366394043 1460
0.3672962188720703 1460
0.3672962188720703 1460
0.37049412727355957 1460
0.37049412727355957 1460
0.37378716468811035 1460
0.37378716468811035 1460
0.3756861686706543 1460
0.3756861686706543 1460
0.38043212890625 1460
0.38043212890625 1460
0.38120007514953613 1460
0.38120007514953613 1460
0.3820760250091553 1460
0.3820760250091553 1460
0.38381505012512207 1460
0.38381505012512207 1460
0.3984251022338867 1460
0.3984251022338867 1460
0.40033411979675293 1460
0.40033411979675293 1460
0.4023301601409912 1460
0.4023301601409912 1460
0.409088134765625 1460
0.4141201972961426 1460
0.4157252311706543 1460
0.4161062240600586 1460
0.4161062240600586 1460
0.4198482036590576 1460
0.4198482036590576 1460
0.4207320213317871 1460
0.4207320213317871 1460
0.4293971061706543 1460
0.4293971061706543 1460
0.43083715438842773 1460
0.43083715438842773 1460
0.46813321113586426 1460
0.46813321113586426 1460
0.4697761535644531 1460
0.4697761535644531 1460
0.4697761535644531 1460
0.4697761535644531 1460
0.471574068069458 1460
0.471574068069458 1460
0.4721992015838623 1460
0.4721992015838623 1460
0.47275400161743164 1460
0.47275400161743164 1460
0.47328615188598633 1460
0.47328615188598633 1460
0.4745662212371826 1460
0.4745662212371826 1460
0.47531700134277344 1460
0.47531700134277344 1460
0.4776451587677002 1460
0.4776451587677002 1460
0.47874021530151367 1460
0.47874021530151367 1460
0.4799630641937256 1460
0.4799630641937256 1460
0.4799630641937256 1460
0.4810020923614502 1460
0.4810020923614502 1460
0.4810020923614502 1460
0.48603200912475586 1460
0.48603200912475586 1460
0.48765015602111816 1460
0.48765015602111816 1460
0.4895451068878174 1460
0.4895451068878174 1460
0.4907951354980469 1460
0.4907951354980469 1460
0.5054571628570557 1460
0.5054571628570557 1460
0.5054571628570557 1460
0.5065171718597412 1460
0.5065171718597412 1460
0.5077102184295654 1460
0.5077102184295654 1460
0.5113332271575928 1460
0.5113332271575928 1460
0.5113332271575928 1460
0.5113332271575928 1460
0.5113332271575928 1460
0.5126070976257324 1460
0.5217721462249756 1460
0.5229032039642334 1460
0.5229032039642334 1460
0.5269570350646973 1460
0.5269570350646973 1460
0.5284640789031982 1460
0.5288350582122803 1460
0.5353012084960938 1460
0.5353012084960938 1460
0.5531492233276367 1460
0.5531492233276367 1460
0.5609080791473389 1460
0.5609080791473389 1460
0.5635471343994141 1460
0.5638561248779297 1460
0.5670871734619141 1460
0.5674340724945068 1460
0.5755751132965088 1460
0.5755751132965088 1460
0.5812301635742188 1460
0.5812301635742188 1460
0.5848231315612793 1460
0.5848231315612793 1460
0.5874760150909424 1460
0.5874760150909424 1460
0.5889201164245605 1460
0.5889201164245605 1460
0.5906460285186768 1460
0.5906460285186768 1460
0.5926961898803711 1460
0.5926961898803711 1460
0.5968320369720459 1460
0.5968320369720459 1460
0.5980632305145264 1460
0.5980632305145264 1460
0.59958815574646 1460
0.59958815574646 1460
0.6066591739654541 1460
0.6066591739654541 1460
0.6094570159912109 1460
0.6098320484161377 1460
0.6210110187530518 1460
0.6210110187530518 1460
0.6243941783905029 1460
0.6243941783905029 1460
0.6243941783905029 1460
0.6243941783905029 1460
0.6249852180480957 1460
0.6249852180480957 1460
0.625507116317749 1460
0.625507116317749 1460
0.6283841133117676 1460
0.6283841133117676 1460
0.6300292015075684 1460
0.6305701732635498 1460
0.6340150833129883 1460
0.6340150833129883 1460
0.6401381492614746 1460
0.6401381492614746 1460
0.6413922309875488 1460
0.6413922309875488 1460
0.6462161540985107 1460
0.6462161540985107 1460
0.6485011577606201 1460
0.6485011577606201 1460
0.6500751972198486 1460
0.6500751972198486 1460
0.6538112163543701 1460
0.6538112163543701 1460
0.6574780941009521 1460
0.6574780941009521 1460
0.6605222225189209 1460
0.6605222225189209 1460
0.6616301536560059 1460
0.6616301536560059 1460
0.6625950336456299 1460
0.6625950336456299 1460
0.6646120548248291 1460
0.6646120548248291 1460
0.6646120548248291 1460
0.6714060306549072 1460
0.6717920303344727 1460
0.6753191947937012 1460
0.6753191947937012 1460
0.6781470775604248 1460
0.6781470775604248 1460
0.6910181045532227 1460
0.6910181045532227 1460
0.6977980136871338 1460
0.6977980136871338 1460
0.7043371200561523 1460
0.7043371200561523 1460
0.7060332298278809 1460
0.7060332298278809 1460
0.7076802253723145 1460
0.7076802253723145 1460
0.7116820812225342 1460
0.7116820812225342 1460
0.7124991416931152 1460
0.7140350341796875 1460
0.7159550189971924 1460
0.7159550189971924 1460
0.7225120067596436 1460
0.7225120067596436 1460
0.7225120067596436 1460
0.7228610515594482 1460
0.7255592346191406 1460
0.7255592346191406 1460
0.7258331775665283 1460
0.7280240058898926 1460
0.7280240058898926 1460
0.7280240058898926 1460
0.7386422157287598 1460
0.7386422157287598 1460
0.7447531223297119 1460
0.7447531223297119 1460
0.7447531223297119 1460
0.749352216720581 1460
0.749352216720581 1460
0.7544131278991699 1460
0.7544131278991699 1460
0.7603611946105957 1460
0.7603611946105957 1460
0.7669351100921631 1460
0.7669351100921631 1460
0.7729921340942383 1460
0.7729921340942383 1460
0.7790400981903076 1460
0.7790400981903076 1460
0.7805600166320801 1460
0.7805600166320801 1460
0.7819390296936035 1460
0.7819390296936035 1460
0.7839210033416748 1460
0.7839210033416748 1460
0.7839210033416748 1460
0.7839210033416748 1460
0.7859020233154297 1460
0.7859020233154297 1460
0.7874622344970703 1460
0.7874622344970703 1460
0.7894740104675293 1460
0.7894740104675293 1460
0.7894740104675293 1460
0.7908260822296143 1460
0.7930030822753906 1460
0.7930030822753906 1460
0.7946522235870361 1460
0.7946522235870361 1460
0.7981040477752686 1460
0.7981040477752686 1460
0.8012351989746094 1460
0.8012351989746094 1460
0.8142721652984619 1460
0.8142721652984619 1460
0.8221070766448975 1460
0.8221070766448975 1460
0.8278100490570068 1460
0.8293421268463135 1460
0.8299131393432617 1460
0.8299131393432617 1460
0.8324100971221924 1460
0.8324100971221924 1460
0.8338742256164551 1460
0.8338742256164551 1460
0.8353121280670166 1460
0.8381972312927246 1460
0.8381972312927246 1460
0.841055154800415 1460
0.841055154800415 1460
0.845283031463623 1460
0.845283031463623 1460
0.846649169921875 1460
0.846649169921875 1460
0.848242998123169 1460
0.848242998123169 1460
0.8487401008605957 1460
0.8487401008605957 1460
0.8522469997406006 1460
0.8522469997406006 1460
0.8592450618743896 1460
0.8592450618743896 1460
0.8656771183013916 1460
0.8656771183013916 1460
0.871906042098999 1460
0.871906042098999 1460
0.8759191036224365 1460
0.8759191036224365 1460
0.8839452266693115 1460
0.8839452266693115 1460
0.8927161693572998 1460
0.8927161693572998 1460
0.8953251838684082 1460
0.8953251838684082 1460
0.9029290676116943 1460
0.9029290676116943 1460
0.906121015548706 1460
0.906121015548706 1460
0.9076972007751465 1460
0.9076972007751465 1460
0.9094200134277344 1460
0.9094200134277344 1460
0.9108810424804688 1460
0.9122731685638428 1460
0.9141340255737305 1460
0.9141340255737305 1460
0.9174261093139648 1460
0.9174261093139648 1460
0.9216241836547852 1460
0.9216241836547852 1460
0.9262130260467529 1460
0.9262130260467529 1460
0.9262130260467529 1460
0.9270060062408447 1460
0.9275801181793213 1460
0.9398062229156494 1460
0.9398062229156494 1460
0.9475350379943848 1460
0.9475350379943848 1460
0.9498541355133057 1460
0.9547321796417236 1460
0.9585320949554443 1460
0.9585320949554443 1460
0.9612350463867188 1460
0.9612350463867188 1460
0.9636502265930176 1460
0.9636502265930176 1460
0.9692821502685547 1460
0.9692821502685547 1460
0.9699521064758301 1460
0.9699521064758301 1460
0.971717119216919 1460
0.9746170043945312 1460
0.9746170043945312 1460
0.9769401550292969 1460
0.9769401550292969 1460
0.9782371520996094 1460
0.9784741401672363 1460
0.9816222190856934 1460
0.9816222190856934 1460
0.9842061996459961 1460
0.9842061996459961 1460
0.9941320419311523 1460
0.9941320419311523 1460
0.9992280006408691 1460
0.9992280006408691 1460
1.0121312141418457 1460
1.0121312141418457 1460
1.0139880180358887 1460
1.0139880180358887 1460
1.0188040733337402 1460
1.0188040733337402 1460
1.0209200382232666 1460
1.0209200382232666 1460
1.0283591747283936 1460
1.0283591747283936 1460
1.0301270484924316 1460
1.0301270484924316 1460
1.0316951274871826 1460
1.0316951274871826 1460
1.0316951274871826 1460
1.0316951274871826 1460
1.0329830646514893 1460
1.0329830646514893 1460
1.0346481800079346 1460
1.0346481800079346 1460
1.0369951725006104 1460
1.0369951725006104 1460
1.039006233215332 1460
1.0391771793365479 1460
1.0408580303192139 1460
1.0408580303192139 1460
1.0438461303710938 1460
1.0438461303710938 1460
1.0459871292114258 1460
1.0459871292114258 1460
1.0490272045135498 1460
1.0490272045135498 1460
1.0540060997009277 1460
1.0540060997009277 1460
1.063136100769043 1460
1.063136100769043 1460
1.066965103149414 1460
1.066965103149414 1460
1.0684471130371094 1460
1.0704920291900635 1460
1.0746171474456787 1460
1.0746171474456787 1460
1.0756940841674805 1460
1.0756940841674805 1460
1.07877516746521 1460
1.0793910026550293 1460
1.083813190460205 1460
1.083813190460205 1460
1.0854220390319824 1460
1.0854220390319824 1460
1.08589506149292 1460
1.0873100757598877 1460
1.0873100757598877 1460
1.0888020992279053 1460
1.0888020992279053 1460
1.089109182357788 1460
1.089109182357788 1460
1.0924170017242432 1460
1.0924170017242432 1460
1.0944490432739258 1460
1.0944490432739258 1460
1.1063501834869385 1460
1.1063501834869385 1460
1.10772705078125 1460
1.108058214187622 1460
1.1154980659484863 1460
1.1154980659484863 1460
1.1154980659484863 1460
1.1154980659484863 1460
1.1171672344207764 1460
1.1171672344207764 1460
1.1171672344207764 1460
1.1171672344207764 1460
1.1204581260681152 1460
1.1204581260681152 1460
1.124291181564331 1460
1.124291181564331 1460
1.1246600151062012 1460
1.1256170272827148 1460
1.1290991306304932 1460
1.1290991306304932 1460
1.1290991306304932 1460
1.1290991306304932 1460
1.1290991306304932 1460
1.1290991306304932 1460
1.1290991306304932 1460
1.1302602291107178 1460
1.1321461200714111 1460
1.1321461200714111 1460
1.1338222026824951 1460
1.1338222026824951 1460
1.1353411674499512 1460
1.1353411674499512 1460
1.140120029449463 1460
1.140120029449463 1460
1.1437811851501465 1460
1.1456701755523682 1460
1.14689302444458 1460
1.14689302444458 1460
1.1528651714324951 1460
1.1528651714324951 1460
1.1528651714324951 1460
1.1528651714324951 1460
1.153611183166504 1460
1.1539661884307861 1460
1.155696153640747 1460
1.155696153640747 1460
1.1592211723327637 1460
1.1592211723327637 1460
1.1634161472320557 1460
1.1634161472320557 1460
1.1641671657562256 1460
1.1641671657562256 1460
1.1659471988677979 1460
1.1676831245422363 1460
1.1676831245422363 1460
1.1735241413116455 1460
1.1735241413116455 1460
1.1738381385803223 1460
1.1738381385803223 1460
1.1755762100219727 1460
1.1755762100219727 1460
1.1788790225982666 1460
1.1788790225982666 1460
1.1809241771697998 1460
1.1813011169433594 1460
1.1830990314483643 1460
1.1842560768127441 1460
1.185516119003296 1460
1.185516119003296 1460
1.1958720684051514 1460
1.1958720684051514 1460
1.1958720684051514 1460
1.1973650455474854 1460
1.2014000415802002 1460
1.2014000415802002 1460
1.202843189239502 1460
1.202843189239502 1460
1.2046120166778564 1460
1.2046120166778564 1460
1.2070221900939941 1460
