1049740
0.0 1460
0.0 1460
0.00023508071899414062 1460
0.00023508071899414062 1460
0.001558065414428711 1460
0.001989126205444336 1460
0.001989126205444336 1460
0.00347900390625 1460
0.00347900390625 1460
0.00392913818359375 1460
0.005450010299682617 1460
0.005450010299682617 1460
0.005450010299682617 1460
0.005450010299682617 1460
0.005825996398925781 1460
0.005825996398925781 1460
0.007419109344482422 1460
0.007419109344482422 1460
0.007692098617553711 1460
0.007692098617553711 1460
0.00932002067565918 1460
0.00932002067565918 1460
0.009645938873291016 1460
0.011243104934692383 1460
0.011243104934692383 1460
0.011243104934692383 1460
0.01157999038696289 1460
0.013153076171875 1460
0.013153076171875 1460
0.013432979583740234 1460
0.013432979583740234 1460
0.013432979583740234 1460
0.015416145324707031 1460
0.016915082931518555 1460
0.016915082931518555 1460
0.016915082931518555 1460
0.01915597915649414 1460
0.01915597915649414 1460
0.01915597915649414 1460
0.020733118057250977 1460
0.021151065826416016 1460
0.021151065826416016 1460
0.02266097068786621 1460
0.02266097068786621 1460
0.02307605743408203 1460
0.02307605743408203 1460
0.024593114852905273 1460
0.024593114852905273 1460
0.025010108947753906 1460
0.025010108947753906 1460
0.02649998664855957 1460
0.02691817283630371 1460
0.02691817283630371 1460
0.02691817283630371 1460
0.028884172439575195 1460
0.028884172439575195 1460
0.030421972274780273 1460
0.03270697593688965 1460
0.03416609764099121 1460
0.03416609764099121 1460
0.03457307815551758 1460
0.03651309013366699 1460
0.03651309013366699 1460
0.03843116760253906 1460
0.03843116760253906 1460
0.04001307487487793 1460
0.04001307487487793 1460
0.04376411437988281 1460
0.0441889762878418 1460
0.0441889762878418 1460
0.0441889762878418 1460
0.04607415199279785 1460
0.04760003089904785 1460
0.04952597618103027 1460
0.04986310005187988 1460
0.05185103416442871 1460
0.053356170654296875 1460
0.053704023361206055 1460
0.053704023361206055 1460
0.05567598342895508 1460
0.05567598342895508 1460
0.05718517303466797 1460
0.05718517303466797 1460
0.05760908126831055 1460
0.05760908126831055 1460
0.061650991439819336 1460
0.06300497055053711 1460
0.06300497055053711 1460
0.06329011917114258 1460
0.06531000137329102 1460
0.06531000137329102 1460
0.08467316627502441 1460
0.08467316627502441 1460
0.08557605743408203 1460
0.08557605743408203 1460
0.08557605743408203 1460
0.08954596519470215 1460
0.08954596519470215 1460
0.08954596519470215 1460
0.08954596519470215 1460
0.08954596519470215 1460
0.08954596519470215 1460
0.08954596519470215 1460
0.08954596519470215 1460
0.08954596519470215 1460
0.0939481258392334 1460
0.0939481258392334 1460
0.0939481258392334 1460
0.0939481258392334 1460
0.0939481258392334 1460
0.09435200691223145 1460
0.09435200691223145 1460
0.09435200691223145 1460
0.09538412094116211 1460
0.09538412094116211 1460
0.09573912620544434 1460
0.09573912620544434 1460
0.09573912620544434 1460
0.09573912620544434 1460
0.10177302360534668 1460
0.10177302360534668 1460
0.10330605506896973 1460
0.10330605506896973 1460
0.10330605506896973 1460
0.10519695281982422 1460
0.10519695281982422 1460
0.11324095726013184 1460
0.11477112770080566 1460
0.11529016494750977 1460
0.11703801155090332 1460
0.11703801155090332 1460
0.11855602264404297 1460
0.11855602264404297 1460
0.11894106864929199 1460
0.11894106864929199 1460
0.12048697471618652 1460
0.12083911895751953 1460
0.12083911895751953 1460
0.12247014045715332 1460
0.12247014045715332 1460
0.12276601791381836 1460
0.12440109252929688 1460
0.12440109252929688 1460
0.12440109252929688 1460
0.12467503547668457 1460
0.12467503547668457 1460
0.12632393836975098 1460
0.12659001350402832 1460
0.12836813926696777 1460
0.12836813926696777 1460
0.12836813926696777 1460
0.12836813926696777 1460
0.12863612174987793 1460
0.13047099113464355 1460
0.13047099113464355 1460
0.13197803497314453 1460
0.13197803497314453 1460
0.13300299644470215 1460
0.13300299644470215 1460
0.13434410095214844 1460
0.13434410095214844 1460
0.13583898544311523 1460
0.13583898544311523 1460
0.13623499870300293 1460
0.13623499870300293 1460
0.13772010803222656 1460
0.13772010803222656 1460
0.13809895515441895 1460
0.13809895515441895 1460
0.13963603973388672 1460
0.14196014404296875 1460
0.14345312118530273 1460
0.14345312118530273 1460
0.14345312118530273 1460
0.14388394355773926 1460
0.14580512046813965 1460
0.1473369598388672 1460
0.14767694473266602 1460
0.14960694313049316 1460
0.1515350341796875 1460
0.15308499336242676 1460
0.15344500541687012 1460
0.15344500541687012 1460
0.15498900413513184 1460
0.15498900413513184 1460
0.15535497665405273 1460
0.15689802169799805 1460
0.15689802169799805 1460
0.15727996826171875 1460
0.15727996826171875 1460
0.1607201099395752 1460
0.16112112998962402 1460
0.16264009475708008 1460
0.1645810604095459 1460
0.1645810604095459 1460
0.1707301139831543 1460
0.1707301139831543 1460
0.17229604721069336 1460
0.1741490364074707 1460
0.1745469570159912 1460
0.1745469570159912 1460
0.17607617378234863 1460
0.17647099494934082 1460
0.17797017097473145 1460
0.1802821159362793 1460
0.18185210227966309 1460
0.18382716178894043 1460
0.18382716178894043 1460
0.18468308448791504 1460
0.18468308448791504 1460
0.18566107749938965 1460
0.18566107749938965 1460
0.18758010864257812 1460
0.18758010864257812 1460
0.18802595138549805 1460
0.18802595138549805 1460
0.18802595138549805 1460
0.18802595138549805 1460
0.18954110145568848 1460
0.18998193740844727 1460
0.18998193740844727 1460
0.1914200782775879 1460
0.19178199768066406 1460
0.19178199768066406 1460
0.19336795806884766 1460
0.19336795806884766 1460
0.4275391101837158 1460
0.4275391101837158 1460
0.4275391101837158 1460
0.4275391101837158 1460
0.4275391101837158 1460
0.43842506408691406 1460
0.4388279914855957 1460
0.4388279914855957 1460
0.4388279914855957 1460
0.4468660354614258 1460
0.44844913482666016 1460
0.44844913482666016 1460
0.4488060474395752 1460
0.4528520107269287 1460
0.4528520107269287 1460
0.4547610282897949 1460
0.4547610282897949 1460
0.456693172454834 1460
0.456693172454834 1460
0.456693172454834 1460
0.456693172454834 1460
0.45857810974121094 1460
0.4600870609283447 1460
0.460521936416626 1460
0.460521936416626 1460
0.460521936416626 1460
0.46199893951416016 1460
0.4624521732330322 1460
0.46396303176879883 1460
0.46592116355895996 1460
0.466480016708374 1460
0.466480016708374 1460
0.46813297271728516 1460
0.46813297271728516 1460
0.46813297271728516 1460
0.4688911437988281 1460
0.46994495391845703 1460
0.46994495391845703 1460
0.46994495391845703 1460
0.47194814682006836 1460
0.47194814682006836 1460
0.4739511013031006 1460
0.4754660129547119 1460
0.4758281707763672 1460
0.47774600982666016 1460
0.47774600982666016 1460
0.47965097427368164 1460
0.47965097427368164 1460
0.48124194145202637 1460
0.48124194145202637 1460
0.48311400413513184 1460
0.48311400413513184 1460
0.4834780693054199 1460
0.4834780693054199 1460
0.4850349426269531 1460
0.4854090213775635 1460
0.48694610595703125 1460
0.48694610595703125 1460
0.4872920513153076 1460
0.48888206481933594 1460
0.48888206481933594 1460
0.4893040657043457 1460
0.4908590316772461 1460
0.4908590316772461 1460
0.4911789894104004 1460
0.4926910400390625 1460
0.4930880069732666 1460
0.4930880069732666 1460
0.4949760437011719 1460
0.4949760437011719 1460
0.4965331554412842 1460
0.4965331554412842 1460
0.4968850612640381 1460
0.4968850612640381 1460
0.49846816062927246 1460
0.49888014793395996 1460
0.49888014793395996 1460
0.5003881454467773 1460
0.5007591247558594 1460
0.5007591247558594 1460
0.5028221607208252 1460
0.5028221607208252 1460
0.5041861534118652 1460
0.5045790672302246 1460
0.5061230659484863 1460
0.5061230659484863 1460
0.508044958114624 1460
0.508044958114624 1460
0.50838303565979 1460
0.5097370147705078 1460
0.5103371143341064 1460
0.5103371143341064 1460
0.5122900009155273 1460
0.5122900009155273 1460
0.5122900009155273 1460
0.5137951374053955 1460
0.5143649578094482 1460
0.5143649578094482 1460
0.5157570838928223 1460
0.5161759853363037 1460
0.5161759853363037 1460
0.5161759853363037 1460
0.5180511474609375 1460
0.5180511474609375 1460
0.5180511474609375 1460
0.5187311172485352 1460
0.5195741653442383 1460
0.5195741653442383 1460
0.5199971199035645 1460
0.5214519500732422 1460
0.5214519500732422 1460
0.5238180160522461 1460
0.5238180160522461 1460
0.5238180160522461 1460
0.5252821445465088 1460
0.5256690979003906 1460
0.5256690979003906 1460
0.527569055557251 1460
0.527569055557251 1460
0.5291221141815186 1460
0.5294930934906006 1460
0.5294930934906006 1460
0.5294930934906006 1460
0.5315029621124268 1460
0.5315029621124268 1460
0.5315029621124268 1460
0.5329790115356445 1460
0.5352821350097656 1460
0.5352821350097656 1460
0.5352821350097656 1460
0.5352821350097656 1460
0.5372490882873535 1460
0.5372490882873535 1460
0.5372490882873535 1460
0.5372490882873535 1460
0.5391249656677246 1460
0.5391249656677246 1460
0.5409600734710693 1460
0.5428791046142578 1460
0.5428791046142578 1460
0.5428791046142578 1460
0.5444321632385254 1460
0.5444321632385254 1460
0.5468001365661621 1460
0.5468001365661621 1460
0.5483479499816895 1460
0.5487539768218994 1460
0.5487539768218994 1460
0.5502610206604004 1460
0.5521550178527832 1460
0.5525209903717041 1460
0.5525209903717041 1460
0.554434061050415 1460
0.554434061050415 1460
0.554434061050415 1460
0.5559871196746826 1460
0.557913064956665 1460
0.557913064956665 1460
0.5582599639892578 1460
0.5582599639892578 1460
0.5601820945739746 1460
0.5601820945739746 1460
0.5601820945739746 1460
0.5601820945739746 1460
0.5621089935302734 1460
0.5621089935302734 1460
0.5636241436004639 1460
0.5641200542449951 1460
0.5657391548156738 1460
0.5657391548156738 1460
0.5662579536437988 1460
0.5662579536437988 1460
0.5675079822540283 1460
0.5678689479827881 1460
0.571666955947876 1460
0.571666955947876 1460
0.571666955947876 1460
0.5739259719848633 1460
0.5751330852508545 1460
0.5751330852508545 1460
0.5751330852508545 1460
0.5755250453948975 1460
0.5755250453948975 1460
0.5774490833282471 1460
0.5774490833282471 1460
0.5790131092071533 1460
0.5794529914855957 1460
0.5809540748596191 1460
0.5815141201019287 1460
0.5829730033874512 1460
0.5829730033874512 1460
0.5834310054779053 1460
0.5847461223602295 1460
0.5847461223602295 1460
0.5847461223602295 1460
0.5850911140441895 1460
0.5866620540618896 1460
0.5870511531829834 1460
0.5870511531829834 1460
0.5889360904693604 1460
0.5889360904693604 1460
0.5905101299285889 1460
0.590904951095581 1460
0.5937221050262451 1460
0.5950419902801514 1460
0.5950419902801514 1460
0.5950419902801514 1460
0.5968060493469238 1460
0.5968060493469238 1460
0.5981841087341309 1460
0.5981841087341309 1460
0.6001040935516357 1460
0.6022770404815674 1460
0.6027989387512207 1460
0.6027989387512207 1460
0.604438066482544 1460
0.604438066482544 1460
0.6063649654388428 1460
0.6063649654388428 1460
0.6077370643615723 1460
0.6077370643615723 1460
0.6081249713897705 1460
0.6081249713897705 1460
0.609652042388916 1460
0.609652042388916 1460
0.6100220680236816 1460
0.6100220680236816 1460
0.6119589805603027 1460
0.6119589805603027 1460
0.6119589805603027 1460
0.6119589805603027 1460
0.6138250827789307 1460
0.6138250827789307 1460
0.6192901134490967 1460
0.6192901134490967 1460
0.6192901134490967 1460
0.6196630001068115 1460
0.6196630001068115 1460
0.6216850280761719 1460
0.6216850280761719 1460
0.6231019496917725 1460
0.6231019496917725 1460
0.625014066696167 1460
0.6253740787506104 1460
0.627316951751709 1460
0.627316951751709 1460
0.6291871070861816 1460
0.6291871070861816 1460
0.6307950019836426 1460
0.6307950019836426 1460
0.6307950019836426 1460
0.6313209533691406 1460
0.6329641342163086 1460
0.633465051651001 1460
0.633465051651001 1460
0.633465051651001 1460
0.6365189552307129 1460
0.6365189552307129 1460
0.6365189552307129 1460
0.6365189552307129 1460
0.6384341716766357 1460
0.6384341716766357 1460
0.6403400897979736 1460
0.6407690048217773 1460
0.6407690048217773 1460
0.6407690048217773 1460
0.6426241397857666 1460
0.6441490650177002 1460
0.6445431709289551 1460
0.6445431709289551 1460
0.6465580463409424 1460
0.6465580463409424 1460
0.6485240459442139 1460
0.6485240459442139 1460
0.6522150039672852 1460
0.6522150039672852 1460
0.6541240215301514 1460
0.6541240215301514 1460
0.6541240215301514 1460
0.6556751728057861 1460
0.6560759544372559 1460
0.6560759544372559 1460
0.6576099395751953 1460
0.6580049991607666 1460
0.6580049991607666 1460
0.6580049991607666 1460
0.6614501476287842 1460
0.6618139743804932 1460
0.6618139743804932 1460
0.6633591651916504 1460
0.663686990737915 1460
0.6658649444580078 1460
0.6658649444580078 1460
0.6658649444580078 1460
0.6658649444580078 1460
0.6691181659698486 1460
0.6691181659698486 1460
0.6691181659698486 1460
0.6691181659698486 1460
0.6694769859313965 1460
0.6694769859313965 1460
0.6710519790649414 1460
0.6710519790649414 1460
0.6714391708374023 1460
0.6730320453643799 1460
0.6755330562591553 1460
0.6773159503936768 1460
0.6773159503936768 1460
0.6787011623382568 1460
0.6790440082550049 1460
0.6790440082550049 1460
0.6806380748748779 1460
0.6809930801391602 1460
0.6809930801391602 1460
0.6809930801391602 1460
0.6827349662780762 1460
0.6846539974212646 1460
0.6846539974212646 1460
0.6868400573730469 1460
0.6868400573730469 1460
0.6883211135864258 1460
0.6883211135864258 1460
0.6888339519500732 1460
0.6888339519500732 1460
0.6921319961547852 1460
0.69246506690979 1460
0.69246506690979 1460
0.69246506690979 1460
0.69246506690979 1460
0.6940159797668457 1460
0.6972970962524414 1460
0.6972970962524414 1460
0.6972970962524414 1460
0.6972970962524414 1460
0.702113151550293 1460
0.702113151550293 1460
0.7036960124969482 1460
0.7042810916900635 1460
0.7056989669799805 1460
0.7062809467315674 1460
0.7062809467315674 1460
0.7062809467315674 1460
0.7074661254882812 1460
0.7074661254882812 1460
0.7078039646148682 1460
0.7078039646148682 1460
0.7094430923461914 1460
0.709928035736084 1460
0.711724042892456 1460
0.711724042892456 1460
0.71368408203125 1460
0.71368408203125 1460
0.71368408203125 1460
0.71368408203125 1460
0.7175030708312988 1460
0.7175030708312988 1460
0.7175030708312988 1460
0.7175030708312988 1460
0.7195110321044922 1460
0.7195110321044922 1460
0.7215590476989746 1460
0.7215590476989746 1460
0.7215590476989746 1460
0.7215590476989746 1460
0.722769021987915 1460
0.7232370376586914 1460
0.7270281314849854 1460
0.7270281314849854 1460
0.7304620742797852 1460
0.7304620742797852 1460
0.7308721542358398 1460
0.7308721542358398 1460
0.732903003692627 1460
0.732903003692627 1460
0.7343471050262451 1460
0.7343471050262451 1460
0.7362580299377441 1460
0.7381589412689209 1460
0.7381589412689209 1460
0.7381589412689209 1460
0.7384819984436035 1460
0.7443830966949463 1460
0.7443830966949463 1460
0.7443830966949463 1460
0.745833158493042 1460
0.7477431297302246 1460
0.7477431297302246 1460
0.7481870651245117 1460
0.7496891021728516 1460
0.7500879764556885 1460
0.7500879764556885 1460
0.7515590190887451 1460
0.7515590190887451 1460
0.7518999576568604 1460
0.7534739971160889 1460
0.7538230419158936 1460
0.7538230419158936 1460
0.75583815574646 1460
0.75583815574646 1460
0.75583815574646 1460
0.7573139667510986 1460
0.757641077041626 1460
0.757641077041626 1460
0.7596571445465088 1460
0.7596571445465088 1460
0.7614810466766357 1460
0.7614810466766357 1460
0.7636330127716064 1460
0.7636330127716064 1460
0.7674281597137451 1460
0.7674281597137451 1460
0.769258975982666 1460
0.769258975982666 1460
0.769258975982666 1460
0.7711081504821777 1460
0.7711081504821777 1460
0.7726609706878662 1460
0.7730021476745605 1460
0.7730021476745605 1460
0.7745599746704102 1460
0.7745599746704102 1460
0.7749080657958984 1460
0.7749080657958984 1460
0.7769391536712646 1460
0.7769391536712646 1460
0.7769391536712646 1460
0.7769391536712646 1460
0.7789211273193359 1460
0.7789211273193359 1460
0.7789211273193359 1460
0.782250165939331 1460
0.7826471328735352 1460
0.7841510772705078 1460
0.7841510772705078 1460
0.7860801219940186 1460
0.7864301204681396 1460
0.7879979610443115 1460
0.788336992263794 1460
0.7942869663238525 1460
0.7942869663238525 1460
0.7956609725952148 1460
0.7956609725952148 1460
0.7960090637207031 1460
0.7960090637207031 1460
0.7976620197296143 1460
0.7979731559753418 1460
0.7995030879974365 1460
0.7998771667480469 1460
0.7998771667480469 1460
0.8013999462127686 1460
0.8017590045928955 1460
0.8017590045928955 1460
0.8033151626586914 1460
0.8037440776824951 1460
0.8037440776824951 1460
0.8052401542663574 1460
0.8055920600891113 1460
0.8055920600891113 1460
0.8071601390838623 1460
0.8075499534606934 1460
1.0424611568450928 1460
1.0424611568450928 1460
1.0429191589355469 1460
1.0429191589355469 1460
1.0429191589355469 1460
1.0429191589355469 1460
1.049056053161621 1460
1.051185131072998 1460
1.051185131072998 1460
1.0530951023101807 1460
1.0530951023101807 1460
1.0546929836273193 1460
1.0546929836273193 1460
1.0580470561981201 1460
1.0599839687347412 1460
1.0603160858154297 1460
1.0619399547576904 1460
1.0619399547576904 1460
1.062243938446045 1460
1.062243938446045 1460
1.063858985900879 1460
1.0643110275268555 1460
1.0657031536102295 1460
1.0661001205444336 1460
1.0676071643829346 1460
1.0679750442504883 1460
1.0679750442504883 1460
1.0695099830627441 1460
1.0695099830627441 1460
1.0714399814605713 1460
1.0714399814605713 1460
1.0737309455871582 1460
1.0737309455871582 1460
