1050000
0.0 1500
0.0010409355163574219 1500
0.0020508766174316406 1500
0.0020508766174316406 1500
0.0030689239501953125 1500
0.004051923751831055 1500
0.004051923751831055 1500
0.0053899288177490234 1500
0.0058939456939697266 1500
0.008003950119018555 1500
0.008003950119018555 1500
0.008003950119018555 1500
0.009907960891723633 1500
0.009907960891723633 1500
0.00996088981628418 1500
0.011739015579223633 1500
0.011801958084106445 1500
0.011801958084106445 1500
0.012953042984008789 1500
0.014840841293334961 1500
0.014840841293334961 1500
0.014840841293334961 1500
0.016093969345092773 1500
0.01697993278503418 1500
0.01697993278503418 1500
0.01793694496154785 1500
0.01896190643310547 1500
0.021661043167114258 1500
0.021661043167114258 1500
0.021661043167114258 1500
0.02192091941833496 1500
0.02192091941833496 1500
0.022929906845092773 1500
0.024173974990844727 1500
0.024927854537963867 1500
0.024927854537963867 1500
0.025981903076171875 1500
0.026942014694213867 1500
0.027988910675048828 1500
0.027988910675048828 1500
0.02923107147216797 1500
0.029942989349365234 1500
0.029942989349365234 1500
0.030887842178344727 1500
0.03176093101501465 1500
0.033555030822753906 1500
0.033555030822753906 1500
0.03544902801513672 1500
0.03544902801513672 1500
0.03544902801513672 1500
0.03582191467285156 1500
0.0368189811706543 1500
0.0379948616027832 1500
0.0379948616027832 1500
0.03921389579772949 1500
0.03994393348693848 1500
0.0410768985748291 1500
0.0410768985748291 1500
0.04209303855895996 1500
0.04287886619567871 1500
0.04287886619567871 1500
0.044239044189453125 1500
0.045018911361694336 1500
0.04587602615356445 1500
0.04587602615356445 1500
0.04857587814331055 1500
0.04857587814331055 1500
0.04857587814331055 1500
0.048928022384643555 1500
0.05002093315124512 1500
0.05132699012756348 1500
0.05132699012756348 1500
0.05219888687133789 1500
0.05295395851135254 1500
0.053917884826660156 1500
0.053917884826660156 1500
0.05494189262390137 1500
0.055975914001464844 1500
0.055975914001464844 1500
0.05698895454406738 1500
0.05791592597961426 1500
0.05910205841064453 1500
0.05910205841064453 1500
0.05997204780578613 1500
0.061161041259765625 1500
0.061161041259765625 1500
0.06176185607910156 1500
0.06297087669372559 1500
0.06374096870422363 1500
0.06374096870422363 1500
0.06504607200622559 1500
0.06576800346374512 1500
0.06742691993713379 1500
0.06742691993713379 1500
0.06782793998718262 1500
0.06921195983886719 1500
0.06921195983886719 1500
0.06993389129638672 1500
0.0709528923034668 1500
0.07190299034118652 1500
0.07190299034118652 1500
0.07301092147827148 1500
0.07407903671264648 1500
0.07407903671264648 1500
0.07492303848266602 1500
0.07602286338806152 1500
0.07702803611755371 1500
0.07702803611755371 1500
0.07788991928100586 1500
0.07910990715026855 1500
0.07995390892028809 1500
0.07996702194213867 1500
0.0809168815612793 1500
0.08193087577819824 1500
0.08193087577819824 1500
0.08299803733825684 1500
0.08430099487304688 1500
0.08490586280822754 1500
0.08490586280822754 1500
0.08591485023498535 1500
0.08691906929016113 1500
0.08691906929016113 1500
0.0879518985748291 1500
0.08912301063537598 1500
0.08975887298583984 1500
0.08975887298583984 1500
0.09106683731079102 1500
0.09180593490600586 1500
0.09180593490600586 1500
0.0928490161895752 1500
0.09398603439331055 1500
0.09487605094909668 1500
0.09487605094909668 1500
0.09586691856384277 1500
0.09678196907043457 1500
0.09819483757019043 1500
0.09819483757019043 1500
0.09946203231811523 1500
0.09984397888183594 1500
0.09984397888183594 1500
0.10091686248779297 1500
0.10331487655639648 1500
0.10331487655639648 1500
0.10331487655639648 1500
0.10432195663452148 1500
0.10500192642211914 1500
0.10500192642211914 1500
0.10580801963806152 1500
0.10687088966369629 1500
0.10802006721496582 1500
0.10802006721496582 1500
0.10929489135742188 1500
0.11020398139953613 1500
0.11127090454101562 1500
0.11127090454101562 1500
0.11213803291320801 1500
0.1131739616394043 1500
0.1131739616394043 1500
0.1139369010925293 1500
0.11488199234008789 1500
0.1161949634552002 1500
0.1161949634552002 1500
0.11701798439025879 1500
0.11788392066955566 1500
0.11788392066955566 1500
0.11916995048522949 1500
0.11975383758544922 1500
0.12078094482421875 1500
0.12078094482421875 1500
0.12193894386291504 1500
0.12284302711486816 1500
0.12384700775146484 1500
0.12384700775146484 1500
0.12489604949951172 1500
0.12648797035217285 1500
0.12648797035217285 1500
0.12723684310913086 1500
0.12788105010986328 1500
0.12889790534973145 1500
0.12889790534973145 1500
0.12999486923217773 1500
0.1310579776763916 1500
0.1310579776763916 1500
0.13189387321472168 1500
0.13292384147644043 1500
0.13411903381347656 1500
0.13411903381347656 1500
0.1351778507232666 1500
0.13576889038085938 1500
0.13750505447387695 1500
0.13750505447387695 1500
0.13774490356445312 1500
0.1391739845275879 1500
0.1391739845275879 1500
0.1402139663696289 1500
0.1410830020904541 1500
0.14239192008972168 1500
0.14239192008972168 1500
0.1428990364074707 1500
0.14410901069641113 1500
0.14410901069641113 1500
0.1448960304260254 1500
0.14607000350952148 1500
0.14706087112426758 1500
0.14706087112426758 1500
0.14823484420776367 1500
0.14935684204101562 1500
0.1499159336090088 1500
0.1499159336090088 1500
0.15115904808044434 1500
0.15268206596374512 1500
0.15268206596374512 1500
0.1534109115600586 1500
0.15442204475402832 1500
0.1551508903503418 1500
0.1551508903503418 1500
0.15592598915100098 1500
0.1568889617919922 1500
0.1568889617919922 1500
0.15802288055419922 1500
0.1590590476989746 1500
0.15999603271484375 1500
0.15999603271484375 1500
0.1608419418334961 1500
0.16195201873779297 1500
0.16311192512512207 1500
0.16311192512512207 1500
0.16373491287231445 1500
0.16473984718322754 1500
0.16473984718322754 1500
0.16592097282409668 1500
0.1668229103088379 1500
0.16816186904907227 1500
0.16816186904907227 1500
0.16890501976013184 1500
0.16982793807983398 1500
0.16982793807983398 1500
0.17073702812194824 1500
0.17190790176391602 1500
0.17308807373046875 1500
0.17308807373046875 1500
0.17380785942077637 1500
0.17473983764648438 1500
0.1765899658203125 1500
0.1765899658203125 1500
0.1767120361328125 1500
0.17842793464660645 1500
0.178941011428833 1500
0.178941011428833 1500
0.17997193336486816 1500
0.18092894554138184 1500
0.18092894554138184 1500
0.18197894096374512 1500
0.18280386924743652 1500
0.18280386924743652 1500
0.1839618682861328 1500
0.18471884727478027 1500
0.18578386306762695 1500
0.18578386306762695 1500
0.18703699111938477 1500
0.1881258487701416 1500
0.18919897079467773 1500
0.18919897079467773 1500
0.19012689590454102 1500
0.190903902053833 1500
0.190903902053833 1500
0.19213485717773438 1500
0.19272303581237793 1500
0.19432306289672852 1500
0.19432306289672852 1500
0.19496393203735352 1500
0.19617295265197754 1500
0.19617295265197754 1500
0.19696593284606934 1500
0.19799399375915527 1500
0.19901204109191895 1500
0.19901204109191895 1500
0.19992804527282715 1500
0.20091605186462402 1500
0.20200204849243164 1500
0.20200204849243164 1500
0.20291399955749512 1500
0.203948974609375 1500
0.203948974609375 1500
0.20493793487548828 1500
0.20591306686401367 1500
0.20693707466125488 1500
0.20693707466125488 1500
0.2082228660583496 1500
0.20900392532348633 1500
0.20900392532348633 1500
0.20985698699951172 1500
0.21104693412780762 1500
0.21227002143859863 1500
0.21227002143859863 1500
0.21329903602600098 1500
0.21419501304626465 1500
0.21486997604370117 1500
0.21486997604370117 1500
0.21628093719482422 1500
0.21693801879882812 1500
0.21693801879882812 1500
0.21997499465942383 1500
0.21997499465942383 1500
0.21997499465942383 1500
0.21997499465942383 1500
0.22109293937683105 1500
0.2219219207763672 1500
0.2219219207763672 1500
0.22290992736816406 1500
0.22394895553588867 1500
0.22495198249816895 1500
0.22495198249816895 1500
0.22597599029541016 1500
0.22719192504882812 1500
0.2279660701751709 1500
0.2279660701751709 1500
0.22889399528503418 1500
0.23057794570922852 1500
0.23057794570922852 1500
0.23098301887512207 1500
0.23198390007019043 1500
0.23293304443359375 1500
0.23293304443359375 1500
0.23391199111938477 1500
0.23508596420288086 1500
0.23508596420288086 1500
0.23613786697387695 1500
0.23707294464111328 1500
0.23804903030395508 1500
0.23804903030395508 1500
0.23911094665527344 1500
0.24006295204162598 1500
0.2410109043121338 1500
0.2410109043121338 1500
0.24196600914001465 1500
0.24289298057556152 1500
0.24289298057556152 1500
0.24374890327453613 1500
0.2451329231262207 1500
0.245805025100708 1500
0.245805025100708 1500
0.2469320297241211 1500
0.24845194816589355 1500
0.24845194816589355 1500
0.2490999698638916 1500
0.24997687339782715 1500
0.25096988677978516 1500
0.25096988677978516 1500
0.2521090507507324 1500
0.2528998851776123 1500
0.2528998851776123 1500
0.2542579174041748 1500
0.2549018859863281 1500
0.25596094131469727 1500
0.25596094131469727 1500
0.25725889205932617 1500
0.25792503356933594 1500
0.25902605056762695 1500
0.25902605056762695 1500
0.26009607315063477 1500
0.2608458995819092 1500
0.2608458995819092 1500
0.2620530128479004 1500
0.2631340026855469 1500
0.26427197456359863 1500
0.26427197456359863 1500
0.26490092277526855 1500
0.2660520076751709 1500
0.2660520076751709 1500
0.26691699028015137 1500
0.2681739330291748 1500
0.26904296875 1500
0.26904296875 1500
0.26996302604675293 1500
0.27089691162109375 1500
0.2721219062805176 1500
0.2721219062805176 1500
0.27289795875549316 1500
0.2741279602050781 1500
0.2741279602050781 1500
0.274899959564209 1500
0.2772839069366455 1500
0.2772839069366455 1500
0.2772839069366455 1500
0.2779078483581543 1500
0.2792520523071289 1500
0.2792520523071289 1500
0.27991485595703125 1500
0.28109097480773926 1500
0.2821049690246582 1500
0.2821049690246582 1500
0.28322505950927734 1500
0.2839949131011963 1500
0.28505992889404297 1500
0.28505992889404297 1500
0.2859199047088623 1500
0.2871119976043701 1500
0.2871119976043701 1500
0.28814697265625 1500
0.2890188694000244 1500
0.29001784324645996 1500
0.29001784324645996 1500
0.29097795486450195 1500
0.2923719882965088 1500
0.2923719882965088 1500
0.29278993606567383 1500
0.29399895668029785 1500
0.29501795768737793 1500
0.29501795768737793 1500
0.296069860458374 1500
0.2969939708709717 1500
0.2980339527130127 1500
0.2980339527130127 1500
0.2992849349975586 1500
0.3000478744506836 1500
0.3000478744506836 1500
0.30116987228393555 1500
0.3022589683532715 1500
0.30292391777038574 1500
0.30292391777038574 1500
0.3039219379425049 1500
0.3047940731048584 1500
0.3047940731048584 1500
0.3057880401611328 1500
0.3070650100708008 1500
0.3077878952026367 1500
0.3077878952026367 1500
0.3088829517364502 1500
0.30991101264953613 1500
0.3117990493774414 1500
0.3117990493774414 1500
0.3117990493774414 1500
0.31327104568481445 1500
0.31327104568481445 1500
0.3141448497772217 1500
0.31488990783691406 1500
0.316364049911499 1500
0.316364049911499 1500
0.31781005859375 1500
0.3181610107421875 1500
0.3181610107421875 1500
0.31900691986083984 1500
0.31993985176086426 1500
0.3210568428039551 1500
0.3210568428039551 1500
0.3220710754394531 1500
0.3229179382324219 1500
0.3239269256591797 1500
0.3239269256591797 1500
0.3251368999481201 1500
0.32607293128967285 1500
0.32607293128967285 1500
0.32697296142578125 1500
0.32789087295532227 1500
0.32915306091308594 1500
0.32915306091308594 1500
0.32988595962524414 1500
0.33101391792297363 1500
0.33101391792297363 1500
0.332042932510376 1500
0.3328878879547119 1500
0.3339860439300537 1500
0.3339860439300537 1500
0.3348720073699951 1500
0.3359408378601074 1500
0.3368520736694336 1500
0.3368520736694336 1500
0.33791399002075195 1500
0.33922696113586426 1500
0.33922696113586426 1500
0.33992695808410645 1500
0.3433878421783447 1500
0.3433878421783447 1500
0.3433878421783447 1500
0.3433878421783447 1500
0.34442687034606934 1500
0.34442687034606934 1500
0.34491395950317383 1500
0.34590888023376465 1500
0.3469688892364502 1500
0.3469688892364502 1500
0.34798407554626465 1500
0.3490149974822998 1500
0.3498718738555908 1500
0.3498718738555908 1500
0.3509209156036377 1500
0.35205507278442383 1500
0.35205507278442383 1500
0.35291194915771484 1500
0.35416388511657715 1500
0.35506391525268555 1500
0.35506391525268555 1500
0.35589599609375 1500
0.35695600509643555 1500
0.35695600509643555 1500
0.35809898376464844 1500
0.360213041305542 1500
0.36029791831970215 1500
0.36040592193603516 1500
0.3611018657684326 1500
0.36204099655151367 1500
0.3630549907684326 1500
0.3630549907684326 1500
0.3641359806060791 1500
0.36490297317504883 1500
0.36490297317504883 1500
0.3659830093383789 1500
0.3668520450592041 1500
0.36782288551330566 1500
0.36782288551330566 1500
0.3689298629760742 1500
0.3697659969329834 1500
0.3697659969329834 1500
0.37083888053894043 1500
0.37186384201049805 1500
0.37304091453552246 1500
0.37304091453552246 1500
0.3737318515777588 1500
0.375169038772583 1500
0.3760690689086914 1500
0.3760859966278076 1500
0.37685585021972656 1500
0.3777639865875244 1500
0.3777639865875244 1500
0.3790569305419922 1500
0.380018949508667 1500
0.3809828758239746 1500
0.3809828758239746 1500
0.38175392150878906 1500
0.3827979564666748 1500
0.3827979564666748 1500
0.3837409019470215 1500
0.38500499725341797 1500
0.38579797744750977 1500
0.38579797744750977 1500
0.38681983947753906 1500
0.3878469467163086 1500
0.38887906074523926 1500
0.38887906074523926 1500
0.3897089958190918 1500
0.39075803756713867 1500
0.39075803756713867 1500
0.3917579650878906 1500
0.39302897453308105 1500
0.39380407333374023 1500
0.39380407333374023 1500
0.3947129249572754 1500
0.39647603034973145 1500
0.39647603034973145 1500
0.3967139720916748 1500
0.3979220390319824 1500
0.39873600006103516 1500
0.39873600006103516 1500
0.3997628688812256 1500
0.40082406997680664 1500
0.40174198150634766 1500
0.40174198150634766 1500
0.402724027633667 1500
0.40418386459350586 1500
0.40418386459350586 1500
0.4047088623046875 1500
0.40677499771118164 1500
0.40744996070861816 1500
0.40744996070861816 1500
0.40828990936279297 1500
0.4091050624847412 1500
0.4091050624847412 1500
0.41017603874206543 1500
0.4112389087677002 1500
0.4119229316711426 1500
0.4119229316711426 1500
0.4128868579864502 1500
0.4138529300689697 1500
0.4150538444519043 1500
0.4150538444519043 1500
0.41585588455200195 1500
0.41678905487060547 1500
0.41678905487060547 1500
0.4179408550262451 1500
0.419219970703125 1500
0.4197819232940674 1500
0.4197819232940674 1500
0.42080092430114746 1500
0.4219539165496826 1500
0.42212605476379395 1500
0.4232020378112793 1500
0.42381787300109863 1500
0.4247920513153076 1500
0.4247920513153076 1500
0.42706894874572754 1500
0.4272580146789551 1500
0.4272580146789551 1500
0.42823004722595215 1500
0.42908692359924316 1500
0.4303300380706787 1500
0.4303300380706787 1500
0.43090200424194336 1500
0.43192100524902344 1500
0.43343186378479004 1500
0.43343186378479004 1500
0.4338338375091553 1500
0.4349088668823242 1500
0.4349088668823242 1500
0.43621087074279785 1500
0.4369080066680908 1500
0.43830084800720215 1500
0.43830084800720215 1500
0.43912386894226074 1500
0.43991994857788086 1500
0.43991994857788086 1500
0.4409668445587158 1500
0.44208407402038574 1500
0.44289493560791016 1500
0.44289493560791016 1500
0.4439249038696289 1500
0.44489502906799316 1500
0.44602394104003906 1500
0.44602394104003906 1500
0.44690489768981934 1500
0.44796085357666016 1500
0.44796085357666016 1500
0.4489939212799072 1500
0.44994688034057617 1500
0.45133399963378906 1500
0.45133399963378906 1500
0.4518618583679199 1500
0.453049898147583 1500
0.4549119472503662 1500
0.4549119472503662 1500
0.4549119472503662 1500
0.45613789558410645 1500
0.45613789558410645 1500
0.4569070339202881 1500
0.45798587799072266 1500
0.4589269161224365 1500
0.4589269161224365 1500
0.4599618911743164 1500
0.46094489097595215 1500
0.46094489097595215 1500
0.46188902854919434 1500
0.4628739356994629 1500
0.46401286125183105 1500
0.46401286125183105 1500
0.46486997604370117 1500
0.4660789966583252 1500
0.4668889045715332 1500
0.4668889045715332 1500
0.46917295455932617 1500
0.46917295455932617 1500
0.46917295455932617 1500
0.47044897079467773 1500
0.470836877822876 1500
0.4721388816833496 1500
0.4721388816833496 1500
0.4728679656982422 1500
0.47391295433044434 1500
0.47391295433044434 1500
0.47491002082824707 1500
0.4758780002593994 1500
0.4767110347747803 1500
0.4767110347747803 1500
0.47843503952026367 1500
0.4796130657196045 1500
0.47977590560913086 1500
0.47977590560913086 1500
0.48191189765930176 1500
0.48191189765930176 1500
0.48191189765930176 1500
0.48331689834594727 1500
0.48367786407470703 1500
0.484997034072876 1500
0.484997034072876 1500
0.48659396171569824 1500
0.4869718551635742 1500
0.4869718551635742 1500
0.48796606063842773 1500
0.4889218807220459 1500
0.4898700714111328 1500
0.4898700714111328 1500
0.4909250736236572 1500
0.49182796478271484 1500
0.4928598403930664 1500
0.4928598403930664 1500
0.49408507347106934 1500
0.495466947555542 1500
0.495466947555542 1500
0.4957599639892578 1500
0.4968750476837158 1500
0.49788689613342285 1500
0.49788689613342285 1500
0.4989800453186035 1500
0.5000090599060059 1500
0.5000090599060059 1500
0.5008859634399414 1500
0.5019519329071045 1500
0.5050508975982666 1500
0.5050508975982666 1500
0.5052900314331055 1500
0.505652904510498 1500
