1049319
0.0 1460
9.5367431640625e-07 1460
9.5367431640625e-07 1460
1.9073486328125e-06 1460
3.0994415283203125e-06 1460
3.0994415283203125e-06 1460
4.0531158447265625e-06 1460
4.0531158447265625e-06 1460
5.0067901611328125e-06 1460
5.0067901611328125e-06 1460
0.0018570423126220703 833
0.0018579959869384766 1460
0.0018579959869384766 1460
0.0018589496612548828 1460
0.0018589496612548828 1460
0.001859903335571289 1460
0.0018610954284667969 1460
0.0018610954284667969 1460
0.0018620491027832031 1460
0.0018620491027832031 1460
0.0018630027770996094 1460
0.0018630027770996094 1460
0.0018639564514160156 833
0.0018639564514160156 1460
0.0018649101257324219 1460
0.0018661022186279297 1460
0.0039479732513427734 1460
0.00394892692565918 1460
0.003949880599975586 1460
0.003949880599975586 1460
0.003951072692871094 1460
0.003951072692871094 1460
0.0039520263671875 1460
0.0039520263671875 1460
0.003952980041503906 833
0.003952980041503906 1460
0.0039539337158203125 1460
0.0039539337158203125 1460
0.003954887390136719 1460
0.003954887390136719 1460
0.003954887390136719 1460
0.0039560794830322266 1460
0.005312919616699219 1460
0.005312919616699219 1460
0.1257920265197754 1460
0.1257920265197754 1460
0.1257929801940918 1460
0.1257929801940918 1460
0.1257939338684082 1460
0.1257939338684082 1460
0.1257948875427246 1460
0.1257948875427246 1460
0.1257948875427246 1460
0.12579607963562012 1460
0.12579607963562012 1460
0.126600980758667 1460
0.1266019344329834 1460
0.1266019344329834 1460
0.127885103225708 1460
0.12788605690002441 1460
0.12788701057434082 1460
0.12788701057434082 1460
0.12788796424865723 1460
0.12788796424865723 1460
0.12788891792297363 1460
0.12788891792297363 1460
0.12788891792297363 1460
0.12789011001586914 1460
0.12789011001586914 1460
0.12789106369018555 1460
0.12789201736450195 1460
0.12979602813720703 1460
0.12979698181152344 1460
0.12979698181152344 1460
0.12979793548583984 1460
0.12979888916015625 1460
0.12979888916015625 1460
0.12980008125305176 1460
0.12980008125305176 1460
0.12980103492736816 1460
0.12980103492736816 1460
0.12980103492736816 1460
0.12980198860168457 1460
0.12980198860168457 1460
0.12980294227600098 1460
0.12980294227600098 1460
0.12980294227600098 1460
0.13186287879943848 1460
0.13186287879943848 1460
0.13186407089233398 1460
0.13186407089233398 1460
0.1318650245666504 1460
0.1318650245666504 1460
0.1318659782409668 1460
0.1318659782409668 1460
0.1318659782409668 1460
0.1318669319152832 1460
0.1318669319152832 1460
0.1318678855895996 1460
0.1318678855895996 1460
0.1318678855895996 1460
0.13186907768249512 1460
0.13186907768249512 1460
0.13368892669677734 1460
0.13368892669677734 1460
0.13368988037109375 1460
0.13368988037109375 1460
0.13369107246398926 1460
0.13369107246398926 1460
0.13369202613830566 1460
0.13369202613830566 1460
0.13369202613830566 1460
0.13369297981262207 1460
0.26572394371032715 1460
0.26572489738464355 1460
0.26572608947753906 1460
0.26572608947753906 1460
0.26572704315185547 1460
0.26572704315185547 1460
0.2657279968261719 1460
0.2657289505004883 1460
0.2657289505004883 1460
0.2657299041748047 1460
0.2657299041748047 1460
0.2657310962677002 1460
0.2657310962677002 1460
0.2657320499420166 1460
0.2662079334259033 1460
0.2685999870300293 1460
0.2686009407043457 1460
0.2686018943786621 1460
0.2686018943786621 1460
0.2686030864715576 1460
0.268604040145874 1460
0.268604040145874 1460
0.26860499382019043 1460
0.26860499382019043 1460
0.26860594749450684 1460
0.26860690116882324 1460
0.26860690116882324 1460
0.26860809326171875 1460
0.26860904693603516 1460
0.26860904693603516 1460
0.26861000061035156 1460
0.26861000061035156 1460
0.26861095428466797 1460
0.2686119079589844 1460
0.2686119079589844 1460
0.2686131000518799 1460
0.2686140537261963 1460
0.2686290740966797 1460
0.27059102058410645 1460
0.27059197425842285 1460
0.27059197425842285 1460
0.27059292793273926 1460
0.27059292793273926 1460
0.270596981048584 1460
0.2705979347229004 1460
0.2705979347229004 1460
0.2705979347229004 1460
0.2705988883972168 1460
0.2723970413208008 1460
0.2723979949951172 1460
0.2723979949951172 1460
0.2723989486694336 1460
0.2723989486694336 1460
0.27239990234375 1460
0.2724010944366455 1460
0.2724010944366455 1460
0.2724020481109619 1460
0.2724020481109619 1460
0.2724030017852783 1460
0.2743690013885498 1460
0.2743690013885498 1460
0.2743699550628662 1460
0.2743709087371826 1460
0.2743709087371826 1460
0.27466702461242676 1460
0.27466797828674316 1460
0.27466797828674316 1460
0.27619290351867676 1460
0.27619290351867676 1460
0.3937358856201172 1460
0.3937358856201172 1460
0.3937370777130127 1460
0.3937370777130127 1460
0.3937380313873291 1460
0.3937380313873291 1460
0.3937389850616455 1460
0.3937389850616455 1460
0.3937399387359619 1460
0.3937399387359619 1460
0.3937408924102783 1460
0.39560794830322266 1460
0.39560890197753906 1460
0.39561009407043457 1460
0.3956129550933838 1460
0.3956129550933838 1460
0.3956139087677002 1460
0.3956139087677002 1460
0.3956151008605957 1460
0.3956151008605957 1460
0.3956160545349121 1460
0.39766407012939453 1460
0.39766407012939453 1460
0.39766502380371094 1460
0.39766502380371094 1460
0.39766597747802734 1460
0.39766597747802734 1460
0.39766597747802734 1460
0.39766693115234375 1460
0.39766693115234375 1460
0.39766788482666016 1460
0.39766788482666016 1460
0.39766788482666016 1460
0.39766907691955566 1460
0.39766907691955566 1460
0.39767003059387207 1460
0.39767003059387207 1460
0.39935898780822754 1460
0.39935898780822754 1460
0.39935898780822754 1460
0.39935994148254395 1460
0.39935994148254395 1460
0.39936089515686035 1460
0.39936089515686035 1460
0.39936089515686035 1460
0.39936208724975586 1460
0.39936208724975586 1460
0.39936208724975586 1460
0.4013690948486328 1460
0.4013700485229492 1460
0.4013700485229492 1460
0.4013700485229492 1460
0.4013710021972656 1460
0.4031870365142822 1460
0.4031870365142822 1460
0.40318799018859863 1460
0.40318799018859863 1460
0.40318799018859863 1460
0.40318894386291504 1460
0.40318894386291504 1460
0.40319108963012695 1460
0.40319108963012695 1460
0.40319204330444336 1460
0.4050910472869873 1460
0.40509510040283203 1460
0.40509700775146484 1460
0.40509796142578125 1460
0.40509796142578125 1460
0.40509796142578125 1460
0.4070398807525635 1460
0.520103931427002 1460
0.5201048851013184 1460
0.5201060771942139 1460
0.5201060771942139 1460
0.5201070308685303 1460
0.5201079845428467 1460
0.5201079845428467 1460
0.5218689441680908 1460
0.5218689441680908 1460
0.5218698978424072 1460
0.5218698978424072 1460
0.5218710899353027 1460
0.5218720436096191 1460
0.5218720436096191 1460
0.5218729972839355 1460
0.5218729972839355 1460
0.521873950958252 1460
0.5218749046325684 1460
0.5218749046325684 1460
0.5218760967254639 1460
0.524055004119873 1460
0.5240559577941895 1460
0.5240569114685059 1460
0.5258059501647949 1460
0.5258069038391113 1460
0.5258069038391113 1460
0.5258080959320068 1460
0.5258080959320068 1460
0.5258090496063232 1460
0.5258090496063232 1460
0.5258100032806396 1460
0.5258100032806396 1460
0.525810956954956 1460
0.5258119106292725 1460
0.5258119106292725 1460
0.525813102722168 1460
0.525813102722168 1460
0.5258140563964844 1460
0.5258140563964844 1460
0.5282049179077148 1460
0.5282061100006104 1460
0.5282061100006104 1460
0.5282070636749268 1460
0.5282080173492432 1460
0.5282080173492432 1460
0.5282089710235596 1460
0.528209924697876 1460
0.528209924697876 1460
0.5282149314880371 1460
0.5296449661254883 1460
0.5296459197998047 1460
0.5296459197998047 1460
0.5296471118927002 1460
0.5296480655670166 1460
0.529649019241333 1460
0.529649019241333 1460
0.5296499729156494 1460
0.5296509265899658 1460
0.5296518802642822 1460
0.5296518802642822 1460
0.5296530723571777 1460
0.5296540260314941 1460
0.5316848754882812 1460
0.5316860675811768 1460
0.5316870212554932 1460
0.5316870212554932 1460
0.5316879749298096 1460
0.5316879749298096 1460
0.6408801078796387 1460
0.6408810615539551 1460
0.6522860527038574 1460
0.6522870063781738 1460
0.65447998046875 1460
0.65447998046875 1460
0.6544809341430664 1460
0.6544809341430664 1460
0.6544818878173828 1460
0.6544818878173828 1460
0.6564500331878662 1460
0.6564509868621826 1460
0.6564509868621826 1460
0.656451940536499 1460
0.6564550399780273 1460
0.6564559936523438 1460
0.6564559936523438 1460
0.6564569473266602 1460
0.6564569473266602 1460
0.6564579010009766 1460
0.6580579280853271 1460
0.6580588817596436 1460
0.6580600738525391 1460
0.6580600738525391 1460
0.6580610275268555 1460
0.6580610275268555 1460
0.6580619812011719 1460
0.6580619812011719 1460
0.6580629348754883 1460
0.6580638885498047 1460
0.6580638885498047 1460
0.6580650806427002 1460
0.6580650806427002 1460
0.6580660343170166 1460
0.6580660343170166 1460
0.658066987991333 1460
0.6600830554962158 1460
0.6600840091705322 1460
0.6600840091705322 1460
0.6600849628448486 1460
0.6600849628448486 1460
0.6600890159606934 1460
0.6600899696350098 1460
0.6600899696350098 1460
0.6600909233093262 1460
0.6600909233093262 1460
0.6617929935455322 1460
0.6617939472198486 1460
0.6617939472198486 1460
0.661794900894165 1460
0.661794900894165 1460
0.6617960929870605 1460
0.6639959812164307 1460
0.6639969348907471 1460
0.6639978885650635 1460
0.6639978885650635 1460
0.663999080657959 1460
0.663999080657959 1460
0.6640000343322754 1460
0.6640009880065918 1460
0.6640009880065918 1460
0.6640019416809082 1460
0.6640019416809082 1460
0.6640028953552246 1460
0.6656460762023926 1460
0.6656489372253418 1460
0.6656498908996582 1460
0.6656498908996582 1460
0.6656510829925537 1460
0.6656510829925537 1460
0.6656520366668701 1460
0.7750771045684814 1460
0.7750780582427979 1460
0.8090560436248779 1460
0.8090569972991943 1460
0.8090939521789551 1460
0.8090949058532715 1460
0.809096097946167 1460
0.8090970516204834 1460
0.8090980052947998 1460
0.8090989589691162 1460
0.8091130256652832 1460
0.8091139793395996 1460
0.809114933013916 1460
0.8091158866882324 1460
0.8091180324554443 1460
0.8092529773712158 1460
0.8092539310455322 1460
0.8092548847198486 1460
0.8093619346618652 1460
0.8093640804290771 1460
0.8093640804290771 1460
0.8093650341033936 1460
0.80936598777771 1460
0.8093669414520264 1460
0.8093678951263428 1460
0.8093678951263428 1460
0.8093690872192383 1460
0.8093700408935547 1460
0.8093709945678711 1460
0.8093709945678711 1460
0.8093719482421875 1460
0.8093729019165039 1460
0.8093740940093994 1460
0.8093750476837158 1460
0.8097970485687256 1460
0.8097989559173584 1460
0.8097999095916748 1460
0.8098011016845703 1460
0.8098020553588867 1460
0.8098020553588867 1460
0.8098039627075195 1460
0.8098049163818359 1460
0.8098049163818359 1460
0.8098061084747314 1460
0.8098070621490479 1460
0.8098170757293701 1460
0.8098180294036865 1460
0.8098189830780029 1460
0.8098199367523193 1460
0.8098208904266357 1460
0.8098220825195312 1460
0.8105759620666504 1460
0.8105769157409668 1460
0.8105781078338623 1460
0.8105790615081787 1460
0.8105790615081787 1460
0.8105809688568115 1460
0.8105819225311279 1460
0.8105828762054443 1460
0.8105840682983398 1460
0.8105850219726562 1460
0.8105859756469727 1460
0.8105869293212891 1460
0.8105878829956055 1460
0.8105900287628174 1460
0.8105909824371338 1460
0.8105919361114502 1460
0.8105928897857666 1460
0.8105940818786621 1460
0.8105940818786621 1460
0.8105950355529785 1460
0.9055109024047852 1460
0.9055120944976807 1460
0.9153790473937988 1460
0.9153809547424316 1460
0.9170188903808594 1460
0.9170188903808594 1460
0.9170188903808594 1460
0.9170200824737549 1460
0.9170200824737549 1460
0.9170200824737549 1460
0.9170210361480713 1460
0.9170210361480713 1460
0.9170210361480713 1460
0.9170219898223877 1460
0.9170219898223877 1460
0.9170229434967041 1460
0.9170229434967041 1460
0.9170229434967041 1460
0.9170238971710205 1460
0.9170238971710205 1460
0.9185888767242432 1460
0.9185900688171387 1460
0.9185900688171387 1460
0.9185900688171387 1460
0.9185910224914551 1460
0.9185910224914551 1460
0.9185919761657715 1460
0.9185919761657715 1460
0.9185919761657715 1460
0.9185929298400879 1460
0.9185929298400879 1460
0.9185929298400879 1460
0.9185938835144043 1460
0.9185938835144043 1460
0.9185950756072998 1460
0.9185950756072998 1460
0.9210760593414307 1460
0.9210770130157471 1460
0.9210770130157471 1460
0.9210779666900635 1460
0.9210779666900635 1460
0.9210789203643799 1460
0.9210789203643799 1460
0.9210789203643799 1460
0.9210801124572754 1460
0.9210801124572754 1460
0.9210810661315918 1460
0.9210810661315918 1460
0.9210820198059082 1460
0.9210820198059082 1460
0.9210829734802246 1460
0.9210829734802246 1460
0.9228529930114746 1460
0.922853946685791 1460
0.922853946685791 1460
0.9228549003601074 1460
0.9228549003601074 1460
0.9228560924530029 1460
0.9228570461273193 1460
0.9228570461273193 1460
0.9228579998016357 1460
0.9228579998016357 1460
0.9228589534759521 1460
0.9228589534759521 1460
0.9228589534759521 1460
0.9228599071502686 1460
0.9228599071502686 1460
0.9228610992431641 1460
0.9250800609588623 1460
0.9250810146331787 1460
0.9250810146331787 1460
1.0010499954223633 1460
1.0010499954223633 1460
1.0084400177001953 1460
1.0084400177001953 1460
1.0103368759155273 1460
1.0103368759155273 1460
1.0103380680084229 1460
1.0103380680084229 1460
1.0103390216827393 1460
1.0103390216827393 1460
1.0103399753570557 1460
1.0103399753570557 1460
1.010340929031372 1460
1.010340929031372 1460
1.0124108791351318 1460
1.0124108791351318 1460
1.0124120712280273 1460
1.0124120712280273 1460
1.0124130249023438 1460
1.0124139785766602 1460
1.0124139785766602 1460
1.0124139785766602 1460
1.0124149322509766 1460
1.0124149322509766 1460
1.012415885925293 1460
1.012415885925293 1460
1.0124170780181885 1460
1.0124180316925049 1460
1.0124189853668213 1460
1.0124199390411377 1460
1.014280080795288 1460
1.014280080795288 1460
1.0142810344696045 1460
1.0142810344696045 1460
1.0142810344696045 1460
1.014281988143921 1460
1.014281988143921 1460
1.014281988143921 1460
1.0142829418182373 1460
1.0142829418182373 1460
1.0142838954925537 1460
1.0142838954925537 1460
1.0142838954925537 1460
1.0142850875854492 1460
1.0142850875854492 1460
1.0142850875854492 1460
1.016206979751587 1460
1.0162079334259033 1460
1.0162079334259033 1460
1.0162088871002197 1460
1.0162088871002197 1460
1.0162100791931152 1460
1.0162100791931152 1460
1.0162100791931152 1460
1.0162129402160645 1460
1.0162129402160645 1460
1.0162129402160645 1460
1.0162138938903809 1460
1.0162138938903809 1460
1.0162150859832764 1460
1.0162150859832764 1460
1.0162160396575928 1460
1.0181028842926025 1460
1.018104076385498 1460
1.018104076385498 1460
1.018104076385498 1460
1.0181050300598145 1460
1.0181050300598145 1460
1.0181059837341309 1460
1.0181059837341309 1460
1.0181069374084473 1460
1.0979669094085693 1460
1.0979690551757812 1460
1.1059129238128662 1460
1.1059138774871826 1460
1.1077580451965332 1460
1.1077589988708496 1460
1.1077589988708496 1460
1.107759952545166 1460
1.1077609062194824 1460
1.1077609062194824 1460
1.107762098312378 1460
1.107762098312378 1460
1.1099400520324707 1460
1.109941005706787 1460
1.1099419593811035 1460
1.1099419593811035 1460
1.10994291305542 1460
1.1099441051483154 1460
1.1099441051483154 1460
1.1099450588226318 1460
1.1099450588226318 1460
1.1099460124969482 1460
1.1099469661712646 1460
1.109947919845581 1460
1.1099491119384766 1460
1.1099491119384766 1460
1.109950065612793 1460
1.1099510192871094 1460
1.110119104385376 1460
1.1101200580596924 1460
1.1101210117340088 1460
1.1117100715637207 1460
1.111711025238037 1460
1.111711025238037 1460
1.1117119789123535 1460
1.11171293258667 1460
1.11171293258667 1460
1.1117138862609863 1460
1.1117138862609863 1460
1.1117150783538818 1460
1.1117160320281982 1460
1.1117169857025146 1460
1.1117169857025146 1460
1.111717939376831 1460
1.113476037979126 1460
1.1134769916534424 1460
1.1134779453277588 1460
1.1134779453277588 1460
1.1134788990020752 1460
1.1134800910949707 1460
1.1134800910949707 1460
1.113481044769287 1460
1.1134819984436035 1460
1.1134819984436035 1460
1.11348295211792 1460
1.11348295211792 1460
1.1134839057922363 1460
1.1134850978851318 1460
1.1134850978851318 1460
1.1134860515594482 1460
1.1155459880828857 1460
1.1155469417572021 1460
1.1155478954315186 1460
1.1155478954315186 1460
1.115549087524414 1460
1.1155500411987305 1460
1.1155500411987305 1460
1.1155519485473633 1460
1.1155529022216797 1460
1.1155529022216797 1460
1.1155540943145752 1460
1.170701026916504 1460
1.170701026916504 1460
1.1900010108947754 1460
1.1900010108947754 1460
1.1915090084075928 1460
1.1935830116271973 1460
1.19358491897583 1460
1.19358491897583 1460
1.1935861110687256 1460
1.193587064743042 1460
1.1935880184173584 1460
1.1935889720916748 1460
1.1935908794403076 1460
1.1935920715332031 1460
1.1935920715332031 1460
1.1935930252075195 1460
1.193593978881836 1460
1.1935949325561523 1460
1.1935949325561523 1460
1.1935958862304688 1460
1.1956639289855957 1460
1.195664882659912 1460
1.195664882659912 1460
1.1956660747528076 1460
1.1956660747528076 1460
1.195667028427124 1460
1.1956679821014404 1460
1.1956679821014404 1460
1.1956689357757568 1460
1.1956698894500732 1460
1.1956698894500732 1460
1.1956710815429688 1460
1.1956710815429688 1460
1.1956720352172852 1460
1.1956729888916016 1460
1.195673942565918 1460
1.197434902191162 1460
1.1974360942840576 1460
1.197437047958374 1460
1.1974380016326904 1460
1.1974380016326904 1460
1.1974389553070068 1460
1.1974399089813232 1460
1.1974411010742188 1460
1.1974420547485352 1460
