1050000
0.0 1500
0.000926971435546875 1500
0.001979827880859375 1500
0.0029599666595458984 1500
0.0029599666595458984 1500
0.0038919448852539062 1500
0.005157947540283203 1500
0.005157947540283203 1500
0.006175041198730469 1500
0.006888866424560547 1500
0.0078089237213134766 1500
0.0078089237213134766 1500
0.009251832962036133 1500
0.010186910629272461 1500
0.010835886001586914 1500
0.010835886001586914 1500
0.012663841247558594 1500
0.012847900390625 1500
0.012847900390625 1500
0.014137983322143555 1500
0.015075922012329102 1500
0.015655040740966797 1500
0.015655040740966797 1500
0.017246007919311523 1500
0.017737865447998047 1500
0.017737865447998047 1500
0.019741058349609375 1500
0.019741058349609375 1500
0.021049022674560547 1500
0.021049022674560547 1500
0.0216829776763916 1500
0.023045063018798828 1500
0.023828983306884766 1500
0.023828983306884766 1500
0.025143861770629883 1500
0.025902986526489258 1500
0.025902986526489258 1500
0.026896953582763672 1500
0.027875900268554688 1500
0.02911090850830078 1500
0.02911090850830078 1500
0.029844045639038086 1500
0.031143903732299805 1500
0.031143903732299805 1500
0.032095909118652344 1500
0.03281688690185547 1500
0.0340578556060791 1500
0.0340578556060791 1500
0.03492593765258789 1500
0.035809993743896484 1500
0.037158966064453125 1500
0.037158966064453125 1500
0.03782796859741211 1500
0.03890705108642578 1500
0.03890705108642578 1500
0.03995800018310547 1500
0.04091000556945801 1500
0.04197192192077637 1500
0.04197192192077637 1500
0.042903900146484375 1500
0.04390096664428711 1500
0.04390096664428711 1500
0.045187950134277344 1500
0.04590487480163574 1500
0.04728984832763672 1500
0.04728984832763672 1500
0.04784083366394043 1500
0.049551963806152344 1500
0.04992389678955078 1500
0.04992389678955078 1500
0.05117201805114746 1500
0.051779985427856445 1500
0.051779985427856445 1500
0.05439591407775879 1500
0.05439591407775879 1500
0.05486488342285156 1500
0.05486488342285156 1500
0.05588793754577637 1500
0.056787967681884766 1500
0.056787967681884766 1500
0.0580599308013916 1500
0.05884695053100586 1500
0.059844017028808594 1500
0.059844017028808594 1500
0.060907840728759766 1500
0.06200599670410156 1500
0.06302094459533691 1500
0.06302094459533691 1500
0.06378602981567383 1500
0.06505298614501953 1500
0.06505298614501953 1500
0.06586098670959473 1500
0.0670778751373291 1500
0.06775283813476562 1500
0.06775283813476562 1500
0.06902194023132324 1500
0.0698699951171875 1500
0.0698699951171875 1500
0.07083797454833984 1500
0.07157397270202637 1500
0.07306385040283203 1500
0.07306385040283203 1500
0.07403087615966797 1500
0.0750880241394043 1500
0.07577204704284668 1500
0.07577204704284668 1500
0.07746696472167969 1500
0.0776820182800293 1500
0.0776820182800293 1500
0.0794069766998291 1500
0.07983684539794922 1500
0.08147406578063965 1500
0.08147406578063965 1500
0.08166694641113281 1500
0.08338785171508789 1500
0.08338785171508789 1500
0.08374500274658203 1500
0.08526897430419922 1500
0.08647704124450684 1500
0.08647704124450684 1500
0.08676600456237793 1500
0.0888359546661377 1500
0.0888359546661377 1500
0.0888359546661377 1500
0.09002184867858887 1500
0.09067988395690918 1500
0.09067988395690918 1500
0.09178900718688965 1500
0.09285688400268555 1500
0.09379100799560547 1500
0.09379100799560547 1500
0.09473896026611328 1500
0.09569001197814941 1500
0.09569001197814941 1500
0.09671497344970703 1500
0.09782099723815918 1500
0.09880995750427246 1500
0.09880995750427246 1500
0.10075902938842773 1500
0.10075902938842773 1500
0.1019129753112793 1500
0.1019129753112793 1500
0.10268688201904297 1500
0.10402703285217285 1500
0.10402703285217285 1500
0.10469388961791992 1500
0.10568594932556152 1500
0.10677599906921387 1500
0.10677599906921387 1500
0.10776495933532715 1500
0.10878992080688477 1500
0.10878992080688477 1500
0.10980796813964844 1500
0.11083984375 1500
0.11183595657348633 1500
0.11183595657348633 1500
0.1130828857421875 1500
0.11361002922058105 1500
0.11482501029968262 1500
0.11500191688537598 1500
0.11579394340515137 1500
0.11663699150085449 1500
0.11663699150085449 1500
0.11783003807067871 1500
0.11893200874328613 1500
0.11969995498657227 1500
0.11981987953186035 1500
0.12085890769958496 1500
0.12169885635375977 1500
0.12169885635375977 1500
0.12287187576293945 1500
0.12369799613952637 1500
0.12473893165588379 1500
0.12473893165588379 1500
0.1261310577392578 1500
0.12694287300109863 1500
0.12787985801696777 1500
0.12787985801696777 1500
0.12882184982299805 1500
0.12979388236999512 1500
0.12979388236999512 1500
0.13111495971679688 1500
0.13184595108032227 1500
0.13280606269836426 1500
0.13280606269836426 1500
0.13401389122009277 1500
0.13495492935180664 1500
0.13495492935180664 1500
0.1358799934387207 1500
0.13663196563720703 1500
0.1394338607788086 1500
0.1394338607788086 1500
0.1394338607788086 1500
0.14019298553466797 1500
0.14019298553466797 1500
0.1410520076751709 1500
0.14172005653381348 1500
0.14280390739440918 1500
0.14280390739440918 1500
0.14400982856750488 1500
0.14498186111450195 1500
0.14589285850524902 1500
0.14589285850524902 1500
0.14684796333312988 1500
0.1478409767150879 1500
0.1478409767150879 1500
0.14882683753967285 1500
0.14988088607788086 1500
0.15091395378112793 1500
0.15091395378112793 1500
0.15186285972595215 1500
0.1528918743133545 1500
0.1528918743133545 1500
0.15403389930725098 1500
0.15497398376464844 1500
0.15581297874450684 1500
0.15581297874450684 1500
0.15682697296142578 1500
0.15775704383850098 1500
0.15899085998535156 1500
0.15899085998535156 1500
0.15982794761657715 1500
0.16123604774475098 1500
0.16123604774475098 1500
0.16187405586242676 1500
0.16311287879943848 1500
0.1640608310699463 1500
0.1640608310699463 1500
0.16533589363098145 1500
0.1659090518951416 1500
0.1659090518951416 1500
0.16678500175476074 1500
0.16777896881103516 1500
0.1688389778137207 1500
0.1688389778137207 1500
0.16967296600341797 1500
0.1708078384399414 1500
0.17245006561279297 1500
0.17245006561279297 1500
0.1728198528289795 1500
0.17394804954528809 1500
0.17394804954528809 1500
0.1747598648071289 1500
0.17601490020751953 1500
0.17832684516906738 1500
0.17832684516906738 1500
0.17832684516906738 1500
0.17881083488464355 1500
0.17881083488464355 1500
0.17985105514526367 1500
0.18083786964416504 1500
0.1817460060119629 1500
0.1817460060119629 1500
0.1827099323272705 1500
0.1838388442993164 1500
0.1849069595336914 1500
0.1849069595336914 1500
0.18582487106323242 1500
0.18678903579711914 1500
0.18678903579711914 1500
0.1877589225769043 1500
0.18908286094665527 1500
0.1908109188079834 1500
0.1908109188079834 1500
0.1908109188079834 1500
0.19219088554382324 1500
0.19219088554382324 1500
0.19284796714782715 1500
0.19383502006530762 1500
0.1947460174560547 1500
0.1947460174560547 1500
0.1957988739013672 1500
0.19686388969421387 1500
0.19785404205322266 1500
0.19785404205322266 1500
0.19895386695861816 1500
0.1998589038848877 1500
0.1998589038848877 1500
0.20069599151611328 1500
0.2031688690185547 1500
0.2031688690185547 1500
0.2031688690185547 1500
0.20389199256896973 1500
0.20506596565246582 1500
0.20506596565246582 1500
0.20589184761047363 1500
0.20692706108093262 1500
0.20782089233398438 1500
0.20782089233398438 1500
0.20883989334106445 1500
0.2099778652191162 1500
0.210845947265625 1500
0.210845947265625 1500
0.2119460105895996 1500
0.2128598690032959 1500
0.2128598690032959 1500
0.21379685401916504 1500
0.21480584144592285 1500
0.21567201614379883 1500
0.21567201614379883 1500
0.21752500534057617 1500
0.21770095825195312 1500
0.21770095825195312 1500
0.21943187713623047 1500
0.21989798545837402 1500
0.2209310531616211 1500
0.2209310531616211 1500
0.22183585166931152 1500
0.22292089462280273 1500
0.2238779067993164 1500
0.2238779067993164 1500
0.22484302520751953 1500
0.22583603858947754 1500
0.22583603858947754 1500
0.22684693336486816 1500
0.22783493995666504 1500
0.22882986068725586 1500
0.22882986068725586 1500
0.22984600067138672 1500
0.23082590103149414 1500
0.23082590103149414 1500
0.23170185089111328 1500
0.23261499404907227 1500
0.23375487327575684 1500
0.23375487327575684 1500
0.23468494415283203 1500
0.2357020378112793 1500
0.2369070053100586 1500
0.2369070053100586 1500
0.23755502700805664 1500
0.23855805397033691 1500
0.23855805397033691 1500
0.23981904983520508 1500
0.24080300331115723 1500
0.24231505393981934 1500
0.24231505393981934 1500
0.2426469326019287 1500
0.2439439296722412 1500
0.2439439296722412 1500
0.24472498893737793 1500
0.2459089756011963 1500
0.24689984321594238 1500
0.24689984321594238 1500
0.24783897399902344 1500
0.24893903732299805 1500
0.2498478889465332 1500
0.2498478889465332 1500
0.25086402893066406 1500
0.2527740001678467 1500
0.2527740001678467 1500
0.2527740001678467 1500
0.2543468475341797 1500
0.25467801094055176 1500
0.25467801094055176 1500
0.2560999393463135 1500
0.2567269802093506 1500
0.2567269802093506 1500
0.2580540180206299 1500
0.25881099700927734 1500
0.2599508762359619 1500
0.2599508762359619 1500
0.26085901260375977 1500
0.2617959976196289 1500
0.26263999938964844 1500
0.26263999938964844 1500
0.2639000415802002 1500
0.26468896865844727 1500
0.26468896865844727 1500
0.26581406593322754 1500
0.2669658660888672 1500
0.2678840160369873 1500
0.2678840160369873 1500
0.2689828872680664 1500
0.26989293098449707 1500
0.26989293098449707 1500
0.27077198028564453 1500
0.27196693420410156 1500
0.27284884452819824 1500
0.27284884452819824 1500
0.273845911026001 1500
0.27478694915771484 1500
0.27597689628601074 1500
0.27597689628601074 1500
0.2768549919128418 1500
0.2778019905090332 1500
0.27783703804016113 1500
0.27893996238708496 1500
0.2797279357910156 1500
0.2809429168701172 1500
0.2809429168701172 1500
0.2817258834838867 1500
0.28287792205810547 1500
0.28287792205810547 1500
0.2837698459625244 1500
0.28516387939453125 1500
0.2858250141143799 1500
0.2858250141143799 1500
0.2868180274963379 1500
0.28786301612854004 1500
0.2887749671936035 1500
0.2887749671936035 1500
0.2897319793701172 1500
0.29099392890930176 1500
0.29099392890930176 1500
0.2919349670410156 1500
0.2931230068206787 1500
0.29381704330444336 1500
0.29381704330444336 1500
0.2948448657989502 1500
0.2960379123687744 1500
0.2960379123687744 1500
0.2968459129333496 1500
0.29778385162353516 1500
0.2989318370819092 1500
0.2989318370819092 1500
0.2997429370880127 1500
0.3007340431213379 1500
0.3007340431213379 1500
0.3018620014190674 1500
0.3028450012207031 1500
0.3038020133972168 1500
0.3038020133972168 1500
0.3049328327178955 1500
0.30593299865722656 1500
0.3068690299987793 1500
0.3068690299987793 1500
0.3077399730682373 1500
0.30884695053100586 1500
0.30884695053100586 1500
0.3098268508911133 1500
0.310744047164917 1500
0.31186604499816895 1500
0.31186604499816895 1500
0.31468892097473145 1500
0.31468892097473145 1500
0.31468892097473145 1500
0.3148179054260254 1500
0.3161048889160156 1500
0.3167288303375244 1500
0.3167288303375244 1500
0.31799983978271484 1500
0.318958044052124 1500
0.31973791122436523 1500
0.31973791122436523 1500
0.32080698013305664 1500
0.32176804542541504 1500
0.32176804542541504 1500
0.32282185554504395 1500
0.3237030506134033 1500
0.3246898651123047 1500
0.3246898651123047 1500
0.3255739212036133 1500
0.32696104049682617 1500
0.32696104049682617 1500
0.32786989212036133 1500
0.3288569450378418 1500
0.3300590515136719 1500
0.3300590515136719 1500
0.3309178352355957 1500
0.33174705505371094 1500
0.3327770233154297 1500
0.3327770233154297 1500
0.33406686782836914 1500
0.33476901054382324 1500
0.33476901054382324 1500
0.3360178470611572 1500
0.33682894706726074 1500
0.3378739356994629 1500
0.3378739356994629 1500
0.33873701095581055 1500
0.3397798538208008 1500
0.3397798538208008 1500
0.34087586402893066 1500
0.3417990207672119 1500
0.34279799461364746 1500
0.34279799461364746 1500
0.3442368507385254 1500
0.34481191635131836 1500
0.3457009792327881 1500
0.3457009792327881 1500
0.34673404693603516 1500
0.34769606590270996 1500
0.34769606590270996 1500
0.34906601905822754 1500
0.3495919704437256 1500
0.3514678478240967 1500
0.3514678478240967 1500
0.3515908718109131 1500
0.3528859615325928 1500
0.3528859615325928 1500
0.3535768985748291 1500
0.35483503341674805 1500
0.3557779788970947 1500
0.3557779788970947 1500
0.35704803466796875 1500
0.3579740524291992 1500
0.3587799072265625 1500
0.3587799072265625 1500
0.3597719669342041 1500
0.3607809543609619 1500
0.3607809543609619 1500
0.3619060516357422 1500
0.36286187171936035 1500
0.36399197578430176 1500
0.36399197578430176 1500
0.3646049499511719 1500
0.36575889587402344 1500
0.36575889587402344 1500
0.36672496795654297 1500
0.3677558898925781 1500
0.36888885498046875 1500
0.36888885498046875 1500
0.36995387077331543 1500
0.3706400394439697 1500
0.37165188789367676 1500
0.37165188789367676 1500
0.37262392044067383 1500
0.3737339973449707 1500
0.3737339973449707 1500
0.3754580020904541 1500
0.37560296058654785 1500
0.3770558834075928 1500
0.3770558834075928 1500
0.37780094146728516 1500
0.3788149356842041 1500
0.3788149356842041 1500
0.380112886428833 1500
0.380983829498291 1500
0.38180994987487793 1500
0.38180994987487793 1500
0.382875919342041 1500
0.38396501541137695 1500
0.3848989009857178 1500
0.3848989009857178 1500
0.38570404052734375 1500
0.38681483268737793 1500
0.38681483268737793 1500
0.38781285285949707 1500
0.3888399600982666 1500
0.38971400260925293 1500
0.38971400260925293 1500
0.3907458782196045 1500
0.3918118476867676 1500
0.3918118476867676 1500
0.3927168846130371 1500
0.39384984970092773 1500
0.394881010055542 1500
0.394881010055542 1500
0.3955979347229004 1500
0.3977019786834717 1500
0.39783191680908203 1500
0.39795994758605957 1500
0.398853063583374 1500
0.3998548984527588 1500
0.3998548984527588 1500
0.4007699489593506 1500
0.4017829895019531 1500
0.40299487113952637 1500
0.40299487113952637 1500
0.403810977935791 1500
0.40498805046081543 1500
0.40498805046081543 1500
0.4061880111694336 1500
0.40686488151550293 1500
0.40783095359802246 1500
0.40783095359802246 1500
0.41103696823120117 1500
0.41118597984313965 1500
0.41162705421447754 1500
0.41162705421447754 1500
0.41179800033569336 1500
0.4130740165710449 1500
0.4130740165710449 1500
0.413877010345459 1500
0.41469502449035645 1500
0.4158780574798584 1500
0.4158780574798584 1500
0.41690802574157715 1500
0.41783785820007324 1500
0.41783785820007324 1500
0.41881394386291504 1500
0.41980695724487305 1500
0.420820951461792 1500
0.420820951461792 1500
0.42185497283935547 1500
0.42288899421691895 1500
0.42378783226013184 1500
0.42378783226013184 1500
0.4248690605163574 1500
0.42566704750061035 1500
0.42566704750061035 1500
0.42679500579833984 1500
0.42806196212768555 1500
0.42873597145080566 1500
0.42873597145080566 1500
0.43033885955810547 1500
0.43097805976867676 1500
0.43097805976867676 1500
0.4316420555114746 1500
0.4335470199584961 1500
0.43376684188842773 1500
0.4338870048522949 1500
0.4351508617401123 1500
0.43571901321411133 1500
0.4366140365600586 1500
0.436647891998291 1500
0.4376959800720215 1500
0.4388308525085449 1500
0.4388308525085449 1500
0.43983006477355957 1500
0.44089198112487793 1500
0.4415760040283203 1500
0.4415760040283203 1500
0.4431018829345703 1500
0.4438788890838623 1500
0.4438788890838623 1500
0.44467687606811523 1500
0.44635796546936035 1500
0.4469130039215088 1500
0.4469130039215088 1500
0.4478318691253662 1500
0.44882893562316895 1500
0.449664831161499 1500
0.449664831161499 1500
0.45088696479797363 1500
0.45189595222473145 1500
0.45189595222473145 1500
0.45278096199035645 1500
0.45377588272094727 1500
0.4549410343170166 1500
0.4549410343170166 1500
0.45584797859191895 1500
0.45680904388427734 1500
0.45680904388427734 1500
0.4577770233154297 1500
0.4596519470214844 1500
0.45975399017333984 1500
0.45975399017333984 1500
0.46066999435424805 1500
0.462352991104126 1500
0.4629189968109131 1500
0.4629189968109131 1500
0.46372389793395996 1500
0.46489691734313965 1500
0.46489691734313965 1500
0.46565794944763184 1500
0.4665670394897461 1500
0.467681884765625 1500
0.467681884765625 1500
0.4686880111694336 1500
0.4700338840484619 1500
0.4700338840484619 1500
0.4708988666534424 1500
0.47191596031188965 1500
0.4726109504699707 1500
0.4726109504699707 1500
0.47425103187561035 1500
0.47544002532958984 1500
0.47544002532958984 1500
0.4758889675140381 1500
0.47664594650268555 1500
0.47786593437194824 1500
0.47786593437194824 1500
0.4788670539855957 1500
0.4798450469970703 1500
0.4810600280761719 1500
0.4810600280761719 1500
0.48191404342651367 1500
0.4829740524291992 1500
0.4829740524291992 1500
0.4838869571685791 1500
0.48487186431884766 1500
0.4858088493347168 1500
0.4858088493347168 1500
0.48696184158325195 1500
0.4878568649291992 1500
0.4878568649291992 1500
0.48886704444885254 1500
0.4897758960723877 1500
0.4910259246826172 1500
0.4910259246826172 1500
0.4920358657836914 1500
0.4932730197906494 1500
0.4936349391937256 1500
0.4936349391937256 1500
0.49463891983032227 1500
0.4957869052886963 1500
0.4957869052886963 1500
0.4968228340148926 1500
0.49765491485595703 1500
0.49869704246520996 1500
0.49869704246520996 1500
0.49964189529418945 1500
0.5007598400115967 1500
0.5007598400115967 1500
0.5015778541564941 1500
0.5026040077209473 1500
0.5038838386535645 1500
0.5038838386535645 1500
0.5048730373382568 1500
