1048620
0.0 1500
0.0011768341064453125 1500
0.0011768341064453125 1500
0.0021979808807373047 1500
0.003270864486694336 1500
0.004199028015136719 1500
0.004199028015136719 1500
0.00518488883972168 1500
0.00600886344909668 1500
0.00600886344909668 1500
0.007280826568603516 1500
0.008034944534301758 1500
0.00902104377746582 1500
0.00902104377746582 1500
0.010004043579101562 1500
0.010972976684570312 1500
0.012445926666259766 1500
0.012604951858520508 1500
0.013244867324829102 1500
0.014000892639160156 1500
0.014000892639160156 1500
0.01508188247680664 1500
0.015991926193237305 1500
0.017225980758666992 1500
0.017225980758666992 1500
0.017886877059936523 1500
0.01940298080444336 1500
0.01940298080444336 1500
0.020133018493652344 1500
0.022238969802856445 1500
0.022238969802856445 1500
0.022238969802856445 1500
0.023433923721313477 1500
0.02420186996459961 1500
0.025398969650268555 1500
0.025398969650268555 1500
0.026443004608154297 1500
0.027124881744384766 1500
0.027124881744384766 1500
0.02824687957763672 1500
0.02933502197265625 1500
0.030153989791870117 1500
0.030153989791870117 1500
0.0312349796295166 1500
0.032366037368774414 1500
0.032366037368774414 1500
0.03332400321960449 1500
0.034726858139038086 1500
0.0353999137878418 1500
0.0353999137878418 1500
0.03628993034362793 1500
0.037307024002075195 1500
0.03846883773803711 1500
0.03846883773803711 1500
0.03928184509277344 1500
0.040107011795043945 1500
0.040107011795043945 1500
0.04106497764587402 1500
0.042140960693359375 1500
0.043135881423950195 1500
0.043135881423950195 1500
0.04429984092712402 1500
0.045124053955078125 1500
0.045124053955078125 1500
0.047174930572509766 1500
0.047174930572509766 1500
0.04862093925476074 1500
0.04862093925476074 1500
0.04926490783691406 1500
0.0500948429107666 1500
0.051095008850097656 1500
0.051095008850097656 1500
0.05303692817687988 1500
0.05303692817687988 1500
0.05303692817687988 1500
0.054486989974975586 1500
0.0551300048828125 1500
0.05648994445800781 1500
0.05648994445800781 1500
0.05727100372314453 1500
0.06002187728881836 1500
0.06002187728881836 1500
0.06002187728881836 1500
0.06015300750732422 1500
0.06111001968383789 1500
0.06111001968383789 1500
0.06254792213439941 1500
0.06315088272094727 1500
0.0647740364074707 1500
0.0647740364074707 1500
0.06497597694396973 1500
0.06642794609069824 1500
0.06642794609069824 1500
0.06715583801269531 1500
0.06816601753234863 1500
0.06908893585205078 1500
0.06908893585205078 1500
0.07013797760009766 1500
0.07114982604980469 1500
0.07114982604980469 1500
0.07212591171264648 1500
0.07302594184875488 1500
0.07406997680664062 1500
0.07406997680664062 1500
0.07512283325195312 1500
0.07609987258911133 1500
0.07717084884643555 1500
0.07717084884643555 1500
0.07838892936706543 1500
0.07918000221252441 1500
0.07918000221252441 1500
0.08089685440063477 1500
0.08281993865966797 1500
0.08281993865966797 1500
0.08281993865966797 1500
0.08305597305297852 1500
0.08416986465454102 1500
0.08416986465454102 1500
0.08541297912597656 1500
0.08638596534729004 1500
0.08720588684082031 1500
0.08720588684082031 1500
0.08817291259765625 1500
0.08906888961791992 1500
0.09006285667419434 1500
0.09006285667419434 1500
0.09119200706481934 1500
0.09189701080322266 1500
0.09189701080322266 1500
0.09317493438720703 1500
0.0942070484161377 1500
0.09528803825378418 1500
0.09528803825378418 1500
0.096099853515625 1500
0.0971379280090332 1500
0.0971379280090332 1500
0.09829092025756836 1500
0.09937405586242676 1500
0.10033297538757324 1500
0.10033297538757324 1500
0.10106396675109863 1500
0.1023859977722168 1500
0.10314583778381348 1500
0.10314583778381348 1500
0.10437583923339844 1500
0.10521602630615234 1500
0.10521602630615234 1500
0.10634803771972656 1500
0.10729384422302246 1500
0.10827398300170898 1500
0.10827398300170898 1500
0.10917496681213379 1500
0.1102590560913086 1500
0.1102590560913086 1500
0.11118102073669434 1500
0.11224198341369629 1500
0.11319994926452637 1500
0.11319994926452637 1500
0.11417698860168457 1500
0.11493897438049316 1500
0.11626887321472168 1500
0.11626887321472168 1500
0.11706304550170898 1500
0.11814689636230469 1500
0.11814689636230469 1500
0.11906290054321289 1500
0.12020301818847656 1500
0.12114405632019043 1500
0.12114405632019043 1500
0.12233304977416992 1500
0.12302899360656738 1500
0.12302899360656738 1500
0.12419700622558594 1500
0.12498092651367188 1500
0.12626004219055176 1500
0.12626004219055176 1500
0.12695598602294922 1500
0.12921786308288574 1500
0.12921786308288574 1500
0.12935304641723633 1500
0.13030290603637695 1500
0.13104796409606934 1500
0.13104796409606934 1500
0.13231682777404785 1500
0.13311290740966797 1500
0.1342940330505371 1500
0.1342940330505371 1500
0.13525986671447754 1500
0.136368989944458 1500
0.136368989944458 1500
0.1371150016784668 1500
0.13826394081115723 1500
0.1392819881439209 1500
0.1392819881439209 1500
0.14007902145385742 1500
0.141510009765625 1500
0.141510009765625 1500
0.14196085929870605 1500
0.1432650089263916 1500
0.14425086975097656 1500
0.14425086975097656 1500
0.1452178955078125 1500
0.1461498737335205 1500
0.14730000495910645 1500
0.14730000495910645 1500
0.14824390411376953 1500
0.14941096305847168 1500
0.14941096305847168 1500
0.15028786659240723 1500
0.15111899375915527 1500
0.15221190452575684 1500
0.15221190452575684 1500
0.153364896774292 1500
0.1541750431060791 1500
0.1541750431060791 1500
0.15523386001586914 1500
0.15627288818359375 1500
0.1573178768157959 1500
0.1573178768157959 1500
0.15824294090270996 1500
0.1593458652496338 1500
0.16015291213989258 1500
0.16015291213989258 1500
0.161423921585083 1500
0.16216588020324707 1500
0.16216588020324707 1500
0.16319894790649414 1500
0.1642169952392578 1500
0.16531085968017578 1500
0.16531085968017578 1500
0.16632890701293945 1500
0.1672840118408203 1500
0.1672840118408203 1500
0.16833901405334473 1500
0.16916704177856445 1500
0.17035984992980957 1500
0.17035984992980957 1500
0.17114686965942383 1500
0.1722259521484375 1500
0.17315888404846191 1500
0.1733698844909668 1500
0.17427802085876465 1500
0.17525601387023926 1500
0.17525601387023926 1500
0.1777489185333252 1500
0.1777489185333252 1500
0.17811894416809082 1500
0.17811894416809082 1500
0.17917203903198242 1500
0.1804039478302002 1500
0.1804039478302002 1500
0.18128585815429688 1500
0.18231797218322754 1500
0.18319296836853027 1500
0.18319296836853027 1500
0.1841878890991211 1500
0.18540382385253906 1500
0.18628382682800293 1500
0.18628382682800293 1500
0.18723082542419434 1500
0.1891319751739502 1500
0.1891319751739502 1500
0.1891319751739502 1500
0.1903378963470459 1500
0.1912238597869873 1500
0.1912238597869873 1500
0.19227194786071777 1500
0.19347190856933594 1500
0.19347190856933594 1500
0.19425296783447266 1500
0.19512605667114258 1500
0.19644784927368164 1500
0.19644784927368164 1500
0.19722294807434082 1500
0.1981959342956543 1500
0.19940185546875 1500
0.19940185546875 1500
0.20010685920715332 1500
0.2013850212097168 1500
0.2013850212097168 1500
0.20235705375671387 1500
0.20323896408081055 1500
0.20423603057861328 1500
0.20423603057861328 1500
0.20517182350158691 1500
0.2061150074005127 1500
0.2061150074005127 1500
0.207319974899292 1500
0.2083439826965332 1500
0.20929884910583496 1500
0.20929884910583496 1500
0.21019482612609863 1500
0.2111949920654297 1500
0.21208691596984863 1500
0.21208691596984863 1500
0.213148832321167 1500
0.21428394317626953 1500
0.21428394317626953 1500
0.2151188850402832 1500
0.2159719467163086 1500
0.21710705757141113 1500
0.21710705757141113 1500
0.21809792518615723 1500
0.2191309928894043 1500
0.2191309928894043 1500
0.22006797790527344 1500
0.22110199928283691 1500
0.22208189964294434 1500
0.22208189964294434 1500
0.22330093383789062 1500
0.22408294677734375 1500
0.22550201416015625 1500
0.22550201416015625 1500
0.22603392601013184 1500
0.22708892822265625 1500
0.22708892822265625 1500
0.22815489768981934 1500
0.2293398380279541 1500
0.23042798042297363 1500
0.23042798042297363 1500
0.23110103607177734 1500
0.23221087455749512 1500
0.23221087455749512 1500
0.23314595222473145 1500
0.23446083068847656 1500
0.23507094383239746 1500
0.23507094383239746 1500
0.2361290454864502 1500
0.23720788955688477 1500
0.2384169101715088 1500
0.2384169101715088 1500
0.2390730381011963 1500
0.24010896682739258 1500
0.24010896682739258 1500
0.24106788635253906 1500
0.24223899841308594 1500
0.2430708408355713 1500
0.2430708408355713 1500
0.24449896812438965 1500
0.24547791481018066 1500
0.24547791481018066 1500
0.24630403518676758 1500
0.24698185920715332 1500
0.24802589416503906 1500
0.2480769157409668 1500
0.24921393394470215 1500
0.2500729560852051 1500
0.25119495391845703 1500
0.25119495391845703 1500
0.25205397605895996 1500
0.25316596031188965 1500
0.25316596031188965 1500
0.25436997413635254 1500
0.2551310062408447 1500
0.2560389041900635 1500
0.2560389041900635 1500
0.25710487365722656 1500
0.2586688995361328 1500
0.2586688995361328 1500
0.2591979503631592 1500
0.2600278854370117 1500
0.2611730098724365 1500
0.2611730098724365 1500
0.2625398635864258 1500
0.26336193084716797 1500
0.2642099857330322 1500
0.2642099857330322 1500
0.26505589485168457 1500
0.26625895500183105 1500
0.26625895500183105 1500
0.2671828269958496 1500
0.26809191703796387 1500
0.26914191246032715 1500
0.26914191246032715 1500
0.2703268527984619 1500
0.2711460590362549 1500
0.2711460590362549 1500
0.27230191230773926 1500
0.2731959819793701 1500
0.27553606033325195 1500
0.27553606033325195 1500
0.27553606033325195 1500
0.27624988555908203 1500
0.2772068977355957 1500
0.2772068977355957 1500
0.2784299850463867 1500
0.2794158458709717 1500
0.2794158458709717 1500
0.2804689407348633 1500
0.28137683868408203 1500
0.282059907913208 1500
0.282059907913208 1500
0.28325891494750977 1500
0.28422999382019043 1500
0.28422999382019043 1500
0.28529787063598633 1500
0.28618288040161133 1500
0.28725600242614746 1500
0.28725600242614746 1500
0.28827905654907227 1500
0.2892298698425293 1500
0.2902958393096924 1500
0.2902958393096924 1500
0.29135584831237793 1500
0.2922079563140869 1500
0.2922079563140869 1500
0.2930009365081787 1500
0.29424595832824707 1500
0.2951970100402832 1500
0.2951970100402832 1500
0.2962520122528076 1500
0.29700303077697754 1500
0.29700303077697754 1500
0.29840993881225586 1500
0.2993779182434082 1500
0.3000960350036621 1500
0.3000960350036621 1500
0.3023710250854492 1500
0.3023710250854492 1500
0.3033909797668457 1500
0.3033909797668457 1500
0.30435705184936523 1500
0.3049468994140625 1500
0.3049468994140625 1500
0.30631089210510254 1500
0.3073849678039551 1500
0.3081939220428467 1500
0.3081939220428467 1500
0.30928587913513184 1500
0.3101768493652344 1500
0.3101768493652344 1500
0.3116309642791748 1500
0.3121800422668457 1500
0.3132619857788086 1500
0.3132619857788086 1500
0.314115047454834 1500
0.3156158924102783 1500
0.3156158924102783 1500
0.31663990020751953 1500
0.3170468807220459 1500
0.31815290451049805 1500
0.31815290451049805 1500
0.3193638324737549 1500
0.32033586502075195 1500
0.3211100101470947 1500
0.3211100101470947 1500
0.3221290111541748 1500
0.32346200942993164 1500
0.32346200942993164 1500
0.3242478370666504 1500
0.32526397705078125 1500
0.3260819911956787 1500
0.3260819911956787 1500
0.3271670341491699 1500
0.3283209800720215 1500
0.3283209800720215 1500
0.3293569087982178 1500
0.33043885231018066 1500
0.3310849666595459 1500
0.3310849666595459 1500
0.33221983909606934 1500
0.3332250118255615 1500
0.33413195610046387 1500
0.33413195610046387 1500
0.33644986152648926 1500
0.33644986152648926 1500
0.33644986152648926 1500
0.3373868465423584 1500
0.33807802200317383 1500
0.339123010635376 1500
0.339123010635376 1500
0.33995985984802246 1500
0.340939998626709 1500
0.340939998626709 1500
0.34192490577697754 1500
0.34293603897094727 1500
0.3440208435058594 1500
0.3440208435058594 1500
0.34511804580688477 1500
0.3459470272064209 1500
0.3471360206604004 1500
0.3471360206604004 1500
0.34929704666137695 1500
0.34929704666137695 1500
0.34929704666137695 1500
0.35015392303466797 1500
0.3512539863586426 1500
0.35196495056152344 1500
0.35196495056152344 1500
0.35295987129211426 1500
0.3539578914642334 1500
0.3539578914642334 1500
0.3551778793334961 1500
0.3561990261077881 1500
0.35712385177612305 1500
0.35712385177612305 1500
0.35892701148986816 1500
0.3591170310974121 1500
0.3613409996032715 1500
0.3613409996032715 1500
0.3613409996032715 1500
0.3620419502258301 1500
0.3620419502258301 1500
0.3632628917694092 1500
0.3639688491821289 1500
0.3649599552154541 1500
0.3649599552154541 1500
0.36628198623657227 1500
0.3670480251312256 1500
0.3670480251312256 1500
0.3681490421295166 1500
0.3692150115966797 1500
0.37006187438964844 1500
0.37006187438964844 1500
0.37105393409729004 1500
0.3720829486846924 1500
0.37427186965942383 1500
0.37427186965942383 1500
0.37427186965942383 1500
0.37538695335388184 1500
0.37538695335388184 1500
0.37615489959716797 1500
0.37719297409057617 1500
0.37812304496765137 1500
0.37812304496765137 1500
0.3799169063568115 1500
0.3803579807281494 1500
0.3803579807281494 1500
0.3817138671875 1500
0.38202691078186035 1500
0.383098840713501 1500
0.3832359313964844 1500
0.3841550350189209 1500
0.3854529857635498 1500
0.3860950469970703 1500
0.3860950469970703 1500
0.3876349925994873 1500
0.3879518508911133 1500
0.3879518508911133 1440
0.6776249408721924 40
1.2368040084838867 40
2.1842410564422607 1500
2.1842410564422607 1500
2.185245990753174 1500
2.185245990753174 1500
2.186228036880493 1500
2.186228036880493 932
2.186939001083374 1500
2.186939001083374 1500
2.1891539096832275 1500
2.1891539096832275 1500
2.19036602973938 1500
2.190556049346924 1500
2.192410945892334 1500
2.192410945892334 1500
2.193337917327881 1500
2.193337917327881 1500
2.194157838821411 1500
2.194157838821411 1500
2.195971965789795 1500
2.1959919929504395 1500
2.1983399391174316 1500
2.1983399391174316 1500
2.1994030475616455 1500
2.1994030475616455 1500
2.2003860473632812 1500
2.2003860473632812 1500
2.2020740509033203 1500
2.2020740509033203 1500
2.20328688621521 1500
2.20328688621521 1500
2.2042598724365234 1500
2.2042598724365234 1500
2.2065999507904053 1500
2.2065999507904053 1500
2.207406997680664 1500
2.207406997680664 1500
2.2094719409942627 1500
2.2094719409942627 1500
2.210340976715088 668
2.210340976715088 1500
2.210340976715088 1500
2.2120728492736816 1500
2.2120728492736816 1500
2.2130730152130127 1500
2.2130730152130127 1500
2.2139358520507812 1500
2.2149109840393066 1500
2.216230869293213 1500
2.216230869293213 1500
2.217465877532959 1500
2.2183289527893066 1500
2.219290018081665 1500
2.219290018081665 1500
2.220176935195923 1500
2.220176935195923 1500
2.2222540378570557 1500
2.2222540378570557 1500
2.223083019256592 1500
2.223083019256592 1500
2.225177049636841 1500
2.225296974182129 1500
2.2262468338012695 1500
2.2262468338012695 1500
2.2279670238494873 1500
2.227987051010132 1500
2.2292449474334717 1500
2.2292628288269043 1500
2.230219841003418 1500
2.230219841003418 1500
2.232203960418701 1500
2.232257843017578 1500
2.2333109378814697 1500
2.2333109378814697 1500
2.2343459129333496 1500
2.2343459129333496 1500
2.2362630367279053 1500
2.2362630367279053 1500
2.23738694190979 1500
2.23738694190979 1500
2.2403478622436523 1500
2.2403478622436523 1500
2.2403478622436523 1500
2.2403478622436523 1500
2.2414939403533936 1500
2.2414939403533936 1500
2.2436349391937256 1500
2.2436349391937256 1500
2.2443599700927734 1500
2.2443599700927734 1500
2.2461440563201904 1500
2.2461440563201904 1500
2.2476048469543457 1500
2.2476048469543457 1500
2.2490830421447754 1500
2.2490830421447754 1500
2.250195026397705 1500
2.250195026397705 1500
2.2512459754943848 1500
2.252516984939575 1500
2.2556228637695312 1500
2.2556228637695312 1500
2.2566049098968506 1500
2.2566049098968506 1500
2.2566049098968506 1500
2.2566049098968506 1500
2.257812023162842 1500
2.257812023162842 1500
2.2581708431243896 1500
2.259258985519409 1500
2.2605040073394775 1500
2.2605040073394775 1500
2.2614569664001465 1500
2.2614569664001465 1500
2.2623798847198486 1500
2.2623798847198486 1500
2.2642569541931152 1500
2.2642569541931152 1500
2.265439033508301 1500
2.265439033508301 1500
2.2673089504241943 1500
2.2673089504241943 1500
2.268306016921997 1500
2.268306016921997 1500
2.269062042236328 1500
2.269062042236328 1500
2.2710628509521484 1500
2.2710628509521484 1500
2.2722809314727783 1500
2.2722809314727783 1500
2.273371934890747 1500
2.273371934890747 1500
2.2741858959198 1500
2.275298833847046 1500
2.275298833847046 1500
2.275298833847046 1500
2.2775399684906006 1500
2.2775399684906006 1500
2.2775399684906006 1500
2.2783520221710205 1500
2.279412031173706 1500
2.279412031173706 1500
2.2801239490509033 1500
2.2801239490509033 1500
2.283134937286377 1500
2.283134937286377 1500
2.283134937286377 1500
2.283134937286377 1500
2.2839109897613525 1500
2.2839109897613525 1500
2.2842929363250732 1500
2.2842929363250732 1500
2.2854959964752197 1500
2.2854959964752197 1500
2.286221981048584 1500
2.286221981048584 1500
2.2880208492279053 1500
2.2880208492279053 1500
2.290760040283203 1500
2.290760040283203 1500
2.290760040283203 1500
2.290760040283203 1500
