570000
0.0 1500
0.001094818115234375 1500
0.0020208358764648438 1500
0.0020208358764648438 1500
0.0035729408264160156 1500
0.004261016845703125 1500
0.005095005035400391 1500
0.005095005035400391 1500
0.006165981292724609 1500
0.007220029830932617 1500
0.008392810821533203 1500
0.008392810821533203 1500
0.00904083251953125 1500
0.010020971298217773 1500
0.010020971298217773 1500
0.01105499267578125 1500
0.012008905410766602 1500
0.013089895248413086 1500
0.013089895248413086 1500
0.014143943786621094 1500
0.015475034713745117 1500
0.015475034713745117 1500
0.017210960388183594 1500
0.017210960388183594 1500
0.01809096336364746 1500
0.01809096336364746 1500
0.01921987533569336 1500
0.020195960998535156 1500
0.021133899688720703 1500
0.021133899688720703 1500
0.022023916244506836 1500
0.023211002349853516 1500
0.023211002349853516 1500
0.02400684356689453 1500
0.025281906127929688 1500
0.026113033294677734 1500
0.026113033294677734 1500
0.02720189094543457 1500
0.02813100814819336 1500
0.02813100814819336 1500
0.029043912887573242 1500
0.030305862426757812 1500
0.031172990798950195 1500
0.031172990798950195 1500
0.032019853591918945 1500
0.033023834228515625 1500
0.033023834228515625 1500
0.03408193588256836 1500
0.03504490852355957 1500
0.036229848861694336 1500
0.036229848861694336 1500
0.0370328426361084 1500
0.03824186325073242 1500
0.03926992416381836 1500
0.03926992416381836 1500
0.040225982666015625 1500
0.04102301597595215 1500
0.04102301597595215 1500
0.04231595993041992 1500
0.04308295249938965 1500
0.044064998626708984 1500
0.044064998626708984 1500
0.044836997985839844 1500
0.04589581489562988 1500
0.04589581489562988 1500
0.046898841857910156 1500
0.04822492599487305 1500
0.049008846282958984 1500
0.049008846282958984 1500
0.04988503456115723 1500
0.05108189582824707 1500
0.05189990997314453 1500
0.05189990997314453 1500
0.0529630184173584 1500
0.0539088249206543 1500
0.0539088249206543 1500
0.05492687225341797 1500
0.05604386329650879 1500
0.05687689781188965 1500
0.05687689781188965 1500
0.058454036712646484 1500
0.059005022048950195 1500
0.059005022048950195 1500
0.05988192558288574 1500
0.06122183799743652 1500
0.06203103065490723 1500
0.06203103065490723 1500
0.0630488395690918 1500
0.0640268325805664 1500
0.06518197059631348 1500
0.06518197059631348 1500
0.06607890129089355 1500
0.06701898574829102 1500
0.06701898574829102 1500
0.06828689575195312 1500
0.06954598426818848 1500
0.06994080543518066 1500
0.06994080543518066 1500
0.07120680809020996 1500
0.07222986221313477 1500
0.07222986221313477 1500
0.07324981689453125 1500
0.07408881187438965 1500
0.07516694068908691 1500
0.07516694068908691 1500
0.07626986503601074 1500
0.07716703414916992 1500
0.07820391654968262 1500
0.07820391654968262 1500
0.07904386520385742 1500
0.0800638198852539 1500
0.0800638198852539 1500
0.0811159610748291 1500
0.08204984664916992 1500
0.08305001258850098 1500
0.08305001258850098 1500
0.08398699760437012 1500
0.08497285842895508 1500
0.08497285842895508 1500
0.08624887466430664 1500
0.08698892593383789 1500
0.0880880355834961 1500
0.0880880355834961 1500
0.08911681175231934 1500
0.08999300003051758 1500
0.0909569263458252 1500
0.0909569263458252 1500
0.09186983108520508 1500
0.0930948257446289 1500
0.0930948257446289 1500
0.09384489059448242 1500
0.09534883499145508 1500
0.09596395492553711 1500
0.09596395492553711 1500
0.09738683700561523 1500
0.09869599342346191 1500
0.09869599342346191 1500
0.10278987884521484 1500
0.10278987884521484 1500
0.10278987884521484 1500
0.10278987884521484 1500
0.10278987884521484 1500
0.10308480262756348 1500
0.10440492630004883 1500
0.10440492630004883 1500
0.10505485534667969 1500
0.10604691505432129 1500
0.10604691505432129 1500
0.10688400268554688 1500
0.10839295387268066 1500
0.10906386375427246 1500
0.10906386375427246 1500
0.10986185073852539 1500
0.11110997200012207 1500
0.11110997200012207 1500
0.11184883117675781 1500
0.11286187171936035 1500
0.11396384239196777 1500
0.11396384239196777 1500
0.11486196517944336 1500
0.11603999137878418 1500
0.11704301834106445 1500
0.11704301834106445 1500
0.11826896667480469 1500
0.11926603317260742 1500
0.11926603317260742 1500
0.12001895904541016 1500
0.12103891372680664 1500
0.12188601493835449 1500
0.12188601493835449 1500
0.12329888343811035 1500
0.12412881851196289 1500
0.12412881851196289 1500
0.1252439022064209 1500
0.12605786323547363 1500
0.1273338794708252 1500
0.1273338794708252 1500
0.12814593315124512 1500
0.12914299964904785 1500
0.13006281852722168 1500
0.13006281852722168 1500
0.13109683990478516 1500
0.13204383850097656 1500
0.13204383850097656 1500
0.13306498527526855 1500
0.13413286209106445 1500
0.13490891456604004 1500
0.13490891456604004 1500
0.1360158920288086 1500
0.13705086708068848 1500
0.13705086708068848 1500
0.13815689086914062 1500
0.13903284072875977 1500
0.14016985893249512 1500
0.14016985893249512 1500
0.14104390144348145 1500
0.14191603660583496 1500
0.1430819034576416 1500
0.1430819034576416 1500
0.14401602745056152 1500
0.14503002166748047 1500
0.14503002166748047 1500
0.14617490768432617 1500
0.14701581001281738 1500
0.14815998077392578 1500
0.14815998077392578 1500
0.14902901649475098 1500
0.15001487731933594 1500
0.15001487731933594 1500
0.15102696418762207 1500
0.15210986137390137 1500
0.15324902534484863 1500
0.15324902534484863 1500
0.1539449691772461 1500
0.15500593185424805 1500
0.15629196166992188 1500
0.15629196166992188 1500
0.15725183486938477 1500
0.1580369472503662 1500
0.1580369472503662 1500
0.15899395942687988 1500
0.15984487533569336 1500
0.16097497940063477 1500
0.16097497940063477 1500
0.1620328426361084 1500
0.16320300102233887 1500
0.16320300102233887 1500
0.1642138957977295 1500
0.1651020050048828 1500
0.1660318374633789 1500
0.1660318374633789 1500
0.16728997230529785 1500
0.16813397407531738 1500
0.1692509651184082 1500
0.1692509651184082 1500
0.1701948642730713 1500
0.17087984085083008 1500
0.17087984085083008 1500
0.1718428134918213 1500
0.17293381690979004 1500
0.1739199161529541 1500
0.1739199161529541 1500
0.17525482177734375 1500
0.17637395858764648 1500
0.17637395858764648 1500
0.17702102661132812 1500
0.17810487747192383 1500
0.17929792404174805 1500
0.17929792404174805 1500
0.18029189109802246 1500
0.1810300350189209 1500
0.18182682991027832 1500
0.18194293975830078 1500
0.182999849319458 1500
0.18402600288391113 1500
0.18402600288391113 1500
0.18517303466796875 1500
0.18627500534057617 1500
0.18702983856201172 1500
0.18702983856201172 1500
0.18815398216247559 1500
0.18904685974121094 1500
0.18904685974121094 1500
0.19042587280273438 1500
0.19120502471923828 1500
0.19196796417236328 1500
0.19196796417236328 1500
0.19301295280456543 1500
0.19445180892944336 1500
0.1953868865966797 1500
0.1953868865966797 1500
0.19605493545532227 1500
0.19707584381103516 1500
0.19707584381103516 1500
0.19800686836242676 1500
0.19897794723510742 1500
0.20087790489196777 1500
0.20087790489196777 1500
0.20087790489196777 1500
0.20206689834594727 1500
0.20206689834594727 1500
0.20328283309936523 1500
0.20404291152954102 1500
0.20512795448303223 1500
0.20512795448303223 1500
0.20605182647705078 1500
0.2070319652557373 1500
0.2070319652557373 1500
0.20811796188354492 1500
0.20917892456054688 1500
0.21014189720153809 1500
0.21014189720153809 1500
0.2110438346862793 1500
0.2120358943939209 1500
0.21305394172668457 1500
0.21305394172668457 1500
0.21424484252929688 1500
0.21502399444580078 1500
0.21502399444580078 1500
0.21613287925720215 1500
0.2170848846435547 1500
0.21825385093688965 1500
0.21825385093688965 1500
0.2193918228149414 1500
0.22016000747680664 1500
0.22016000747680664 1500
0.2211918830871582 1500
0.22201800346374512 1500
0.22308683395385742 1500
0.22308683395385742 1500
0.22415590286254883 1500
0.22502398490905762 1500
0.2260129451751709 1500
0.2260129451751709 1500
0.22699594497680664 1500
0.2281339168548584 1500
0.2281339168548584 1500
0.22894597053527832 1500
0.2300548553466797 1500
0.23102188110351562 1500
0.23102188110351562 1500
0.23183393478393555 1500
0.23285889625549316 1500
0.23285889625549316 1500
0.23404693603515625 1500
0.23503684997558594 1500
0.2361009120941162 1500
0.2361009120941162 1500
0.23703289031982422 1500
0.23826289176940918 1500
0.2390308380126953 1500
0.2390308380126953 1500
0.2402029037475586 1500
0.2411048412322998 1500
0.2411048412322998 1500
0.24195599555969238 1500
0.2430429458618164 1500
0.24406981468200684 1500
0.24406981468200684 1500
0.24520492553710938 1500
0.24621081352233887 1500
0.24621081352233887 1500
0.24715089797973633 1500
0.24832487106323242 1500
0.249053955078125 1500
0.249053955078125 1500
0.2501180171966553 1500
0.2510559558868408 1500
0.2522869110107422 1500
0.2522869110107422 1500
0.2530539035797119 1500
0.25403785705566406 1500
0.25403785705566406 1500
0.25510382652282715 1500
0.256044864654541 1500
0.25711703300476074 1500
0.25711703300476074 1500
0.2581489086151123 1500
0.2593419551849365 1500
0.2593419551849365 1500
0.2600409984588623 1500
0.26114988327026367 1500
0.26202988624572754 1500
0.26202988624572754 1500
0.2632918357849121 1500
0.2640819549560547 1500
0.26544785499572754 1500
0.26544785499572754 1500
0.26624083518981934 1500
0.26715588569641113 1500
0.26715588569641113 1500
0.2681770324707031 1500
0.2693369388580322 1500
0.27015089988708496 1500
0.27015089988708496 1500
0.27109384536743164 1500
0.2724609375 1500
0.2724609375 1500
0.27306103706359863 1500
0.2742009162902832 1500
