1048831
0.0 1460
9.5367431640625e-07 1460
1.9073486328125e-06 1460
0.002825021743774414 1460
0.0028259754180908203 1460
0.0028269290924072266 1460
0.002827882766723633 1460
0.002827882766723633 1460
0.0028290748596191406 1460
0.002830028533935547 1460
0.0037419795989990234 1460
0.07401490211486816 1460
0.07401585578918457 1460
0.07401800155639648 1460
0.07401800155639648 1460
0.07401895523071289 1460
0.0740199089050293 1460
0.0740199089050293 1460
0.0740208625793457 1460
0.07402205467224121 1460
0.07402205467224121 1460
0.07402300834655762 1460
0.07402396202087402 1460
0.07402491569519043 1460
0.07402491569519043 1460
0.07402586936950684 1460
0.0758969783782959 1460
0.07589888572692871 1460
0.07589888572692871 1460
0.07590007781982422 1460
0.07590007781982422 1460
0.07590103149414062 1460
0.07590198516845703 1460
0.07824397087097168 1460
0.07824492454528809 1460
0.10329699516296387 1460
0.10467100143432617 1460
0.10467195510864258 1460
0.10467195510864258 1460
0.10467290878295898 1460
0.10467386245727539 1460
0.10467386245727539 1460
0.1046750545501709 1460
0.1046750545501709 617
7.763143062591553 40
7.76398491859436 40
7.939971923828125 1460
7.939972877502441 1460
7.939972877502441 1460
7.940114974975586 1460
7.940114974975586 1460
7.940115928649902 1460
7.940824031829834 1460
7.94082498550415 1460
7.940825939178467 1460
7.940825939178467 1460
7.957900047302246 1460
7.957900047302246 1460
7.9579010009765625 1460
7.957998037338257 1460
7.957998991012573 1460
7.957998991012573 1460
7.958607912063599 1460
7.958608865737915 1460
7.958608865737915 1460
7.958774089813232 1460
7.958775043487549 1460
7.958775043487549 1460
7.961097002029419 1460
7.961097002029419 1460
7.961097955703735 1460
7.961097955703735 1460
7.961097955703735 1460
7.961098909378052 1460
7.961098909378052 1460
7.961098909378052 1460
7.983789920806885 1460
7.983809947967529 1460
7.983810901641846 1460
7.983813047409058 1460
7.984606027603149 1460
7.984606027603149 1460
7.984951019287109 1460
7.984951972961426 1460
7.984951972961426 1460
7.9852049350738525 1460
7.9852049350738525 1460
7.985205888748169 1460
7.9861369132995605 1460
7.9861369132995605 1460
7.986634969711304 1460
7.9866368770599365 1460
7.9866368770599365 1460
7.987030029296875 1460
7.987030982971191 1460
7.987030982971191 1460
7.9872519969940186 1460
7.9872519969940186 1460
7.987252950668335 1460
7.988240003585815 1460
8.00119400024414 1460
8.001194953918457 1460
8.001194953918457 1460
8.001195907592773 1460
8.001195907592773 1460
8.001195907592773 1460
8.002027034759521 1460
8.002027988433838 1460
8.002892017364502 1460
8.002892971038818 1460
8.003072023391724 1460
8.00307297706604 1460
8.00377607345581 1460
8.003777027130127 1460
8.005537033081055 1460
8.005538940429688 1460
8.005542039871216 1460
8.005543947219849 1460
8.005544900894165 1460
8.005545854568481 1460
8.005547046661377 1460
8.00554895401001 1460
8.005549907684326 1460
8.005552053451538 1460
8.062794923782349 1460
8.10486102104187 1460
8.104861974716187 1460
8.10486388206482 1460
8.104897022247314 1460
8.10489797592163 1460
8.105033874511719 1460
8.105035066604614 1460
8.105300903320312 1460
8.105301856994629 1460
8.105531930923462 1460
8.105823040008545 1460
8.105824947357178 1460
8.107318878173828 1460
8.107320070266724 1460
8.10732102394104 1460
8.107321977615356 1460
8.107322931289673 1460
8.10732388496399 1460
8.10732388496399 1460
8.107325077056885 1460
8.107326030731201 1460
8.107326984405518 1460
8.107327938079834 1460
8.107327938079834 1460
8.108840942382812 1460
8.108841896057129 1460
8.108844995498657 1460
8.108845949172974 1460
8.123280048370361 1460
8.123280048370361 1460
8.123281002044678 1460
8.12505292892456 1460
8.125053882598877 1460
8.125779867172241 1460
8.125779867172241 1460
8.127021074295044 1460
8.127021074295044 1460
8.12702202796936 1460
8.12702202796936 1460
8.12702202796936 1460
8.127022981643677 1460
8.127022981643677 1460
8.127023935317993 1460
8.127023935317993 1460
8.127023935317993 1460
8.12702488899231 1460
8.12702488899231 1460
8.12702488899231 1460
8.128926992416382 1460
8.128928899765015 1460
8.128929853439331 1460
8.128931045532227 1460
8.128931045532227 1460
8.128931999206543 1460
8.128931999206543 1460
8.140307903289795 1460
8.140308856964111 1460
8.142443895339966 1460
8.142445087432861 1460
8.14324688911438 1460
8.143248081207275 1460
8.143993854522705 1460
8.1439950466156 1460
8.145537853240967 1460
8.145539045333862 1460
8.145539999008179 1460
8.145540952682495 1460
8.145541906356812 1460
8.145542860031128 1460
8.145542860031128 1460
8.145544052124023 1460
8.14554500579834 1460
8.14554500579834 1460
8.145546913146973 1460
8.146981954574585 1460
8.146982908248901 1460
8.146983861923218 1460
8.146983861923218 1460
8.146985054016113 1460
8.146985054016113 1460
8.14698600769043 1460
8.14698600769043 1460
8.157397031784058 1460
8.157397985458374 1460
8.159496068954468 1460
8.160619020462036 1460
8.160619974136353 1460
8.163341999053955 1460
8.163341999053955 1460
8.163342952728271 1460
8.163342952728271 1460
8.163343906402588 1460
8.163343906402588 1460
8.164361000061035 1460
8.164361953735352 1460
8.16535496711731 1460
8.165355920791626 1460
8.165355920791626 1460
8.165356874465942 1460
8.165358066558838 1460
8.165359020233154 1460
8.174377918243408 1460
8.175375938415527 1460
8.175793886184692 1460
8.176522970199585 1460
8.176523923873901 1460
8.179867029190063 1460
8.179868936538696 1460
8.179869890213013 1460
8.179967880249023 1460
8.179969072341919 1460
8.179969072341919 1460
8.18184208869934 1460
8.18421196937561 1460
8.184212923049927 1460
8.184213876724243 1460
8.184215068817139 1460
8.184216022491455 1460
8.184217929840088 1460
8.184330940246582 1460
8.184330940246582 1460
8.190823078155518 1460
8.1930570602417 1460
8.193059921264648 1460
8.193841934204102 1460
8.193842887878418 1460
8.195857048034668 1460
8.195857048034668 1460
8.19696593284607 1460
8.196966886520386 1460
8.196968078613281 1460
8.197184085845947 1460
8.19880199432373 1460
8.200368881225586 1460
8.200370073318481 1460
8.200370073318481 1460
8.200583934783936 1460
8.200584888458252 1460
8.200584888458252 1460
8.20161485671997 1460
8.20161485671997 1460
8.238640069961548 1460
8.307367086410522 1460
8.307367086410522 1460
8.307368040084839 1460
8.30746603012085 1460
8.307466983795166 1460
8.307466983795166 1460
8.307982921600342 1460
8.307982921600342 1460
8.307982921600342 1460
8.308330059051514 1460
8.308330059051514 1460
8.308330059051514 1460
8.310389041900635 1460
8.310389995574951 1460
8.310391902923584 1460
8.310391902923584 1460
8.3103928565979 1460
8.3103928565979 1460
8.3103928565979 1460
8.310394048690796 1460
8.310394048690796 1460
8.310394048690796 1460
8.323324918746948 1460
8.323325872421265 1460
8.323704957962036 1460
8.323704957962036 1460
8.323704957962036 1460
8.323975086212158 1460
8.324594020843506 1460
8.324594974517822 1460
8.325583934783936 1460
8.325586080551147 1460
8.32629108428955 1460
8.326292037963867 1460
8.326931953430176 1460
8.326932907104492 1460
8.328655004501343 1460
8.32865595817566 1460
8.32865595817566 1460
8.328656911849976 1460
8.328656911849976 1460
8.328656911849976 1460
8.328657865524292 1460
8.328657865524292 1460
8.339977025985718 1460
8.339977025985718 1460
8.340619087219238 1460
8.340619087219238 1460
8.341113090515137 1460
8.341113090515137 1460
8.341530084609985 1460
8.341530084609985 1460
8.342720985412598 1460
8.342721939086914 1460
8.342947959899902 1460
8.342947959899902 1460
8.342948913574219 1460
8.343225002288818 1460
8.345392942428589 1460
8.345392942428589 1460
8.345393896102905 1460
8.345607995986938 1460
8.345608949661255 1460
8.345608949661255 1460
8.345752954483032 1460
8.345753908157349 1460
8.358695030212402 1460
8.358695983886719 1460
8.358695983886719 1460
8.358695983886719 1460
8.399461030960083 1460
8.550442934036255 1460
8.550446033477783 1460
8.550448894500732 1460
8.550450086593628 1460
8.55045199394226 1460
8.550452947616577 1460
8.551141023635864 1460
8.551142930984497 1460
8.551143884658813 1460
8.552329063415527 1460
8.552330017089844 1460
8.552330017089844 1460
8.55233097076416 1460
8.55233097076416 1460
8.552331924438477 1460
8.552331924438477 1460
8.552332878112793 1460
8.552332878112793 1460
8.552334070205688 1460
8.552334070205688 1460
8.552450895309448 1460
8.552452087402344 1460
8.56791090965271 1460
8.567913055419922 1460
8.567914009094238 1460
8.567914009094238 1460
8.567915916442871 1460
8.567915916442871 1460
8.568842887878418 1460
8.568844079971313 1460
8.569658041000366 1460
8.569658994674683 1460
8.569658994674683 1460
8.570178031921387 1460
8.570178031921387 1460
8.570178985595703 1460
8.571770906448364 1460
8.57177186012268 1460
8.571773052215576 1460
8.571774005889893 1460
8.571774005889893 1460
8.571774959564209 1460
8.571775913238525 1460
8.571775913238525 1460
8.584965944290161 1460
8.584965944290161 1460
8.584966897964478 1460
8.584968090057373 1460
8.584968090057373 1460
8.58496904373169 1460
8.585923910140991 1460
8.585924863815308 1460
8.58666205406189 1460
8.586663007736206 1460
8.588284015655518 1460
8.588284969329834 1460
8.588284969329834 1460
8.58828592300415 1460
8.588286876678467 1460
8.588288068771362 1460
8.588289976119995 1460
8.58911395072937 1460
8.589114904403687 1460
8.589114904403687 1460
8.590162992477417 1460
8.590162992477417 1460
8.601831912994385 1460
8.601832866668701 1460
8.602993965148926 1460
8.602993965148926 1460
8.603263854980469 1460
8.603265047073364 1460
8.603955030441284 1460
8.6039559841156 1460
8.604192972183228 1460
8.604192972183228 1460
8.604564905166626 1460
8.604564905166626 1460
8.604565858840942 617
8.652922868728638 617
16.30173397064209 40
16.30173397064209 40
16.442398071289062 1460
16.44239902496338 1460
16.44239902496338 1460
16.442399978637695 1460
16.44240093231201 1460
16.44240093231201 1460
16.44306993484497 1460
16.44306993484497 1460
16.443070888519287 1460
16.443070888519287 1460
16.45987296104431 1460
16.459873914718628 1460
16.459874868392944 1460
16.459874868392944 1460
16.45987606048584 1460
16.459877014160156 1460
16.460469961166382 1460
16.4604709148407 1460
16.460471868515015 1460
16.46047306060791 1460
16.460474014282227 1460
16.460474014282227 1460
16.461543083190918 1460
16.46154499053955 1460
16.461545944213867 1460
16.461956024169922 1460
16.461957931518555 1460
16.461957931518555 1460
16.462233066558838 1460
16.462234020233154 1460
16.477099895477295 1460
16.477102041244507 1460
16.477102994918823 1460
16.477102994918823 1460
16.47710394859314 1460
16.477104902267456 1460
16.477834939956665 1460
16.47783589363098 1460
16.478589057922363 1460
16.47859001159668 1460
16.478590965270996 1460
16.47910189628601 1460
16.479103088378906 1460
16.479104042053223 1460
16.479408979415894 1460
16.479408979415894 1460
16.47940993309021 1460
16.481446981430054 1460
16.48144793510437 1460
16.481448888778687 1460
16.481450080871582 1460
16.481450080871582 1460
16.4814510345459 1460
16.49389100074768 1460
16.493891954421997 1460
16.493892908096313 1460
16.4943950176239 1460
16.494395971298218 1460
16.494395971298218 1460
16.49457287788391 1460
16.49496603012085 1460
16.494966983795166 1460
16.494967937469482 1460
16.495182991027832 1460
16.49518394470215 1460
16.495184898376465 1460
16.496609926223755 1460
16.496609926223755 1460
16.49661087989807 1460
16.496612071990967 1460
16.498053073883057 1460
16.498054027557373 1460
16.49805498123169 1460
16.49936294555664 1460
16.499363899230957 1460
16.499365091323853 1460
16.499365091323853 1460
16.511493921279907 1460
16.511494874954224 1460
16.512377977371216 1460
16.512378931045532 1460
16.512378931045532 1460
16.512757062911987 1460
16.512758016586304 1460
16.513169050216675 1460
16.51317000389099 1460
16.552656888961792 1460
16.612310886383057 1460
16.612312078475952 1460
16.642205953598022 1460
16.642214059829712 1460
16.64221501350403 1460
16.642215967178345 1460
16.64221692085266 1460
16.642217874526978 1460
16.64222002029419 1460
16.642220973968506 1460
16.642220973968506 1460
16.642221927642822 1460
16.64222288131714 1460
16.64222502708435 1460
16.64222502708435 1460
16.642225980758667 1460
16.642226934432983 1460
16.6422278881073 1460
16.642229080200195 1460
16.64223003387451 1460
16.642231941223145 1460
16.64223289489746 1460
16.642234086990356 1460
16.642234086990356 1460
16.642235040664673 1460
16.655904054641724 1460
16.65590500831604 1460
16.661149978637695 1460
16.66115093231201 1460
16.661151885986328 1460
16.661151885986328 1460
16.66262197494507 1460
16.662622928619385 1460
16.6626238822937 1460
16.662625074386597 1460
16.662625074386597 1460
16.662626028060913 1460
16.662626028060913 1460
16.66262698173523 1460
16.66262698173523 1460
16.662627935409546 1460
16.664175033569336 1460
16.664175033569336 1460
16.664175987243652 1460
16.664175987243652 1460
16.66417694091797 1460
16.66417694091797 1460
16.664177894592285 1460
16.664177894592285 1460
16.664177894592285 1460
16.672916889190674 1460
16.67291808128357 1460
16.678338050842285 1460
16.678339958190918 1460
16.67916703224182 1460
16.67916703224182 1460
16.68204402923584 1460
16.682045936584473 1460
16.68204689025879 1460
16.682048082351685 1460
16.682049036026 1460
16.682049989700317 1460
16.68205189704895 1460
16.682053089141846 1460
16.682054042816162 1460
16.682055950164795 1460
16.68205690383911 1460
16.682059049606323 1460
16.68206000328064 1460
16.682060956954956 1460
16.682061910629272 1460
16.682064056396484 1460
16.6820650100708 1460
16.682065963745117 1460
16.682066917419434 1460
16.68985891342163 1460
16.689859867095947 1460
16.689861059188843 1460
16.695441961288452 1460
16.69544291496277 1460
16.695806980133057 1460
16.695807933807373 1460
16.698953866958618 1460
16.698955059051514 1460
16.700341939926147 1460
16.700341939926147 1460
16.700342893600464 1460
16.700342893600464 1460
16.700342893600464 1460
16.70034408569336 1460
16.70034408569336 1460
16.700345039367676 1460
16.700345993041992 1460
16.700345993041992 1460
16.70034694671631 1460
16.70193600654602 1460
16.701936960220337 1460
16.701936960220337 1460
16.701937913894653 1460
16.701937913894653 1460
16.701937913894653 1460
16.706652879714966 1460
16.706652879714966 1460
16.755600929260254 1460
16.812464952468872 1460
16.812464952468872 1460
16.81246590614319 1460
16.8129460811615 1460
16.812947034835815 1460
16.812947034835815 1460
16.813289880752563 1460
16.813289880752563 1460
16.81329107284546 1460
16.81478190422058 1460
16.814782857894897 1460
16.814782857894897 1460
16.814784049987793 1460
16.814784049987793 1460
16.81478500366211 1460
16.81478500366211 1460
16.814785957336426 1460
16.814785957336426 1460
16.814785957336426 1460
16.814805030822754 1460
16.814805030822754 1460
16.814805030822754 1460
16.815501928329468 1460
16.815502882003784 1460
16.815502882003784 1460
16.815649032592773 1460
16.81564998626709 1460
16.81564998626709 1460
16.830662965774536 1460
16.830663919448853 1460
16.8328640460968 1460
16.832864999771118 1460
16.832864999771118 1460
16.832865953445435 1460
16.832865953445435 1460
16.832865953445435 1460
16.83286690711975 1460
16.83286690711975 1460
16.832867860794067 1460
16.832867860794067 1460
16.832869052886963 1460
16.832869052886963 1460
16.832869052886963 1460
16.83287000656128 1460
16.83287000656128 1460
16.832870960235596 1460
16.832870960235596 1460
16.832871913909912 1460
16.833570957183838 1460
16.833571910858154 1460
16.833571910858154 1460
16.83357286453247 1460
16.83357286453247 1460
16.833574056625366 1460
16.835246086120605 1460
16.835247039794922 1460
16.84765601158142 1460
16.847656965255737 1460
16.850064039230347 1460
16.850064992904663 1460
16.85006594657898 1460
16.850213050842285 1460
16.8502140045166 1460
16.850214958190918 1460
16.850605964660645 1460
16.850605964660645 1460
16.85060691833496 1460
16.85095500946045 1460
16.85095500946045 1460
16.850955963134766 1460
16.853070974349976 1460
16.853071928024292 1460
16.85307288169861 1460
16.85307288169861 1460
16.853074073791504 1460
16.853074073791504 1460
16.85307502746582 1460
16.853075981140137 1460
16.853075981140137 1460
16.853076934814453 1460
16.85307788848877 1460
16.853079080581665 1460
16.85450792312622 1460
16.854508876800537 1460
16.864526987075806 1460
16.864527940750122 1460
16.866878032684326 1460
16.866878032684326 1460
16.86787986755371 1460
16.867881059646606 1460
16.867881059646606 1460
16.867881059646606 1460
16.911340951919556 1460
16.96883797645569 1460
16.96883988380432 1460
16.97037386894226 1460
16.970376014709473 1460
16.97037696838379 1460
16.970377922058105 1460
16.970378875732422 1460
16.970380067825317 1460
16.970381021499634 1460
16.97038197517395 1460
16.970382928848267 1460
16.97038507461548 1460
16.970386028289795 1460
16.97038698196411 1460
16.970388889312744 1460
16.97039008140564 1460
16.971828937530518 1460
16.971829891204834 1460
16.971829891204834 1460
16.97183108329773 1460
