554655
0.0 973
0.0 1452
0.0 1452
0.0004649162292480469 1452
0.0004649162292480469 1452
0.0004649162292480469 1452
0.0004649162292480469 1452
0.0009319782257080078 1452
0.0009319782257080078 1452
0.0009319782257080078 1452
0.0009319782257080078 1452
0.001374959945678711 1452
0.001374959945678711 961
0.0026400089263916016 1452
0.003123044967651367 1452
0.003123044967651367 1452
0.003123044967651367 1452
0.003123044967651367 1452
0.003556966781616211 1452
0.003556966781616211 1452
0.003556966781616211 1452
0.003996133804321289 1452
0.005162954330444336 1452
0.005491971969604492 1452
0.005491971969604492 961
0.005491971969604492 1452
0.005872011184692383 1452
0.005872011184692383 1452
0.005872011184692383 1452
0.006381034851074219 1452
0.006381034851074219 1452
0.020698070526123047 1452
0.020698070526123047 1452
0.0210421085357666 1452
0.0210421085357666 1452
0.0210421085357666 1452
0.02143096923828125 1452
0.022488117218017578 1452
0.022488117218017578 1452
0.022488117218017578 1452
0.022488117218017578 1452
0.022488117218017578 1452
0.022488117218017578 1452
0.023540973663330078 1452
0.023540973663330078 1452
0.023540973663330078 1452
0.02400803565979004 1452
0.02400803565979004 1452
0.02400803565979004 1452
0.02400803565979004 1452
0.02431201934814453 1452
0.025124073028564453 1452
0.025124073028564453 1452
0.027485132217407227 1452
0.027485132217407227 1452
0.027903079986572266 1452
0.027903079986572266 1452
0.02829599380493164 1452
0.02829599380493164 1452
0.041242122650146484 1452
0.041242122650146484 1452
0.05033111572265625 1452
0.05033111572265625 1452
0.05080699920654297 1452
0.05080699920654297 1452
0.05080699920654297 1452
0.05080699920654297 1452
0.06195497512817383 1452
0.06195497512817383 1452
0.07105898857116699 1452
0.07105898857116699 1452
0.07145309448242188 1452
0.07145309448242188 1452
0.07145309448242188 1452
0.07145309448242188 1452
0.07177209854125977 1452
0.07177209854125977 1452
0.07177209854125977 1452
0.07214713096618652 1452
0.07214713096618652 1452
0.07240605354309082 1452
0.07240605354309082 1452
0.07240605354309082 1452
0.07283401489257812 1452
0.07283401489257812 1452
0.07283401489257812 1452
0.07283401489257812 1452
0.07309699058532715 1452
0.07309699058532715 1452
0.07341814041137695 1452
0.08278298377990723 1452
0.08278298377990723 1452
0.09197402000427246 1452
0.09197402000427246 1452
0.09232306480407715 1452
0.09232306480407715 1452
0.09267997741699219 1452
0.09267997741699219 1452
0.09267997741699219 1452
0.09304594993591309 1452
0.09304594993591309 1452
0.09304594993591309 1452
0.09365105628967285 1452
0.09365105628967285 1452
0.09365105628967285 1452
0.09365105628967285 1452
0.09365105628967285 1452
0.09465813636779785 1452
0.10630512237548828 1452
0.1066291332244873 1452
0.1066291332244873 1452
0.11273503303527832 1452
0.11273503303527832 1452
0.11273503303527832 1452
0.11322498321533203 1452
0.11322498321533203 1452
0.11322498321533203 1452
0.11369705200195312 1452
0.11369705200195312 1452
0.11369705200195312 1452
0.11369705200195312 1452
0.11419200897216797 1452
0.11419200897216797 1452
0.11464810371398926 1452
0.11464810371398926 1452
0.11464810371398926 1452
0.11464810371398926 1452
0.11512899398803711 1452
0.12999796867370605 1452
0.13046598434448242 1452
0.13046598434448242 1452
0.13334298133850098 1452
0.13334298133850098 1452
0.13334298133850098 1452
0.13381409645080566 1452
0.13381409645080566 1452
0.13429999351501465 1452
0.13429999351501465 1452
0.13429999351501465 1452
0.13477706909179688 1452
0.13477706909179688 1452
0.13477706909179688 1452
0.13477706909179688 1452
0.1352391242980957 1452
0.1352391242980957 1452
0.13573598861694336 1452
0.13573598861694336 1452
0.1509699821472168 1452
0.1509699821472168 1452
0.15394902229309082 1452
0.15394902229309082 1452
0.15394902229309082 1452
0.15483593940734863 1452
0.15483593940734863 1452
0.15483593940734863 1452
0.1550741195678711 1452
0.1550741195678711 1452
0.15553498268127441 1452
0.15553498268127441 1452
0.15553498268127441 1452
0.15553498268127441 1452
0.1560070514678955 1452
0.1560070514678955 1452
0.15635895729064941 1452
0.15635895729064941 1452
0.17162799835205078 1452
0.17185091972351074 1452
0.1743631362915039 1452
0.17533612251281738 1452
0.17533612251281738 1452
0.1758110523223877 1452
0.1758110523223877 1452
0.1758110523223877 1452
0.17624592781066895 1452
0.17624592781066895 1452
0.17624592781066895 1452
0.1767289638519287 1452
0.1767289638519287 1452
0.1767289638519287 1452
0.17720603942871094 1452
0.17720603942871094 1452
0.19223499298095703 1452
0.19223499298095703 1452
0.19510507583618164 1452
0.19510507583618164 1452
0.19612693786621094 1452
0.19612693786621094 1452
0.19646406173706055 1452
0.19646406173706055 1452
0.19683408737182617 1452
0.19683408737182617 1452
0.19683408737182617 1452
0.19723296165466309 1452
0.19723296165466309 1452
0.19723296165466309 1452
0.19756197929382324 1452
0.197983980178833 1452
0.21301507949829102 1452
0.21301507949829102 1452
0.21593308448791504 1452
0.21593308448791504 1452
0.2167351245880127 1452
0.2167351245880127 1452
0.21711301803588867 1452
0.21711301803588867 1452
0.2175281047821045 1452
0.2175281047821045 1452
0.2175281047821045 1452
0.21789813041687012 1452
0.21789813041687012 1452
0.21789813041687012 1452
0.2183070182800293 1452
0.2183070182800293 1452
0.23386597633361816 1452
0.23386597633361816 1452
0.23674511909484863 1452
0.23674511909484863 1452
0.2371370792388916 1452
0.23754596710205078 1452
0.23754596710205078 1452
0.23790907859802246 1452
0.23790907859802246 1452
0.2382979393005371 1452
0.2382979393005371 1452
0.2382979393005371 1452
0.2386789321899414 1452
0.2386789321899414 1452
0.23971295356750488 1452
0.23971295356750488 1452
0.2543940544128418 1452
0.2547600269317627 1452
0.2572009563446045 1452
0.2572009563446045 1452
0.25763702392578125 1452
0.25763702392578125 1452
0.258073091506958 1452
0.258512020111084 1452
0.2589850425720215 1452
0.2589850425720215 1452
0.2594590187072754 1452
0.2594590187072754 1452
0.2594590187072754 1452
0.2594590187072754 1452
0.2604210376739502 1452
0.26073312759399414 1452
0.27528810501098633 1452
0.27528810501098633 1452
0.2780179977416992 1452
0.2780179977416992 1452
0.2780179977416992 1452
0.2780179977416992 1452
0.2785069942474365 1452
0.2785069942474365 1452
0.27946996688842773 1452
0.27946996688842773 1452
0.279926061630249 1452
0.279926061630249 1452
0.2808220386505127 1452
0.2808220386505127 1452
0.2808220386505127 1452
0.2808220386505127 1452
0.29587411880493164 1452
0.29587411880493164 1452
0.29636311531066895 1452
0.29636311531066895 1452
0.2984640598297119 1452
0.2984640598297119 1452
0.2984640598297119 1452
0.29885196685791016 1452
0.29885196685791016 1452
0.29885196685791016 1452
0.30024194717407227 1452
0.300584077835083 1452
0.300584077835083 1452
0.300584077835083 1452
0.3018789291381836 1452
0.3018789291381836 1452
0.3022580146789551 1452
0.3022580146789551 1452
0.3162989616394043 1452
0.3162989616394043 1452
0.3166799545288086 1452
0.3170919418334961 1452
0.31886792182922363 1452
0.31930112838745117 1452
0.31930112838745117 1452
0.3197629451751709 1452
0.3197629451751709 1452
0.3197629451751709 1452
0.32121992111206055 1452
0.32121992111206055 1452
0.32121992111206055 1452
0.3216979503631592 1452
0.32273197174072266 1452
0.32273197174072266 1452
0.3230249881744385 1452
0.3230249881744385 1452
0.3371140956878662 1452
0.3371140956878662 1452
0.3403019905090332 1452
0.3403019905090332 1452
0.3403019905090332 1452
0.3403019905090332 1452
0.3403019905090332 1452
0.3403019905090332 1452
0.3410530090332031 1452
0.3410530090332031 1452
0.3418400287628174 1452
0.3418400287628174 1452
0.3431861400604248 1452
0.3431861400604248 1452
0.3435349464416504 1452
0.3435349464416504 1452
0.3435349464416504 1452
0.34389400482177734 1452
0.3578629493713379 1452
0.3578629493713379 1452
0.3610689640045166 1452
0.3610689640045166 1452
0.3614950180053711 1452
0.3614950180053711 1452
0.3614950180053711 1452
0.3614950180053711 1452
0.361936092376709 1452
0.361936092376709 1452
0.36235594749450684 1452
0.36280202865600586 1452
0.3640151023864746 1452
0.3640151023864746 1452
0.3640151023864746 1452
0.36444807052612305 1452
0.36444807052612305 1452
0.36444807052612305 1452
0.37874913215637207 1452
0.37874913215637207 1452
0.38195300102233887 1452
0.38195300102233887 1452
0.38226914405822754 1452
0.38226914405822754 1452
0.38226914405822754 1452
0.382659912109375 1452
0.382659912109375 1452
0.382659912109375 1452
0.3830440044403076 1452
0.3830440044403076 1452
0.38553500175476074 1452
0.38553500175476074 1452
0.38553500175476074 1452
0.38553500175476074 1452
0.38635706901550293 1452
0.38675808906555176 1452
0.401806116104126 1452
0.401806116104126 1452
0.4038851261138916 1452
0.4038851261138916 1452
0.4038851261138916 1452
0.4038851261138916 1452
0.4038851261138916 1452
0.4038851261138916 1452
0.40491509437561035 1452
0.40491509437561035 1452
0.4059560298919678 1452
0.4059560298919678 1452
0.40784502029418945 1452
0.4081850051879883 1452
0.4081850051879883 1452
0.4081850051879883 1452
0.40981602668762207 1452
0.40981602668762207 1452
0.4229700565338135 1452
0.4229700565338135 1452
0.425260066986084 1452
0.425260066986084 1452
0.4260380268096924 1452
0.42642903327941895 1452
0.42642903327941895 1452
0.42642903327941895 1452
0.42754411697387695 1452
0.42754411697387695 1452
0.42901611328125 1452
0.42901611328125 1452
0.4305269718170166 1452
0.4305269718170166 1452
