681622
0.0 52
0.22790312767028809 40
0.2482140064239502 1452
0.2482140064239502 1452
0.24866199493408203 1452
0.24866199493408203 1452
0.24866199493408203 1452
0.24866199493408203 1452
0.24907302856445312 1452
0.24907302856445312 1452
0.24950098991394043 1452
0.24950098991394043 1452
0.2500441074371338 1452
0.2511279582977295 1452
0.2516641616821289 1452
0.2520930767059326 1452
0.25299596786499023 1452
0.25299596786499023 1452
0.2540609836578369 1452
0.2540609836578369 1452
0.25499701499938965 1452
0.25602102279663086 1452
0.256878137588501 1452
0.25795698165893555 1452
0.2591280937194824 1452
0.2598421573638916 1452
0.2598421573638916 1452
0.26088905334472656 1452
0.26088905334472656 1452
0.2618680000305176 1452
0.26257896423339844 1452
0.26257896423339844 1452
0.26383399963378906 1452
0.2647380828857422 1452
0.2647380828857422 1452
0.26552915573120117 1452
0.2659270763397217 1452
0.2668881416320801 1452
0.2668881416320801 1452
0.26784205436706543 1452
0.26784205436706543 1452
0.2689361572265625 1452
0.2689361572265625 1452
0.2699770927429199 1452
0.2716860771179199 1452
0.27269911766052246 1452
0.27304911613464355 1452
0.2740039825439453 1452
0.274381160736084 1452
0.2752840518951416 1452
0.2752840518951416 1452
0.27600812911987305 1452
0.27600812911987305 1452
0.2769031524658203 1452
0.2772960662841797 1452
0.27841806411743164 1452
0.27841806411743164 1452
0.2794771194458008 1452
0.2794771194458008 1452
0.28058505058288574 1452
0.28058505058288574 1452
0.28165698051452637 1452
0.28165698051452637 1452
0.28270912170410156 1452
0.28270912170410156 1452
0.2837059497833252 1452
0.2837059497833252 1452
0.28491806983947754 1452
0.28491806983947754 1452
0.2867920398712158 1452
0.2867920398712158 1452
0.28902316093444824 1452
0.28902316093444824 1452
0.2898130416870117 1452
0.2898130416870117 1452
0.493211030960083 1452
0.49356698989868164 1452
0.4944601058959961 1452
0.49481201171875 1452
0.4963650703430176 1452
0.4994990825653076 1452
0.5008790493011475 1452
0.5019080638885498 1452
0.5034749507904053 1452
0.5078790187835693 1452
0.51692795753479 1452
0.5172779560089111 1452
0.5172779560089111 1452
0.5239460468292236 1452
0.5265719890594482 1452
0.5333681106567383 1452
0.5333681106567383 1452
0.5357661247253418 1452
0.7438819408416748 1452
0.7438819408416748 308
0.7445759773254395 1452
0.7449309825897217 1452
0.7458610534667969 1452
0.7458610534667969 1452
0.7467789649963379 1452
0.7467789649963379 1452
0.8801569938659668 1452
0.8805360794067383 1452
0.8813390731811523 1452
0.8817141056060791 1452
0.9832379817962646 1452
1.0755460262298584 1452
1.097322940826416 1452
1.097322940826416 1452
1.0976710319519043 1452
1.0976710319519043 1184
1.0989489555358887 1452
1.0989489555358887 1452
1.0998859405517578 1452
1.0998859405517578 1452
1.100358009338379 1452
1.101212978363037 1452
1.101212978363037 1452
1.1019079685211182 1452
1.1019079685211182 1452
1.1026091575622559 1452
1.1026091575622559 1452
1.1038670539855957 1452
1.1043751239776611 1452
1.1048531532287598 1452
1.1048531532287598 1452
1.1066110134124756 1452
1.1071960926055908 1452
1.1075119972229004 1452
1.107867956161499 1452
1.1082160472869873 1452
1.108942985534668 1452
1.108942985534668 1452
1.1097121238708496 1452
1.1100640296936035 1452
1.1104121208190918 1452
1.1104121208190918 1452
1.1112830638885498 1452
1.1112830638885498 1452
1.1117429733276367 1452
1.1123061180114746 1452
1.1127879619598389 1452
1.1127879619598389 1452
1.1133489608764648 1452
1.1133489608764648 1452
1.1142151355743408 1452
1.1142151355743408 1452
1.1145830154418945 1452
1.1149189472198486 1452
1.1153171062469482 1452
1.1160790920257568 1452
1.1168949604034424 1452
1.1176509857177734 1452
1.1176509857177734 1452
1.1180381774902344 1452
1.1180381774902344 1452
1.1191861629486084 1452
1.1191861629486084 1452
1.1195640563964844 1452
1.1199450492858887 1452
1.1207051277160645 1452
1.1210870742797852 1452
1.1215121746063232 1452
1.121870994567871 1452
1.1222469806671143 1452
1.1226310729980469 1452
1.1230130195617676 1452
1.1233890056610107 1452
1.1233890056610107 1452
1.1241919994354248 1452
1.1241919994354248 1452
1.1249141693115234 1452
1.4419331550598145 1452
1.4428961277008057 1452
1.443958044052124 1452
1.4450840950012207 1452
1.4456300735473633 1452
1.4461801052093506 1452
1.4472131729125977 1452
1.448188066482544 1452
1.4486820697784424 1452
2.285658121109009 1452
2.5364739894866943 1452
2.5384280681610107 1452
2.541684150695801 1452
2.545438051223755 1452
2.7864651679992676 1452
3.940148115158081 1452
3.940148115158081 1452
3.942880153656006 1452
3.9434189796447754 1452
3.953887939453125 1452
3.9542391300201416 1452
3.959733009338379 1452
3.959733009338379 1452
3.9655280113220215 1452
3.9655280113220215 1452
3.971421003341675 1452
3.971421003341675 1452
3.9825780391693115 1452
3.9825780391693115 1452
3.9934470653533936 1452
3.9934470653533936 1452
3.99904203414917 1452
4.004755020141602 1452
4.004755020141602 1452
4.010220050811768 1452
4.016586065292358 1452
4.016586065292358 1452
4.021923065185547 1452
4.021923065185547 1452
4.027431011199951 1452
4.033008098602295 1452
4.033008098602295 1452
4.038696050643921 1452
4.038696050643921 1452
4.044296026229858 1452
4.044296026229858 1452
4.04991602897644 1452
4.04991602897644 1452
4.05575704574585 1452
4.05575704574585 1452
4.061053037643433 1452
4.072497129440308 1452
4.072497129440308 1452
4.078298091888428 1452
4.078298091888428 1452
4.083822011947632 1452
4.083822011947632 1452
4.094911098480225 1452
4.094911098480225 1452
4.100988149642944 1452
4.100988149642944 1452
4.1062541007995605 1452
4.1062541007995605 1452
4.111793041229248 1452
4.11217999458313 1452
4.117678165435791 1452
4.117678165435791 1452
4.123671054840088 1452
4.128921031951904 1452
4.128921031951904 1452
4.133932113647461 1452
4.134292125701904 1452
4.139729022979736 1452
4.1459431648254395 1452
4.150990009307861 1452
4.151457071304321 1452
4.156483173370361 1452
4.156483173370361 1452
4.16095495223999 1452
4.16129207611084 1452
4.166422128677368 1452
4.166422128677368 1452
4.1713011264801025 1452
4.171723127365112 1452
4.176893949508667 1452
4.176893949508667 1452
4.181889057159424 1452
4.181889057159424 1452
4.187324047088623 1452
4.187324047088623 1452
4.198990106582642 1452
4.199319124221802 324
4.283862113952637 1452
4.305746078491211 1452
4.305746078491211 1452
4.314306020736694 1452
4.314306020736694 1452
4.323320150375366 1452
4.332443952560425 1452
4.368366956710815 1452
4.372356176376343 1452
4.3946051597595215 1452
4.3946051597595215 1452
4.43697714805603 1452
4.439641952514648 1452
4.562916994094849 1452
4.844330072402954 1452
4.846390962600708 1452
5.4433629512786865 1452
6.021655082702637 1452
7.240900993347168 1452
9.606687068939209 1064
14.80475115776062 40
15.054245948791504 1258
15.055925130844116 1064
15.062088012695312 1064
15.062088012695312 1064
15.06796407699585 1064
15.074023962020874 1064
15.074454069137573 1064
15.080168008804321 1064
15.080623149871826 1064
15.086174011230469 1064
15.086174011230469 1064
15.09169602394104 1064
15.092040061950684 1064
15.098360061645508 1064
15.098360061645508 1064
15.103929996490479 1064
15.104382038116455 1064
15.110249996185303 1064
15.117006063461304 1064
15.117006063461304 1064
15.123181104660034 1064
15.123573064804077 1064
15.129709005355835 1064
15.129709005355835 1064
15.135895013809204 1064
15.141926050186157 1064
15.142253160476685 1064
15.148384094238281 1064
15.154973030090332 1064
15.161988019943237 1064
15.168308973312378 1064
15.168308973312378 1064
15.174913167953491 1064
15.174913167953491 1064
15.181359052658081 1064
15.181359052658081 1064
15.18817400932312 1064
15.18817400932312 1064
15.195584058761597 1064
15.195584058761597 1064
15.203500986099243 1064
15.203500986099243 1064
15.210870027542114 1064
15.210870027542114 1064
15.21875810623169 1064
15.22591495513916 1064
15.22591495513916 1064
15.23400616645813 1064
15.234380960464478 1064
15.241254091262817 1064
15.241254091262817 1064
15.24880599975586 1064
15.24880599975586 1064
15.255609035491943 638
15.257650136947632 1064
15.257650136947632 1064
15.264600992202759 1064
15.264600992202759 1064
15.271849155426025 1064
15.285015106201172 1064
15.291504144668579 1064
15.291504144668579 1064
15.297917127609253 1064
15.297917127609253 1064
15.304738998413086 1064
15.31163215637207 1064
15.31163215637207 1064
15.318703174591064 1064
15.318703174591064 1064
15.325282096862793 1064
15.33233904838562 1064
15.33233904838562 1064
15.339318990707397 1064
15.346662044525146 1064
15.346662044525146 1064
15.352920055389404 1064
15.359686136245728 1064
15.360084056854248 1064
15.36686110496521 1064
15.36686110496521 1064
15.373706102371216 1064
15.373706102371216 1064
15.382095098495483 1064
15.382095098495483 1064
15.388118982315063 1064
15.388118982315063 1064
15.395764112472534 1064
15.395764112472534 1064
15.403082132339478 1064
15.403082132339478 1064
15.410074949264526 1064
15.410074949264526 1064
15.415991067886353 1064
15.422741174697876 1064
15.422741174697876 1064
15.42973804473877 1064
15.42973804473877 1064
15.802188158035278 1064
15.89991307258606 1064
15.901307106018066 1064
15.904287099838257 1064
16.287986993789673 1064
16.28942108154297 1064
16.29242706298828 1064
16.295459032058716 1064
16.29794406890869 1064
16.30091094970703 870
16.30091094970703 1258
16.31016206741333 1064
16.31326913833618 1064
16.316035985946655 1064
16.319380044937134 1064
16.322118043899536 1064
16.325725078582764 1258
16.325725078582764 870
16.33186912536621 1258
16.33186912536621 1258
16.33910608291626 1258
16.33910608291626 1258
16.346434116363525 1258
16.353475093841553 1258
16.353475093841553 1170
16.360603094100952 1258
16.360603094100952 1258
16.36768412590027 1258
16.36768412590027 1258
16.375522136688232 1258
16.38261103630066 1258
16.38261103630066 1258
16.389966011047363 1258
16.39040493965149 1258
16.39766502380371 1258
16.39766502380371 1258
16.404659032821655 1258
16.404659032821655 1258
16.411046981811523 1258
16.411046981811523 1258
16.41788411140442 1258
16.41788411140442 1258
16.424328088760376 1258
16.424328088760376 1258
16.430931091308594 1258
16.43811297416687 1258
16.444842100143433 1258
16.451569080352783 1258
16.451569080352783 1258
16.4584219455719 1258
16.4584219455719 1258
16.46554398536682 1258
16.46554398536682 1258
16.471930027008057 1258
16.47841501235962 1258
16.484619140625 1258
16.484619140625 1258
16.490800142288208 1258
16.490800142288208 1258
16.49758505821228 1258
16.49758505821228 1258
16.50496816635132 1258
16.510964155197144 1258
16.511351108551025 1258
16.518684148788452 1258
16.518684148788452 1258
16.5259051322937 1258
16.532999992370605 1258
16.53995394706726 438
16.54041600227356 1258
16.685518980026245 1258
16.685518980026245 1258
16.69231414794922 1258
16.698933124542236 1258
16.698933124542236 1258
16.705230951309204 1258
16.71286416053772 1258
16.71286416053772 1258
16.719133138656616 1258
16.719133138656616 1258
16.726463079452515 1258
16.726463079452515 1258
16.73301100730896 1258
16.73349905014038 1258
16.740566968917847 1258
16.740566968917847 1258
16.746976137161255 1258
16.746976137161255 1258
16.753822088241577 1258
16.753822088241577 1258
16.761046171188354 1258
16.761046171188354 1258
16.766937017440796 1258
16.766937017440796 1258
16.77366805076599 1258
16.780653953552246 1258
16.780653953552246 1258
16.787073135375977 1258
16.79435706138611 1258
16.79435706138611 1258
16.80209708213806 1258
16.81687617301941 1258
16.823979139328003 1258
16.831629991531372 1258
16.831629991531372 1258
16.839441061019897 1064
16.842352151870728 1258
16.842352151870728 1258
16.84954309463501 1258
16.84954309463501 1258
16.85605216026306 1258
16.85605216026306 1258
16.86388897895813 1258
16.867722988128662 1258
16.867722988128662 1258
16.874950170516968 1258
16.875354051589966 1258
16.881783962249756 1258
16.881783962249756 646
16.886417150497437 1258
16.93139910697937 1258
17.036051034927368 1258
17.03803014755249 1258
17.041778087615967 1258
17.04491901397705 1258
17.051696062088013 1258
17.180848121643066 1258
17.180848121643066 1258
17.184945106506348 1258
17.212810039520264 1258
17.27361798286438 1258
17.322638034820557 1258
17.32442808151245 1258
17.32759714126587 1258
17.328144073486328 1258
17.334838151931763 1258
17.566904067993164 1258
17.568345069885254 1258
17.9533851146698 1258
18.671488046646118 1258
20.043424129486084 1064
