1050000
0.0 1500
0.002874135971069336 1500
0.005917072296142578 1500
0.013445138931274414 1500
0.016944169998168945 1500
0.022945165634155273 1500
0.024012088775634766 1500
0.03800821304321289 1500
0.04101109504699707 1500
0.04683518409729004 1500
0.04986214637756348 1500
0.05700421333312988 1500
0.05984616279602051 1500
0.05984616279602051 1500
0.06379508972167969 1500
0.06979799270629883 1500
0.07479715347290039 1500
0.0758671760559082 1500
0.09028410911560059 1500
0.09619021415710449 1500
0.10042500495910645 1500
0.1089620590209961 1500
0.11199808120727539 1500
0.11323118209838867 1500
0.11757707595825195 1500
0.12522220611572266 1500
0.12807011604309082 1500
0.13199806213378906 1500
0.14454221725463867 1500
0.1471571922302246 1500
0.1559891700744629 1500
0.16290712356567383 1500
0.17908000946044922 1500
0.18015599250793457 1500
0.1928560733795166 1500
0.19800400733947754 1500
0.20003509521484375 1500
0.2030191421508789 1500
0.21314716339111328 1500
0.21897506713867188 1500
0.2360990047454834 1500
0.2389070987701416 1500
0.2408452033996582 1500
0.2488720417022705 1500
0.2507901191711426 1500
0.2530221939086914 1500
0.25492310523986816 1500
0.259472131729126 1500
0.26215505599975586 1500
0.2688610553741455 1500
0.2783241271972656 1500
0.2852311134338379 1500
0.2878742218017578 1500
0.29097604751586914 1500
0.2930140495300293 1500
0.29527902603149414 1500
0.2970921993255615 1500
0.2991001605987549 1500
0.3009350299835205 1500
0.3021972179412842 1500
0.31510305404663086 1500
0.31782102584838867 1500
0.3230271339416504 1500
0.3250281810760498 1500
0.3258821964263916 1500
0.3359041213989258 1500
0.3408370018005371 1500
0.34499502182006836 1500
0.3495972156524658 1500
0.3522510528564453 1500
0.3538811206817627 1500
0.362011194229126 1500
0.3630061149597168 1500
0.3688931465148926 1500
0.37330102920532227 1500
0.3740360736846924 1500
0.3768939971923828 1500
0.38378214836120605 1500
0.3868560791015625 1500
0.3958451747894287 1500
0.3993251323699951 1500
0.4022550582885742 1500
0.4061610698699951 1500
0.4129331111907959 1500
0.4188351631164551 1500
0.4203040599822998 1500
0.4290480613708496 1500
0.43311309814453125 1500
0.43878817558288574 1500
0.44131922721862793 1500
0.4502391815185547 1500
0.45381999015808105 1500
0.466933012008667 1500
0.4682152271270752 1500
0.47484517097473145 1500
0.47792911529541016 1500
0.48714399337768555 1500
0.49485301971435547 1500
0.49790000915527344 1500
0.504080057144165 1500
0.507857084274292 1500
0.5122220516204834 1500
0.5199060440063477 1500
0.5208001136779785 1500
0.5299241542816162 1500
0.5328562259674072 1500
0.5358121395111084 1500
0.5388991832733154 1500
0.545037031173706 1500
0.5467760562896729 1500
0.5500490665435791 1500
0.5559201240539551 1500
0.5583600997924805 1500
0.5675830841064453 1500
0.5675830841064453 1500
0.581153154373169 1500
0.5838580131530762 1500
0.5888900756835938 1500
0.5900900363922119 1500
0.5951762199401855 1500
0.6034150123596191 1500
0.6034460067749023 1500
0.6039872169494629 1500
0.6097381114959717 1500
0.6099720001220703 1500
0.6122550964355469 1500
0.6151361465454102 1500
0.6172330379486084 1500
0.6258251667022705 1500
0.6258251667022705 1500
0.6285040378570557 1500
0.6329631805419922 1500
0.6361510753631592 1500
0.6389811038970947 1500
0.6443190574645996 1500
0.6450982093811035 1500
0.6462080478668213 1500
0.6527750492095947 1500
0.6548271179199219 1500
0.6569681167602539 1500
0.6630840301513672 1500
0.6640779972076416 1500
0.6670961380004883 1500
0.6700270175933838 1500
0.6749801635742188 1500
0.6781160831451416 1500
0.6804602146148682 1500
0.6809961795806885 1500
0.6878910064697266 1500
0.6912581920623779 1500
0.7002880573272705 1500
0.7089941501617432 1500
0.7120621204376221 1500
0.7182950973510742 1500
0.7228062152862549 1500
0.7252531051635742 1500
0.7318451404571533 1500
0.7344760894775391 1500
0.7402851581573486 1500
0.7430891990661621 1500
0.748927116394043 1500
0.7580051422119141 1500
0.7588150501251221 1500
0.7662460803985596 1500
0.7698590755462646 1500
0.7728011608123779 1500
0.7807741165161133 1500
0.7842252254486084 1500
0.7917740345001221 1500
0.7940680980682373 1500
0.7968292236328125 1500
0.8001971244812012 1500
0.8068370819091797 1500
0.8100380897521973 1500
0.8209521770477295 1500
0.8221800327301025 1500
0.8302152156829834 1500
0.8330340385437012 1500
0.8370001316070557 1500
0.8428611755371094 1500
0.8510591983795166 1500
0.8522841930389404 1500
0.8590810298919678 1500
0.8622322082519531 1500
0.8678669929504395 1500
0.8691141605377197 1500
0.8767311573028564 1500
0.8791821002960205 1500
0.8820672035217285 1500
0.8883540630340576 1500
0.8917431831359863 1500
0.8938210010528564 1500
0.8978421688079834 1500
0.9016811847686768 1500
0.912020206451416 1500
0.9138212203979492 1500
0.9172060489654541 1500
0.9209420680999756 1500
0.9318721294403076 1500
0.9348750114440918 1500
0.9370870590209961 1500
0.9399092197418213 1500
0.94476318359375 1500
0.9458630084991455 1500
0.9527921676635742 1500
0.9587512016296387 1500
0.9629261493682861 1500
0.9647881984710693 1500
0.9712021350860596 1500
0.974053144454956 1500
0.9771671295166016 1500
0.9868261814117432 1500
0.9899940490722656 1500
0.9928910732269287 1500
0.9978451728820801 1500
1.004115104675293 1500
1.007965087890625 1500
1.0198290348052979 1500
1.0281851291656494 1500
1.0301311016082764 1500
1.0331032276153564 1500
1.0439960956573486 1500
1.051025152206421 1500
1.0539782047271729 1500
1.0571391582489014 1500
1.0588200092315674 1500
1.0680160522460938 1500
1.0796761512756348 1500
1.0859010219573975 1500
1.0882461071014404 1500
1.0910451412200928 1500
1.1009931564331055 1500
1.1080901622772217 1500
1.1109631061553955 1500
1.1144680976867676 1500
1.1179041862487793 1500
1.1228551864624023 1500
1.1320321559906006 1500
1.1347792148590088 1500
1.1374611854553223 1500
1.1398530006408691 1500
1.1452000141143799 1500
1.1529810428619385 1500
1.1558420658111572 1500
1.1588540077209473 1500
1.1608071327209473 1500
1.1627922058105469 1500
1.1659090518951416 1500
1.1826550960540771 1500
1.1852052211761475 1500
1.1880080699920654 1500
1.1922461986541748 1500
1.1949331760406494 1500
1.196930170059204 1500
1.2009661197662354 1500
1.2019870281219482 1500
1.2027900218963623 1500
1.2072410583496094 1500
1.2179272174835205 1500
1.2228121757507324 1500
1.2279081344604492 1500
1.233025074005127 1500
1.2378971576690674 1500
1.2438042163848877 1500
1.2468640804290771 1500
1.2580130100250244 1500
1.2582151889801025 1500
1.2589561939239502 1500
1.2620701789855957 1500
1.2650930881500244 1500
1.2708280086517334 1500
1.2771191596984863 1500
1.2808291912078857 1500
1.290870189666748 1500
1.2919211387634277 1500
1.2980141639709473 1500
1.3058180809020996 1500
1.3077771663665771 1500
1.3137681484222412 1500
1.3160960674285889 1500
1.323782205581665 1500
1.3310480117797852 1500
1.3341081142425537 1500
1.3368580341339111 1500
1.3440890312194824 1500
1.3459210395812988 1500
1.3529551029205322 1500
1.3529551029205322 1500
1.3560011386871338 1500
1.358971118927002 1500
1.3632981777191162 1500
1.3658041954040527 1500
1.3687942028045654 1500
1.3752779960632324 1500
1.379019021987915 1500
1.3852200508117676 1500
1.3898451328277588 1500
1.3918700218200684 1500
1.3937711715698242 1500
1.3997750282287598 1500
1.405968189239502 1500
1.4113349914550781 1500
1.417823076248169 1500
1.4198131561279297 1500
1.4238450527191162 1500
1.4280970096588135 1500
1.4310810565948486 1500
1.4329040050506592 1500
1.4430570602416992 1500
1.4500930309295654 1500
1.4501450061798096 1500
1.4588611125946045 1500
1.4613580703735352 1500
1.466886043548584 1500
1.4759101867675781 1500
1.4827539920806885 1500
1.4888842105865479 1500
1.4917612075805664 1500
1.494875192642212 1500
1.5010240077972412 1500
1.504026174545288 1500
1.514120101928711 1500
1.5263221263885498 1500
1.5287442207336426 1500
1.5337510108947754 1500
1.5368561744689941 1500
1.5398790836334229 1500
1.546807050704956 1500
1.5531811714172363 1500
1.5594701766967773 1500
1.5618040561676025 1500
1.565798044204712 1500
1.5690491199493408 1500
1.571883201599121 1500
1.5737640857696533 1500
1.5777640342712402 1500
1.584214210510254 1500
1.5897610187530518 1500
1.5908880233764648 1500
1.5940711498260498 1500
1.594778060913086 1500
1.601797103881836 1500
1.6039252281188965 1500
1.6067850589752197 1500
1.6119921207427979 1500
1.6131420135498047 1500
1.6178522109985352 1500
1.6218311786651611 1500
1.6279871463775635 1500
1.6311089992523193 1500
1.6339991092681885 1500
1.6428232192993164 1500
1.6430530548095703 1500
1.6491851806640625 1500
1.6499340534210205 1500
1.6529221534729004 1500
1.6538422107696533 1500
1.6620101928710938 1500
1.6633341312408447 1500
1.668889045715332 1500
1.6718931198120117 1500
1.6769649982452393 1500
1.684230089187622 1500
1.68717622756958 1500
1.6888470649719238 1500
1.6917691230773926 1500
1.6961112022399902 1500
1.70278000831604 1500
1.7090551853179932 1500
1.7151720523834229 1500
1.7192621231079102 1500
1.7269940376281738 1500
1.7282650470733643 1500
1.7383360862731934 1500
1.7407820224761963 1500
1.7469511032104492 1500
1.7523682117462158 1500
1.7577450275421143 1500
1.7597770690917969 1500
1.7728290557861328 1500
1.7761881351470947 1500
1.7867350578308105 1500
1.7902371883392334 1500
1.7929332256317139 1500
1.7959330081939697 1500
1.7989661693572998 1500
1.803750991821289 1500
1.8067970275878906 1500
1.8099260330200195 1500
1.8130080699920654 1500
1.8258171081542969 1500
1.8280529975891113 1500
1.8381471633911133 1500
1.8418550491333008 1500
1.8450260162353516 1500
1.8468592166900635 1500
1.8509840965270996 1500
1.8541719913482666 1500
1.8568551540374756 1500
1.8608582019805908 1500
1.8643510341644287 1500
1.8751471042633057 1500
1.8751471042633057 1500
1.878324031829834 1500
1.882047176361084 1500
1.8919451236724854 1500
1.9008831977844238 1500
1.902757167816162 1500
1.9059760570526123 1500
1.913957118988037 1500
1.9172601699829102 1500
1.919741153717041 1500
1.9208149909973145 1500
1.9298532009124756 1500
1.9338831901550293 1500
1.9348540306091309 1500
1.9393720626831055 1500
1.9469990730285645 1500
1.9489130973815918 1500
1.9558050632476807 1500
1.959991216659546 1500
1.9661080837249756 1500
1.9709300994873047 1500
1.9771780967712402 1500
1.9800992012023926 1500
1.984807014465332 1500
1.9900240898132324 1500
1.9970500469207764 1500
2.0019001960754395 1500
2.0087971687316895 1500
2.016008138656616 1500
2.019862174987793 1500
2.023055076599121 1500
2.027973175048828 1500
2.0334532260894775 1500
2.0357470512390137 1500
2.0388131141662598 1500
2.041938066482544 1500
2.049039125442505 1500
2.0538620948791504 1500
2.059988021850586 1500
2.0667459964752197 1500
2.0699801445007324 1500
2.0741050243377686 1500
2.0779972076416016 1500
2.0798141956329346 1500
2.081172227859497 1500
2.0894641876220703 1500
2.0960001945495605 1500
2.099196195602417 1500
2.101783037185669 1500
2.1084861755371094 1500
2.1109731197357178 1500
2.1141860485076904 1500
2.1158690452575684 1500
2.1187431812286377 1500
2.1271040439605713 1500
2.1302101612091064 1500
2.133179187774658 1500
2.137174129486084 1500
2.1450581550598145 1500
2.149787187576294 1500
2.1528160572052 1500
2.154837131500244 1500
2.1602060794830322 1500
2.160830020904541 1500
2.1660380363464355 1500
2.1680819988250732 1500
2.1719841957092285 1500
2.1778030395507812 1500
2.1810500621795654 1500
2.1830530166625977 1500
2.1889631748199463 1500
2.19504714012146 1500
2.1980020999908447 1500
2.20107102394104 1500
2.2047901153564453 1500
2.2160720825195312 1500
2.218785047531128 1500
2.221947193145752 1500
2.2267661094665527 1500
2.2289412021636963 1500
2.2377970218658447 1500
2.2408130168914795 1500
2.246742010116577 1500
2.2500460147857666 1500
2.2559142112731934 1500
2.2622082233428955 1500
2.26387619972229 1500
2.2718260288238525 1500
2.2727530002593994 1500
2.276757001876831 1500
2.283914089202881 1500
2.2899041175842285 1500
2.290785074234009 1500
2.297100067138672 1500
2.302964210510254 1500
2.3058650493621826 1500
2.314838171005249 1500
2.316878080368042 1500
2.322046995162964 1500
2.3239831924438477 1500
2.330045223236084 1500
2.333801031112671 1500
2.3360462188720703 1500
2.3419981002807617 1500
2.3449580669403076 1500
2.346994161605835 1500
2.3498120307922363 1500
2.3588101863861084 1500
2.3638181686401367 1500
2.365847110748291 1500
2.367866039276123 1500
2.369479179382324 1500
2.3740041255950928 1500
2.3780760765075684 1500
2.3808422088623047 1500
2.3827571868896484 1500
2.3929011821746826 1500
2.3958511352539062 1500
2.399876117706299 1500
2.401968002319336 1500
2.408936023712158 1500
2.4097390174865723 1500
2.4118850231170654 1500
2.414785146713257 1500
2.423053026199341 1500
2.426185131072998 1500
2.428035020828247 1500
2.4308202266693115 1500
2.4367921352386475 1500
2.4377920627593994 1500
2.4448320865631104 1500
2.4469830989837646 1500
2.4527831077575684 1500
2.456989049911499 1500
2.4627411365509033 1500
2.4649569988250732 1500
2.4708571434020996 1500
2.4729180335998535 1500
2.4783101081848145 1500
2.4829201698303223 1500
2.484795093536377 1500
2.489774227142334 1500
2.4930310249328613 1500
2.495946168899536 1500
2.497267007827759 1500
2.5011072158813477 1500
2.5027871131896973 1500
2.5087151527404785 1500
2.513179063796997 1500
2.5199201107025146 1500
2.522829055786133 1500
2.5309600830078125 1500
2.5320801734924316 1500
2.5368571281433105 1500
2.5400421619415283 1500
2.5458362102508545 1500
2.549913167953491 1500
2.553030014038086 1500
2.558030128479004 1500
2.560028076171875 1500
2.56622314453125 1500
2.570768117904663 1500
2.578977108001709 1500
2.5817761421203613 1500
2.5889360904693604 1500
2.5937600135803223 1500
2.5957632064819336 1500
2.5990002155303955 1500
2.6000561714172363 1500
2.603825092315674 1500
2.6058061122894287 1500
2.6144020557403564 1500
2.616780996322632 1500
2.622913122177124 1500
2.6257121562957764 1500
2.6331870555877686 1500
2.6331870555877686 1500
2.6388211250305176 1500
2.6429641246795654 1500
2.6479501724243164 1500
2.653757095336914 1500
2.655961036682129 1500
2.661011219024658 1500
2.667819023132324 1500
2.6698410511016846 1500
2.674812078475952 1500
2.6768100261688232 1500
2.6839652061462402 1500
2.6888082027435303 1500
2.6907711029052734 1500
2.696991205215454 1500
2.704054117202759 1500
2.7069640159606934 1500
2.709113121032715 1500
2.714745044708252 1500
2.716050148010254 1500
2.721863031387329 1500
2.7268030643463135 1500
2.7279200553894043 1500
2.7331972122192383 1500
2.7377641201019287 1500
2.7397570610046387 1500
2.7500181198120117 1500
2.757115125656128 1500
2.7597570419311523 1500
2.7649881839752197 1500
2.771130084991455 1500
2.7730422019958496 1500
2.776130199432373 1500
2.776895046234131 1500
2.78383207321167 1500
2.7838711738586426 1500
2.790764093399048 1500
2.792746067047119 1500
2.7971320152282715 1500
2.8038511276245117 1500
2.810779094696045 1500
2.8150250911712646 1500
2.8198440074920654 1500
2.8240110874176025 1500
2.828869104385376 1500
2.8329391479492188 1500
2.836841106414795 1500
2.8378870487213135 1500
2.840778112411499 1500
2.8418920040130615 1500
2.8478000164031982 1500
2.8517720699310303 1500
2.855825185775757 1500
2.8618221282958984 1500
2.864781141281128 1500
2.8678441047668457 1500
2.8752450942993164 1500
2.8797800540924072 1500
2.8850901126861572 1500
2.8858590126037598 1500
2.894209146499634 1500
2.900161027908325 1500
2.9019031524658203 1500
2.9030091762542725 1500
2.904600143432617 1500
2.908985137939453 1500
2.9119582176208496 1500
2.914959192276001 1500
2.915931224822998 1500
2.9189090728759766 1500
2.920811176300049 1500
2.9257771968841553 1500
2.930103063583374 1500
2.933049201965332 1500
2.935786008834839 1500
2.941918134689331 1500
2.9430320262908936 1500
2.9451680183410645 1500
2.95021915435791 1500
2.9517221450805664 1500
2.9577341079711914 1500
2.9611661434173584 1500
2.9669711589813232 1500
2.9727790355682373 1500
2.979722023010254 1500
2.9857242107391357 1500
2.9877450466156006 1500
2.9887521266937256 1500
2.9919300079345703 1500
2.9943060874938965 1500
2.9982810020446777 1500
2.9990131855010986 1500
3.0018210411071777 1500
3.002847194671631 1500
3.004552125930786 1500
3.004962205886841 1500
3.0090491771698 1500
3.0118191242218018 1500
3.041755199432373 1500
3.044833183288574 1500
3.0478811264038086 1500
3.0498640537261963 1500
3.0511200428009033 1500
3.0537941455841064 1500
3.056079149246216 1500
3.058899164199829 1500
3.062218189239502 1500
3.0650360584259033 1500
3.065958023071289 1500
3.0701241493225098 1500
3.0712451934814453 1500
3.072028160095215 1500
3.074045181274414 1500
3.0759530067443848 1500
3.0770490169525146 1500
3.079909086227417 1500
3.0819921493530273 1500
3.0858960151672363 1500
3.087754011154175 1500
3.0900909900665283 1500
3.0931880474090576 1500
3.0943331718444824 1500
