1050000
0.0 1500
0.0 1500
0.00121307373046875 1500
0.0028409957885742188 1500
0.0028409957885742188 1500
0.0032269954681396484 1500
0.003998994827270508 1500
0.005079030990600586 1500
0.005079030990600586 1500
0.0060689449310302734 1500
0.006974935531616211 1500
0.008167028427124023 1500
0.008167028427124023 1500
0.00906991958618164 1500
0.010107040405273438 1500
0.010107040405273438 1500
0.011229991912841797 1500
0.012387990951538086 1500
0.013031005859375 1500
0.013031005859375 1500
0.014534950256347656 1500
0.015164852142333984 1500
0.015164852142333984 1500
0.015964984893798828 1500
0.017160892486572266 1500
0.017987966537475586 1500
0.017987966537475586 1500
0.019006013870239258 1500
0.020212888717651367 1500
0.020873069763183594 1500
0.020873069763183594 1500
0.022135019302368164 1500
0.022928953170776367 1500
0.022928953170776367 1500
0.023794889450073242 1500
0.024798870086669922 1500
0.02581191062927246 1500
0.02581191062927246 1500
0.02683091163635254 1500
0.028132915496826172 1500
0.028132915496826172 1500
0.029258012771606445 1500
0.030173063278198242 1500
0.031301021575927734 1500
0.031301021575927734 1500
0.03243899345397949 1500
0.03302407264709473 1500
0.03427386283874512 1500
0.03427386283874512 1500
0.0350039005279541 1500
0.03626203536987305 1500
0.03626203536987305 1500
0.037138938903808594 1500
0.03798198699951172 1500
0.03912186622619629 1500
0.03912186622619629 1500
0.04007697105407715 1500
0.041213035583496094 1500
0.041213035583496094 1500
0.04204392433166504 1500
0.04303693771362305 1500
0.043994903564453125 1500
0.043994903564453125 1500
0.045198917388916016 1500
0.046221017837524414 1500
0.04727888107299805 1500
0.04727888107299805 1500
0.04799199104309082 1500
0.04934096336364746 1500
0.04934096336364746 1500
0.05002999305725098 1500
0.05120587348937988 1500
0.05194807052612305 1500
0.05194807052612305 1500
0.05281686782836914 1500
0.05422186851501465 1500
0.05422186851501465 1500
0.05512189865112305 1500
0.05610990524291992 1500
0.057222843170166016 1500
0.057222843170166016 1500
0.057971954345703125 1500
0.05906987190246582 1500
0.060257911682128906 1500
0.060257911682128906 1500
0.06103706359863281 1500
0.06218600273132324 1500
0.06218600273132324 1500
0.06330490112304688 1500
0.0640568733215332 1500
0.06489300727844238 1500
0.06489300727844238 1500
0.06608390808105469 1500
0.06705498695373535 1500
0.06705498695373535 1500
0.0682060718536377 1500
0.06921005249023438 1500
0.07003903388977051 1500
0.07003903388977051 1500
0.07118701934814453 1500
0.07208395004272461 1500
0.07299995422363281 1500
0.07299995422363281 1500
0.0741119384765625 1500
0.07526588439941406 1500
0.07526588439941406 1500
0.0760948657989502 1500
0.07710599899291992 1500
0.07976984977722168 1500
0.07976984977722168 1500
0.07976984977722168 1500
0.07990598678588867 1500
0.07992792129516602 1500
0.08130884170532227 1500
0.08201384544372559 1500
0.08327794075012207 1500
0.08327794075012207 1500
0.08423900604248047 1500
0.0851900577545166 1500
0.08638405799865723 1500
0.08638405799865723 1500
0.08713388442993164 1500
0.0882570743560791 1500
0.0882570743560791 1500
0.08939504623413086 1500
0.0904240608215332 1500
0.09092998504638672 1500
0.09092998504638672 1500
0.09269905090332031 1500
0.09386801719665527 1500
0.09386801719665527 1500
0.09417986869812012 1500
0.09500288963317871 1500
0.09611892700195312 1500
0.09611892700195312 1500
0.09743595123291016 1500
0.09800887107849121 1500
0.09800887107849121 1500
0.0992588996887207 1500
0.10033202171325684 1500
0.10107898712158203 1500
0.10107898712158203 1500
0.10218000411987305 1500
0.10304498672485352 1500
0.10428094863891602 1500
0.10428094863891602 1500
0.10518193244934082 1500
0.10625505447387695 1500
0.10625505447387695 1500
0.1069488525390625 1500
0.10808992385864258 1500
0.1089479923248291 1500
0.1089479923248291 1500
0.11014485359191895 1500
0.11104297637939453 1500
0.11104297637939453 1500
0.11219501495361328 1500
0.11309289932250977 1500
0.11417007446289062 1500
0.11426901817321777 1500
0.11500787734985352 1500
0.11592388153076172 1500
0.11713886260986328 1500
0.11713886260986328 1500
0.11822700500488281 1500
0.11907291412353516 1500
0.11916995048522949 1500
0.1198129653930664 1500
0.12125992774963379 1500
0.12211298942565918 1500
0.12211298942565918 1500
0.12298393249511719 1500
0.12398600578308105 1500
0.12398600578308105 1500
0.12499284744262695 1500
0.12606287002563477 1500
0.1270608901977539 1500
0.1270608901977539 1500
0.12803101539611816 1500
0.12903785705566406 1500
0.13053488731384277 1500
0.13053488731384277 1500
0.1309969425201416 1500
0.1320209503173828 1500
0.13204193115234375 1500
0.1329810619354248 1500
0.13427996635437012 1500
0.1348879337310791 1500
0.1348879337310791 1500
0.13602805137634277 1500
0.1368730068206787 1500
0.1368730068206787 1500
0.13804888725280762 1500
0.13906097412109375 1500
0.1398310661315918 1500
0.1398310661315918 1500
0.14096689224243164 1500
0.1418619155883789 1500
0.14290904998779297 1500
0.14290904998779297 1500
0.14407706260681152 1500
0.14592599868774414 1500
0.14592599868774414 1500
0.14632606506347656 1500
0.14693903923034668 1500
0.14857697486877441 1500
0.14857697486877441 1500
0.14910197257995605 1500
0.1502220630645752 1500
0.1502220630645752 1500
0.1510009765625 1500
0.15180492401123047 1500
0.15301203727722168 1500
0.15301203727722168 1500
0.15512585639953613 1500
0.1552579402923584 1500
0.1561720371246338 1500
0.1561720371246338 1500
0.15683293342590332 1500
0.15825891494750977 1500
0.15825891494750977 1500
0.15904784202575684 1500
0.1601579189300537 1500
0.16115188598632812 1500
0.16115188598632812 1500
0.16214799880981445 1500
0.1634659767150879 1500
0.1634659767150879 1500
0.16401195526123047 1500
0.16483402252197266 1500
0.16606497764587402 1500
0.16606497764587402 1500
0.16725802421569824 1500
0.16797399520874023 1500
0.16919398307800293 1500
0.16919398307800293 1500
0.16998696327209473 1500
0.1709740161895752 1500
0.1709740161895752 1500
0.17200803756713867 1500
0.17310094833374023 1500
0.17423701286315918 1500
0.17423701286315918 1500
0.1748180389404297 1500
0.17615890502929688 1500
0.17615890502929688 1500
0.1770920753479004 1500
0.17797398567199707 1500
0.17915105819702148 1500
0.17915105819702148 1500
0.1810140609741211 1500
0.1812610626220703 1500
0.18279290199279785 1500
0.18279290199279785 1500
0.18279290199279785 1500
0.18431997299194336 1500
0.18431997299194336 1500
0.18561196327209473 1500
0.18637299537658691 1500
0.18706202507019043 1500
0.18706202507019043 1500
0.18820405006408691 1500
0.18941998481750488 1500
0.18941998481750488 1500
0.19015097618103027 1500
0.19103193283081055 1500
0.19228792190551758 1500
0.19228792190551758 1500
0.19315600395202637 1500
0.19405603408813477 1500
0.19509601593017578 1500
0.19509601593017578 1500
0.19623804092407227 1500
0.19720888137817383 1500
0.19720888137817383 1500
0.19807195663452148 1500
0.1990659236907959 1500
0.20018506050109863 1500
0.20018506050109863 1500
0.20122504234313965 1500
0.20219898223876953 1500
0.20219898223876953 1500
0.20316195487976074 1500
0.20397496223449707 1500
0.20498204231262207 1500
0.20498204231262207 1500
0.2059009075164795 1500
0.20734286308288574 1500
0.20794105529785156 1500
0.20794105529785156 1500
0.20896196365356445 1500
0.21022391319274902 1500
0.21022391319274902 1500
0.21095490455627441 1500
0.2121419906616211 1500
0.21288084983825684 1500
0.21288084983825684 1500
0.21398305892944336 1500
0.21518397331237793 1500
0.21518397331237793 1500
0.2159900665283203 1500
0.21711397171020508 1500
0.21909093856811523 1500
0.21909093856811523 1500
0.21909093856811523 1500
0.22080492973327637 1500
0.22115802764892578 1500
0.22115802764892578 1500
0.22199487686157227 1500
0.22308993339538574 1500
0.22308993339538574 1500
0.22426795959472656 1500
0.22520089149475098 1500
0.22614407539367676 1500
0.22614407539367676 1500
0.22695398330688477 1500
0.2281780242919922 1500
0.2281780242919922 1500
0.22995996475219727 1500
0.22995996475219727 1500
0.23097586631774902 1500
0.23097586631774902 1500
0.23201203346252441 1500
0.23337793350219727 1500
0.23443293571472168 1500
0.23443293571472168 1500
0.235152006149292 1500
0.23618102073669434 1500
0.23618102073669434 1500
0.23706889152526855 1500
0.23798584938049316 1500
0.24012184143066406 1500
0.24012184143066406 1500
0.24029088020324707 1500
0.24091386795043945 1500
0.24091386795043945 1500
0.24197793006896973 1500
0.24349689483642578 1500
0.24453401565551758 1500
0.24453401565551758 1500
0.24646902084350586 1500
0.24646902084350586 1500
0.24698090553283691 1500
0.24698090553283691 1500
0.24851298332214355 1500
0.24908900260925293 1500
0.24908900260925293 1500
0.25023698806762695 1500
0.2511439323425293 1500
0.25207996368408203 1500
0.25207996368408203 1500
0.25312089920043945 1500
0.25435805320739746 1500
0.25435805320739746 1500
0.255018949508667 1500
0.25600504875183105 1500
0.25685787200927734 1500
0.25685787200927734 1500
0.2578890323638916 1500
0.2591409683227539 1500
0.26013898849487305 1500
0.26013898849487305 1500
0.2619049549102783 1500
0.26219987869262695 1500
0.26219987869262695 1500
0.2630610466003418 1500
0.26406097412109375 1500
0.2650599479675293 1500
0.2650599479675293 1500
0.26629090309143066 1500
0.26713085174560547 1500
0.26713085174560547 1500
0.2679910659790039 1500
0.2691318988800049 1500
0.27001094818115234 1500
0.27001094818115234 1500
0.2710549831390381 1500
0.27202892303466797 1500
0.27202892303466797 1500
0.2732200622558594 1500
0.27400803565979004 1500
0.2753119468688965 1500
0.2753119468688965 1500
0.27596187591552734 1500
0.2769918441772461 1500
0.27881407737731934 1500
0.27881407737731934 1500
0.27896690368652344 1500
0.28066086769104004 1500
0.28066086769104004 1500
0.28130292892456055 1500
0.28197693824768066 1500
0.2831089496612549 1500
0.2831089496612549 1500
0.2840290069580078 1500
0.2849390506744385 1500
0.2849390506744385 1500
0.28620290756225586 1500
0.28720998764038086 1500
0.28806304931640625 1500
0.28806304931640625 1500
0.2891960144042969 1500
0.29009389877319336 1500
0.2909810543060303 1500
0.2909810543060303 1500
0.2919888496398926 1500
0.29386401176452637 1500
0.29386401176452637 1500
0.29386401176452637 1500
0.2954120635986328 1500
0.296144962310791 1500
0.296144962310791 1500
0.2969980239868164 1500
0.2990720272064209 1500
0.2990720272064209 1500
0.2990720272064209 1500
0.29996800422668457 1500
0.3009459972381592 1500
0.3009459972381592 1500
0.3019139766693115 1500
0.30304503440856934 1500
0.30409693717956543 1500
0.30409693717956543 1500
0.3049938678741455 1500
0.306074857711792 1500
0.306074857711792 1500
0.3069639205932617 1500
0.3080768585205078 1500
0.3090498447418213 1500
0.3090498447418213 1500
0.3099348545074463 1500
0.3109400272369385 1500
0.3109400272369385 1500
0.31212806701660156 1500
0.31293797492980957 1500
0.3140828609466553 1500
0.3140828609466553 1500
0.3149449825286865 1500
0.31606292724609375 1500
0.3169548511505127 1500
0.3169548511505127 1500
0.31838297843933105 1500
0.3189358711242676 1500
0.3189358711242676 1500
0.32001805305480957 1500
0.32129907608032227 1500
0.3228740692138672 1500
0.3228740692138672 1500
0.3229658603668213 1500
0.3244140148162842 1500
0.3244140148162842 1500
0.32610201835632324 1500
0.32610201835632324 1500
0.32761597633361816 1500
0.32761597633361816 1500
0.3278999328613281 1500
0.3293459415435791 1500
0.33017492294311523 1500
0.33017492294311523 1500
0.33097290992736816 1500
0.3323819637298584 1500
0.3323819637298584 1500
0.33414196968078613 1500
0.3343939781188965 1500
0.3349759578704834 1500
0.3349759578704834 1500
0.33649206161499023 1500
0.3368089199066162 1500
0.3368089199066162 1500
0.33838486671447754 1500
0.3391299247741699 1500
0.340054988861084 1500
0.340054988861084 1500
0.34137797355651855 1500
0.34187793731689453 1500
0.343066930770874 1500
0.343066930770874 1500
0.344235897064209 1500
0.34496593475341797 1500
0.34496593475341797 1500
0.34598207473754883 1500
0.34728193283081055 1500
0.3479959964752197 1500
0.3479959964752197 1500
0.3491089344024658 1500
0.3500690460205078 1500
0.3500690460205078 1500
0.35082197189331055 1500
0.35234785079956055 1500
0.352963924407959 1500
0.352963924407959 1500
0.353985071182251 1500
0.3550138473510742 1500
0.3568868637084961 1500
0.3568868637084961 1500
0.35695505142211914 1500
0.3581888675689697 1500
0.3581888675689697 1500
0.35950207710266113 1500
0.3597588539123535 1500
0.361630916595459 1500
0.361630916595459 1500
0.36202192306518555 1500
0.3631010055541992 1500
0.3631010055541992 1500
0.36418604850769043 1500
0.36531805992126465 1500
0.36703991889953613 1500
0.36703991889953613 1500
0.3685460090637207 1500
0.3685460090637207 1500
0.36881399154663086 1500
0.36881399154663086 1500
0.3702099323272705 1500
0.3717968463897705 1500
0.3717968463897705 1500
0.372452974319458 1500
0.37282395362854004 1500
0.37402892112731934 1500
0.37402892112731934 1500
0.3749709129333496 1500
0.376201868057251 1500
0.376201868057251 1500
0.3771679401397705 1500
0.37932300567626953 1500
0.37932300567626953 1500
0.37932300567626953 1500
0.3803520202636719 1500
0.38129401206970215 1500
0.38199687004089355 1500
0.38199687004089355 1500
0.38298797607421875 1500
0.38417887687683105 1500
0.38417887687683105 1500
0.38503503799438477 1500
0.38621997833251953 1500
0.3870079517364502 1500
0.3870079517364502 1500
0.3883090019226074 1500
0.38907790184020996 1500
0.38907790184020996 1500
0.39055490493774414 1500
0.39121484756469727 1500
0.3919849395751953 1500
0.3919849395751953 1500
0.3934299945831299 1500
0.39435291290283203 1500
0.39534687995910645 1500
0.39534687995910645 1500
0.39633798599243164 1500
0.3969919681549072 1500
0.3969919681549072 1500
0.39824390411376953 1500
0.3994560241699219 1500
0.40039992332458496 1500
0.40039992332458496 1500
0.40119004249572754 1500
0.4024989604949951 1500
0.4024989604949951 1500
0.4028599262237549 1500
0.4042999744415283 1500
0.4059329032897949 1500
0.4059329032897949 1500
0.4061908721923828 1500
0.40772294998168945 1500
0.40898585319519043 1500
0.40898585319519043 1500
0.40898585319519043 1500
0.410707950592041 1500
0.410707950592041 1500
0.4110698699951172 1500
0.41231298446655273 1500
0.4139728546142578 1500
0.4139728546142578 1500
0.4139728546142578 1500
0.41538405418395996 1500
0.41538405418395996 1500
0.41601085662841797 1500
0.41712093353271484 1500
0.41829586029052734 1500
0.41829586029052734 1500
0.4190080165863037 1500
0.4201650619506836 1500
0.4210948944091797 1500
0.4210948944091797 1500
0.42225098609924316 1500
0.4232299327850342 1500
0.4232299327850342 1500
0.4239230155944824 1500
0.4260220527648926 1500
0.4260220527648926 1500
0.4260220527648926 1500
0.4270038604736328 1500
0.42799806594848633 1500
0.42799806594848633 1500
0.4289820194244385 1500
0.4302189350128174 1500
0.43102002143859863 1500
0.43102002143859863 1500
0.43242788314819336 1500
0.43312692642211914 1500
0.43312692642211914 1500
0.43414998054504395 1500
0.43540406227111816 1500
0.4360020160675049 1500
0.4360020160675049 1500
0.4374198913574219 1500
0.43834686279296875 1500
0.43907785415649414 1500
0.43907785415649414 1500
0.4400348663330078 1500
0.44095706939697266 1500
0.44095706939697266 1500
0.442396879196167 1500
0.44299793243408203 1500
0.44499707221984863 1500
0.44499707221984863 1500
0.44499707221984863 1500
0.44614291191101074 1500
0.44614291191101074 1500
0.4469718933105469 1500
0.4479808807373047 1500
0.44899797439575195 1500
0.44899797439575195 1500
0.45124197006225586 1500
0.45124197006225586 1500
0.45249104499816895 1500
0.45249104499816895 1500
0.4528470039367676 1500
0.45433998107910156 1500
0.45433998107910156 1500
0.4549989700317383 1500
0.4564049243927002 1500
0.4573090076446533 1500
0.4573090076446533 1500
0.4579629898071289 1500
0.4593830108642578 1500
0.4593830108642578 1500
0.4601290225982666 1500
0.4610600471496582 1500
0.46299290657043457 1500
0.46299290657043457 1500
0.46299290657043457 1500
0.4645369052886963 1500
0.4652090072631836 1500
0.4652090072631836 1500
0.4663670063018799 1500
0.4672708511352539 1500
0.4672708511352539 1500
0.4684140682220459 1500
0.4689810276031494 1500
0.4699990749359131 1500
0.4699990749359131 1500
0.47116899490356445 1500
0.47235798835754395 1500
0.47235798835754395 1500
0.4731738567352295 1500
0.47441697120666504 1500
0.4750840663909912 1500
0.4750840663909912 1500
0.47631096839904785 1500
0.47707486152648926 1500
0.4784078598022461 1500
0.4784078598022461 1500
0.479233980178833 1500
0.4801959991455078 1500
0.4801959991455078 1500
0.48117899894714355 1500
0.48262596130371094 1500
0.48317885398864746 1500
0.48317885398864746 1500
0.4843759536743164 1500
0.4849889278411865 1500
0.4849889278411865 1500
0.48659491539001465 1500
0.4868340492248535 1500
0.4883708953857422 1500
0.4883708953857422 1500
0.48961806297302246 1500
0.4900939464569092 1500
0.4907660484313965 1500
0.4907660484313965 1500
0.49250197410583496 1500
0.4930849075317383 1500
0.4930849075317383 1500
0.494243860244751 1500
0.49538493156433105 1500
0.4969968795776367 1500
0.4969968795776367 1500
0.49707794189453125 1500
0.4985330104827881 1500
0.498898983001709 1500
0.498898983001709 1500
0.5000579357147217 1500
0.5018939971923828 1500
0.5018939971923828 1500
0.5024340152740479 1500
0.5032029151916504 1500
0.5042219161987305 1500
0.5042219161987305 1500
