1050000
0.0 1500
0.0007550716400146484 1500
0.0014791488647460938 1500
0.0014791488647460938 1500
0.002529144287109375 1500
0.003940105438232422 1500
0.003940105438232422 1500
0.0054361820220947266 1500
0.0054361820220947266 1500
0.007029056549072266 1500
0.007029056549072266 1500
0.007315158843994141 1500
0.008774995803833008 1500
0.008774995803833008 1500
0.009344100952148438 1500
0.011753082275390625 1500
0.01194310188293457 1500
0.01194310188293457 1500
0.012462139129638672 1500
0.01346898078918457 1500
0.014741182327270508 1500
0.014741182327270508 1500
0.0157010555267334 1500
0.01635599136352539 1500
0.01635599136352539 1500
0.017869949340820312 1500
0.018449068069458008 1500
0.01970195770263672 1500
0.01970195770263672 1500
0.02126312255859375 1500
0.021511077880859375 1500
0.021717071533203125 1500
0.02248215675354004 1500
0.023611068725585938 1500
0.024641036987304688 1500
0.024641036987304688 1500
0.025654077529907227 1500
0.026470184326171875 1500
0.027882099151611328 1500
0.027882099151611328 1500
0.028449058532714844 1500
0.02953505516052246 1500
0.02953505516052246 1500
0.03081202507019043 1500
0.0318601131439209 1500
0.03245806694030762 1500
0.03245806694030762 1500
0.03349900245666504 1500
0.03446817398071289 1500
0.03446817398071289 1500
0.035906076431274414 1500
0.03673410415649414 1500
0.03748011589050293 1500
0.03748011589050293 1500
0.038555145263671875 1500
0.03962898254394531 1500
0.04050803184509277 1500
0.04050803184509277 1500
0.04239010810852051 1500
0.04258608818054199 1500
0.04258608818054199 1500
0.04433608055114746 1500
0.04441714286804199 1500
0.04601597785949707 1500
0.04601597785949707 1500
0.047521114349365234 1500
0.047521114349365234 1500
0.047521114349365234 1500
0.04845595359802246 1500
0.05019116401672363 1500
0.05031895637512207 1500
0.05031895637512207 1500
0.05164217948913574 1500
0.05343818664550781 1500
0.05343818664550781 1500
0.05343818664550781 1500
0.05473804473876953 1500
0.05562114715576172 1500
0.05562114715576172 1500
0.056633949279785156 1500
0.0576930046081543 1500
0.058485984802246094 1500
0.058485984802246094 1500
0.059478044509887695 1500
0.06059408187866211 1500
0.06059408187866211 1500
0.06170201301574707 1500
0.06279397010803223 1500
0.06454300880432129 1500
0.06454300880432129 1500
0.06454300880432129 1500
0.06561112403869629 1500
0.06651806831359863 1500
0.06651806831359863 1500
0.06759309768676758 1500
0.06873917579650879 1500
0.06873917579650879 1500
0.06977605819702148 1500
0.07080698013305664 1500
0.0717921257019043 1500
0.0717921257019043 1500
0.07259202003479004 1500
0.07370710372924805 1500
0.07370710372924805 1500
0.07456398010253906 1500
0.07546496391296387 1500
0.07646608352661133 1500
0.07646608352661133 1500
0.07761406898498535 1500
0.07846713066101074 1500
0.07931113243103027 1500
0.07931113243103027 1500
0.08047008514404297 1500
0.08165597915649414 1500
0.08165597915649414 1500
0.08248615264892578 1500
0.0836491584777832 1500
0.08474206924438477 1500
0.08474206924438477 1500
0.08596396446228027 1500
0.08641195297241211 1500
0.08641195297241211 1500
0.08766698837280273 1500
0.08847212791442871 1500
0.08954310417175293 1500
0.08954310417175293 1500
0.09052610397338867 1500
0.0916130542755127 1500
0.0934290885925293 1500
0.0934290885925293 1500
0.09368515014648438 1500
0.09578514099121094 1500
0.09578514099121094 1500
0.09578514099121094 1500
0.09657716751098633 1500
0.09765410423278809 1500
0.09765410423278809 1500
0.09859204292297363 1500
0.09949111938476562 1500
0.09949111938476562 1500
0.10109305381774902 1500
0.10127997398376465 1500
0.10281014442443848 1500
0.10281014442443848 1500
0.1039431095123291 1500
0.10446596145629883 1500
0.10589814186096191 1500
0.10589814186096191 1500
0.10683512687683105 1500
0.10844707489013672 1500
0.10844707489013672 1500
0.10844707489013672 1500
0.10993003845214844 1500
0.11063098907470703 1500
0.11063098907470703 1500
0.11150002479553223 1500
0.1124870777130127 1500
0.1124870777130127 1500
0.11367297172546387 1500
0.11445212364196777 1500
0.1156930923461914 1500
0.1156930923461914 1500
0.1166069507598877 1500
0.11803603172302246 1500
0.11842107772827148 1500
0.11842107772827148 1500
0.11981701850891113 1500
0.12056708335876465 1500
0.12056708335876465 1500
0.12289905548095703 1500
0.12289905548095703 1500
0.12350606918334961 1500
0.12350606918334961 1500
0.1246030330657959 1500
0.12571406364440918 1500
0.12571406364440918 1500
0.12685298919677734 1500
0.127899169921875 1500
0.12883806228637695 1500
0.12883806228637695 1500
0.12996196746826172 1500
0.13050103187561035 1500
0.13162016868591309 1500
0.13162016868591309 1500
0.13359403610229492 1500
0.133774995803833 1500
0.133774995803833 1500
0.13507699966430664 1500
0.13556814193725586 1500
0.13674616813659668 1500
0.13674616813659668 1500
0.13766002655029297 1500
0.13886404037475586 1500
0.13886404037475586 1500
0.14011216163635254 1500
0.14029312133789062 1500
0.14133715629577637 1500
0.14133715629577637 1500
0.14248299598693848 1500
0.14505600929260254 1500
0.14505600929260254 1500
0.14505600929260254 1500
0.14551210403442383 1500
0.14674806594848633 1500
0.14674806594848633 1500
0.14856600761413574 1500
0.14856600761413574 1500
0.14985203742980957 1500
0.14985203742980957 1500
0.15053200721740723 1500
0.15145301818847656 1500
0.15145301818847656 1500
0.15258312225341797 1500
0.15345215797424316 1500
0.15488815307617188 1500
0.15488815307617188 1500
0.15577101707458496 1500
0.1565871238708496 1500
0.1574690341949463 1500
0.1574690341949463 1500
0.15866398811340332 1500
0.15993595123291016 1500
0.15993595123291016 1500
0.16028499603271484 1500
0.16136908531188965 1500
0.16250109672546387 1500
0.16250109672546387 1500
0.16344213485717773 1500
0.16442418098449707 1500
0.16442418098449707 1500
0.16539907455444336 1500
0.16727614402770996 1500
0.16745710372924805 1500
0.16745710372924805 1500
0.16857695579528809 1500
0.16972613334655762 1500
0.16972613334655762 1500
0.1704699993133545 1500
0.17134809494018555 1500
0.17255711555480957 1500
0.17255711555480957 1500
0.1738581657409668 1500
0.1745460033416748 1500
0.17557096481323242 1500
0.17557096481323242 1500
0.17622613906860352 1500
0.17756009101867676 1500
0.17767596244812012 1500
0.17825913429260254 1500
0.17934918403625488 1500
0.18028712272644043 1500
0.18028712272644043 1500
0.18127703666687012 1500
0.1831800937652588 1500
0.1831800937652588 1500
0.18343210220336914 1500
0.18427610397338867 1500
0.18683815002441406 1500
0.18683815002441406 1500
0.18693208694458008 1500
0.18750500679016113 1500
0.18860411643981934 1500
0.18860411643981934 1500
0.19096016883850098 1500
0.19096016883850098 1500
0.19096016883850098 1500
0.19164609909057617 1500
0.19250202178955078 1500
0.1937119960784912 1500
0.1937119960784912 1500
0.19449210166931152 1500
0.19543099403381348 1500
0.19543099403381348 1500
0.19643902778625488 1500
0.19742512702941895 1500
0.1984419822692871 1500
0.1984419822692871 1500
0.19959807395935059 1500
0.20039796829223633 1500
0.20175909996032715 1500
0.20175909996032715 1500
0.20252609252929688 1500
0.20365214347839355 1500
0.20365214347839355 1500
0.2046661376953125 1500
0.2057490348815918 1500
0.20671296119689941 1500
0.20671296119689941 1500
0.20763206481933594 1500
0.2084040641784668 1500
0.2084040641784668 1500
0.20943713188171387 1500
0.2106461524963379 1500
0.21153903007507324 1500
0.21153903007507324 1500
0.21254611015319824 1500
0.2136249542236328 1500
0.21444416046142578 1500
0.21444416046142578 1500
0.215684175491333 1500
0.21678614616394043 1500
0.21678614616394043 1500
0.21750307083129883 1500
0.21863913536071777 1500
0.21942996978759766 1500
0.21942996978759766 1500
0.2203211784362793 1500
0.22142505645751953 1500
0.22142505645751953 1500
0.22242999076843262 1500
0.22354412078857422 1500
0.2252671718597412 1500
0.2252671718597412 1500
0.22548699378967285 1500
0.22716307640075684 1500
0.22731900215148926 1500
0.22741913795471191 1500
0.22854113578796387 1500
0.22945213317871094 1500
0.22945213317871094 1500
0.23044896125793457 1500
0.2322070598602295 1500
0.23244404792785645 1500
0.23244404792785645 1500
0.23445606231689453 1500
0.23510098457336426 1500
0.23510098457336426 1500
0.23539113998413086 1500
0.2362821102142334 1500
0.23735499382019043 1500
0.23735499382019043 1500
0.2386610507965088 1500
0.23925304412841797 1500
0.24049901962280273 1500
0.24049901962280273 1500
0.2420790195465088 1500
0.2425391674041748 1500
0.2425391674041748 1500
0.24337005615234375 1500
0.2445371150970459 1500
0.24540114402770996 1500
0.24540114402770996 1500
0.2464141845703125 1500
0.24730896949768066 1500
0.24730896949768066 1500
0.2483060359954834 1500
0.24972295761108398 1500
0.2506680488586426 1500
0.2506680488586426 1500
0.251676082611084 1500
0.2525310516357422 1500
0.2541780471801758 1500
0.2541780471801758 1500
0.2543070316314697 1500
0.25554800033569336 1500
0.25554800033569336 1500
0.25738000869750977 1500
0.2578411102294922 1500
0.2585489749908447 1500
0.2585489749908447 1500
0.25990915298461914 1500
0.2604529857635498 1500
0.2604529857635498 1500
0.2614459991455078 1500
0.26269102096557617 1500
0.2635509967803955 1500
0.2635509967803955 1500
0.26465511322021484 1500
0.2654390335083008 1500
0.26683902740478516 1500
0.26683902740478516 1500
0.26771116256713867 1500
0.26843714714050293 1500
0.26843714714050293 1500
0.2694380283355713 1500
0.2709190845489502 1500
0.2717630863189697 1500
0.2717630863189697 1500
0.2724621295928955 1500
0.27373218536376953 1500
0.27373218536376953 1500
0.2753159999847412 1500
0.2753159999847412 1500
0.2768709659576416 1500
0.2768709659576416 1500
0.2774510383605957 1500
0.2788519859313965 1500
0.27965402603149414 1500
0.27965402603149414 1500
0.2805609703063965 1500
0.2815511226654053 1500
0.2815511226654053 1500
0.28244709968566895 1500
0.2837979793548584 1500
0.2846510410308838 1500
0.2846510410308838 1500
0.2859170436859131 1500
0.2866330146789551 1500
0.2866330146789551 1500
0.2876861095428467 1500
0.28885412216186523 1500
0.28991198539733887 1500
0.28991198539733887 1500
0.2905759811401367 1500
0.2919490337371826 1500
0.29259610176086426 1500
0.29259610176086426 1500
0.29355406761169434 1500
0.2945699691772461 1500
0.2945699691772461 1500
0.295727014541626 1500
0.29645395278930664 1500
0.2975809574127197 1500
0.2975809574127197 1500
0.29845213890075684 1500
0.29950499534606934 1500
0.29950499534606934 1500
0.3009450435638428 1500
0.3017590045928955 1500
0.302523136138916 1500
0.302523136138916 1500
0.3036651611328125 1500
0.3046560287475586 1500
0.30574607849121094 1500
0.30574607849121094 1500
0.3067290782928467 1500
0.30754899978637695 1500
0.30754899978637695 1500
0.3087191581726074 1500
0.3095841407775879 1500
0.31088900566101074 1500
0.31088900566101074 1500
0.3116130828857422 1500
0.312669038772583 1500
0.312669038772583 1500
0.31345200538635254 1500
0.3146250247955322 1500
0.31545209884643555 1500
0.31545209884643555 1500
0.3178110122680664 1500
0.3178110122680664 1500
0.3185579776763916 1500
0.3185579776763916 1500
0.3198239803314209 1500
0.32087016105651855 1500
0.32087016105651855 1500
0.3217000961303711 1500
0.32247304916381836 1500
0.3235170841217041 1500
0.3235170841217041 1500
0.32459497451782227 1500
0.32608604431152344 1500
0.32608604431152344 1500
0.3274040222167969 1500
0.3274040222167969 1500
0.3288280963897705 1500
0.3288280963897705 1500
0.3303871154785156 1500
0.3306620121002197 1500
0.3317911624908447 1500
0.3317911624908447 1500
0.33244800567626953 1500
0.33344316482543945 1500
0.33344316482543945 1500
0.33482909202575684 1500
0.33565497398376465 1500
0.3367581367492676 1500
0.3367581367492676 1500
0.3376920223236084 1500
0.3388950824737549 1500
0.3388950824737549 1500
0.33948516845703125 1500
0.3410651683807373 1500
0.3417229652404785 1500
0.3417229652404785 1500
0.34246110916137695 1500
0.3434469699859619 1500
0.3434469699859619 1500
0.3445761203765869 1500
0.34552812576293945 1500
0.346729040145874 1500
0.346729040145874 1500
0.34752416610717773 1500
0.34876203536987305 1500
0.35045695304870605 1500
0.35045695304870605 1500
0.35045695304870605 1500
0.3516349792480469 1500
0.3516349792480469 1500
0.35269713401794434 1500
0.35373997688293457 1500
0.3545351028442383 1500
0.3545351028442383 1500
0.35557007789611816 1500
0.3566570281982422 1500
0.3566570281982422 1500
0.3576481342315674 1500
0.35893917083740234 1500
0.35978102684020996 1500
0.35978102684020996 1500
0.36057305335998535 1500
0.36185312271118164 1500
0.3627750873565674 1500
0.3627750873565674 1500
0.36356496810913086 1500
0.36454296112060547 1500
0.36454296112060547 1500
0.36653995513916016 1500
0.36653995513916016 1500
0.36789608001708984 1500
0.36789608001708984 1500
0.3683609962463379 1500
0.36981916427612305 1500
0.36981916427612305 1500
0.3705739974975586 1500
0.37166905403137207 1500
0.3727250099182129 1500
0.3727250099182129 1500
0.37383317947387695 1500
0.37455201148986816 1500
0.3757021427154541 1500
0.3757021427154541 1500
0.376906156539917 1500
0.37767815589904785 1500
0.37767815589904785 1500
0.3785359859466553 1500
0.379580020904541 1500
0.38048315048217773 1500
0.38048315048217773 1500
0.38128113746643066 1500
0.38263607025146484 1500
0.38263607025146484 1500
0.3844120502471924 1500
0.3844120502471924 1500
0.3857409954071045 1500
0.3857409954071045 1500
0.3866300582885742 1500
0.3907771110534668 1500
0.3907771110534668 1500
0.3907771110534668 1500
0.3907771110534668 1500
0.3907771110534668 1500
0.3907771110534668 1500
0.39194798469543457 1500
0.3924431800842285 1500
0.39365601539611816 1500
0.39365601539611816 1500
0.39504504203796387 1500
0.3956329822540283 1500
0.3956329822540283 1500
0.39655208587646484 1500
0.39762401580810547 1500
0.3987760543823242 1500
0.3987760543823242 1500
0.3994569778442383 1500
0.4006030559539795 1500
0.40152812004089355 1500
0.40152812004089355 1500
0.40239810943603516 1500
0.40416908264160156 1500
0.40416908264160156 1500
0.4043891429901123 1500
0.40612101554870605 1500
0.4062690734863281 1500
0.4062690734863281 1500
0.4073619842529297 1500
0.40849995613098145 1500
0.40849995613098145 1500
0.40967607498168945 1500
0.4106631278991699 1500
0.41156506538391113 1500
0.41156506538391113 1500
0.4127321243286133 1500
0.4151151180267334 1500
0.4151151180267334 1500
0.4151151180267334 1500
0.4163081645965576 1500
0.4164590835571289 1500
0.4164590835571289 1500
0.4180600643157959 1500
0.41922712326049805 1500
0.4192640781402588 1500
0.4193911552429199 1500
0.4207899570465088 1500
0.421597957611084 1500
0.421597957611084 1500
0.42255711555480957 1500
0.42342495918273926 1500
0.42484307289123535 1500
0.42484307289123535 1500
0.42542099952697754 1500
0.4268369674682617 1500
0.42874813079833984 1500
0.42874813079833984 1500
0.42874813079833984 1500
0.42992115020751953 1500
0.42992115020751953 1500
0.43047404289245605 1500
0.4317030906677246 1500
0.43281102180480957 1500
0.43281102180480957 1500
0.43366098403930664 1500
0.43456006050109863 1500
0.43456006050109863 1500
0.43572402000427246 1500
0.4364330768585205 1500
0.43781113624572754 1500
0.43781113624572754 1500
0.4385650157928467 1500
0.43968915939331055 1500
0.44044017791748047 1500
0.44044017791748047 1500
0.44162416458129883 1500
0.44242000579833984 1500
0.44242000579833984 1500
0.443770170211792 1500
0.4445831775665283 1500
0.4455859661102295 1500
0.4455859661102295 1500
0.44646215438842773 1500
0.4476921558380127 1500
0.4476921558380127 1500
0.4484729766845703 1500
0.4496331214904785 1500
0.45144009590148926 1500
0.45144009590148926 1500
0.4516000747680664 1500
0.45359301567077637 1500
0.45359301567077637 1500
0.45359301567077637 1500
0.45426511764526367 1500
0.455625057220459 1500
0.455625057220459 1500
0.4565541744232178 1500
0.45774316787719727 1500
0.45844602584838867 1500
0.45844602584838867 1500
0.4598710536956787 1500
0.46079301834106445 1500
0.46079301834106445 1500
0.4616379737854004 1500
0.46265101432800293 1500
0.46354198455810547 1500
0.46354198455810547 1500
0.4652390480041504 1500
0.465548038482666 1500
0.46646809577941895 1500
0.46646809577941895 1500
0.4677550792694092 1500
0.4688420295715332 1500
0.4688420295715332 1500
0.4695470333099365 1500
0.47061800956726074 1500
0.47167515754699707 1500
0.47167515754699707 1500
0.4726450443267822 1500
0.47364211082458496 1500
0.47364211082458496 1500
0.4746360778808594 1500
0.4757239818572998 1500
0.4765610694885254 1500
0.4765610694885254 1500
0.4778461456298828 1500
0.4788651466369629 1500
0.4794471263885498 1500
0.4794471263885498 1500
0.48069000244140625 1500
0.4816739559173584 1500
0.4816739559173584 1500
0.48260998725891113 1500
0.48382997512817383 1500
0.48482418060302734 1500
0.48482418060302734 1500
0.4858829975128174 1500
0.48679018020629883 1500
0.48679018020629883 1500
0.48761701583862305 1500
0.48844408988952637 1500
0.4895641803741455 1500
0.4895641803741455 1500
0.49060797691345215 1500
0.491469144821167 1500
0.492603063583374 1500
0.492603063583374 1500
0.49354100227355957 1500
0.49457597732543945 1500
0.49457597732543945 1500
0.4958460330963135 1500
0.49666500091552734 1500
0.4975910186767578 1500
0.4975910186767578 1500
0.49853515625 1500
0.4994220733642578 1500
0.4994220733642578 1500
0.5006191730499268 1500
0.5021011829376221 1500
0.5023841857910156 1500
0.5023841857910156 1500
0.5036320686340332 1500
0.5047330856323242 1500
