1050000
0.0 1500
0.0 1500
0.0006718635559082031 1500
0.002429962158203125 1500
0.002875804901123047 1500
0.002875804901123047 1500
0.0032269954681396484 1500
0.00450587272644043 1500
0.00450587272644043 1500
0.005365848541259766 1500
0.006814002990722656 1500
0.0075359344482421875 1500
0.0075359344482421875 1500
0.008500814437866211 1500
0.009653806686401367 1500
0.009653806686401367 1500
0.011339902877807617 1500
0.011339902877807617 1500
0.013216972351074219 1500
0.013216972351074219 1500
0.013216972351074219 1500
0.014599800109863281 1500
0.01561880111694336 1500
0.01561880111694336 1500
0.016446828842163086 1500
0.01742696762084961 1500
0.01742696762084961 1500
0.01879096031188965 1500
0.019667863845825195 1500
0.020411014556884766 1500
0.020411014556884766 1500
0.02365899085998535 1500
0.02365899085998535 1500
0.02365899085998535 1500
0.024502992630004883 1500
0.024502992630004883 1500
0.02547597885131836 1500
0.02547597885131836 1500
0.026474952697753906 1500
0.02754688262939453 1500
0.02754688262939453 1500
0.028545856475830078 1500
0.029294967651367188 1500
0.030375957489013672 1500
0.030375957489013672 1500
0.031236886978149414 1500
0.032670021057128906 1500
0.03346586227416992 1500
0.03346586227416992 1500
0.034358978271484375 1500
0.036151885986328125 1500
0.036151885986328125 1500
0.036151885986328125 1500
0.03779482841491699 1500
0.0385899543762207 1500
0.0385899543762207 1500
0.03948783874511719 1500
0.04022979736328125 1500
0.04022979736328125 1500
0.0414729118347168 1500
0.04226994514465332 1500
0.0433049201965332 1500
0.0433049201965332 1500
0.044461965560913086 1500
0.04529690742492676 1500
0.0461268424987793 1500
0.0461268424987793 1500
0.04732084274291992 1500
0.04841279983520508 1500
0.04841279983520508 1500
0.04940295219421387 1500
0.05035591125488281 1500
0.05149197578430176 1500
0.05149197578430176 1500
0.05237293243408203 1500
0.05376386642456055 1500
0.05376386642456055 1500
0.05444693565368652 1500
0.05536794662475586 1500
0.05645394325256348 1500
0.05645394325256348 1500
0.05752992630004883 1500
0.05860495567321777 1500
0.059396982192993164 1500
0.059396982192993164 1500
0.06055784225463867 1500
0.06132698059082031 1500
0.06132698059082031 1500
0.06236100196838379 1500
0.06371593475341797 1500
0.06458187103271484 1500
0.06458187103271484 1500
0.06529784202575684 1500
0.06646585464477539 1500
0.06646585464477539 1500
0.06732702255249023 1500
0.06902480125427246 1500
0.06923294067382812 1500
0.06923294067382812 1500
0.07032585144042969 1500
0.07134294509887695 1500
0.07259488105773926 1500
0.07259488105773926 1500
0.07366299629211426 1500
0.07451081275939941 1500
0.07451081275939941 1500
0.07580995559692383 1500
0.07652091979980469 1500
0.07744288444519043 1500
0.07744288444519043 1500
0.07828998565673828 1500
0.0794990062713623 1500
0.0794990062713623 1500
0.08040285110473633 1500
0.08162498474121094 1500
0.08239293098449707 1500
0.08239293098449707 1500
0.08342194557189941 1500
0.08480095863342285 1500
0.08536100387573242 1500
0.08536100387573242 1500
0.08657979965209961 1500
0.08775782585144043 1500
0.08775782585144043 1500
0.08846187591552734 1500
0.08939790725708008 1500
0.0906059741973877 1500
0.0906059741973877 1500
0.09137892723083496 1500
0.09272098541259766 1500
0.09272098541259766 1500
0.09360980987548828 1500
0.09483599662780762 1500
0.09540081024169922 1500
0.09540081024169922 1500
0.0963289737701416 1500
0.09770584106445312 1500
0.10051083564758301 1500
0.10051083564758301 1500
0.10051083564758301 1500
0.10051083564758301 1500
0.10051083564758301 1500
0.10141491889953613 1500
0.10248589515686035 1500
0.10353493690490723 1500
0.10353493690490723 1500
0.10442399978637695 1500
0.10580682754516602 1500
0.10580682754516602 1500
0.10651898384094238 1500
0.10752582550048828 1500
0.10855889320373535 1500
0.10855889320373535 1500
0.10950183868408203 1500
0.11066794395446777 1500
0.11144900321960449 1500
0.11144900321960449 1500
0.11249279975891113 1500
0.11337494850158691 1500
0.11337494850158691 1500
0.11452293395996094 1500
0.11517095565795898 1500
0.11623287200927734 1500
0.11623287200927734 1500
0.11724591255187988 1500
0.11838483810424805 1500
0.11838483810424805 1500
0.11990785598754883 1500
0.12076282501220703 1500
0.12142395973205566 1500
0.12142395973205566 1500
0.12276697158813477 1500
0.1233220100402832 1500
0.12441396713256836 1500
0.12441396713256836 1500
0.12559795379638672 1500
0.1264338493347168 1500
0.1264338493347168 1500
0.12731289863586426 1500
0.12844181060791016 1500
0.12953686714172363 1500
0.12953686714172363 1500
0.13054990768432617 1500
0.13128185272216797 1500
0.13128185272216797 1500
0.1323399543762207 1500
0.13321685791015625 1500
0.13537883758544922 1500
0.13537883758544922 1500
0.13537883758544922 1500
0.13656902313232422 1500
0.13759279251098633 1500
0.13759279251098633 1500
0.13852500915527344 1500
0.13940691947937012 1500
0.13940691947937012 1500
0.1404428482055664 1500
0.14162588119506836 1500
0.1426069736480713 1500
0.1426069736480713 1500
0.1436460018157959 1500
0.14469599723815918 1500
0.14469599723815918 1500
0.1455519199371338 1500
0.14634180068969727 1500
0.1474609375 1500
0.14751195907592773 1500
0.14826583862304688 1500
0.15012693405151367 1500
0.1503298282623291 1500
0.1503298282623291 1500
0.15168094635009766 1500
0.1527698040008545 1500
0.1527698040008545 1500
0.15328598022460938 1500
0.15497684478759766 1500
0.15534687042236328 1500
0.15534687042236328 1500
0.15742778778076172 1500
0.15742778778076172 1500
0.15742778778076172 1500
0.1588459014892578 1500
0.15964794158935547 1500
0.1601719856262207 1500
0.1601719856262207 1500
0.16141891479492188 1500
0.16248798370361328 1500
0.16321802139282227 1500
0.16321802139282227 1500
0.16436290740966797 1500
0.1651148796081543 1500
0.1651148796081543 1500
0.1671919822692871 1500
0.1671919822692871 1500
0.16840696334838867 1500
0.16846299171447754 1500
0.16926884651184082 1500
0.17067599296569824 1500
0.17067599296569824 1500
0.1715869903564453 1500
0.17275595664978027 1500
0.17354798316955566 1500
0.17354798316955566 1500
0.1746659278869629 1500
0.17543482780456543 1500
0.1766209602355957 1500
0.1766209602355957 1500
0.17734193801879883 1500
0.17949795722961426 1500
0.17949795722961426 1500
0.17949795722961426 1500
0.18056988716125488 1500
0.18124890327453613 1500
0.18124890327453613 1500
0.18231892585754395 1500
0.18369793891906738 1500
0.18369793891906738 1500
0.18462085723876953 1500
0.18535900115966797 1500
0.1864337921142578 1500
0.1864337921142578 1500
0.18741083145141602 1500
0.18870282173156738 1500
0.1896510124206543 1500
0.1896510124206543 1500
0.1903238296508789 1500
0.19162201881408691 1500
0.19162201881408691 1500
0.1924428939819336 1500
0.19361400604248047 1500
0.19457197189331055 1500
0.19457197189331055 1500
0.1955418586730957 1500
0.1965198516845703 1500
0.1965198516845703 1500
0.19725584983825684 1500
0.19849801063537598 1500
0.19932293891906738 1500
0.1993389129638672 1500
0.20012283325195312 1500
0.20129895210266113 1500
0.20129895210266113 1500
0.20232892036437988 1500
0.20338702201843262 1500
0.2045760154724121 1500
0.2045760154724121 1500
0.20513391494750977 1500
0.20620393753051758 1500
0.2072768211364746 1500
0.2072768211364746 1500
0.20837092399597168 1500
0.20940494537353516 1500
0.20940494537353516 1500
0.21027088165283203 1500
0.2112870216369629 1500
0.21211600303649902 1500
0.21211600303649902 1500
0.21336102485656738 1500
0.2145688533782959 1500
0.2145688533782959 1500
0.21541881561279297 1500
0.21619582176208496 1500
0.21722888946533203 1500
0.21722888946533203 1500
0.2187199592590332 1500
0.2192230224609375 1500
0.22042083740234375 1500
0.22051787376403809 1500
0.22156500816345215 1500
0.2224268913269043 1500
0.2224268913269043 1500
0.22365283966064453 1500
0.22556591033935547 1500
0.22556591033935547 1500
0.22565793991088867 1500
0.22620582580566406 1500
0.22776389122009277 1500
0.22776389122009277 1500
0.22831988334655762 1500
0.22939181327819824 1500
0.23066091537475586 1500
0.23066091537475586 1500
0.23120999336242676 1500
0.23234081268310547 1500
0.2331550121307373 1500
0.2331550121307373 1500
0.23445796966552734 1500
0.23533082008361816 1500
0.23533082008361816 1500
0.23648500442504883 1500
0.2374429702758789 1500
0.23836779594421387 1500
0.23836779594421387 1500
0.23950695991516113 1500
0.24022698402404785 1500
0.24022698402404785 1500
0.24114990234375 1500
0.2422318458557129 1500
0.2433779239654541 1500
0.2433779239654541 1500
0.2442798614501953 1500
0.2453458309173584 1500
0.2467479705810547 1500
0.2467479705810547 1500
0.2471299171447754 1500
0.2482600212097168 1500
0.2482600212097168 1500
0.24914789199829102 1500
0.2501859664916992 1500
0.2511568069458008 1500
0.2511568069458008 1500
0.2522118091583252 1500
0.25322699546813965 1500
0.25322699546813965 1500
0.254335880279541 1500
0.2554199695587158 1500
0.25699496269226074 1500
0.25699496269226074 1500
0.2599818706512451 1500
0.2599818706512451 1500
0.26018500328063965 1500
0.26018500328063965 1500
0.26079487800598145 1500
0.26156091690063477 1500
0.26156091690063477 1500
0.2623279094696045 1500
0.263408899307251 1500
0.2642548084259033 1500
0.2642548084259033 1500
0.2652018070220947 1500
0.2662849426269531 1500
0.2662849426269531 1500
0.26731181144714355 1500
0.268543004989624 1500
0.2697169780731201 1500
0.2697169780731201 1500
0.27073001861572266 1500
0.27138280868530273 1500
0.27246689796447754 1500
0.27246689796447754 1500
0.2734358310699463 1500
0.2745389938354492 1500
0.2745389938354492 1500
0.27565789222717285 1500
0.2764108180999756 1500
0.2785358428955078 1500
0.2785358428955078 1500
0.2785358428955078 1500
0.27985191345214844 1500
0.27985191345214844 1500
0.2803339958190918 1500
0.2817878723144531 1500
0.2822108268737793 1500
0.2822108268737793 1500
0.28410887718200684 1500
0.2845449447631836 1500
0.28607892990112305 1500
0.28607892990112305 1500
0.2863118648529053 1500
0.28717589378356934 1500
0.28717589378356934 1500
0.28850889205932617 1500
0.2898569107055664 1500
0.29056882858276367 1500
0.29056882858276367 1500
0.29149889945983887 1500
0.29253697395324707 1500
0.29253697395324707 1500
0.2934708595275879 1500
0.2945089340209961 1500
0.2956697940826416 1500
0.2956697940826416 1500
0.2964298725128174 1500
0.29747486114501953 1500
0.2981858253479004 1500
0.2981858253479004 1500
0.2994518280029297 1500
0.30058979988098145 1500
0.30058979988098145 1500
0.30141496658325195 1500
0.30237793922424316 1500
0.3035149574279785 1500
0.3035149574279785 1500
0.3044619560241699 1500
0.3053607940673828 1500
0.3053607940673828 1500
0.30614399909973145 1500
0.3076817989349365 1500
0.3086109161376953 1500
0.3086109161376953 1500
0.30950379371643066 1500
0.31041693687438965 1500
0.31134486198425293 1500
0.31134486198425293 1500
0.31440281867980957 1500
0.31440281867980957 1500
0.31440281867980957 1500
0.31465983390808105 1500
0.3153970241546631 1500
0.3163750171661377 1500
0.3163750171661377 1500
0.3174610137939453 1500
0.31838488578796387 1500
0.31838488578796387 1500
0.31934094429016113 1500
0.32044100761413574 1500
0.3214378356933594 1500
0.3214378356933594 1500
0.3222939968109131 1500
0.3234739303588867 1500
0.32558584213256836 1500
0.32558584213256836 1500
0.32558584213256836 1500
0.326279878616333 1500
0.32898497581481934 1500
0.3291637897491455 1500
0.3305199146270752 1500
0.3312408924102783 1500
0.33289289474487305 1500
0.33332085609436035 1500
0.33335280418395996 1500
0.33492588996887207 1500
0.33626794815063477 1500
0.33626794815063477 1500
0.33626794815063477 1500
0.337352991104126 1500
0.3381948471069336 1500
0.3381948471069336 1500
0.3394169807434082 1500
0.34050488471984863 1500
0.34146881103515625 1500
0.34146881103515625 1500
0.3424339294433594 1500
0.34357595443725586 1500
0.34357595443725586 1500
0.344484806060791 1500
0.34551382064819336 1500
0.346390962600708 1500
0.346390962600708 1500
0.34740185737609863 1500
0.3483729362487793 1500
0.3483729362487793 1500
0.34911179542541504 1500
0.3502798080444336 1500
0.3511369228363037 1500
0.3511369228363037 1500
0.35225987434387207 1500
0.35473179817199707 1500
0.35473179817199707 1500
0.35473179817199707 1500
0.3555018901824951 1500
0.3563809394836426 1500
0.3563809394836426 1500
0.35765886306762695 1500
0.3593928813934326 1500
0.3593928813934326 1500
0.35953593254089355 1500
0.3606569766998291 1500
0.3613879680633545 1500
0.3613879680633545 1500
0.3625040054321289 1500
0.36356186866760254 1500
0.36448192596435547 1500
0.36448192596435547 1500
0.36564183235168457 1500
0.36638784408569336 1500
0.36638784408569336 1500
0.3674168586730957 1500
0.36843085289001465 1500
0.36968088150024414 1500
0.36968088150024414 1500
0.3705599308013916 1500
0.37139296531677246 1500
0.37264180183410645 1500
0.37264180183410645 1500
0.37348198890686035 1500
0.374553918838501 1500
0.374553918838501 1500
0.37554192543029785 1500
0.37641286849975586 1500
0.377565860748291 1500
0.377565860748291 1500
0.3783528804779053 1500
0.3796110153198242 1500
0.3796110153198242 1500
0.3805220127105713 1500
0.38133692741394043 1500
0.3824288845062256 1500
0.3824288845062256 1500
0.38344287872314453 1500
0.3842799663543701 1500
0.3853628635406494 1500
0.3853628635406494 1500
0.3864128589630127 1500
0.3877408504486084 1500
0.3877408504486084 1500
0.3884599208831787 1500
0.38947582244873047 1500
0.3904609680175781 1500
0.3904609680175781 1500
0.3915548324584961 1500
0.3932628631591797 1500
0.3932628631591797 1500
0.3936429023742676 1500
0.39461779594421387 1500
0.39550185203552246 1500
0.39550185203552246 1500
0.39668798446655273 1500
0.3977029323577881 1500
0.39846301078796387 1500
0.39846301078796387 1500
0.39936089515686035 1500
0.40055394172668457 1500
0.40055394172668457 1500
0.40131688117980957 1500
0.4023308753967285 1500
0.4034459590911865 1500
0.4034459590911865 1500
0.40445995330810547 1500
0.40565991401672363 1500
0.40565991401672363 1500
0.40645885467529297 1500
0.40758395195007324 1500
0.4085218906402588 1500
0.4085218906402588 1500
0.40999794006347656 1500
0.41039085388183594 1500
0.41153788566589355 1500
0.41153788566589355 1500
0.4123878479003906 1500
0.41352391242980957 1500
0.41352391242980957 1500
0.4146249294281006 1500
0.4155769348144531 1500
0.4163658618927002 1500
0.4163658618927002 1500
0.4175608158111572 1500
0.4184248447418213 1500
0.4184248447418213 1500
0.4195139408111572 1500
0.420482873916626 1500
0.42191386222839355 1500
0.42191386222839355 1500
0.42223691940307617 1500
0.42365479469299316 1500
0.4244108200073242 1500
0.4244108200073242 1500
0.4256289005279541 1500
0.4265120029449463 1500
0.4265120029449463 1500
0.4273369312286377 1500
0.42833900451660156 1500
0.4296259880065918 1500
0.4296259880065918 1500
0.4306149482727051 1500
0.43149781227111816 1500
0.43149781227111816 1500
0.4326779842376709 1500
0.43330883979797363 1500
0.43457794189453125 1500
0.43457794189453125 1500
0.43551087379455566 1500
0.4367070198059082 1500
0.43731689453125 1500
0.43731689453125 1500
0.4385678768157959 1500
0.4394698143005371 1500
0.4394698143005371 1500
0.4415109157562256 1500
0.4415109157562256 1500
0.4431018829345703 1500
0.4431018829345703 1500
0.4433329105377197 1500
0.4445679187774658 1500
0.4445679187774658 1500
0.44544291496276855 1500
0.44648098945617676 1500
0.44773387908935547 1500
0.44773387908935547 1500
0.4483628273010254 1500
0.4496009349822998 1500
0.45032382011413574 1500
0.4514768123626709 1500
0.4534778594970703 1500
0.45380687713623047 1500
0.4545249938964844 1500
0.4554259777069092 1500
0.4554259777069092 1500
0.45662784576416016 1500
0.45760488510131836 1500
0.45760488510131836 1500
0.45857882499694824 1500
0.4594259262084961 1500
0.46065402030944824 1500
0.46065402030944824 1500
0.4614889621734619 1500
0.462418794631958 1500
0.46344590187072754 1500
0.4646339416503906 1500
0.46543097496032715 1500
0.46543097496032715 1500
0.4665567874908447 1500
0.4673178195953369 1500
0.46854281425476074 1500
0.46854281425476074 1500
0.46941280364990234 1500
0.47040486335754395 1500
0.47040486335754395 1500
0.47140002250671387 1500
0.47238683700561523 1500
0.47333788871765137 1500
0.47333788871765137 1500
0.4750559329986572 1500
0.4768688678741455 1500
0.4768688678741455 1500
0.4768688678741455 1500
0.47745299339294434 1500
0.47841596603393555 1500
0.47963500022888184 1500
0.48065781593322754 1500
0.48065781593322754 1500
0.4816617965698242 1500
0.4823019504547119 1500
0.4837188720703125 1500
0.4837188720703125 1500
0.4844980239868164 1500
0.48547983169555664 1500
0.4866189956665039 1500
0.4866189956665039 1500
0.4874389171600342 1500
0.4886789321899414 1500
0.4886789321899414 1500
0.4895029067993164 1500
0.49066686630249023 1500
0.4915308952331543 1500
0.4915308952331543 1500
0.4925038814544678 1500
0.4935150146484375 1500
0.4935150146484375 1500
0.49439096450805664 1500
0.49545979499816895 1500
0.49689292907714844 1500
0.49689292907714844 1500
0.49736881256103516 1500
0.500478982925415 1500
0.500478982925415 1500
0.500478982925415 1500
0.5007178783416748 1500
0.5015869140625 1500
0.5015869140625 1500
0.5022189617156982 1500
0.5036239624023438 1500
0.5042858123779297 1500
0.5042858123779297 1500
0.5054588317871094 1500
0.5069940090179443 1500
0.5090289115905762 1500
0.5103588104248047 1500
0.5103588104248047 1500
0.5103588104248047 1500
