1050000
0.0 1500
0.0 1500
0.0010349750518798828 1500
0.0010349750518798828 1500
0.0070230960845947266 1500
0.0070230960845947266 1500
0.0070230960845947266 1500
0.0070230960845947266 1500
0.0070230960845947266 1500
0.0071179866790771484 1500
0.0071179866790771484 1500
0.0071179866790771484 1500
0.007971048355102539 1500
0.007971048355102539 1500
0.007971048355102539 1500
0.007971048355102539 1500
0.009144067764282227 1500
0.009144067764282227 1500
0.010023117065429688 1500
0.010023117065429688 1500
0.010987997055053711 1500
0.010987997055053711 1500
0.012061119079589844 1500
0.012061119079589844 1500
0.012951135635375977 1500
0.012951135635375977 1500
0.013960123062133789 1500
0.013960123062133789 1500
0.0153961181640625 1500
0.0153961181640625 1500
0.015778064727783203 1500
0.01579594612121582 1500
0.01690196990966797 1500
0.01690196990966797 1500
0.018384933471679688 1500
0.01876091957092285 1500
0.020040035247802734 1500
0.020040035247802734 1500
0.020910978317260742 1500
0.021979093551635742 1500
0.021979093551635742 1500
0.02291393280029297 1500
0.023991107940673828 1500
0.02507615089416504 1500
0.02507615089416504 1500
0.025979042053222656 1500
0.026921987533569336 1500
0.02780604362487793 1500
0.02780604362487793 1500
0.02876114845275879 1500
0.029900074005126953 1500
0.029900074005126953 1500
0.030961990356445312 1500
0.031868934631347656 1500
0.03352499008178711 1500
0.03352499008178711 1500
0.03374910354614258 1500
0.03546905517578125 1500
0.03546905517578125 1500
0.03574800491333008 1500
0.03702092170715332 1500
0.03791213035583496 1500
0.03791213035583496 1500
0.038954973220825195 1500
0.039910078048706055 1500
0.04103207588195801 1500
0.04103207588195801 1500
0.041908979415893555 1500
0.0430910587310791 1500
0.0430910587310791 1500
0.04390311241149902 1500
0.04544210433959961 1500
0.04592704772949219 1500
0.04592704772949219 1500
0.04682493209838867 1500
0.04791712760925293 1500
0.04791712760925293 1500
0.04896712303161621 1500
0.04991793632507324 1500
0.05095696449279785 1500
0.05095696449279785 1500
0.052047014236450195 1500
0.05296611785888672 1500
0.05396294593811035 1500
0.05396294593811035 1500
0.05524301528930664 1500
0.055906057357788086 1500
0.055906057357788086 1500
0.05702495574951172 1500
0.05798912048339844 1500
0.058753013610839844 1500
0.058753013610839844 1500
0.06034493446350098 1500
0.06094694137573242 1500
0.06094694137573242 1500
0.06200909614562988 1500
0.06292200088500977 1500
0.06397294998168945 1500
0.06397294998168945 1500
0.06493592262268066 1500
0.06600809097290039 1500
0.06692194938659668 1500
0.06692194938659668 1500
0.06820106506347656 1500
0.06906604766845703 1500
0.06906604766845703 1500
0.06999707221984863 1500
0.07079505920410156 1500
0.0719449520111084 1500
0.0719449520111084 1500
0.07298398017883301 1500
0.07400012016296387 1500
0.07400012016296387 1500
0.07501602172851562 1500
0.07596492767333984 1500
0.07696008682250977 1500
0.07696008682250977 1500
0.07794308662414551 1500
0.07898211479187012 1500
0.07993197441101074 1500
0.07993197441101074 1500
0.08094310760498047 1500
0.08208107948303223 1500
0.08208107948303223 1500
0.08297300338745117 1500
0.08391594886779785 1500
0.08493304252624512 1500
0.08493304252624512 1500
0.08595514297485352 1500
0.08699297904968262 1500
0.08699297904968262 1500
0.08790993690490723 1500
0.0889890193939209 1500
0.08994412422180176 1500
0.08994412422180176 1500
0.09079194068908691 1500
0.09186100959777832 1500
0.0928959846496582 1500
0.0928959846496582 1500
0.0947420597076416 1500
0.0947420597076416 1500
0.09478402137756348 1500
0.09589505195617676 1500
0.09675192832946777 1500
0.09786009788513184 1500
0.09786009788513184 1500
0.09910297393798828 1500
0.09987092018127441 1500
0.09987092018127441 1500
0.10083293914794922 1500
0.10205698013305664 1500
0.10352110862731934 1500
0.10352110862731934 1500
0.10387611389160156 1500
0.10505104064941406 1500
0.10764694213867188 1500
0.10764694213867188 1500
0.10764694213867188 1500
0.10793399810791016 1500
0.10793399810791016 1500
0.10915493965148926 1500
0.11026215553283691 1500
0.11101698875427246 1500
0.11101698875427246 1500
0.11217498779296875 1500
0.11333298683166504 1500
0.11333298683166504 1500
0.11417293548583984 1500
0.1150820255279541 1500
0.11595892906188965 1500
0.11595892906188965 1500
0.11704611778259277 1500
0.11799502372741699 1500
0.11897611618041992 1500
0.11897611618041992 1500
0.11996102333068848 1500
0.12103009223937988 1500
0.12103009223937988 1500
0.12219500541687012 1500
0.12294697761535645 1500
0.12376213073730469 1500
0.12376213073730469 1500
0.12497115135192871 1500
0.12594294548034668 1500
0.12594294548034668 1500
0.12694311141967773 1500
0.12797999382019043 1500
0.1290140151977539 1500
0.1290140151977539 1500
0.1299729347229004 1500
0.1310441493988037 1500
0.13199496269226074 1500
0.13199496269226074 1500
0.1329331398010254 1500
0.13405704498291016 1500
0.13405704498291016 1500
0.13493609428405762 1500
0.1360471248626709 1500
0.1370069980621338 1500
0.1370069980621338 1500
0.1380150318145752 1500
0.1389319896697998 1500
0.1389319896697998 1500
0.13999414443969727 1500
0.140794038772583 1500
0.14198994636535645 1500
0.14198994636535645 1500
0.1429431438446045 1500
0.14406609535217285 1500
0.14494895935058594 1500
0.14494895935058594 1500
0.14620113372802734 1500
0.14703011512756348 1500
0.14703011512756348 1500
0.14802002906799316 1500
0.14895296096801758 1500
0.15000009536743164 1500
0.15000009536743164 1500
0.15093207359313965 1500
0.15186810493469238 1500
0.15186810493469238 1500
0.1534559726715088 1500
0.1540369987487793 1500
0.15477514266967773 1500
0.15477514266967773 1500
0.15595412254333496 1500
0.15711092948913574 1500
0.1579279899597168 1500
0.1579279899597168 1500
0.15902996063232422 1500
0.1599581241607666 1500
0.1599581241607666 1500
0.1609790325164795 1500
0.1619720458984375 1500
0.16301393508911133 1500
0.16301393508911133 1500
0.16392993927001953 1500
0.16500210762023926 1500
0.16500210762023926 1500
0.16594195365905762 1500
0.16701507568359375 1500
0.16883206367492676 1500
0.16883206367492676 1500
0.16883206367492676 1500
0.16988301277160645 1500
0.16988301277160645 1500
0.17112207412719727 1500
0.17203998565673828 1500
0.17278814315795898 1500
0.17278814315795898 1500
0.17383408546447754 1500
0.17476296424865723 1500
0.17586302757263184 1500
0.17586302757263184 1500
0.17676305770874023 1500
0.17783713340759277 1500
0.17783713340759277 1500
0.17879104614257812 1500
0.18088698387145996 1500
0.18088698387145996 1500
0.18088698387145996 1500
0.18184494972229004 1500
0.18283295631408691 1500
0.18283295631408691 1500
0.1838231086730957 1500
0.18482303619384766 1500
0.18589496612548828 1500
0.18589496612548828 1500
0.186845064163208 1500
0.1877610683441162 1500
0.18893194198608398 1500
0.18893194198608398 1500
0.18979811668395996 1500
0.19083714485168457 1500
0.19083714485168457 1500
0.1917581558227539 1500
0.19299912452697754 1500
0.19381093978881836 1500
0.19381093978881836 1500
0.19495606422424316 1500
0.19641613960266113 1500
0.19641613960266113 1500
0.19682097434997559 1500
0.19781112670898438 1500
0.1988229751586914 1500
0.1988229751586914 1500
0.1997971534729004 1500
0.20084404945373535 1500
0.20198297500610352 1500
0.20198297500610352 1500
0.20278596878051758 1500
0.20379114151000977 1500
0.20379114151000977 1500
0.2048170566558838 1500
0.20591306686401367 1500
0.20676207542419434 1500
0.20676207542419434 1500
0.20779800415039062 1500
0.20887994766235352 1500
0.20887994766235352 1500
0.2099599838256836 1500
0.21091794967651367 1500
0.21204304695129395 1500
0.21204304695129395 1500
0.21293306350708008 1500
0.21402597427368164 1500
0.21473097801208496 1500
0.2149360179901123 1500
0.21587395668029785 1500
0.21674203872680664 1500
0.21674203872680664 1500
0.21884799003601074 1500
0.21884799003601074 1500
0.2197420597076416 1500
0.2197420597076416 1500
0.2207951545715332 1500
0.22218608856201172 1500
0.22218608856201172 1500
0.22297000885009766 1500
0.22387409210205078 1500
0.22502899169921875 1500
0.22502899169921875 1500
0.2259531021118164 1500
0.2273850440979004 1500
0.22794008255004883 1500
0.22794008255004883 1500
0.2290489673614502 1500
0.22986292839050293 1500
0.22986292839050293 1500
0.23107099533081055 1500
0.23219704627990723 1500
0.23292899131774902 1500
0.23292899131774902 1500
0.23401594161987305 1500
0.23496103286743164 1500
0.23496103286743164 1500
0.23591899871826172 1500
0.23697495460510254 1500
0.23774194717407227 1500
0.23774194717407227 1500
0.23894309997558594 1500
0.23994994163513184 1500
0.2421889305114746 1500
0.2421889305114746 1500
0.24222493171691895 1500
0.24288702011108398 1500
0.24288702011108398 1500
0.24377894401550293 1500
0.24484515190124512 1500
0.2464280128479004 1500
0.2464280128479004 1500
0.2470409870147705 1500
0.2479701042175293 1500
0.2479701042175293 1500
0.24892711639404297 1500
0.24992895126342773 1500
0.2512190341949463 1500
0.2512190341949463 1500
0.2529449462890625 1500
0.2529449462890625 1500
0.2544829845428467 1500
0.2544829845428467 1500
0.25484299659729004 1500
0.2563340663909912 1500
0.2563340663909912 1500
0.2567760944366455 1500
0.25806498527526855 1500
0.25888800621032715 1500
0.25888800621032715 1500
0.260098934173584 1500
0.26101112365722656 1500
0.26101112365722656 1500
0.2619640827178955 1500
0.26291608810424805 1500
0.2643320560455322 1500
0.2643320560455322 1500
0.26511192321777344 1500
0.2660040855407715 1500
0.2670280933380127 1500
0.2670280933380127 1500
0.26795196533203125 1500
0.26897692680358887 1500
0.26897692680358887 1500
0.26990604400634766 1500
0.2713639736175537 1500
0.2719259262084961 1500
0.2719259262084961 1500
0.2729620933532715 1500
0.2738070487976074 1500
0.2738070487976074 1500
0.2749619483947754 1500
0.2758200168609619 1500
0.27697014808654785 1500
0.27697014808654785 1500
0.27792811393737793 1500
0.2788560390472412 1500
0.27979302406311035 1500
0.27979302406311035 1500
0.2808949947357178 1500
0.28203701972961426 1500
0.28203701972961426 1500
0.2829749584197998 1500
0.28395915031433105 1500
0.28498005867004395 1500
0.28498005867004395 1500
0.2859621047973633 1500
0.28698110580444336 1500
0.28698110580444336 1500
0.28794097900390625 1500
0.28899097442626953 1500
0.28997302055358887 1500
0.28997302055358887 1500
0.2909970283508301 1500
0.29183006286621094 1500
0.29284095764160156 1500
0.29284095764160156 1500
0.29378795623779297 1500
0.29479002952575684 1500
0.29479002952575684 1500
0.2957489490509033 1500
0.29678893089294434 1500
0.2977910041809082 1500
0.2977910041809082 1500
0.29880213737487793 1500
0.2999420166015625 1500
0.2999420166015625 1500
0.3009939193725586 1500
0.3019721508026123 1500
0.30301499366760254 1500
0.30301499366760254 1500
0.3041551113128662 1500
0.3053290843963623 1500
0.30605196952819824 1500
0.30605196952819824 1500
0.3070089817047119 1500
0.30782508850097656 1500
0.30782508850097656 1500
0.3088071346282959 1500
0.31017398834228516 1500
0.3118319511413574 1500
0.3118319511413574 1500
0.3118319511413574 1500
0.31296396255493164 1500
0.31296396255493164 1500
0.3139820098876953 1500
0.31494712829589844 1500
0.3158421516418457 1500
0.3158421516418457 1500
0.31695103645324707 1500
0.3180091381072998 1500
0.3189980983734131 1500
0.3189980983734131 1500
0.3199889659881592 1500
0.3209190368652344 1500
0.3209190368652344 1500
0.32296204566955566 1500
0.32296204566955566 1500
0.3238189220428467 1500
0.3238189220428467 1500
0.32492613792419434 1500
0.32597899436950684 1500
0.32597899436950684 1500
0.3267960548400879 1500
0.3278970718383789 1500
0.32903003692626953 1500
0.32903003692626953 1500
0.330035924911499 1500
0.3309469223022461 1500
0.33214497566223145 1500
0.33214497566223145 1500
0.33295106887817383 1500
0.33401012420654297 1500
0.33401012420654297 1500
0.3349461555480957 1500
0.33603596687316895 1500
0.3369479179382324 1500
0.3369479179382324 1500
0.3380320072174072 1500
0.3392751216888428 1500
0.3392751216888428 1500
0.33997297286987305 1500
0.3409421443939209 1500
0.3419771194458008 1500
0.3419771194458008 1500
0.34293198585510254 1500
0.3439910411834717 1500
0.3439910411834717 1500
0.3450429439544678 1500
0.3459739685058594 1500
0.34694695472717285 1500
0.34694695472717285 1500
0.34838294982910156 1500
0.34894895553588867 1500
0.3499929904937744 1500
0.3499929904937744 1500
0.35092592239379883 1500
0.35224008560180664 1500
0.35224008560180664 1500
0.3530409336090088 1500
0.3540010452270508 1500
0.3549370765686035 1500
0.3549370765686035 1500
0.35600900650024414 1500
0.35704708099365234 1500
0.35704708099365234 1500
0.3582119941711426 1500
0.35896897315979004 1500
0.361037015914917 1500
0.361037015914917 1500
0.361037015914917 1500
0.36195898056030273 1500
0.36284804344177246 1500
0.36284804344177246 1500
0.36443209648132324 1500
0.3648560047149658 1500
0.3648560047149658 1500
0.3657970428466797 1500
0.3668539524078369 1500
0.3678100109100342 1500
0.3678100109100342 1500
0.3688170909881592 1500
0.3697850704193115 1500
0.3697850704193115 1500
0.37094712257385254 1500
0.371783971786499 1500
0.3728349208831787 1500
0.3728349208831787 1500
0.37380194664001465 1500
0.37487292289733887 1500
0.3757669925689697 1500
0.3757669925689697 1500
0.3768429756164551 1500
0.37781810760498047 1500
0.37781810760498047 1500
0.37879514694213867 1500
0.3799431324005127 1500
0.38097596168518066 1500
0.38097596168518066 1500
0.381925106048584 1500
0.38297414779663086 1500
0.38297414779663086 1500
0.3837599754333496 1500
0.38488006591796875 1500
0.3858039379119873 1500
0.3858039379119873 1500
0.38697099685668945 1500
0.38793492317199707 1500
0.3888840675354004 1500
0.3888840675354004 1500
0.3899500370025635 1500
0.3909890651702881 1500
0.3909890651702881 1500
0.3919260501861572 1500
0.393017053604126 1500
0.39396214485168457 1500
0.39396214485168457 1500
0.39497804641723633 1500
0.39574408531188965 1500
0.39574408531188965 1500
0.39696311950683594 1500
0.39804697036743164 1500
0.39899706840515137 1500
0.39899706840515137 1500
0.3999500274658203 1500
0.4010329246520996 1500
0.4019351005554199 1500
0.4019351005554199 1500
0.402987003326416 1500
0.4039499759674072 1500
0.4039499759674072 1500
0.40498900413513184 1500
0.40592503547668457 1500
0.40706396102905273 1500
0.40706396102905273 1500
0.40794992446899414 1500
0.4089939594268799 1500
0.4089939594268799 1500
0.409945011138916 1500
0.4112839698791504 1500
0.41196107864379883 1500
0.41196107864379883 1500
0.41293811798095703 1500
0.4139721393585205 1500
0.4150121212005615 1500
0.4150121212005615 1500
0.4158360958099365 1500
0.416949987411499 1500
0.416949987411499 1500
0.41794800758361816 1500
0.4189729690551758 1500
0.41997313499450684 1500
0.41997313499450684 1500
0.42095303535461426 1500
0.42192602157592773 1500
0.42192602157592773 1500
0.42282795906066895 1500
0.4238860607147217 1500
0.4250040054321289 1500
0.4250040054321289 1500
0.42575693130493164 1500
0.42697906494140625 1500
0.42778706550598145 1500
0.42778706550598145 1500
0.42895007133483887 1500
0.4299499988555908 1500
0.4299499988555908 1500
0.43099093437194824 1500
0.4320700168609619 1500
0.4329650402069092 1500
0.4329650402069092 1500
0.4339461326599121 1500
0.4349939823150635 1500
0.4349939823150635 1500
0.4359610080718994 1500
0.4369239807128906 1500
0.43797802925109863 1500
0.43797802925109863 1500
0.43880414962768555 1500
0.4398159980773926 1500
0.4409770965576172 1500
0.4409770965576172 1500
0.44197702407836914 1500
0.44319796562194824 1500
0.44319796562194824 1500
0.4439671039581299 1500
0.4462311267852783 1500
0.4462311267852783 1500
0.4462311267852783 1500
0.4472179412841797 1500
0.4483039379119873 1500
0.4483039379119873 1500
0.44903993606567383 1500
0.4500899314880371 1500
0.4512441158294678 1500
0.4512441158294678 1500
0.4519340991973877 1500
0.4530329704284668 1500
0.4541199207305908 1500
0.4541199207305908 1500
0.45500707626342773 1500
0.4560070037841797 1500
0.4560070037841797 1500
0.4571371078491211 1500
0.4579651355743408 1500
0.4593050479888916 1500
0.4593050479888916 1500
0.4599940776824951 1500
0.4609510898590088 1500
0.4609510898590088 1500
0.46198010444641113 1500
0.46297192573547363 1500
0.4638400077819824 1500
0.4638400077819824 1500
0.4651961326599121 1500
0.46597814559936523 1500
0.46720099449157715 1500
0.46720099449157715 1500
0.4679889678955078 1500
0.4689900875091553 1500
0.4689900875091553 1500
0.4710049629211426 1500
0.4710049629211426 1500
0.4719510078430176 1500
0.4719510078430176 1500
0.47300004959106445 1500
0.47377896308898926 1500
0.47377896308898926 1500
0.4749619960784912 1500
0.47602200508117676 1500
0.47694993019104004 1500
0.47694993019104004 1500
0.47783899307250977 1500
0.47881412506103516 1500
0.4797830581665039 1500
0.4797830581665039 1500
0.48078107833862305 1500
0.48282313346862793 1500
0.48282313346862793 1500
0.48282313346862793 1500
0.48395514488220215 1500
0.4852299690246582 1500
0.4852299690246582 1500
0.4859960079193115 1500
0.4869530200958252 1500
0.4869530200958252 1500
0.48803114891052246 1500
0.4889349937438965 1500
0.48996806144714355 1500
0.48996806144714355 1500
0.490947961807251 1500
0.4920051097869873 1500
0.4939291477203369 1500
0.4939291477203369 1500
0.4939291477203369 1500
0.4950599670410156 1500
0.4950599670410156 1500
0.4958341121673584 1500
0.49702906608581543 1500
0.49793505668640137 1500
0.49793505668640137 1500
