1049254
0.0 1452
0.001413106918334961 1452
0.001413106918334961 1452
0.00430607795715332 1452
0.00430607795715332 1452
0.004310131072998047 1452
0.004311084747314453 1452
0.00617218017578125 1452
0.00617218017578125 1452
0.008468151092529297 1452
0.008468151092529297 1452
0.009927034378051758 1452
0.009927988052368164 1452
0.011976003646850586 1452
0.011977195739746094 1452
0.013817071914672852 1452
0.013817071914672852 1452
0.015783071517944336 1452
0.015783071517944336 1452
0.017712116241455078 1452
0.017712116241455078 1452
0.01969313621520996 1452
0.01969313621520996 1452
0.02132701873779297 1452
0.021328210830688477 1452
0.021331071853637695 1452
0.0213320255279541 1452
0.02327108383178711 1452
0.02327108383178711 1452
0.02521514892578125 1452
0.02521514892578125 1452
0.027500152587890625 1452
0.027500152587890625 1452
0.02919316291809082 1452
0.029194116592407227 1452
0.03094315528869629 1452
0.03094315528869629 1452
0.032961130142211914 1452
0.032961130142211914 1452
0.04073905944824219 1452
0.04073905944824219 1452
0.04074406623840332 1452
0.04074406623840332 1452
0.04237699508666992 1452
0.04237699508666992 1452
0.04451298713684082 1452
0.04451417922973633 1452
0.04634404182434082 1452
0.04634499549865723 1452
0.048536062240600586 1452
0.04853701591491699 1452
0.050031185150146484 1452
0.050031185150146484 1452
0.05232715606689453 1452
0.05232715606689453 1452
0.05395102500915527 1452
0.05395221710205078 1452
0.05568814277648926 1452
0.055689096450805664 1452
0.059542179107666016 1452
0.05954313278198242 1452
0.061739206314086914 1452
0.061739206314086914 1452
0.06334519386291504 1452
0.06334614753723145 1452
0.06530308723449707 1452
0.06530308723449707 1452
0.06906819343566895 1452
0.06906819343566895 1452
0.07129716873168945 1452
0.07129716873168945 1452
0.07280611991882324 1452
0.07280611991882324 1452
0.0767061710357666 1452
0.0767061710357666 1452
0.08045506477355957 1452
0.08045506477355957 1452
0.0825951099395752 1452
0.0825951099395752 1452
0.08655405044555664 1452
0.08655500411987305 1452
0.08656001091003418 1452
0.08656001091003418 1452
0.09018206596374512 1452
0.09018301963806152 1452
0.09229803085327148 1452
0.09229803085327148 1452
0.09407711029052734 1452
0.09407806396484375 1452
0.09600019454956055 1452
0.09600019454956055 1452
0.0978701114654541 1452
0.09787106513977051 1452
0.09787321090698242 1452
0.09787321090698242 1452
0.09967303276062012 1452
0.09967398643493652 1452
0.10146212577819824 1452
0.10146212577819824 1452
0.10146617889404297 1452
0.10364413261413574 1452
0.10365009307861328 1452
0.10381817817687988 1452
0.10536718368530273 1452
0.10536813735961914 1452
0.10703301429748535 1452
0.10703301429748535 1452
0.1090230941772461 1452
0.1090240478515625 1452
0.11134719848632812 1452
0.11134719848632812 1452
0.11278414726257324 1452
0.11278414726257324 1452
0.11278700828552246 1452
0.11278820037841797 1452
0.11492204666137695 1452
0.11712503433227539 1452
0.11882901191711426 1452
0.11882901191711426 1452
0.1221151351928711 1452
0.1221151351928711 1452
0.12345719337463379 1452
0.12345719337463379 1452
0.12553715705871582 1452
0.12553811073303223 1452
0.1274871826171875 1452
0.1274881362915039 1452
0.129378080368042 1452
0.13094615936279297 1452
0.13313698768615723 1452
0.13313817977905273 1452
0.13514399528503418 1452
0.13514399528503418 1452
0.13688206672668457 1452
0.13688302040100098 1452
0.13870811462402344 1452
0.13870811462402344 1452
0.14066505432128906 1452
0.14066600799560547 1452
0.14300107955932617 1452
0.14300107955932617 1452
0.14655303955078125 1452
0.14655399322509766 1452
0.14841508865356445 1452
0.14841604232788086 1452
0.14990615844726562 1452
0.14990711212158203 1452
0.15370416641235352 1452
0.15370416641235352 1452
0.1561141014099121 1452
0.1561141014099121 1452
0.1577751636505127 1452
0.15957999229431152 1452
0.16148805618286133 1452
0.16148900985717773 1452
0.1632680892944336 1452
0.1632680892944336 1452
0.16554713249206543 1452
0.16758108139038086 1452
0.1675870418548584 1452
0.16911005973815918 1452
0.1691150665283203 1452
0.1691150665283203 1452
0.17096614837646484 1452
0.17096710205078125 1452
0.17281413078308105 1452
0.17281413078308105 1452
0.17345309257507324 1452
0.17345404624938965 1452
0.17493605613708496 1452
0.17493700981140137 1452
0.17674517631530762 1452
0.17674517631530762 1452
0.17674899101257324 1452
0.17674899101257324 1452
0.1785740852355957 1452
0.1785750389099121 1452
0.18187403678894043 1452
0.18187499046325684 1452
0.18187904357910156 1452
0.18187999725341797 1452
0.1833951473236084 1452
0.1833951473236084 1452
0.18572020530700684 1452
0.18572115898132324 1452
0.18572616577148438 1452
0.18741607666015625 1452
0.18935418128967285 1452
0.18935418128967285 1452
0.1915290355682373 1452
0.1915290355682373 1452
0.1931769847869873 1452
0.1931769847869873 1452
0.19481611251831055 1452
0.19481706619262695 1452
0.19907402992248535 1452
0.19907498359680176 1452
0.20104718208312988 1452
0.2010481357574463 1452
0.2025291919708252 1452
0.2025291919708252 1452
0.20462608337402344 1452
0.20462608337402344 1452
0.20631909370422363 1452
0.20632004737854004 1452
0.21017003059387207 1452
0.21017003059387207 1452
0.21239900588989258 1452
0.21239900588989258 1452
0.21382403373718262 1452
0.21382498741149902 1452
0.21594810485839844 1452
0.21594810485839844 1452
0.2179410457611084 1452
0.21979212760925293 1452
0.22232818603515625 1452
0.22232818603515625 1452
0.22233104705810547 870
0.258648157119751 40
0.2720069885253906 1452
0.27200818061828613 1452
0.2742600440979004 1452
0.2742600440979004 1452
0.27578306198120117 1452
0.2757840156555176 1452
0.2779819965362549 1452
0.2779831886291504 1452
0.27954602241516113 1452
0.28163814544677734 1452
0.2845611572265625 1452
0.2845621109008789 1452
0.28456807136535645 1452
0.28456807136535645 1452
0.2860550880432129 1452
0.2879459857940674 1452
0.29006314277648926 1452
0.29006314277648926 1452
0.2921130657196045 1452
0.2921130657196045 1452
0.29430198669433594 1452
0.29430317878723145 1452
0.29569411277770996 1452
0.29569411277770996 1452
0.30002403259277344 1452
0.30002403259277344 1452
0.3014950752258301 1452
0.3014950752258301 1452
0.3035120964050293 1452
0.3035120964050293 1452
0.3054521083831787 1452
0.3054530620574951 1452
0.3072550296783447 1452
0.30725598335266113 1452
0.3095071315765381 1452
0.3095071315765381 1452
0.3109869956970215 1452
0.3132359981536865 1452
0.31511402130126953 1452
0.31511402130126953 1452
0.3166019916534424 1452
0.3166019916534424 1452
0.3186650276184082 1452
0.3186659812927246 1452
0.32081103324890137 1452
0.3208119869232178 1452
0.3226041793823242 1452
0.3226041793823242 1452
0.3247671127319336 1452
0.3247671127319336 1452
0.32701921463012695 1452
0.32818007469177246 1452
0.3293931484222412 1452
0.3293931484222412 1452
0.33161401748657227 1452
0.3316152095794678 1452
0.3334081172943115 1452
0.3334081172943115 1452
0.33478617668151855 1452
0.33478713035583496 1452
0.3376500606536865 1452
0.3376500606536865 1452
0.34113121032714844 1452
0.34113121032714844 1452
0.341137170791626 1452
0.341137170791626 1452
0.3422870635986328 1452
0.3422870635986328 1452
0.34439611434936523 1452
0.34439611434936523 1452
0.3494601249694824 1452
0.3494601249694824 1452
0.34946417808532715 1452
0.34946513175964355 1452
0.3528721332550049 1452
0.3528730869293213 1452
0.3549160957336426 1452
0.354917049407959 1452
0.3549211025238037 1452
0.3549211025238037 1452
0.3558812141418457 1452
0.3558812141418457 1452
0.3608551025390625 1452
0.3608560562133789 1452
0.36086201667785645 1452
0.36086320877075195 1452
0.3615741729736328 1452
0.3615751266479492 1452
0.36572718620300293 1452
0.36572718620300293 1452
0.3685600757598877 1452
0.3685600757598877 1452
0.37227916717529297 1452
0.37227916717529297 1452
0.37453413009643555 1452
0.3773071765899658 1452
0.3773159980773926 1452
0.3773171901702881 1452
0.3800621032714844 1452
0.3800630569458008 1452
0.3819100856781006 1452
0.381911039352417 1452
0.38355112075805664 1452
0.38355207443237305 1452
0.38718199729919434 1452
0.38718199729919434 1452
0.38933515548706055 1452
0.38933515548706055 1452
0.3927431106567383 1452
0.3927431106567383 1452
0.39473700523376465 1452
0.39473700523376465 1452
0.3985741138458252 1452
0.3985750675201416 1452
0.40262508392333984 1452
0.40262603759765625 1452
0.40440917015075684 1452
0.40441012382507324 1452
0.40850400924682617 1452
0.40850400924682617 1452
0.41045618057250977 1452
0.41045713424682617 1452
0.41193509101867676 1452
0.41193509101867676 1452
0.41619110107421875 1452
0.41619205474853516 1452
0.4460890293121338 1452
0.4460890293121338 1452
0.4461081027984619 1452
0.4461090564727783 1452
0.4468190670013428 1452
0.4468190670013428 1452
0.4468240737915039 1452
0.4468240737915039 1452
0.448045015335083 1452
0.4480462074279785 1452
0.44805121421813965 1452
0.44805121421813965 1452
0.44964599609375 1452
0.4496471881866455 1452
0.44965314865112305 1452
0.4507431983947754 1452
0.45075011253356934 1452
0.45075011253356934 1452
0.4515972137451172 1452
0.4515972137451172 1452
0.4516031742095947 1452
0.4516031742095947 1452
0.45267701148986816 1452
0.45267820358276367 1452
0.4543781280517578 1452
0.4543781280517578 1452
0.4543900489807129 1452
0.4543900489807129 1452
0.45757198333740234 1452
0.45757317543029785 1452
0.45955920219421387 1452
0.45955920219421387 1452
0.46329712867736816 1452
0.46329808235168457 1452
0.46734619140625 1452
0.4673480987548828 1452
0.4709200859069824 1452
0.47092103958129883 1452
0.47484612464904785 1452
0.47484707832336426 1452
0.47847414016723633 1452
0.47847509384155273 1452
0.4801599979400635 1452
0.480161190032959 1452
0.48445916175842285 1452
0.48446011543273926 1452
0.4885580539703369 1452
0.4885580539703369 1452
0.4903120994567871 1452
0.49180006980895996 1452
0.49396800994873047 1452
0.493969202041626 1452
0.4956080913543701 1452
0.4956080913543701 1452
0.4979372024536133 1452
0.4979372024536133 1452
0.4993460178375244 1452
0.4993472099304199 1452
0.5016951560974121 1452
0.5016961097717285 1452
0.5017011165618896 1452
0.501702070236206 1452
0.5075139999389648 1452
0.5075139999389648 1452
0.5089361667633057 1452
0.5089361667633057 1452
0.5110840797424316 1452
0.5110840797424316 1452
0.513038158416748 1452
0.5130391120910645 1452
0.5151431560516357 1452
0.5151441097259521 1452
0.516822099685669 1452
0.5168230533599854 1452
0.5184330940246582 1452
0.5184330940246582 1452
0.5204300880432129 1452
0.5204300880432129 1452
0.5242831707000732 1452
0.5242831707000732 1452
0.5264811515808105 1452
0.5264811515808105 1452
0.5281820297241211 1452
0.5281820297241211 1452
0.5298311710357666 1452
0.529832124710083 1452
0.532055139541626 1452
0.532055139541626 1452
0.5335700511932373 1452
0.5355620384216309 1452
0.5355679988861084 1452
0.5355691909790039 1452
0.5377540588378906 1452
0.5377540588378906 1452
0.5417261123657227 1452
0.5417261123657227 1452
0.5450642108917236 1452
0.54506516456604 1452
0.547003984451294 1452
0.547003984451294 1452
0.5508730411529541 1452
0.5508739948272705 1452
0.5544331073760986 1452
0.554434061050415 1452
0.5568761825561523 1452
0.5568761825561523 1452
0.5601730346679688 1452
0.5601730346679688 1452
0.5623910427093506 1452
0.562391996383667 1452
0.5657939910888672 1452
0.5657939910888672 1452
0.5677411556243896 1452
0.567742109298706 1452
0.5691561698913574 1452
0.5691561698913574 1452
0.5718331336975098 1452
0.5718340873718262 1452
0.5753850936889648 1452
0.5753860473632812 1452
0.5773870944976807 1452
0.5773880481719971 1452
0.5794010162353516 1452
0.5794022083282471 1452
0.5830190181732178 1452
0.5830202102661133 1452
0.5850090980529785 1452
0.5850090980529785 1452
0.5889601707458496 1452
0.588961124420166 1452
0.5909271240234375 1452
0.5909271240234375 1452
0.5949242115020752 1452
0.5949242115020752 1452
0.596419095993042 1452
0.5964200496673584 1452
0.5990290641784668 1452
0.6003661155700684 1452
0.6024961471557617 1452
0.6024961471557617 1452
0.6060621738433838 1452
0.6060621738433838 1452
0.6097731590270996 1452
0.609774112701416 1452
0.6115322113037109 1452
0.6115322113037109 1452
0.6144640445709229 1452
0.6144640445709229 1452
0.6188311576843262 1452
0.6188311576843262 1452
0.6199982166290283 1452
0.6199982166290283 1452
0.624190092086792 1452
0.624190092086792 1452
0.6277511119842529 1452
0.6277520656585693 1452
0.6297240257263184 1452
0.6297252178192139 1452
0.6335651874542236 1452
0.6335651874542236 1452
0.6353650093078613 1452
0.6353650093078613 1452
0.639329195022583 1452
0.6393301486968994 1452
0.6414351463317871 1452
0.6414351463317871 1452
0.6449751853942871 1452
0.6449761390686035 1452
0.6468501091003418 1452
0.6468501091003418 1452
0.6507110595703125 1452
0.6507110595703125 1452
0.6528210639953613 1452
0.6528220176696777 1452
0.6562612056732178 1452
0.6562621593475342 1452
0.6581671237945557 1452
0.6581680774688721 1452
0.6622231006622314 1452
0.6622231006622314 1452
0.6638481616973877 1452
0.6638491153717041 1452
0.6675291061401367 1452
0.6675300598144531 1452
0.669625997543335 1452
0.6696271896362305 1452
0.6717910766601562 1452
0.6717910766601562 1452
0.674699068069458 1452
0.674699068069458 1452
0.6760470867156982 1452
0.6760480403900146 1452
0.6782472133636475 1452
0.6782481670379639 1452
0.6817781925201416 1452
0.6817781925201416 1452
0.6841261386871338 1452
0.6841261386871338 1452
0.6858341693878174 1452
0.6858351230621338 1452
0.6858401298522949 1452
0.6858401298522949 1452
0.6878261566162109 1452
0.6878271102905273 1452
0.6893692016601562 1452
0.6893692016601562 1452
0.6916301250457764 1452
0.6916310787200928 1452
0.6935319900512695 1452
0.6935319900512695 1452
0.6955461502075195 1452
0.6955461502075195 1452
0.696986198425293 1452
0.6969871520996094 1452
0.6969921588897705 1452
0.6969921588897705 1452
0.699336051940918 1452
0.699336051940918 1452
0.7009701728820801 1452
0.7009711265563965 1452
0.7029130458831787 1452
0.7029139995574951 1452
0.7048141956329346 1452
0.704815149307251 1452
0.7084500789642334 1452
0.7084500789642334 1452
0.7102251052856445 1452
0.7102251052856445 1452
0.7141790390014648 1452
0.7141790390014648 1452
0.7160460948944092 1452
0.7160470485687256 1452
0.7197589874267578 1452
0.7197589874267578 1452
0.7236001491546631 1452
0.7236001491546631 1452
0.7277600765228271 1452
0.7277610301971436 1452
0.7315380573272705 1452
0.7315380573272705 1452
0.7337470054626465 1452
0.7350790500640869 1452
0.7373940944671631 1452
0.7390050888061523 1452
0.7410311698913574 1452
0.7410311698913574 1452
0.7445909976959229 1452
0.7445921897888184 1452
0.7483911514282227 1452
0.7483911514282227 1452
0.7522749900817871 1452
0.7522761821746826 1452
0.754082202911377 1452
0.754082202911377 1452
0.7562720775604248 1452
0.7562730312347412 1452
0.7577841281890869 1452
0.7577850818634033 1452
0.7600431442260742 1452
0.7600431442260742 1452
0.7616040706634521 1452
0.7616050243377686 1452
0.7639460563659668 1452
0.7639470100402832 1452
0.7657580375671387 1452
0.7657580375671387 1452
0.7678160667419434 1452
0.7678170204162598 1452
0.7692210674285889 1452
0.7692220211029053 1452
0.77128005027771 1452
0.77128005027771 1452
0.7732830047607422 1452
0.7732830047607422 1452
0.7754471302032471 1452
0.7754471302032471 1452
0.7772161960601807 1452
0.7772161960601807 1452
0.7810611724853516 1452
0.781062126159668 1452
0.7827880382537842 1452
0.7827880382537842 1452
0.7866151332855225 1452
0.7866160869598389 1452
0.7905030250549316 1452
0.7905030250549316 1452
0.7957630157470703 1452
0.7957630157470703 1452
0.7977831363677979 1452
0.7977831363677979 1452
0.8000180721282959 1452
0.8000180721282959 1452
0.803718090057373 1452
0.803718090057373 1452
0.8053591251373291 1452
0.8053591251373291 1452
0.8094379901885986 1452
0.8094379901885986 1452
0.8112361431121826 1452
0.8129940032958984 1452
0.8149781227111816 1452
0.8149781227111816 1452
0.8186910152435303 1452
0.8186922073364258 1452
0.8205671310424805 1452
0.8205680847167969 1452
0.8242371082305908 1452
0.8242371082305908 1452
0.8262569904327393 1452
0.8279809951782227 1452
0.8301551342010498 1452
0.8301551342010498 1452
0.8337140083312988 1452
0.8337140083312988 1452
0.8358972072601318 1452
0.8358981609344482 1452
0.8378691673278809 1452
0.8378691673278809 1452
0.8418691158294678 1452
0.8418691158294678 1452
0.8432881832122803 1452
0.8432881832122803 1452
0.8453121185302734 1452
0.8474671840667725 1452
0.8495700359344482 1452
0.8495700359344482 1452
0.8513970375061035 1452
0.8513970375061035 1452
0.8528749942779541 1452
0.8528749942779541 1452
0.8551650047302246 1452
0.8551650047302246 1452
0.8570539951324463 1452
0.8570551872253418 1452
0.8589701652526855 1452
0.858971118927002 1452
0.8627071380615234 1452
0.8627071380615234 1452
0.8646390438079834 1452
0.8646399974822998 1452
0.8663420677185059 1452
0.8663420677185059 1452
0.86834716796875 1452
0.86834716796875 1452
0.8683500289916992 1452
0.8702991008758545 1452
0.870305061340332 1452
0.8718760013580322 1452
0.8718822002410889 1452
0.8718831539154053 1452
0.874061107635498 1452
0.8740630149841309 1452
0.8763101100921631 1452
0.8763101100921631 1452
0.8777561187744141 1452
0.8777561187744141 1452
0.8777611255645752 1452
0.8777620792388916 1452
0.8798630237579346 1452
0.8798642158508301 1452
0.8814141750335693 1452
0.8814141750335693 1452
0.8837540149688721 1452
0.8837540149688721 1452
0.8855271339416504 1452
0.8855280876159668 1452
0.8876471519470215 1452
0.8876471519470215 1452
0.8891091346740723 1452
0.8891091346740723 1452
0.8930461406707764 1452
0.8930461406707764 1452
0.8953030109405518 1452
0.8953030109405518 1452
0.8988440036773682 1452
0.8988440036773682 1452
0.9009921550750732 1452
0.9009921550750732 1452
0.9047021865844727 1452
