1050000
0.0 1500
0.0 1500
0.0009119510650634766 1500
0.0019528865814208984 1500
0.003671884536743164 1500
0.003671884536743164 1500
0.004045963287353516 1500
0.0050640106201171875 1500
0.0050640106201171875 1500
0.0059587955474853516 1500
0.006886005401611328 1500
0.008170843124389648 1500
0.008170843124389648 1500
0.00878596305847168 1500
0.009760856628417969 1500
0.009760856628417969 1500
0.010983943939208984 1500
0.012048959732055664 1500
0.012975931167602539 1500
0.012975931167602539 1500
0.013962984085083008 1500
0.014935016632080078 1500
0.015949010848999023 1500
0.015949010848999023 1500
0.01703190803527832 1500
0.017802000045776367 1500
0.017802000045776367 1500
0.01898789405822754 1500
0.019951820373535156 1500
0.020836830139160156 1500
0.020836830139160156 1500
0.021988868713378906 1500
0.02277088165283203 1500
0.02277088165283203 1500
0.023747920989990234 1500
0.02503180503845215 1500
0.025959014892578125 1500
0.025959014892578125 1500
0.02711200714111328 1500
0.028618812561035156 1500
0.028816938400268555 1500
0.028816938400268555 1500
0.029941797256469727 1500
0.03101181983947754 1500
0.03101181983947754 1500
0.03246283531188965 1500
0.03349494934082031 1500
0.034004926681518555 1500
0.034004926681518555 1500
0.03495597839355469 1500
0.0359499454498291 1500
0.0359499454498291 1500
0.036894798278808594 1500
0.03776979446411133 1500
0.03893589973449707 1500
0.03893589973449707 1500
0.039755821228027344 1500
0.04106402397155762 1500
0.04191398620605469 1500
0.04195690155029297 1500
0.04274392127990723 1500
0.043985843658447266 1500
0.043985843658447266 1500
0.04478001594543457 1500
0.04578089714050293 1500
0.04701995849609375 1500
0.04701995849609375 1500
0.04819083213806152 1500
0.04886293411254883 1500
0.04886293411254883 1500
0.04978799819946289 1500
0.05102396011352539 1500
0.05194592475891113 1500
0.05194592475891113 1500
0.05295395851135254 1500
0.0539247989654541 1500
0.05498695373535156 1500
0.05498695373535156 1500
0.055998802185058594 1500
0.05698585510253906 1500
0.05698585510253906 1500
0.05799388885498047 1500
0.05892801284790039 1500
0.05988001823425293 1500
0.05988001823425293 1500
0.06209397315979004 1500
0.06209397315979004 1500
0.06209397315979004 1500
0.06316781044006348 1500
0.0639348030090332 1500
0.06475996971130371 1500
0.06475996971130371 1500
0.06584000587463379 1500
0.06692886352539062 1500
0.06774687767028809 1500
0.06774687767028809 1500
0.06874585151672363 1500
0.06987690925598145 1500
0.06987690925598145 1500
0.0707559585571289 1500
0.07175779342651367 1500
0.07309579849243164 1500
0.07309579849243164 1500
0.07407188415527344 1500
0.0750880241394043 1500
0.0750880241394043 1500
0.07576990127563477 1500
0.07695794105529785 1500
0.07786297798156738 1500
0.07786297798156738 1500
0.07959294319152832 1500
0.08002185821533203 1500
0.08107590675354004 1500
0.08107590675354004 1500
0.0818929672241211 1500
0.08307480812072754 1500
0.08307480812072754 1500
0.08384895324707031 1500
0.08506202697753906 1500
0.08618783950805664 1500
0.08618783950805664 1500
0.08684182167053223 1500
0.08776187896728516 1500
0.08776187896728516 1500
0.08889389038085938 1500
0.09013891220092773 1500
0.09118986129760742 1500
0.09118986129760742 1500
0.09205985069274902 1500
0.09306788444519043 1500
0.09392690658569336 1500
0.09392690658569336 1500
0.09494185447692871 1500
0.09635782241821289 1500
0.09635782241821289 1500
0.09705185890197754 1500
0.09840798377990723 1500
0.09895586967468262 1500
0.09895586967468262 1500
0.10042190551757812 1500
0.1008298397064209 1500
0.1008298397064209 1500
0.1018378734588623 1500
0.10295486450195312 1500
0.10399293899536133 1500
0.10399293899536133 1500
0.10538887977600098 1500
0.10598587989807129 1500
0.10598587989807129 1500
0.10709095001220703 1500
0.1079568862915039 1500
0.10887694358825684 1500
0.10887694358825684 1500
0.10993194580078125 1500
0.11110591888427734 1500
0.11196398735046387 1500
0.11196398735046387 1500
0.11294102668762207 1500
0.11405801773071289 1500
0.11405801773071289 1500
0.115142822265625 1500
0.11594891548156738 1500
0.1170949935913086 1500
0.1170949935913086 1500
0.11782693862915039 1500
0.11899685859680176 1500
0.11899685859680176 1500
0.11995887756347656 1500
0.12080883979797363 1500
0.12189602851867676 1500
0.12189602851867676 1500
0.12293291091918945 1500
0.12377190589904785 1500
0.12504792213439941 1500
0.12504792213439941 1500
0.12662982940673828 1500
0.12707901000976562 1500
0.12707901000976562 1500
0.12791180610656738 1500
0.12893986701965332 1500
0.12999391555786133 1500
0.12999391555786133 1500
0.13251781463623047 1500
0.13251781463623047 1500
0.13251781463623047 1500
0.1327838897705078 1500
0.1341688632965088 1500
0.13497686386108398 1500
0.13497686386108398 1500
0.13595795631408691 1500
0.13774800300598145 1500
0.13774800300598145 1500
0.13774800300598145 1500
0.1391739845275879 1500
0.14006400108337402 1500
0.14006400108337402 1500
0.14142990112304688 1500
0.1422410011291504 1500
0.14296889305114746 1500
0.14296889305114746 1500
0.1439659595489502 1500
0.14534592628479004 1500
0.14534592628479004 1500
0.14655280113220215 1500
0.14708185195922852 1500
0.14796090126037598 1500
0.14796090126037598 1500
0.14925098419189453 1500
0.149979829788208 1500
0.15104198455810547 1500
0.15104198455810547 1500
0.15180301666259766 1500
0.15294981002807617 1500
0.15294981002807617 1500
0.1539909839630127 1500
0.15504097938537598 1500
0.15611696243286133 1500
0.15611696243286133 1500
0.15706586837768555 1500
0.15796995162963867 1500
0.15796995162963867 1500
0.1593468189239502 1500
0.15995287895202637 1500
0.16178488731384277 1500
0.16178488731384277 1500
0.16201400756835938 1500
0.16294193267822266 1500
0.16410183906555176 1500
0.16410183906555176 1500
0.1649768352508545 1500
0.16579580307006836 1500
0.16579580307006836 1500
0.1669178009033203 1500
0.16782283782958984 1500
0.168928861618042 1500
0.168928861618042 1500
0.1699538230895996 1500
0.17094683647155762 1500
0.17094683647155762 1500
0.17233490943908691 1500
0.17307400703430176 1500
0.17401599884033203 1500
0.17418885231018066 1500
0.17487096786499023 1500
0.17615294456481934 1500
0.17698001861572266 1500
0.17698001861572266 1500
0.17814397811889648 1500
0.17899179458618164 1500
0.17899179458618164 1500
0.18018102645874023 1500
0.1810898780822754 1500
0.18195891380310059 1500
0.18195891380310059 1500
0.18308186531066895 1500
0.18416380882263184 1500
0.18416380882263184 1500
0.18483281135559082 1500
0.18596601486206055 1500
0.1872270107269287 1500
0.1872270107269287 1500
0.18822193145751953 1500
0.18893694877624512 1500
0.19021987915039062 1500
0.19021987915039062 1500
0.19085383415222168 1500
0.19197797775268555 1500
0.19197797775268555 1500
0.19275593757629395 1500
0.19391393661499023 1500
0.19476795196533203 1500
0.19476795196533203 1500
0.196760892868042 1500
0.196760892868042 1500
0.196760892868042 1500
0.1990489959716797 1500
0.1990489959716797 1500
0.1999809741973877 1500
0.1999809741973877 1500
0.20103192329406738 1500
0.2021489143371582 1500
0.20309996604919434 1500
0.20309996604919434 1500
0.20420598983764648 1500
0.2051258087158203 1500
0.2051258087158203 1500
0.20580196380615234 1500
0.207122802734375 1500
0.20808100700378418 1500
0.20808100700378418 1500
0.20875000953674316 1500
0.21010589599609375 1500
0.21010589599609375 1500
0.21078991889953613 1500
0.2120208740234375 1500
0.21358990669250488 1500
0.21358990669250488 1500
0.21384501457214355 1500
0.21522092819213867 1500
0.21599388122558594 1500
0.21599388122558594 1500
0.21726202964782715 1500
0.2177889347076416 1500
0.2177889347076416 1500
0.21890997886657715 1500
0.21991586685180664 1500
0.22090983390808105 1500
0.22090983390808105 1500
0.2220468521118164 1500
0.22290396690368652 1500
0.2245488166809082 1500
0.2245488166809082 1500
0.22483181953430176 1500
0.22597885131835938 1500
0.22597885131835938 1500
0.22709989547729492 1500
0.22790288925170898 1500
0.22923779487609863 1500
0.22923779487609863 1500
0.229874849319458 1500
0.23097681999206543 1500
0.23097681999206543 1500
0.23221492767333984 1500
0.23304486274719238 1500
0.23392701148986816 1500
0.23392701148986816 1500
0.23532390594482422 1500
0.23597192764282227 1500
0.23597192764282227 1500
0.23719286918640137 1500
0.2383270263671875 1500
0.2389059066772461 1500
0.2389059066772461 1500
0.24019384384155273 1500
0.2409379482269287 1500
0.24202990531921387 1500
0.24202990531921387 1500
0.24300694465637207 1500
0.24396800994873047 1500
0.24396800994873047 1500
0.24517393112182617 1500
0.2460799217224121 1500
0.2470378875732422 1500
0.2470378875732422 1500
0.24802780151367188 1500
0.24924492835998535 1500
0.24924492835998535 1500
0.25029492378234863 1500
0.25087881088256836 1500
0.25227880477905273 1500
0.25227880477905273 1500
0.2527129650115967 1500
0.2540578842163086 1500
0.2548379898071289 1500
0.2548379898071289 1500
0.2559778690338135 1500
0.2570059299468994 1500
0.2570059299468994 1500
0.25803685188293457 1500
0.2589869499206543 1500
0.25982093811035156 1500
0.25982093811035156 1500
0.26073598861694336 1500
0.26261281967163086 1500
0.26261281967163086 1500
0.26277685165405273 1500
0.2640368938446045 1500
0.2657790184020996 1500
0.2657790184020996 1500
0.2657790184020996 1500
0.2673609256744385 1500
0.2673609256744385 1500
0.2680628299713135 1500
0.26877880096435547 1500
0.27062201499938965 1500
0.27062201499938965 1500
0.270737886428833 1500
0.27240586280822754 1500
0.27293896675109863 1500
0.27293896675109863 1500
0.27501487731933594 1500
0.27501487731933594 1500
0.27501487731933594 1500
0.27582788467407227 1500
0.2772538661956787 1500
0.27834582328796387 1500
0.27834582328796387 1500
0.278918981552124 1500
0.27980589866638184 1500
0.27980589866638184 1500
0.28093791007995605 1500
0.28197789192199707 1500
0.2831578254699707 1500
0.2831578254699707 1500
0.28386497497558594 1500
0.2849149703979492 1500
0.28589701652526855 1500
0.28589701652526855 1500
0.28688693046569824 1500
0.28813600540161133 1500
0.28813600540161133 1500
0.28882384300231934 1500
0.289780855178833 1500
0.2909820079803467 1500
0.2909820079803467 1500
0.29194092750549316 1500
0.2927358150482178 1500
0.2927358150482178 1500
0.29379796981811523 1500
0.29483890533447266 1500
0.296191930770874 1500
0.296191930770874 1500
0.29764294624328613 1500
0.2980039119720459 1500
0.2988109588623047 1500
0.2988109588623047 1500
0.30013394355773926 1500
0.301055908203125 1500
0.301055908203125 1500
0.3022139072418213 1500
0.3029508590698242 1500
0.3039510250091553 1500
0.3039510250091553 1500
0.30494189262390137 1500
0.30603790283203125 1500
0.30603790283203125 1500
0.30700182914733887 1500
0.3079538345336914 1500
0.3089280128479004 1500
0.3089280128479004 1500
0.31007885932922363 1500
0.31106090545654297 1500
0.3119029998779297 1500
0.3119029998779297 1500
0.3130178451538086 1500
0.31391382217407227 1500
0.31391382217407227 1500
0.31477999687194824 1500
0.3158698081970215 1500
0.3177359104156494 1500
0.3177359104156494 1500
0.317795991897583 1500
0.3189518451690674 1500
0.3189518451690674 1500
0.3209359645843506 1500
0.3209669589996338 1500
0.32228589057922363 1500
0.32228589057922363 1500
0.3229329586029053 1500
0.3241119384765625 1500
0.3249399662017822 1500
0.3249399662017822 1500
0.3264939785003662 1500
0.3272709846496582 1500
0.3272709846496582 1500
0.3281099796295166 1500
0.3289368152618408 1500
0.3310508728027344 1500
0.3310508728027344 1500
0.3310508728027344 1500
0.3320298194885254 1500
0.3320298194885254 1500
0.3331480026245117 1500
0.33393096923828125 1500
0.3351709842681885 1500
0.3351709842681885 1500
0.3360328674316406 1500
0.33689379692077637 1500
0.33792781829833984 1500
0.33792781829833984 1500
0.339979887008667 1500
0.339979887008667 1500
0.339979887008667 1500
0.3411858081817627 1500
0.3429098129272461 1500
0.3429098129272461 1500
0.3429098129272461 1500
0.34392690658569336 1500
0.3450019359588623 1500
0.3450019359588623 1500
0.34597182273864746 1500
0.347031831741333 1500
0.34796690940856934 1500
0.34796690940856934 1500
0.3490769863128662 1500
0.34995579719543457 1500
0.35100889205932617 1500
0.35100889205932617 1500
0.3521888256072998 1500
0.3537909984588623 1500
0.3537909984588623 1500
0.35457396507263184 1500
0.3555619716644287 1500
0.3562018871307373 1500
0.3562018871307373 1500
0.35719895362854004 1500
0.3580019474029541 1500
0.3580019474029541 1500
0.35906291007995605 1500
0.35991382598876953 1500
0.36103081703186035 1500
0.36103081703186035 1500
0.3617699146270752 1500
0.36281800270080566 1500
0.3640580177307129 1500
0.3640580177307129 1500
0.3670508861541748 1500
0.3670508861541748 1500
0.3670508861541748 1500
0.3670508861541748 1500
0.3681349754333496 1500
0.36931800842285156 1500
0.36931800842285156 1500
0.36994194984436035 1500
0.37126779556274414 1500
0.37126779556274414 1500
0.37200379371643066 1500
0.3729698657989502 1500
0.3740558624267578 1500
0.3740558624267578 1500
0.37494897842407227 1500
0.3759758472442627 1500
0.37698888778686523 1500
0.37698888778686523 1500
0.3781750202178955 1500
0.37916994094848633 1500
0.37916994094848633 1500
0.3803730010986328 1500
0.38081884384155273 1500
0.38195300102233887 1500
0.38195300102233887 1500
0.3829958438873291 1500
0.38405799865722656 1500
0.38405799865722656 1500
0.38497281074523926 1500
0.38593482971191406 1500
0.3871188163757324 1500
0.3871188163757324 1500
0.3880438804626465 1500
0.3891630172729492 1500
0.38997387886047363 1500
0.38997387886047363 1500
0.3911559581756592 1500
0.3919219970703125 1500
0.3919219970703125 1500
0.39301180839538574 1500
0.3939800262451172 1500
0.39526796340942383 1500
0.39526796340942383 1500
0.39589691162109375 1500
0.39722299575805664 1500
0.39722299575805664 1500
0.3979768753051758 1500
0.3989579677581787 1500
0.40008091926574707 1500
0.40008091926574707 1500
0.40099287033081055 1500
0.40209388732910156 1500
0.40297698974609375 1500
0.40297698974609375 1500
0.4039759635925293 1500
0.4048960208892822 1500
0.4048960208892822 1500
0.4059438705444336 1500
0.4070467948913574 1500
0.408160924911499 1500
0.408160924911499 1500
0.40890979766845703 1500
0.4105558395385742 1500
0.41068196296691895 1500
0.41087889671325684 1500
0.4120669364929199 1500
0.41294002532958984 1500
0.41294002532958984 1500
0.41423702239990234 1500
0.41492795944213867 1500
0.41600489616394043 1500
0.41600489616394043 1500
0.41705989837646484 1500
0.4180259704589844 1500
0.4180259704589844 1500
0.4190859794616699 1500
0.4202079772949219 1500
0.4210989475250244 1500
0.4210989475250244 1500
0.42197299003601074 1500
0.4227018356323242 1500
0.4227299690246582 1500
0.4240908622741699 1500
0.42502284049987793 1500
0.42595887184143066 1500
0.42595887184143066 1500
0.42705488204956055 1500
0.4280688762664795 1500
0.42891597747802734 1500
0.42891597747802734 1500
0.42994093894958496 1500
0.43105292320251465 1500
0.43105292320251465 1500
0.43193793296813965 1500
0.4332749843597412 1500
0.4343228340148926 1500
0.4343228340148926 1500
0.43500185012817383 1500
0.435945987701416 1500
0.435945987701416 1500
0.4370579719543457 1500
0.43802499771118164 1500
0.4390218257904053 1500
0.4390218257904053 1500
0.4397389888763428 1500
0.4409208297729492 1500
0.4409208297729492 1500
0.44208383560180664 1500
0.4428708553314209 1500
0.44390296936035156 1500
0.44390296936035156 1500
0.44487690925598145 1500
0.44593095779418945 1500
0.4472508430480957 1500
0.4472508430480957 1500
0.44802284240722656 1500
0.449260950088501 1500
0.449260950088501 1500
0.4499208927154541 1500
0.45101094245910645 1500
0.4521939754486084 1500
0.4521939754486084 1500
0.4529998302459717 1500
0.45380496978759766 1500
0.45380496978759766 1500
0.4549598693847656 1500
0.4562849998474121 1500
0.4575028419494629 1500
0.4575028419494629 1500
0.45800280570983887 1500
0.45879197120666504 1500
0.4600248336791992 1500
0.4600248336791992 1500
0.46103882789611816 1500
0.4619009494781494 1500
0.4619009494781494 1500
0.46303391456604004 1500
0.46385884284973145 1500
0.46498990058898926 1500
0.46498990058898926 1500
0.46617579460144043 1500
0.46697187423706055 1500
0.46697187423706055 1500
0.4678459167480469 1500
0.4689028263092041 1500
0.4704599380493164 1500
0.4704599380493164 1500
0.4709157943725586 1500
0.4718618392944336 1500
0.47318387031555176 1500
0.47318387031555176 1500
0.4742248058319092 1500
0.47501087188720703 1500
0.47501087188720703 1500
0.47615694999694824 1500
0.477003812789917 1500
0.4781148433685303 1500
0.4781148433685303 1500
0.4788990020751953 1500
0.4801490306854248 1500
0.4801490306854248 1500
0.48090481758117676 1500
0.48334479331970215 1500
0.4834268093109131 1500
0.4834268093109131 1500
0.4837799072265625 1500
0.484921932220459 1500
0.48583292961120605 1500
0.48583292961120605 1500
0.48712801933288574 1500
0.4877488613128662 1500
0.4877488613128662 1500
0.4888598918914795 1500
0.49010396003723145 1500
0.490872859954834 1500
0.490872859954834 1500
0.491743803024292 1500
0.49291181564331055 1500
0.49291181564331055 1500
0.4937589168548584 1500
0.4948749542236328 1500
0.49590587615966797 1500
0.49590587615966797 1500
0.49726080894470215 1500
0.4979519844055176 1500
0.49915480613708496 1500
0.49915480613708496 1500
0.49990296363830566 1500
0.5010240077972412 1500
0.5010240077972412 1500
0.5019049644470215 1500
0.5028159618377686 1500
0.5049729347229004 1500
0.5049729347229004 1500
