1050000
0.0 1500
0.0 1500
0.0 1500
0.0011179447174072266 1500
0.0016820430755615234 1500
0.0016820430755615234 1500
0.0029571056365966797 1500
0.0037169456481933594 1500
0.0037169456481933594 1500
0.004869937896728516 1500
0.0057070255279541016 1500
0.007139921188354492 1500
0.007227897644042969 1500
0.007806062698364258 1500
0.009032011032104492 1500
0.00968790054321289 1500
0.00968790054321289 1500
0.011266946792602539 1500
0.012079000473022461 1500
0.012079000473022461 1500
0.012604951858520508 1500
0.013751029968261719 1500
0.014940023422241211 1500
0.014940023422241211 1500
0.01577591896057129 1500
0.016983985900878906 1500
0.016983985900878906 1500
0.01800704002380371 1500
0.018786907196044922 1500
0.01975703239440918 1500
0.01975703239440918 1500
0.02100992202758789 1500
0.021816015243530273 1500
0.02316594123840332 1500
0.02316594123840332 1500
0.023648977279663086 1500
0.024981975555419922 1500
0.024981975555419922 1500
0.025744915008544922 1500
0.02660202980041504 1500
0.02782607078552246 1500
0.02782607078552246 1500
0.0289919376373291 1500
0.029606103897094727 1500
0.029606103897094727 1500
0.03085494041442871 1500
0.03174996376037598 1500
0.033889055252075195 1500
0.033889055252075195 1500
0.033889055252075195 1500
0.03491997718811035 1500
0.035980939865112305 1500
0.035980939865112305 1500
0.03721499443054199 1500
0.03772711753845215 1500
0.03772711753845215 1500
0.038748979568481445 1500
0.03974008560180664 1500
0.04068613052368164 1500
0.04070401191711426 1500
0.04187202453613281 1500
0.04299211502075195 1500
0.04299211502075195 1500
0.0438539981842041 1500
0.045104026794433594 1500
0.046267032623291016 1500
0.046267032623291016 1500
0.04707503318786621 1500
0.04778790473937988 1500
0.04882407188415527 1500
0.04882407188415527 1500
0.04976010322570801 1500
0.050787925720214844 1500
0.050787925720214844 1500
0.05177497863769531 1500
0.05294609069824219 1500
0.05385398864746094 1500
0.05385398864746094 1500
0.05510210990905762 1500
0.055854082107543945 1500
0.055854082107543945 1500
0.0565791130065918 1500
0.057797908782958984 1500
0.05893898010253906 1500
0.05893898010253906 1500
0.059979915618896484 1500
0.060804128646850586 1500
0.06170392036437988 1500
0.06170392036437988 1500
0.0629880428314209 1500
0.06384706497192383 1500
0.06384706497192383 1500
0.06498599052429199 1500
0.06582999229431152 1500
0.06666707992553711 1500
0.06666707992553711 1500
0.06783294677734375 1500
0.06872200965881348 1500
0.06872200965881348 1500
0.07014894485473633 1500
0.07056498527526855 1500
0.07196211814880371 1500
0.07196211814880371 1500
0.07260012626647949 1500
0.07385897636413574 1500
0.07477593421936035 1500
0.07477593421936035 1500
0.07593393325805664 1500
0.07647490501403809 1500
0.07647490501403809 1500
0.0778510570526123 1500
0.07879209518432617 1500
0.07990598678588867 1500
0.07990598678588867 1500
0.08089709281921387 1500
0.08267402648925781 1500
0.08272600173950195 1500
0.08272600173950195 1500
0.08371901512145996 1500
0.0848379135131836 1500
0.0848379135131836 1500
0.08588910102844238 1500
0.08674502372741699 1500
0.08835911750793457 1500
0.08835911750793457 1500
0.0886540412902832 1500
0.08988690376281738 1500
0.08988690376281738 1500
0.09065508842468262 1500
0.09183001518249512 1500
0.0927131175994873 1500
0.0927131175994873 1500
0.09420490264892578 1500
0.09495806694030762 1500
0.09495806694030762 1500
0.0959780216217041 1500
0.09694099426269531 1500
0.09787511825561523 1500
0.09787511825561523 1500
0.09906601905822754 1500
0.0997629165649414 1500
0.10122990608215332 1500
0.10122990608215332 1500
0.10164999961853027 1500
0.10290193557739258 1500
0.10290193557739258 1500
0.10372304916381836 1500
0.10493898391723633 1500
0.1057729721069336 1500
0.1057729721069336 1500
0.10685610771179199 1500
0.10786890983581543 1500
0.10786890983581543 1500
0.10955309867858887 1500
0.10982799530029297 1500
0.1113729476928711 1500
0.1113729476928711 1500
0.11210107803344727 1500
0.11295390129089355 1500
0.11403203010559082 1500
0.11403203010559082 1500
0.11484503746032715 1500
0.11581802368164062 1500
0.11581802368164062 1500
0.11698102951049805 1500
0.11899590492248535 1500
0.1190950870513916 1500
0.1190950870513916 1500
0.11990809440612793 1500
0.12078595161437988 1500
0.12078595161437988 1500
0.12192201614379883 1500
0.12300300598144531 1500
0.12382197380065918 1500
0.12382197380065918 1500
0.1248619556427002 1500
0.1258699893951416 1500
0.1258699893951416 1500
0.12701010704040527 1500
0.12794899940490723 1500
0.1289219856262207 1500
0.1289219856262207 1500
0.13003301620483398 1500
0.1305539608001709 1500
0.13215303421020508 1500
0.13215303421020508 1500
0.1328260898590088 1500
0.13402509689331055 1500
0.13402509689331055 1500
0.13485193252563477 1500
0.1360020637512207 1500
0.13692593574523926 1500
0.13692593574523926 1500
0.13788390159606934 1500
0.13899707794189453 1500
0.13899707794189453 1500
0.13983511924743652 1500
0.14083409309387207 1500
0.14229893684387207 1500
0.14229893684387207 1500
0.14269590377807617 1500
0.14536499977111816 1500
0.14536499977111816 1500
0.14536499977111816 1500
0.14609909057617188 1500
0.14671993255615234 1500
0.14671993255615234 1500
0.14782309532165527 1500
0.14895892143249512 1500
0.14983797073364258 1500
0.14983797073364258 1500
0.15088200569152832 1500
0.15185999870300293 1500
0.15185999870300293 1500
0.15283989906311035 1500
0.15390896797180176 1500
0.15507197380065918 1500
0.15507197380065918 1500
0.15673208236694336 1500
0.15673208236694336 1500
0.15806794166564941 1500
0.15806794166564941 1500
0.1586301326751709 1500
0.15985989570617676 1500
0.15985989570617676 1500
0.1608109474182129 1500
0.16190099716186523 1500
0.1626429557800293 1500
0.1626429557800293 1500
0.16398096084594727 1500
0.16455793380737305 1500
0.16455793380737305 1500
0.16570806503295898 1500
0.16663503646850586 1500
0.1676959991455078 1500
0.16872906684875488 1500
0.16872906684875488 1500
0.17009902000427246 1500
0.17083096504211426 1500
0.17083096504211426 1500
0.17200207710266113 1500
0.17293906211853027 1500
0.17293906211853027 1500
0.17392301559448242 1500
0.17474102973937988 1500
0.17581892013549805 1500
0.17581892013549805 1500
0.17645907402038574 1500
0.17767691612243652 1500
0.17777395248413086 1500
0.178602933883667 1500
0.17966008186340332 1500
0.18075203895568848 1500
0.18076491355895996 1500
0.18181705474853516 1500
0.1828141212463379 1500
0.18366193771362305 1500
0.18366193771362305 1500
0.18477606773376465 1500
0.18562793731689453 1500
0.18562793731689453 1500
0.18673491477966309 1500
0.18754100799560547 1500
0.18860101699829102 1500
0.18860101699829102 1500
0.18962907791137695 1500
0.19108200073242188 1500
0.19110393524169922 1500
0.19275593757629395 1500
0.19275593757629395 1500
0.19376111030578613 1500
0.19376111030578613 1500
0.19446492195129395 1500
0.19592499732971191 1500
0.19674992561340332 1500
0.19686198234558105 1500
0.1977379322052002 1500
0.19886994361877441 1500
0.19886994361877441 1500
0.20003795623779297 1500
0.20076799392700195 1500
0.2018289566040039 1500
0.2018289566040039 1500
0.20272493362426758 1500
0.20379209518432617 1500
0.20467805862426758 1500
0.20467805862426758 1500
0.2059040069580078 1500
0.2064990997314453 1500
0.2064990997314453 1500
0.20760893821716309 1500
0.20901203155517578 1500
0.20952200889587402 1500
0.20952200889587402 1500
0.2105410099029541 1500
0.21179890632629395 1500
0.21179890632629395 1500
0.21271610260009766 1500
0.21370410919189453 1500
0.21487903594970703 1500
0.21487903594970703 1500
0.2158670425415039 1500
0.21648406982421875 1500
0.21799898147583008 1500
0.21799898147583008 1500
0.218825101852417 1500
0.21961307525634766 1500
0.21961307525634766 1500
0.22054004669189453 1500
0.2216501235961914 1500
0.22281789779663086 1500
0.22281789779663086 1500
0.2236189842224121 1500
0.2248079776763916 1500
0.2248079776763916 1500
0.22557401657104492 1500
0.22685503959655762 1500
0.22746610641479492 1500
0.22746610641479492 1500
0.22896194458007812 1500
0.22963190078735352 1500
0.22963190078735352 1500
0.23088598251342773 1500
0.23180890083312988 1500
0.23277592658996582 1500
0.23277592658996582 1500
0.23367595672607422 1500
0.23485302925109863 1500
0.23794794082641602 1500
0.23794794082641602 1500
0.23820090293884277 1500
0.23820090293884277 1500
0.23820090293884277 1500
0.23876404762268066 1500
0.23975801467895508 1500
0.24190902709960938 1500
0.24190902709960938 1500
0.24190902709960938 1500
0.24253606796264648 1500
0.24253606796264648 1500
0.24387001991271973 1500
0.2449018955230713 1500
0.2457261085510254 1500
0.2457261085510254 1500
0.2464890480041504 1500
0.24782800674438477 1500
0.2488389015197754 1500
0.2488389015197754 1500
0.24975800514221191 1500
0.2509450912475586 1500
0.2509450912475586 1500
0.251939058303833 1500
0.25282812118530273 1500
0.25499606132507324 1500
0.25499606132507324 1500
0.25499606132507324 1500
0.2555210590362549 1500
0.2555210590362549 1500
0.25654006004333496 1500
0.2578399181365967 1500
0.2586209774017334 1500
0.2586209774017334 1500
0.2598690986633301 1500
0.26079893112182617 1500
0.26183509826660156 1500
0.26183509826660156 1500
0.2629420757293701 1500
0.26385498046875 1500
0.26385498046875 1500
0.2647418975830078 1500
0.265610933303833 1500
0.2668759822845459 1500
0.2668759822845459 1500
0.2676980495452881 1500
0.26893091201782227 1500
0.26893091201782227 1500
0.27005791664123535 1500
0.27060413360595703 1500
0.2718019485473633 1500
0.2718019485473633 1500
0.2727820873260498 1500
0.2741689682006836 1500
0.27467989921569824 1500
0.27467989921569824 1500
0.275907039642334 1500
0.2766599655151367 1500
0.2766599655151367 1500
0.27790403366088867 1500
0.27913594245910645 1500
0.2796769142150879 1500
0.2796769142150879 1500
0.2807791233062744 1500
0.28164100646972656 1500
0.28164100646972656 1500
0.2829310894012451 1500
0.28376293182373047 1500
0.28480100631713867 1500
0.28480100631713867 1500
0.2857530117034912 1500
0.28688502311706543 1500
0.2876410484313965 1500
0.2876410484313965 1500
0.2889280319213867 1500
0.2897770404815674 1500
0.2897770404815674 1500
0.29093313217163086 1500
0.2928659915924072 1500
0.2928659915924072 1500
0.2928659915924072 1500
0.29397010803222656 1500
0.29474806785583496 1500
0.29474806785583496 1500
0.29596805572509766 1500
0.29682207107543945 1500
0.2980771064758301 1500
0.2980771064758301 1500
0.2992429733276367 1500
0.3004739284515381 1500
0.3004739284515381 1500
0.3005990982055664 1500
0.30158090591430664 1500
0.3028299808502197 1500
0.3028299808502197 1500
0.30410194396972656 1500
0.30503392219543457 1500
0.3060119152069092 1500
0.3060119152069092 1500
0.30680298805236816 1500
0.3080611228942871 1500
0.3080611228942871 1500
0.30849695205688477 1500
0.31015610694885254 1500
0.3112149238586426 1500
0.3112149238586426 1500
0.3120229244232178 1500
0.312791109085083 1500
0.312791109085083 1500
0.31397104263305664 1500
0.31537508964538574 1500
0.31594204902648926 1500
0.31594204902648926 1500
0.31683993339538574 1500
0.31787109375 1500
0.3189380168914795 1500
0.3189380168914795 1500
0.3200531005859375 1500
0.3207080364227295 1500
0.3207080364227295 1500
0.3218679428100586 1500
0.32300901412963867 1500
0.32566094398498535 1500
0.32566094398498535 1500
0.32566094398498535 1500
0.32566094398498535 1500
0.32566094398498535 1500
0.32691192626953125 1500
0.3277709484100342 1500
0.3290140628814697 1500
0.3290140628814697 1500
0.32980799674987793 1500
0.3308069705963135 1500
0.33173298835754395 1500
0.33173298835754395 1500
0.3327639102935791 1500
0.33388805389404297 1500
0.33388805389404297 1500
0.3347170352935791 1500
0.3374929428100586 1500
0.3374929428100586 1500
0.3374929428100586 1500
0.33780694007873535 1500
0.3389930725097656 1500
0.3389930725097656 1500
0.3397219181060791 1500
0.3406851291656494 1500
0.34187912940979004 1500
0.34187912940979004 1500
0.342893123626709 1500
0.34372591972351074 1500
0.34482812881469727 1500
0.34482812881469727 1500
0.3458249568939209 1500
0.3470480442047119 1500
0.3470480442047119 1500
0.3477799892425537 1500
0.3489420413970947 1500
0.35021090507507324 1500
0.35021090507507324 1500
0.3509409427642822 1500
0.3520369529724121 1500
0.3520369529724121 1500
0.35257411003112793 1500
0.35372495651245117 1500
0.3549330234527588 1500
0.3549330234527588 1500
0.35585808753967285 1500
0.3568758964538574 1500
0.3575711250305176 1500
0.3575711250305176 1500
0.35889196395874023 1500
0.3598310947418213 1500
0.3598310947418213 1500
0.360645055770874 1500
0.36203503608703613 1500
0.3630039691925049 1500
0.3630039691925049 1500
0.364001989364624 1500
0.36509203910827637 1500
0.36509203910827637 1500
0.3656039237976074 1500
0.3665621280670166 1500
0.3677349090576172 1500
0.3677349090576172 1500
0.3686859607696533 1500
0.36968994140625 1500
0.3708159923553467 1500
0.3708159923553467 1500
0.3718280792236328 1500
0.37259602546691895 1500
0.37259602546691895 1500
0.3753790855407715 1500
0.3753790855407715 1500
0.3759279251098633 1500
0.3759279251098633 1500
0.376708984375 1500
0.3781130313873291 1500
0.3781130313873291 1500
0.3787820339202881 1500
0.37993502616882324 1500
0.3808310031890869 1500
0.3808310031890869 1500
0.38193798065185547 1500
0.38285112380981445 1500
0.3837320804595947 1500
0.3837320804595947 1500
0.38470911979675293 1500
0.38575005531311035 1500
0.38575005531311035 1500
0.38806700706481934 1500
0.38806700706481934 1500
0.38902711868286133 1500
0.38902711868286133 1500
0.3898451328277588 1500
0.3910229206085205 1500
0.3910229206085205 1500
0.3917379379272461 1500
0.3928210735321045 1500
0.39375996589660645 1500
0.39375996589660645 1500
0.39475297927856445 1500
0.39566612243652344 1500
0.39687395095825195 1500
0.39687395095825195 1500
0.39789891242980957 1500
0.39882898330688477 1500
0.39882898330688477 1500
0.4000980854034424 1500
0.4006659984588623 1500
0.4019351005554199 1500
0.4019351005554199 1500
0.4028470516204834 1500
0.40413498878479004 1500
0.40413498878479004 1500
0.40483713150024414 1500
0.4059019088745117 1500
0.40667009353637695 1500
0.40667009353637695 1500
0.4080240726470947 1500
0.4087951183319092 1500
0.4099850654602051 1500
0.4099850654602051 1500
0.410675048828125 1500
0.4118931293487549 1500
0.4118931293487549 1500
0.413114070892334 1500
0.41384410858154297 1500
0.4147989749908447 1500
0.4147989749908447 1500
0.41594910621643066 1500
0.41698193550109863 1500
0.41698193550109863 1500
0.4179821014404297 1500
0.4190061092376709 1500
0.4198880195617676 1500
0.4198880195617676 1500
0.42097997665405273 1500
0.42179107666015625 1500
0.4231750965118408 1500
0.4231750965118408 1500
0.4237029552459717 1500
0.4253411293029785 1500
0.4253411293029785 1500
0.42559099197387695 1500
0.4269258975982666 1500
0.4280250072479248 1500
0.4280250072479248 1500
0.42885589599609375 1500
0.42993593215942383 1500
0.42993593215942383 1500
0.43093395233154297 1500
0.4320681095123291 1500
0.433027982711792 1500
0.433027982711792 1500
0.4337019920349121 1500
0.4349501132965088 1500
0.4359569549560547 1500
0.4359569549560547 1500
0.4383389949798584 1500
0.4383389949798584 1500
0.4383389949798584 1500
0.4386279582977295 1500
0.4403059482574463 1500
0.44078993797302246 1500
0.44078993797302246 1500
0.4418010711669922 1500
0.4427781105041504 1500
0.4427781105041504 1500
0.4436979293823242 1500
0.4444570541381836 1500
0.44603610038757324 1500
0.44603610038757324 1500
0.44650697708129883 1500
0.4480109214782715 1500
0.4487440586090088 1500
0.4487440586090088 1500
0.4498178958892822 1500
0.4508640766143799 1500
0.4508640766143799 1500
0.4519319534301758 1500
0.45270609855651855 1500
0.4539151191711426 1500
0.4539151191711426 1500
0.4547688961029053 1500
0.4560370445251465 1500
0.4560370445251465 1500
0.45672607421875 1500
0.45810890197753906 1500
0.45864200592041016 1500
0.45864200592041016 1500
0.45989108085632324 1500
0.460705041885376 1500
0.460705041885376 1500
0.4620039463043213 1500
0.4629969596862793 1500
0.4638330936431885 1500
0.4638330936431885 1500
0.46521902084350586 1500
0.46581292152404785 1500
0.46692991256713867 1500
0.46692991256713867 1500
0.46795201301574707 1500
0.46880602836608887 1500
0.46880602836608887 1500
0.46978306770324707 1500
0.47061610221862793 1500
0.4717280864715576 1500
0.4717280864715576 1500
0.47286009788513184 1500
0.4739100933074951 1500
0.4739100933074951 1500
0.4746859073638916 1500
0.47577500343322754 1500
0.4770090579986572 1500
0.4770090579986572 1500
0.477557897567749 1500
0.4793510437011719 1500
0.48006701469421387 1500
0.48006701469421387 1500
0.4805788993835449 1500
0.4816579818725586 1500
0.4816770553588867 1500
0.4833199977874756 1500
0.483630895614624 1500
0.4847540855407715 1500
0.4847540855407715 1500
0.48607397079467773 1500
0.4869561195373535 1500
0.4869561195373535 1500
0.4878110885620117 1500
0.48888301849365234 1500
0.4899890422821045 1500
0.4899890422821045 1500
0.49060511589050293 1500
0.4918689727783203 1500
0.4928920269012451 1500
0.4928920269012451 1500
0.49388694763183594 1500
0.49501991271972656 1500
0.49501991271972656 1500
0.495805025100708 1500
0.4968149662017822 1500
0.49788403511047363 1500
0.49788403511047363 1500
0.4990839958190918 1500
0.4997539520263672 1500
0.4997539520263672 1500
0.5009069442749023 1500
0.5017781257629395 1500
0.5029339790344238 1500
0.5029339790344238 1500
