1050000
0.0 1500
0.0 1500
0.000946044921875 1500
0.000946044921875 1500
0.0019450187683105469 1500
0.0019450187683105469 1500
0.0042269229888916016 1500
0.0042269229888916016 1500
0.004478931427001953 1500
0.004478931427001953 1500
0.0066530704498291016 1500
0.0066530704498291016 1500
0.007657051086425781 1500
0.007657051086425781 1500
0.008661985397338867 1500
0.008661985397338867 1500
0.010655879974365234 1500
0.010655879974365234 1500
0.01185297966003418 1500
0.01185297966003418 1500
0.013797998428344727 1500
0.013797998428344727 1500
0.014791011810302734 1500
0.014791011810302734 1500
0.016649961471557617 1500
0.016649961471557617 1500
0.017930984497070312 1500
0.017930984497070312 1500
0.0188748836517334 1500
0.0188748836517334 1500
0.02064800262451172 1500
0.02064800262451172 1500
0.021636962890625 1500
0.021636962890625 1500
0.02373504638671875 1500
0.02373504638671875 1500
0.02500605583190918 1500
0.02500605583190918 1500
0.026222944259643555 1500
0.026222944259643555 1500
0.02774190902709961 1500
0.02774190902709961 1500
0.028629064559936523 1500
0.029991865158081055 1500
0.03131699562072754 1500
0.03131699562072754 1500
0.03152108192443848 1500
0.03152108192443848 1500
0.034481048583984375 1500
0.034481048583984375 1500
0.034481048583984375 1500
0.034481048583984375 1500
0.03687596321105957 1500
0.03687596321105957 1500
0.038034915924072266 1500
0.038034915924072266 1500
0.03963589668273926 1500
0.03963589668273926 1500
0.04062008857727051 1500
0.04062008857727051 1500
0.041676998138427734 1500
0.041676998138427734 1500
0.04263901710510254 1500
0.04264998435974121 1500
0.04472804069519043 1500
0.04472804069519043 1500
0.04588198661804199 1500
0.04588198661804199 1500
0.046957969665527344 1500
0.046957969665527344 1500
0.04778003692626953 1500
0.04778003692626953 1500
0.04901695251464844 1500
0.04901695251464844 1500
0.04975605010986328 1500
0.04975605010986328 1500
0.05125594139099121 1500
0.05125594139099121 1500
0.052896976470947266 1500
0.052896976470947266 1500
0.053755998611450195 1500
0.053755998611450195 1500
0.0547640323638916 1500
0.0547640323638916 1500
0.05561709403991699 1500
0.05561709403991699 1500
0.05680203437805176 1500
0.05680203437805176 1500
0.057739973068237305 1500
0.057739973068237305 1500
0.05946993827819824 1500
0.05946993827819824 1500
0.0605158805847168 1500
0.0605158805847168 1500
0.06166791915893555 1500
0.06166791915893555 1500
0.06258487701416016 1500
0.06258487701416016 1500
0.06348299980163574 1500
0.06348299980163574 1500
0.06463193893432617 1500
0.06463193893432617 1500
0.06564593315124512 1500
0.06679797172546387 1500
0.06774091720581055 1500
0.06774091720581055 1500
0.06925487518310547 1500
0.06957101821899414 1500
0.06957101821899414 1500
0.06957101821899414 1500
0.07060408592224121 1500
0.07060408592224121 1500
0.07153892517089844 1500
0.07335996627807617 1500
0.07352590560913086 1500
0.07352590560913086 1500
0.07459092140197754 1500
0.07557106018066406 1500
0.07557106018066406 1500
0.07671809196472168 1500
0.07762289047241211 1500
0.07896208763122559 1500
0.07896208763122559 1500
0.07961487770080566 1500
0.08054995536804199 1500
0.08191108703613281 1500
0.08191108703613281 1500
0.08272099494934082 1500
0.08362197875976562 1500
0.08362197875976562 1500
0.08459806442260742 1500
0.08563089370727539 1500
0.08702588081359863 1500
0.08702588081359863 1500
0.08860588073730469 1500
0.08860588073730469 1500
0.08860588073730469 1500
0.08978009223937988 1500
0.09063601493835449 1500
0.09246301651000977 1500
0.09246301651000977 1500
0.0929880142211914 1500
0.09393906593322754 1500
0.09490609169006348 1500
0.09490609169006348 1500
0.09588503837585449 1500
0.09696698188781738 1500
0.09696698188781738 1500
0.09808802604675293 1500
0.09871387481689453 1500
0.10008907318115234 1500
0.10008907318115234 1500
0.1005089282989502 1500
0.10164093971252441 1500
0.10164093971252441 1500
0.1025080680847168 1500
0.10388588905334473 1500
0.10474586486816406 1500
0.10474586486816406 1500
0.10553908348083496 1500
0.10655403137207031 1500
0.10758209228515625 1500
0.10758209228515625 1500
0.10994791984558105 1500
0.11001205444335938 1500
0.11001205444335938 1500
0.11059093475341797 1500
0.11162900924682617 1500
0.11301994323730469 1500
0.11301994323730469 1500
0.11373591423034668 1500
0.11484289169311523 1500
0.11484289169311523 1500
0.11587405204772949 1500
0.11673808097839355 1500
0.11791205406188965 1500
0.11791205406188965 1500
0.1186060905456543 1500
0.1196298599243164 1500
0.12060403823852539 1500
0.12060403823852539 1500
0.12192296981811523 1500
0.12278294563293457 1500
0.12278294563293457 1500
0.12364792823791504 1500
0.12462401390075684 1500
0.12549686431884766 1500
0.12549686431884766 1500
0.12643194198608398 1500
0.12746596336364746 1500
0.12746596336364746 1500
0.12869691848754883 1500
0.12956500053405762 1500
0.1306610107421875 1500
0.1306610107421875 1500
0.13147592544555664 1500
0.13245892524719238 1500
0.13373494148254395 1500
0.13373494148254395 1500
0.1344459056854248 1500
0.13554000854492188 1500
0.13554000854492188 1500
0.13671207427978516 1500
0.13747096061706543 1500
0.1384570598602295 1500
0.1384570598602295 1500
0.13956308364868164 1500
0.14052200317382812 1500
0.14052200317382812 1500
0.1414940357208252 1500
0.14246296882629395 1500
0.14345908164978027 1500
0.14345908164978027 1500
0.1445910930633545 1500
0.14580893516540527 1500
0.14580893516540527 1500
0.14667201042175293 1500
0.1475238800048828 1500
0.14872193336486816 1500
0.14872193336486816 1500
0.1494889259338379 1500
0.15065789222717285 1500
0.1518399715423584 1500
0.1518399715423584 1500
0.15273499488830566 1500
0.15353798866271973 1500
0.15353798866271973 1500
0.15462303161621094 1500
0.15544390678405762 1500
0.15667486190795898 1500
0.15667486190795898 1500
0.15746688842773438 1500
0.15854191780090332 1500
0.15854191780090332 1500
0.15942597389221191 1500
0.16068100929260254 1500
0.16145896911621094 1500
0.16145896911621094 1500
0.16263604164123535 1500
0.16416287422180176 1500
0.1645059585571289 1500
0.1645059585571289 1500
0.16562294960021973 1500
0.16670608520507812 1500
0.16670608520507812 1500
0.16875505447387695 1500
0.16875505447387695 1500
0.16962003707885742 1500
0.16962003707885742 1500
0.17091107368469238 1500
0.17193198204040527 1500
0.17193198204040527 1500
0.17260098457336426 1500
0.17348408699035645 1500
0.17479300498962402 1500
0.17479300498962402 1500
0.17564105987548828 1500
0.1768019199371338 1500
0.1776599884033203 1500
0.1776599884033203 1500
0.17870688438415527 1500
0.17973804473876953 1500
0.17973804473876953 1500
0.1808459758758545 1500
0.18163800239562988 1500
0.18279790878295898 1500
0.18279790878295898 1500
0.18389892578125 1500
0.184906005859375 1500
0.184906005859375 1500
0.1854550838470459 1500
0.18647503852844238 1500
0.1879410743713379 1500
0.1879410743713379 1500
0.18875503540039062 1500
0.18989300727844238 1500
0.19045591354370117 1500
0.19045591354370117 1500
0.19245004653930664 1500
0.19276809692382812 1500
0.19276809692382812 1500
0.19362401962280273 1500
0.1948540210723877 1500
0.1957380771636963 1500
0.1957380771636963 1500
0.19672894477844238 1500
0.19765806198120117 1500
0.19765806198120117 1500
0.19880199432373047 1500
0.19961905479431152 1500
0.20080900192260742 1500
0.20080900192260742 1500
0.20200896263122559 1500
0.20298099517822266 1500
0.20357990264892578 1500
0.20357990264892578 1500
0.2047438621520996 1500
0.20588207244873047 1500
0.20588207244873047 1500
0.20657992362976074 1500
0.20786094665527344 1500
0.2086019515991211 1500
0.2086019515991211 1500
0.20981097221374512 1500
0.21071791648864746 1500
0.21071791648864746 1500
0.21189093589782715 1500
0.21255993843078613 1500
0.21360301971435547 1500
0.21360301971435547 1500
0.21460604667663574 1500
0.21590805053710938 1500
0.2168879508972168 1500
0.2168879508972168 1500
0.21781206130981445 1500
0.2189939022064209 1500
0.2189939022064209 1500
0.2198939323425293 1500
0.22106003761291504 1500
0.22191286087036133 1500
0.22191286087036133 1500
0.22286486625671387 1500
0.2237100601196289 1500
0.2237100601196289 1500
0.2247929573059082 1500
0.2261650562286377 1500
0.22698092460632324 1500
0.22698092460632324 1500
0.22775697708129883 1500
0.22885394096374512 1500
0.22980999946594238 1500
0.22980999946594238 1500
0.23078608512878418 1500
0.23177599906921387 1500
0.23177599906921387 1500
0.2327289581298828 1500
0.23376107215881348 1500
0.2348630428314209 1500
0.2348630428314209 1500
0.23593807220458984 1500
0.23688602447509766 1500
0.23688602447509766 1500
0.2377309799194336 1500
0.2387690544128418 1500
0.23994708061218262 1500
0.23994708061218262 1500
0.24106287956237793 1500
0.2416238784790039 1500
0.24310088157653809 1500
0.24310088157653809 1500
0.24380087852478027 1500
0.24480390548706055 1500
0.24480390548706055 1500
0.24585390090942383 1500
0.24672508239746094 1500
0.24786591529846191 1500
0.24786591529846191 1500
0.248823881149292 1500
0.2496640682220459 1500
0.2496640682220459 1500
0.2507340908050537 1500
0.251816987991333 1500
0.25260305404663086 1500
0.25260305404663086 1500
0.2539379596710205 1500
0.2545959949493408 1500
0.25597286224365234 1500
0.25597286224365234 1500
0.2564060688018799 1500
0.25777387619018555 1500
0.25777387619018555 1500
0.2586650848388672 1500
0.2601490020751953 1500
0.26089000701904297 1500
0.26089000701904297 1500
0.2617909908294678 1500
0.26276493072509766 1500
0.26276493072509766 1500
0.2634460926055908 1500
0.264509916305542 1500
0.26544189453125 1500
0.26544189453125 1500
0.26664090156555176 1500
0.267549991607666 1500
0.2686440944671631 1500
0.2686440944671631 1500
0.26941490173339844 1500
0.2706730365753174 1500
0.2706730365753174 1500
0.2714519500732422 1500
0.2725520133972168 1500
0.2736358642578125 1500
0.27375006675720215 1500
0.2747030258178711 1500
0.275784969329834 1500
0.275784969329834 1500
0.2765650749206543 1500
0.27751803398132324 1500
0.27863097190856934 1500
0.27863097190856934 1500
0.279857873916626 1500
0.2804069519042969 1500
0.2815558910369873 1500
0.28162097930908203 1500
0.28263092041015625 1500
0.28386592864990234 1500
0.28386592864990234 1500
0.2847409248352051 1500
0.2854349613189697 1500
0.28648805618286133 1500
0.28648805618286133 1500
0.28761792182922363 1500
0.28854799270629883 1500
0.28854799270629883 1500
0.2895779609680176 1500
0.29068493843078613 1500
0.2916910648345947 1500
0.2916910648345947 1500
0.2927548885345459 1500
0.29372501373291016 1500
0.2946009635925293 1500
0.2946009635925293 1500
0.29549407958984375 1500
0.29659199714660645 1500
0.29659199714660645 1500
0.29776906967163086 1500
0.29864001274108887 1500
0.2995278835296631 1500
0.2995278835296631 1500
0.30040597915649414 1500
0.30171799659729004 1500
0.30171799659729004 1500
0.3025040626525879 1500
0.30382204055786133 1500
0.30460596084594727 1500
0.30460596084594727 1500
0.30559706687927246 1500
0.3067159652709961 1500
0.3074319362640381 1500
0.3074319362640381 1500
0.3084380626678467 1500
0.31042003631591797 1500
0.31042003631591797 1500
0.3107268810272217 1500
0.3121628761291504 1500
0.3128840923309326 1500
0.3128840923309326 1500
0.31368207931518555 1500
0.31484007835388184 1500
0.31484007835388184 1500
0.3159480094909668 1500
0.3169269561767578 1500
0.3178679943084717 1500
0.3178679943084717 1500
0.3187990188598633 1500
0.3199610710144043 1500
0.3199610710144043 1500
0.32059502601623535 1500
0.32193708419799805 1500
0.3225979804992676 1500
0.3225979804992676 1500
0.32401204109191895 1500
0.32503294944763184 1500
0.3257620334625244 1500
0.3257620334625244 1500
0.32667088508605957 1500
0.32786107063293457 1500
0.32786107063293457 1500
0.32869791984558105 1500
0.3296539783477783 1500
0.33075594902038574 1500
0.33075594902038574 1500
0.33180904388427734 1500
0.33274006843566895 1500
0.33274006843566895 1500
0.3338310718536377 1500
0.3347740173339844 1500
0.33637189865112305 1500
0.33637189865112305 1500
0.3365180492401123 1500
0.33791303634643555 1500
0.33859705924987793 1500
0.33859705924987793 1500
0.3398110866546631 1500
0.3404519557952881 1500
0.3404519557952881 1500
0.3418879508972168 1500
0.3426048755645752 1500
0.34363889694213867 1500
0.34363889694213867 1500
0.344696044921875 1500
0.34581494331359863 1500
0.34581494331359863 1500
0.34680891036987305 1500
0.34757399559020996 1500
0.3488459587097168 1500
0.3488459587097168 1500
0.35071802139282227 1500
0.35071802139282227 1500
0.3516569137573242 1500
0.3516569137573242 1500
0.3527848720550537 1500
0.35372209548950195 1500
0.35459399223327637 1500
0.35459399223327637 1500
0.35555601119995117 1500
0.35659289360046387 1500
0.35659289360046387 1500
0.35766100883483887 1500
0.35866689682006836 1500
0.359752893447876 1500
0.359752893447876 1500
0.36112093925476074 1500
0.36165809631347656 1500
0.36165809631347656 1500
0.3624000549316406 1500
0.3637239933013916 1500
0.3651270866394043 1500
0.3651270866394043 1500
0.3660318851470947 1500
0.36713695526123047 1500
0.3676738739013672 1500
0.3676738739013672 1500
0.36870288848876953 1500
0.3699159622192383 1500
0.3699159622192383 1500
0.3712160587310791 1500
0.3719959259033203 1500
0.3730049133300781 1500
0.3730049133300781 1500
0.3738260269165039 1500
0.37496304512023926 1500
0.37496304512023926 1500
0.37603092193603516 1500
0.3767058849334717 1500
0.3779618740081787 1500
0.3779618740081787 1500
0.3796989917755127 1500
0.3798060417175293 1500
0.3807950019836426 1500
0.3807950019836426 1500
0.3819160461425781 1500
0.3825950622558594 1500
0.3825950622558594 1500
0.38431406021118164 1500
0.38466596603393555 1500
0.3856470584869385 1500
0.3856470584869385 1500
0.3867979049682617 1500
0.3876810073852539 1500
0.3876810073852539 1500
0.3886220455169678 1500
0.3899409770965576 1500
0.3905770778656006 1500
0.3905770778656006 1500
0.39241600036621094 1500
0.39241600036621094 1500
0.39362502098083496 1500
0.39362502098083496 1500
0.39477086067199707 1500
0.39571404457092285 1500
0.39577507972717285 1500
0.39660096168518066 1500
0.3980889320373535 1500
0.3987720012664795 1500
0.3987720012664795 1500
0.3996548652648926 1500
0.40079307556152344 1500
0.40079307556152344 1500
0.40161991119384766 1500
0.40287303924560547 1500
0.4038078784942627 1500
0.4038078784942627 1500
0.4047360420227051 1500
0.405850887298584 1500
0.4066040515899658 1500
0.4066040515899658 1500
0.4077320098876953 1500
0.4088470935821533 1500
0.4088470935821533 1500
0.40964698791503906 1500
0.41088199615478516 1500
0.4117269515991211 1500
0.4117269515991211 1500
0.41289401054382324 1500
0.4134390354156494 1500
0.4134390354156494 1500
0.4144458770751953 1500
0.4154520034790039 1500
0.4168210029602051 1500
0.4168210029602051 1500
0.41793298721313477 1500
0.4183928966522217 1500
0.41944193840026855 1500
0.41944193840026855 1500
0.42056703567504883 1500
0.42154908180236816 1500
0.42154908180236816 1500
0.4225120544433594 1500
0.42351508140563965 1500
0.42458391189575195 1500
0.42458391189575195 1500
0.42571187019348145 1500
0.42650604248046875 1500
0.42650604248046875 1500
0.4278109073638916 1500
0.42850208282470703 1500
0.42952609062194824 1500
0.42952609062194824 1500
0.430649995803833 1500
0.4317929744720459 1500
0.4317929744720459 1500
0.4327700138092041 1500
0.43351197242736816 1500
0.4352259635925293 1500
0.4352259635925293 1500
0.43584704399108887 1500
0.43665003776550293 1500
0.437885046005249 1500
0.437885046005249 1500
0.4386279582977295 1500
0.43988490104675293 1500
0.43988490104675293 1500
0.44089508056640625 1500
0.44196486473083496 1500
0.4428398609161377 1500
0.4428398609161377 1500
0.44377708435058594 1500
0.44463086128234863 1500
0.44463086128234863 1500
0.44563889503479004 1500
0.4471569061279297 1500
0.4477219581604004 1500
0.4477219581604004 1500
0.4486830234527588 1500
0.4498779773712158 1500
0.45202207565307617 1500
0.45202207565307617 1500
0.45202207565307617 1500
0.4526360034942627 1500
0.4526360034942627 1500
0.45377492904663086 1500
0.45473504066467285 1500
0.4555959701538086 1500
0.4555959701538086 1500
0.4565389156341553 1500
0.4578099250793457 1500
0.4578099250793457 1500
0.4586780071258545 1500
0.45963501930236816 1500
0.46077990531921387 1500
0.46077990531921387 1500
0.4615960121154785 1500
0.4627230167388916 1500
0.46362805366516113 1500
0.46362805366516113 1500
0.46478796005249023 1500
0.4667069911956787 1500
0.4667069911956787 1500
0.4667069911956787 1500
0.46802401542663574 1500
0.46861696243286133 1500
0.46861696243286133 1500
0.46964001655578613 1500
0.47071409225463867 1500
0.47071409225463867 1500
0.4724850654602051 1500
0.4724850654602051 1500
0.4736819267272949 1500
0.4736819267272949 1500
0.47478699684143066 1500
0.47547101974487305 1500
0.47672486305236816 1500
0.47672486305236816 1500
0.4776120185852051 1500
0.47884106636047363 1500
0.47884106636047363 1500
0.4799199104309082 1500
0.48056602478027344 1500
0.48180389404296875 1500
0.48180389404296875 1500
0.48266100883483887 1500
0.48389697074890137 1500
0.48389697074890137 1500
0.4847090244293213 1500
0.4857370853424072 1500
0.4866790771484375 1500
0.4866790771484375 1500
0.48761606216430664 1500
0.4885890483856201 1500
0.48989295959472656 1500
0.48989295959472656 1500
0.4909958839416504 1500
0.49193596839904785 1500
0.49193596839904785 1500
0.49268198013305664 1500
0.4936709403991699 1500
0.49441099166870117 1500
0.49441099166870117 1500
0.49564290046691895 1500
