1049740
0.0 1460
0.0017309188842773438 1460
0.00173187255859375 1460
0.00173187255859375 1460
0.0017328262329101562 1460
0.0017349720001220703 1460
0.0017349720001220703 1460
0.0017349720001220703 1460
0.0017359256744384766 1460
0.0017359256744384766 1460
0.0017368793487548828 1460
0.0017368793487548828 1460
0.0017368793487548828 1460
0.003674030303955078 1460
0.0036749839782714844 1460
0.0036759376525878906 1460
0.0036759376525878906 1460
0.0036759376525878906 1460
0.003676891326904297 1460
0.003676891326904297 1460
0.003677845001220703 1460
0.003677845001220703 1460
0.003679037094116211 1460
0.003679037094116211 1460
0.003679990768432617 1460
0.003679990768432617 1460
0.003679990768432617 1460
0.0036809444427490234 1460
0.0036818981170654297 1460
0.0055539608001708984 1460
0.005554914474487305 1460
0.005555868148803711 1460
0.005555868148803711 1460
0.005557060241699219 1460
0.005557060241699219 1460
0.005558013916015625 1460
0.005558013916015625 1460
0.005558967590332031 1460
0.005558967590332031 1460
0.0055599212646484375 1460
0.0055599212646484375 1460
0.005560874938964844 1460
0.00556182861328125 1460
0.00556182861328125 1460
0.005563020706176758 1460
0.00769495964050293 1460
0.007695913314819336 1460
0.007696866989135742 1460
0.00769805908203125 1460
0.007699012756347656 1460
0.0076999664306640625 1460
0.007700920104980469 1460
0.007700920104980469 1460
0.007701873779296875 1460
0.007704019546508789 1460
0.007704973220825195 1460
0.0077059268951416016 1460
0.0077059268951416016 1460
0.007706880569458008 1460
0.007709026336669922 1460
0.007709980010986328 1460
0.009686946868896484 1460
0.009688854217529297 1460
0.009690999984741211 1460
0.009690999984741211 1460
0.009691953659057617 1460
0.00969386100769043 1460
0.00969386100769043 1460
0.009697914123535156 1460
0.009698867797851562 1460
0.00970005989074707 1460
0.009701967239379883 1460
0.009702920913696289 1460
0.009702920913696289 1460
0.009703874588012695 1460
0.01119089126586914 1460
0.01119089126586914 1460
0.011191844940185547 1460
0.13983488082885742 1460
0.13983583450317383 1460
0.13983583450317383 1460
0.13983702659606934 1460
0.13983798027038574 1460
0.13983798027038574 1460
0.13983893394470215 1460
0.13983893394470215 1460
0.14168787002563477 1460
0.14168787002563477 1460
0.14168906211853027 1460
0.14168906211853027 1460
0.14169001579284668 1460
0.14169096946716309 1460
0.1416919231414795 1460
0.1416928768157959 1460
0.1416938304901123 1460
0.1416938304901123 1460
0.1416950225830078 1460
0.1416950225830078 1460
0.14169597625732422 1460
0.14169692993164062 1460
0.14169692993164062 1460
0.14169788360595703 1460
0.14381194114685059 1460
0.143812894821167 1460
0.1438138484954834 1460
0.1438138484954834 1460
0.1438150405883789 1460
0.1438159942626953 1460
0.1438159942626953 1460
0.14381694793701172 1460
0.14538002014160156 1460
0.14538002014160156 1460
0.14538097381591797 1460
0.14538192749023438 1460
0.14538192749023438 1460
0.14538288116455078 1460
0.1453838348388672 1460
0.1453850269317627 1460
0.1453850269317627 1460
0.1453859806060791 1460
0.1453869342803955 1460
0.14538788795471191 1460
0.14538788795471191 1460
0.14538884162902832 1460
0.14740490913391113 1460
0.14740586280822754 1460
0.14740705490112305 1460
0.14740705490112305 1460
0.14740800857543945 1460
0.14740896224975586 1460
0.14740896224975586 1460
0.14740991592407227 1460
0.14741086959838867 1460
0.14741086959838867 1460
0.14741206169128418 1460
0.14741301536560059 1460
0.147413969039917 1460
0.147413969039917 1460
0.1474149227142334 1460
0.1474158763885498 1460
0.14931082725524902 1460
0.14931201934814453 1460
0.14931297302246094 1460
0.14931392669677734 1460
0.14931392669677734 1460
0.14931488037109375 1460
0.14931583404541016 1460
0.14931583404541016 1460
0.14931702613830566 1460
0.14931797981262207 1460
0.14931797981262207 1460
0.14931893348693848 1460
0.14931988716125488 1460
0.15121889114379883 1460
0.15121984481811523 1460
0.15122103691101074 1460
0.15122103691101074 1460
0.15122199058532715 1460
0.15122294425964355 1460
0.15122294425964355 1460
0.15122389793395996 1460
0.15122485160827637 1460
0.15122485160827637 1460
0.15122604370117188 1460
0.15122699737548828 1460
0.15122699737548828 1460
0.1512279510498047 1460
0.15313196182250977 1460
0.15313291549682617 1460
0.15313291549682617 1460
0.15313386917114258 1460
0.15313386917114258 1460
0.15313506126403809 1460
0.1531360149383545 1460
0.1531360149383545 1460
0.1531369686126709 1460
0.1531379222869873 1460
0.1531379222869873 1460
0.1531388759613037 1460
0.1531388759613037 1460
0.15313982963562012 1460
0.15313982963562012 1460
0.15314102172851562 1460
0.15541505813598633 1460
0.15541505813598633 1460
0.15541601181030273 1460
0.15541696548461914 1460
0.15541696548461914 1460
0.15541791915893555 1460
0.15541887283325195 1460
0.15541887283325195 1460
0.15541982650756836 1460
0.15542101860046387 1460
0.15542101860046387 1460
0.15542197227478027 1460
0.15542197227478027 1460
0.15542292594909668 1460
0.15542387962341309 1460
0.15542387962341309 1460
0.157135009765625 1460
0.1571359634399414 1460
0.15713787078857422 1460
0.15713906288146973 1460
0.15713906288146973 1460
0.15714001655578613 1460
0.15714097023010254 1460
0.15714097023010254 1460
0.15714192390441895 1460
0.15714192390441895 1460
0.15714287757873535 1460
0.15714383125305176 1460
0.15714383125305176 1460
0.15714502334594727 1460
0.15714597702026367 1460
0.15714597702026367 1460
0.15939998626708984 1460
0.15940093994140625 1460
0.15940189361572266 1460
0.15940189361572266 1460
0.15940284729003906 1460
0.15940403938293457 1460
0.15940403938293457 1460
0.15940499305725098 1460
0.15940594673156738 1460
0.15940594673156738 1460
0.1594069004058838 1460
0.1594078540802002 1460
0.1594078540802002 1460
0.1594090461730957 1460
0.1594090461730957 1460
0.1594099998474121 1460
0.15941095352172852 1460
0.15941095352172852 1460
0.15941190719604492 1460
0.16098499298095703 1460
0.16098499298095703 1460
0.16098594665527344 1460
0.16098690032958984 1460
0.16098690032958984 1460
0.16098785400390625 1460
0.16098904609680176 1460
0.16098999977111816 1460
0.16099095344543457 1460
0.16099095344543457 1460
0.16099190711975098 1460
0.16099286079406738 1460
0.16099286079406738 1460
0.16280484199523926 1460
0.16280484199523926 1460
0.16280603408813477 1460
0.16280698776245117 1460
0.16280698776245117 1460
0.16280794143676758 1460
0.16280889511108398 1460
0.16280889511108398 1460
0.16280889511108398 1460
0.1628098487854004 1460
0.1645979881286621 1460
0.16669487953186035 1460
0.16669487953186035 1460
0.16669583320617676 1460
0.16669702529907227 1460
0.16669702529907227 1460
0.16669702529907227 1460
0.16669797897338867 1460
0.16669797897338867 1460
0.16669893264770508 1460
0.1667020320892334 1460
0.1667029857635498 1460
0.1667029857635498 1460
0.1667039394378662 1460
0.1667039394378662 1460
0.16670489311218262 1460
0.16670489311218262 1460
0.16846084594726562 1460
0.16846203804016113 1460
0.16846203804016113 1460
0.2813549041748047 1460
0.2813558578491211 1460
0.2813558578491211 1460
0.2813558578491211 1460
0.2813570499420166 1460
0.2813570499420166 1460
0.281358003616333 1460
0.2813589572906494 1460
0.2813589572906494 1460
0.2813599109649658 1460
0.2813608646392822 1460
0.2813608646392822 1460
0.28136205673217773 1460
0.28325986862182617 1460
0.2832610607147217 1460
0.2832610607147217 1460
0.2832620143890381 1460
0.2832629680633545 1460
0.2832629680633545 1460
0.2832639217376709 1460
0.2832639217376709 1460
0.28509092330932617 1460
0.2850918769836426 1460
0.2850918769836426 1460
0.285092830657959 1460
0.285092830657959 1460
0.2850940227508545 1460
0.2850940227508545 1460
0.2850949764251709 1460
0.2850949764251709 1460
0.2850959300994873 1460
0.2850959300994873 1460
0.2850968837738037 1460
0.2850968837738037 1460
0.2850978374481201 1460
0.2850978374481201 1460
0.2850990295410156 1460
0.28714895248413086 1460
0.28714990615844727 1460
0.28714990615844727 1460
0.28715085983276367 1460
0.28715085983276367 1460
0.2871520519256592 1460
0.2871520519256592 1460
0.2871530055999756 1460
0.2871530055999756 1460
0.287153959274292 1460
0.287153959274292 1460
0.2871549129486084 1460
0.2890479564666748 1460
0.2890489101409912 1460
0.2890489101409912 1460
0.2890498638153076 1460
0.2890498638153076 1460
0.2890510559082031 1460
0.2890510559082031 1460
0.28905200958251953 1460
0.28905200958251953 1460
0.28905296325683594 1460
0.28905391693115234 1460
0.28905391693115234 1460
0.28905487060546875 1460
0.28905487060546875 1460
0.28905606269836426 1460
0.28905606269836426 1460
0.2908329963684082 1460
0.2908339500427246 1460
0.290834903717041 1460
0.290834903717041 1460
0.2908358573913574 1460
0.29083800315856934 1460
0.29083895683288574 1460
0.29083895683288574 1460
0.29083991050720215 1460
0.29083991050720215 1460
0.29084086418151855 1460
0.29084205627441406 1460
0.29084205627441406 1460
0.29084300994873047 1460
0.2930278778076172 1460
0.2930288314819336 1460
0.2930300235748291 1460
0.2930300235748291 1460
0.2930309772491455 1460
0.2930309772491455 1460
0.2930319309234619 1460
0.2930319309234619 1460
0.2930328845977783 1460
0.2930328845977783 1460
0.2930338382720947 1460
0.29303503036499023 1460
0.29303503036499023 1460
0.29303598403930664 1460
0.29303598403930664 1460
0.29303693771362305 1460
0.29479193687438965 1460
0.29479289054870605 1460
0.29479384422302246 1460
0.29479384422302246 1460
0.29479503631591797 1460
0.2947959899902344 1460
0.2947959899902344 1460
0.2947969436645508 1460
0.2947978973388672 1460
0.2947978973388672 1460
0.2947988510131836 1460
0.2948000431060791 1460
0.2948009967803955 1460
0.2948009967803955 1460
0.2948019504547119 1460
0.2948019504547119 1460
0.29720592498779297 1460
0.29720592498779297 1460
0.2972068786621094 1460
0.2972068786621094 1460
0.2972078323364258 1460
0.2972078323364258 1460
0.2972090244293213 1460
0.2972090244293213 1460
0.2972099781036377 1460
0.2972099781036377 1460
0.2972099781036377 1460
0.2972109317779541 1460
0.2972109317779541 1460
0.2972118854522705 1460
0.2972118854522705 1460
0.2972118854522705 1460
0.2987189292907715 1460
0.2987189292907715 1460
0.2987198829650879 1460
0.2987198829650879 1460
0.2987208366394043 1460
0.2987208366394043 1460
0.2987208366394043 1460
0.2987220287322998 1460
0.2987220287322998 1460
0.2987229824066162 1460
0.2987229824066162 1460
0.2987229824066162 1460
0.2987239360809326 1460
0.2987239360809326 1460
0.298724889755249 1460
0.298724889755249 1460
0.3005669116973877 1460
0.3005669116973877 1460
0.3005678653717041 1460
0.3005678653717041 1460
0.3005678653717041 1460
0.3005690574645996 1460
0.3005690574645996 1460
0.300570011138916 1460
0.300570011138916 1460
0.3005709648132324 1460
0.3005709648132324 1460
0.3005709648132324 1460
0.30057191848754883 1460
0.30057191848754883 1460
0.30057287216186523 1460
0.30057287216186523 1460
0.30353498458862305 1460
0.30353593826293945 1460
0.30353593826293945 1460
0.30353689193725586 1460
0.30353689193725586 1460
0.30353784561157227 1460
0.30353784561157227 1460
0.3035390377044678 1460
0.3035399913787842 1460
0.3035399913787842 1460
0.3035409450531006 1460
0.3035409450531006 1460
0.3035409450531006 1460
0.303541898727417 1460
0.303541898727417 1460
0.30524492263793945 1460
0.30524587631225586 1460
0.30524587631225586 1460
0.30524682998657227 1460
0.30524682998657227 1460
0.3074660301208496 1460
0.307466983795166 1460
0.3074679374694824 1460
0.3074679374694824 1460
0.30746889114379883 1460
0.30746984481811523 1460
0.30746984481811523 1460
0.30747103691101074 1460
0.30747103691101074 1460
0.30747389793395996 1460
0.30747485160827637 1460
0.3074760437011719 1460
0.3092079162597656 1460
0.30920886993408203 1460
0.30921006202697754 1460
0.30921101570129395 1460
0.30921196937561035 1460
0.30921292304992676 1460
0.30921292304992676 1460
0.30921387672424316 1460
0.30921483039855957 1460
0.30921483039855957 1460
0.3092160224914551 1460
0.3092169761657715 1460
0.3092179298400879 1460
0.3092179298400879 1460
0.3092188835144043 1460
0.3092188835144043 1460
0.3115508556365967 1460
0.3115530014038086 1460
0.311553955078125 1460
0.3115549087524414 1460
0.3115558624267578 1460
0.3115570545196533 1460
0.31155896186828613 1460
0.31155991554260254 1460
0.3115699291229248 1460
0.3115708827972412 1460
0.3115718364715576 1460
0.31157398223876953 1460
0.437593936920166 1460
0.437593936920166 1460
0.437593936920166 1460
0.4375948905944824 1460
0.43935489654541016 1460
0.43935585021972656 1460
0.43935585021972656 1460
0.43935704231262207 1460
0.43935704231262207 1460
0.4393579959869385 1460
0.4393579959869385 1460
0.4393589496612549 1460
0.4393589496612549 1460
0.4393599033355713 1460
0.4393599033355713 1460
0.4393608570098877 1460
0.4393608570098877 1460
0.4393608570098877 1460
0.4393620491027832 1460
0.4393620491027832 1460
0.4416060447692871 1460
0.44161295890808105 1460
0.44161391258239746 1460
0.44161486625671387 1460
0.4416160583496094 1460
0.4416170120239258 1460
0.4416179656982422 1460
0.441619873046875 1460
0.4416208267211914 1460
0.4416220188140869 1460
0.4416229724884033 1460
0.4416239261627197 1460
0.44327497482299805 1460
0.44327592849731445 1460
0.44327592849731445 1460
0.44327688217163086 1460
0.44327688217163086 1460
0.44327783584594727 1460
0.44327783584594727 1460
0.4432790279388428 1460
0.4432790279388428 1460
0.4432790279388428 1460
0.4432799816131592 1460
0.44329404830932617 1460
0.44329404830932617 1460
0.4432950019836426 1460
0.4432950019836426 1460
0.4432950019836426 1460
0.4454679489135742 1460
0.4454689025878906 1460
0.4454689025878906 1460
0.4454689025878906 1460
0.44546985626220703 1460
0.44547104835510254 1460
0.44547104835510254 1460
0.44547200202941895 1460
0.44547295570373535 1460
0.44547295570373535 1460
0.44547295570373535 1460
0.44547390937805176 1460
0.44547390937805176 1460
0.44547390937805176 1460
0.44547486305236816 1460
0.44547486305236816 1460
0.44736504554748535 1460
0.44736504554748535 1460
0.44736599922180176 1460
0.44736599922180176 1460
0.44736695289611816 1460
0.44736790657043457 1460
0.44736790657043457 1460
0.447368860244751 1460
0.447368860244751 1460
0.447368860244751 1460
0.4473700523376465 1460
0.4473700523376465 1460
0.4473710060119629 1460
0.4473710060119629 1460
0.4492819309234619 1460
0.4492828845977783 1460
0.4492828845977783 1460
0.4492838382720947 1460
0.4492838382720947 1460
0.44928503036499023 1460
0.44928503036499023 1460
0.44928503036499023 1460
0.44928598403930664 1460
0.44928598403930664 1460
0.44928693771362305 1460
0.44928693771362305 1460
0.44928693771362305 1460
0.44928789138793945 1460
0.44928789138793945 1460
0.44928884506225586 1460
0.45137786865234375 1460
0.45137786865234375 1460
0.45137906074523926 1460
0.45137906074523926 1460
0.45137906074523926 1460
0.45138001441955566 1460
0.45138001441955566 1460
0.45138096809387207 1460
0.45138096809387207 1460
0.4513819217681885 1460
0.4513819217681885 1460
0.4513819217681885 1460
0.4513828754425049 1460
0.4513828754425049 1460
0.4513828754425049 1460
0.4513838291168213 1460
0.4536299705505371 1460
0.4536309242248535 1460
0.4536309242248535 1460
0.4536309242248535 1460
0.4536318778991699 1460
0.4536318778991699 1460
0.4536318778991699 1460
0.45363283157348633 1460
0.45363283157348633 1460
0.45363402366638184 1460
0.45363402366638184 1460
0.45363497734069824 1460
0.45363497734069824 1460
0.45363593101501465 1460
0.45363593101501465 1460
0.45363593101501465 1460
0.45363688468933105 1460
0.45363688468933105 1460
0.45363688468933105 1460
0.45363783836364746 1460
0.45363783836364746 1460
0.45363903045654297 1460
0.45363903045654297 1460
0.45363903045654297 1460
0.4559359550476074 1460
0.45593690872192383 1460
0.45593690872192383 1460
0.45593690872192383 1460
0.45593786239624023 1460
0.45593786239624023 1460
0.45593905448913574 1460
0.45593905448913574 1460
0.45594000816345215 1460
0.45594000816345215 1460
0.45594096183776855 1460
0.45594096183776855 1460
0.45594191551208496 1460
0.45594286918640137 1460
0.45594286918640137 1460
0.4581618309020996 1460
0.4581618309020996 1460
0.4581630229949951 1460
0.4581630229949951 1460
0.4581639766693115 1460
0.4581639766693115 1460
0.45816493034362793 1460
0.45958590507507324 1460
0.45958590507507324 1460
0.45958685874938965 1460
0.45958685874938965 1460
0.45958900451660156 1460
0.45958995819091797 1460
0.45958995819091797 1460
0.45958995819091797 1460
0.4615459442138672 1460
0.4615459442138672 1460
0.4615468978881836 1460
0.4615468978881836 1460
0.4615478515625 1460
0.4615478515625 1460
0.4615490436553955 1460
0.4615490436553955 1460
0.4615490436553955 1460
0.4615499973297119 1460
0.4615499973297119 1460
0.4615499973297119 1460
0.4615509510040283 1460
0.4636108875274658 1460
0.4636108875274658 1460
0.4636118412017822 1460
0.4636118412017822 1460
0.4636118412017822 1460
0.46361303329467773 1460
0.46361303329467773 1460
0.46361303329467773 1460
0.46361398696899414 1460
0.46361398696899414 1460
0.46361494064331055 1460
0.46361494064331055 1460
0.46361589431762695 1460
0.46361589431762695 1460
0.46361589431762695 1460
0.46361684799194336 1460
0.4655609130859375 1460
0.4655609130859375 1460
0.4655609130859375 1460
0.4655618667602539 1460
0.4655630588531494 1460
0.4655640125274658 1460
0.4655640125274658 1460
0.4655640125274658 1460
0.4655649662017822 1460
0.4655649662017822 1460
0.46556591987609863 1460
0.46556591987609863 1460
0.4673349857330322 1460
0.4673349857330322 1460
0.4673349857330322 1460
0.46733593940734863 1460
0.46733593940734863 1460
0.46733593940734863 1460
0.46733689308166504 1460
0.46733689308166504 1460
0.46733784675598145 1460
0.46733784675598145 1460
0.46733903884887695 1460
0.46733903884887695 1460
0.46733903884887695 1460
0.46733999252319336 1460
0.46733999252319336 1460
0.46734094619750977 1460
0.4695408344268799 1460
0.4695408344268799 1460
