1049792
0.0 1460
0.002119779586791992 1460
0.002119779586791992 1460
0.0021209716796875 1460
0.0021209716796875 1460
0.0021219253540039062 1460
0.0021219253540039062 1460
0.0021228790283203125 1460
0.0021228790283203125 1460
0.0021238327026367188 1460
0.002124786376953125 1460
0.002125978469848633 1460
0.002125978469848633 1460
0.002126932144165039 1460
0.002126932144165039 1460
0.0021278858184814453 1460
0.0021288394927978516 1460
0.003796815872192383 1460
0.0037980079650878906 1460
0.0037980079650878906 1460
0.003798961639404297 1460
0.003798961639404297 1460
0.003799915313720703 1460
0.003799915313720703 1460
0.003799915313720703 1460
0.0038008689880371094 1460
0.0038008689880371094 1460
0.0038018226623535156 1460
0.0038018226623535156 1460
0.003802776336669922 1460
0.003802776336669922 1460
0.003802776336669922 1460
0.0038039684295654297 1460
0.006114959716796875 1460
0.006115913391113281 1460
0.0061168670654296875 1460
0.0061168670654296875 1460
0.006117820739746094 1460
0.006117820739746094 1460
0.0061190128326416016 1460
0.0061190128326416016 1460
0.006119966506958008 1460
0.006119966506958008 1460
0.006120920181274414 1460
0.006120920181274414 1460
0.00612187385559082 1460
0.00612187385559082 1460
0.0061228275299072266 1460
0.0061228275299072266 1460
0.0075719356536865234 1460
0.00757288932800293 1460
0.00757288932800293 1460
0.00757288932800293 1460
0.007573843002319336 1460
0.007573843002319336 1460
0.007574796676635742 1460
0.007574796676635742 1460
0.007574796676635742 1460
0.00757598876953125 1460
0.00757598876953125 1460
0.007576942443847656 1460
0.007576942443847656 1460
0.007576942443847656 1460
0.0075778961181640625 1460
0.0075778961181640625 1460
0.009882926940917969 1460
0.009883880615234375 1460
0.009884834289550781 1460
0.009884834289550781 1460
0.009885787963867188 1460
0.009885787963867188 1460
0.009886980056762695 1460
0.009886980056762695 1460
0.009887933731079102 1460
0.009888887405395508 1460
0.009888887405395508 1460
0.009889841079711914 1460
0.00989079475402832 1460
0.00989079475402832 1460
0.009891986846923828 1460
0.009892940521240234 1460
0.011710882186889648 1460
0.011711835861206055 1460
0.011712789535522461 1460
0.011713981628417969 1460
0.011713981628417969 1460
0.011714935302734375 1460
0.011715888977050781 1460
0.011716842651367188 1460
0.011716842651367188 1460
0.011717796325683594 1460
0.011718988418579102 1460
0.011718988418579102 1460
0.011719942092895508 1460
0.011720895767211914 1460
0.011720895767211914 1460
0.01172184944152832 1460
0.013592004776000977 1460
0.013592958450317383 1460
0.013593912124633789 1460
0.013594865798950195 1460
0.013594865798950195 1460
0.013595819473266602 1460
0.01359701156616211 1460
0.01359701156616211 1460
0.013597965240478516 1460
0.013598918914794922 1460
0.013599872589111328 1460
0.013599872589111328 1460
0.013600826263427734 1460
0.01360177993774414 1460
0.01360177993774414 1460
0.013602972030639648 1460
0.01559901237487793 1460
0.015599966049194336 1460
0.015600919723510742 1460
0.015600919723510742 1460
0.015601873397827148 1460
0.015601873397827148 1460
0.015602827072143555 1460
0.015602827072143555 1460
0.015603780746459961 1460
0.015603780746459961 1460
0.015604972839355469 1460
0.015604972839355469 1460
0.015605926513671875 1460
0.015605926513671875 1460
0.015606880187988281 1460
0.015606880187988281 1460
0.017431974411010742 1460
0.017444849014282227 1460
0.017445802688598633 1460
0.017445802688598633 1460
0.01744699478149414 1460
0.017447948455810547 1460
0.017447948455810547 1460
0.017448902130126953 1460
0.017448902130126953 1460
0.01744985580444336 1460
0.01744985580444336 1460
0.017450809478759766 1460
0.017452001571655273 1460
0.01745295524597168 1460
0.017453908920288086 1460
0.017453908920288086 1460
0.019504785537719727 1460
0.019504785537719727 1460
0.019505977630615234 1460
0.019505977630615234 1460
0.01950693130493164 1460
0.01950693130493164 1460
0.019507884979248047 1460
0.019507884979248047 1460
0.019507884979248047 1460
0.05192685127258301 1460
0.05192685127258301 1460
0.051927804946899414 1460
0.051927804946899414 1460
0.053842782974243164 1460
0.05384397506713867 1460
0.05384397506713867 1460
0.05384492874145508 1460
0.05384492874145508 1460
0.053845882415771484 1460
0.053845882415771484 1460
0.05384683609008789 1460
0.0538477897644043 1460
0.0538477897644043 1460
0.0538477897644043 1460
0.053848981857299805 1460
0.053848981857299805 1460
0.05384993553161621 1460
0.05384993553161621 1460
0.05385088920593262 1460
0.05573582649230957 1460
0.05573678016662598 1460
0.055737972259521484 1460
0.055737972259521484 1460
0.055737972259521484 1460
0.05573892593383789 1460
0.05573892593383789 1460
0.0557398796081543 1460
0.0557398796081543 1460
0.0557408332824707 1460
0.0557408332824707 1460
0.05574178695678711 1460
0.05574178695678711 1460
0.05574297904968262 1460
0.05574297904968262 1460
0.05574393272399902 1460
0.05779099464416504 1460
0.057791948318481445 1460
0.057791948318481445 1460
0.057791948318481445 1460
0.05779290199279785 1460
0.05779290199279785 1460
0.05779385566711426 1460
0.05779385566711426 1460
0.05779385566711426 1460
0.057794809341430664 1460
0.057794809341430664 1460
0.05779600143432617 1460
0.05779600143432617 1460
0.05779600143432617 1460
0.05779695510864258 1460
0.05779695510864258 1460
0.05802488327026367 1460
0.06046795845031738 1460
0.06046891212463379 1460
0.06046891212463379 1460
0.060469865798950195 1460
0.060469865798950195 1460
0.0604708194732666 1460
0.0604708194732666 1460
0.0604708194732666 1446
0.14293789863586426 1446
1.583108901977539 40
1.583108901977539 40
1.6668357849121094 1460
1.6668369770050049 1460
1.6668379306793213 1460
1.6668388843536377 1460
1.666839838027954 1460
1.6668407917022705 1460
1.666841983795166 1460
1.6668429374694824 1460
1.6668438911437988 1460
1.6668448448181152 1460
1.7084438800811768 1460
1.7084438800811768 1460
1.7084448337554932 1460
1.7084448337554932 1460
1.7084457874298096 1460
1.7084457874298096 1460
1.708446979522705 1460
1.708446979522705 1460
1.7084479331970215 1460
1.710385799407959 1460
1.710385799407959 1460
1.7103869915008545 1460
1.7103869915008545 1460
1.7103869915008545 1460
1.710387945175171 1460
1.710387945175171 1460
1.710387945175171 1460
1.71343994140625 1460
1.7134408950805664 1460
1.7134418487548828 1460
1.7498738765716553 1460
1.7498748302459717 1460
1.7498748302459717 1460
1.7498748302459717 1460
1.749875783920288 1460
1.749875783920288 1460
1.749875783920288 1460
1.7517399787902832 1460
1.7517409324645996 1460
1.7517409324645996 1460
1.751741886138916 1460
1.751741886138916 1460
1.7517428398132324 1460
1.7517428398132324 1460
1.7517428398132324 1460
1.7517437934875488 1460
1.7517437934875488 1460
1.7517437934875488 1460
1.7517449855804443 1460
1.7517449855804443 1460
1.7517449855804443 1460
1.7517459392547607 1460
1.7517459392547607 1460
1.753809928894043 1460
1.7538108825683594 1460
1.7538118362426758 1460
1.7538118362426758 1460
1.753814935684204 1460
1.7538158893585205 1460
1.7538158893585205 1460
1.753816843032837 1460
1.7558858394622803 1460
1.7574608325958252 1460
1.7669129371643066 1460
1.7669129371643066 1460
1.766913890838623 1460
1.766913890838623 1460
1.7669148445129395 1460
1.7669148445129395 1460
1.769110918045044 1460
1.7999649047851562 1460
1.7999658584594727 1460
1.7999658584594727 1460
1.799966812133789 1460
1.799966812133789 1460
1.801313877105713 1460
1.8013148307800293 1460
1.8013148307800293 1460
1.8013157844543457 1460
1.8013157844543457 1460
1.8013169765472412 1460
1.8013169765472412 1460
1.8013179302215576 1460
1.801318883895874 1460
1.801318883895874 1460
1.801318883895874 1460
1.8013198375701904 1460
1.8013207912445068 1460
1.8013219833374023 1460
1.8013219833374023 1460
1.8013229370117188 1460
1.8029530048370361 1460
1.8029539585113525 1460
1.8029539585113525 1460
1.802954912185669 1460
1.802954912185669 1460
1.8029558658599854 1460
1.8029558658599854 1460
1.8029558658599854 1460
1.8029568195343018 1460
1.8029568195343018 1460
1.8029580116271973 1460
1.8029580116271973 1460
1.8029589653015137 1460
1.8029589653015137 1460
1.8029589653015137 1460
1.80295991897583 1460
1.8043699264526367 1460
1.8043708801269531 1460
1.8043708801269531 1460
1.8043718338012695 1460
1.8043718338012695 1460
1.8043718338012695 1460
1.804372787475586 1460
1.804372787475586 1460
1.8043739795684814 1460
1.8043739795684814 1460
1.8043749332427979 1460
1.8043749332427979 1460
1.8043749332427979 1460
1.8043758869171143 1460
1.8043758869171143 1460
1.8043768405914307 1460
1.8064639568328857 1460
1.8064649105072021 1460
1.8064649105072021 1460
1.8064658641815186 1460
1.8064658641815186 1460
1.806466817855835 1460
1.806466817855835 1460
1.8064680099487305 1460
1.8083009719848633 1460
1.8107337951660156 1460
1.8107349872589111 1460
1.8125438690185547 1460
1.812544822692871 1460
1.8200039863586426 1460
1.8219928741455078 1460
1.8219938278198242 1460
1.8219938278198242 1460
1.8219947814941406 1460
1.8219947814941406 1460
1.8219959735870361 1460
1.8219959735870361 1460
1.8219969272613525 1460
1.8219969272613525 1460
1.821997880935669 1460
1.8219988346099854 1460
1.8219988346099854 1460
1.8219997882843018 1460
1.8488547801971436 1460
1.8488547801971436 1460
1.848855972290039 1460
1.8488569259643555 1460
1.8488569259643555 1460
1.8488578796386719 1460
1.850801944732666 1460
1.850801944732666 1460
1.8508028984069824 1460
1.8508028984069824 1460
1.873642921447754 1460
1.8736438751220703 1460
1.8736448287963867 1460
1.8736448287963867 1460
1.8736457824707031 1460
1.8736469745635986 1460
1.8736469745635986 1460
1.873647928237915 1460
1.8757648468017578 1460
1.8757658004760742 1460
1.8757669925689697 1460
1.8757669925689697 1460
1.8757679462432861 1460
1.8757688999176025 1460
1.875769853591919 1460
1.8757708072662354 1460
1.8757708072662354 1460
1.8757719993591309 1460
1.8757729530334473 1460
1.8757739067077637 1460
1.87577486038208 1460
1.8757758140563965 1460
1.8757758140563965 1460
1.875777006149292 1460
1.877586841583252 1460
1.8775877952575684 1460
1.8775889873504639 1460
1.8775899410247803 1460
1.8775899410247803 1460
1.8775908946990967 1460
1.8775908946990967 1460
1.877591848373413 1460
1.8775928020477295 1460
1.8775928020477295 1460
1.877593994140625 1460
1.8775949478149414 1460
1.8775949478149414 1460
1.8775959014892578 1460
1.8775959014892578 1460
1.8775968551635742 1460
1.8795068264007568 1460
1.8795077800750732 1460
1.8795077800750732 1460
1.8795089721679688 1460
1.8795099258422852 1460
1.8795099258422852 1460
1.8795108795166016 1460
1.8795108795166016 1460
1.879511833190918 1460
1.8795127868652344 1460
1.8795127868652344 1460
1.8795139789581299 1460
1.8795149326324463 1460
1.8795149326324463 1460
1.950934886932373 1460
1.950934886932373 1460
1.950934886932373 1460
1.9509358406066895 1460
1.9509358406066895 1460
1.9509367942810059 1460
1.9509367942810059 1460
1.9509379863739014 1460
1.9509379863739014 1460
1.9509389400482178 1460
1.9509389400482178 1460
1.9509398937225342 1460
1.9509398937225342 1460
1.9509408473968506 1460
1.9509408473968506 1460
1.950941801071167 1460
1.950941801071167 1460
1.9509429931640625 1460
1.9509429931640625 1460
1.9509429931640625 1460
1.950943946838379 1460
1.950943946838379 1460
1.9509449005126953 1460
1.9509449005126953 1460
1.9509458541870117 1460
1.9509458541870117 1460
1.9509468078613281 1460
1.9509468078613281 1460
1.9509468078613281 1460
1.9509479999542236 1460
1.9509479999542236 1460
1.95094895362854 1460
1.9509499073028564 1460
1.9509499073028564 1460
1.9509499073028564 1460
1.9509508609771729 1460
1.9509508609771729 1460
1.9531118869781494 1460
1.9531128406524658 1460
1.9531137943267822 1460
1.9531137943267822 1460
1.9531149864196777 1460
1.9531149864196777 1460
1.9531149864196777 1460
1.9531188011169434 1460
1.9531199932098389 1460
1.9531199932098389 1460
1.9531199932098389 1460
1.9531209468841553 1460
1.9531219005584717 1460
1.9531219005584717 1460
1.9531219005584717 1460
1.953122854232788 1460
1.9557008743286133 1460
1.9557008743286133 1460
1.9557018280029297 1460
1.9557018280029297 1460
1.955702781677246 1460
1.955702781677246 1460
1.9557039737701416 1460
1.9557039737701416 1460
1.9557039737701416 1460
1.955704927444458 1460
1.955704927444458 1460
1.9557058811187744 1460
1.9557058811187744 1460
1.9557058811187744 1460
1.9557068347930908 1460
1.9557077884674072 1460
1.9557077884674072 1460
1.9557089805603027 1460
1.9557089805603027 1460
1.9557089805603027 1460
1.9557099342346191 1460
1.9557099342346191 1460
1.9557108879089355 1460
1.9557108879089355 1460
1.957568883895874 1460
1.9575698375701904 1460
1.9575698375701904 1460
1.9575707912445068 1460
1.9575707912445068 1460
1.9575707912445068 1460
1.9575719833374023 1460
1.9575719833374023 1460
1.9575719833374023 1460
1.9575729370117188 1460
1.9575729370117188 1460
1.9575729370117188 1460
1.9575738906860352 1460
1.9575738906860352 1460
1.9575748443603516 1460
1.9575748443603516 1460
1.9594409465789795 1460
1.9594409465789795 1460
1.9594409465789795 1460
1.959441900253296 1460
1.959441900253296 1460
1.9594428539276123 1460
1.9594428539276123 1460
1.9594428539276123 1460
1.9594438076019287 1460
1.9594438076019287 1460
1.9594449996948242 1460
1.9594449996948242 1460
1.9594459533691406 1460
1.9594459533691406 1460
1.9594459533691406 1460
1.959446907043457 1460
1.9615159034729004 1460
1.9615159034729004 1460
1.9615168571472168 1460
1.9615168571472168 1460
1.9615178108215332 1460
1.9615178108215332 1460
1.9615190029144287 1460
1.9615190029144287 1460
1.9615199565887451 1460
1.9615199565887451 1460
1.9615199565887451 1460
1.9615209102630615 1460
1.9615209102630615 1460
1.961521863937378 1460
1.961521863937378 1460
1.9615228176116943 1460
1.9632477760314941 1460
1.9632477760314941 1460
1.9632489681243896 1460
1.9632489681243896 1460
1.963249921798706 1460
1.963249921798706 1460
1.9632508754730225 1460
1.9632508754730225 1460
1.9632518291473389 1460
1.9632518291473389 1460
1.9632527828216553 1460
1.9632527828216553 1460
1.9632539749145508 1460
1.9632539749145508 1460
1.9632549285888672 1460
1.9632549285888672 1460
1.9654619693756104 1460
1.9654619693756104 1460
1.9654629230499268 1460
1.9654629230499268 1460
1.9654638767242432 1460
1.9654638767242432 1460
1.9654648303985596 1460
1.9654648303985596 1460
1.965465784072876 1460
1.965465784072876 1460
1.9654669761657715 1460
1.9654669761657715 1460
1.9654669761657715 1460
1.965467929840088 1460
1.965467929840088 1460
1.9654688835144043 1460
1.9671928882598877 1460
1.967193841934204 1460
1.967193841934204 1460
1.9671947956085205 1460
1.9671947956085205 1460
1.967195987701416 1460
1.9671969413757324 1460
1.9671978950500488 1460
1.9671978950500488 1460
1.9671988487243652 1460
1.9671988487243652 1460
1.9671998023986816 1460
1.9671998023986816 1460
1.9672009944915771 1460
1.9672009944915771 1460
1.9672019481658936 1460
1.9691648483276367 1460
1.9691658020019531 1460
1.9691658020019531 1460
1.9691669940948486 1460
1.9691669940948486 1460
1.969167947769165 1460
1.969167947769165 1460
1.9691689014434814 1460
1.9691689014434814 1460
1.9691689014434814 1460
1.9691698551177979 1460
1.9691698551177979 1460
1.9691708087921143 1460
1.9691708087921143 1460
1.9691720008850098 1460
1.9691720008850098 1460
1.9715158939361572 1460
1.9715168476104736 1460
1.9715168476104736 1460
1.9715168476104736 1460
1.97151780128479 1460
1.9715189933776855 1460
1.9715189933776855 1460
2.0474839210510254 1460
2.047484874725342 1460
2.047484874725342 1460
2.047485828399658 1460
2.047485828399658 1460
2.0474867820739746 1460
2.0474867820739746 1460
2.0474867820739746 1460
2.04748797416687 1460
2.04748797416687 1460
2.0492358207702637 1460
2.049237012863159 1460
2.049237012863159 1460
2.0492379665374756 1460
2.0492379665374756 1460
2.049238920211792 1460
2.049238920211792 1460
2.0492398738861084 1460
2.0492398738861084 1460
2.049240827560425 1460
2.049240827560425 1460
2.049241781234741 1460
2.049241781234741 1460
2.0492429733276367 1460
2.0492429733276367 1460
2.049243927001953 1460
2.0512819290161133 1460
2.0512828826904297 1460
2.051283836364746 1460
2.0512847900390625 1460
2.051285982131958 1460
2.051285982131958 1460
2.0512869358062744 1460
2.051287889480591 1460
2.0512888431549072 1460
2.0512897968292236 1460
2.0512897968292236 1460
2.051290988922119 1460
2.0512919425964355 1460
2.051292896270752 1460
2.0512938499450684 1460
2.0512938499450684 1460
2.053520917892456 1460
2.0535218715667725 1460
2.053522825241089 1460
2.053522825241089 1460
2.0535237789154053 1460
2.053524971008301 1460
2.053524971008301 1460
2.05352783203125 1460
2.05352783203125 1460
2.0535287857055664 1460
2.0535287857055664 1460
2.053529977798462 1460
2.053529977798462 1460
2.0535309314727783 1460
2.0535309314727783 1460
2.0535318851470947 1460
2.0563228130340576 1460
2.056324005126953 1460
2.0563249588012695 1460
2.0563249588012695 1460
2.056325912475586 1460
2.056325912475586 1460
2.056325912475586 1460
2.0563268661499023 1460
2.0563268661499023 1460
2.0563278198242188 1460
2.0563278198242188 1460
2.0563290119171143 1460
2.0563290119171143 1460
2.0563299655914307 1460
2.0563299655914307 1460
2.0563299655914307 1460
2.059208869934082 1460
2.0592098236083984 1460
2.0592119693756104 1460
2.0592119693756104 1460
2.0592129230499268 1460
2.0592129230499268 1460
2.059213876724243 1460
2.059213876724243 1460
2.0592148303985596 1460
2.0592148303985596 1460
2.059215784072876 1460
2.059215784072876 1460
2.0592169761657715 1460
2.0592169761657715 1460
2.059217929840088 1460
2.059217929840088 1460
2.0612080097198486 1460
2.061208963394165 1460
2.061208963394165 1460
