1049740
0.0 1460
0.0009431838989257812 1460
0.001940011978149414 1460
0.001940011978149414 1460
0.003856182098388672 1460
0.003856182098388672 1460
0.0043680667877197266 1460
0.00601506233215332 1460
0.00811910629272461 1460
0.00811910629272461 1460
0.00811910629272461 1460
0.009618043899536133 1460
0.009618043899536133 1460
0.009618043899536133 1460
0.011520147323608398 1460
0.011520147323608398 1460
0.011520147323608398 1460
0.011881113052368164 1460
0.01345515251159668 1460
0.01345515251159668 1460
0.01384115219116211 1460
0.01384115219116211 1460
0.01572704315185547 1460
0.01572704315185547 1460
0.01763010025024414 1460
0.01763010025024414 1460
0.01920008659362793 1460
0.01920008659362793 1460
0.01960015296936035 1460
0.021097183227539062 1460
0.021542072296142578 1460
0.021542072296142578 1460
0.023383140563964844 1460
0.024892091751098633 1460
0.024892091751098633 1460
0.025300025939941406 1460
0.025300025939941406 1460
0.026816129684448242 1460
0.026816129684448242 1460
0.028756141662597656 1460
0.028756141662597656 1460
0.03104710578918457 1460
0.03104710578918457 1460
0.032595157623291016 1460
0.032595157623291016 1460
0.03450202941894531 1460
0.03502607345581055 1460
0.03732800483703613 1460
0.03732800483703613 1460
0.03732800483703613 1460
0.038427114486694336 1460
0.038427114486694336 1460
0.038763999938964844 1460
0.038763999938964844 1460
0.04027199745178223 1460
0.04065418243408203 1460
0.04216504096984863 1460
0.04216504096984863 1460
0.04253101348876953 1460
0.04253101348876953 1460
0.04457807540893555 1460
0.04457807540893555 1460
0.0465090274810791 1460
0.047942161560058594 1460
0.047942161560058594 1460
0.047942161560058594 1460
0.04833102226257324 1460
0.04982900619506836 1460
0.04982900619506836 1460
0.05023002624511719 1460
0.05228114128112793 1460
0.053701162338256836 1460
0.05433511734008789 1460
0.05433511734008789 1460
0.05603909492492676 1460
0.05750703811645508 1460
0.057862043380737305 1460
0.0598142147064209 1460
0.0598142147064209 1460
0.06171703338623047 1460
0.061988115310668945 1460
0.06367897987365723 1460
0.06367897987365723 1460
0.06593108177185059 1460
0.06593108177185059 1460
0.06593108177185059 1460
0.06687808036804199 1460
0.06759119033813477 1460
0.06759119033813477 1460
0.06902217864990234 1460
0.06902217864990234 1460
0.06950902938842773 1460
0.07096219062805176 1460
0.07146215438842773 1460
0.07332110404968262 1460
0.07332110404968262 1460
0.0766761302947998 1460
0.07705521583557129 1460
0.07860112190246582 1460
0.0791161060333252 1460
0.08052515983581543 1460
0.081024169921875 1460
0.081024169921875 1460
0.08237910270690918 1460
0.08285212516784668 1460
0.08285212516784668 1460
0.08285212516784668 1460
0.08436799049377441 1460
0.08436799049377441 1460
0.0847320556640625 1460
0.0847320556640625 1460
0.0847320556640625 1460
0.08638215065002441 1460
0.08638215065002441 1460
0.08686709403991699 1460
0.08686709403991699 1460
0.08686709403991699 1460
0.0882101058959961 1460
0.08870410919189453 1460
0.08870410919189453 1460
0.0906820297241211 1460
0.0906820297241211 1460
0.0906820297241211 1460
0.12603521347045898 1460
0.1265261173248291 1460
0.1265261173248291 1460
0.12899208068847656 1460
0.12899208068847656 1460
0.1316370964050293 1460
0.1316370964050293 1460
0.1316370964050293 1460
0.1316370964050293 1460
0.13223910331726074 1460
0.13223910331726074 1460
0.13223910331726074 1460
0.13223910331726074 1460
0.13223910331726074 1460
0.13269305229187012 1460
0.13269305229187012 1460
0.1343851089477539 1460
0.1343851089477539 1460
0.1343851089477539 1460
0.1343851089477539 1460
0.1343851089477539 1460
0.1343851089477539 1460
0.1343851089477539 1460
0.1343851089477539 1460
0.1343851089477539 1460
0.1343851089477539 1460
0.13506507873535156 1460
0.13506507873535156 1460
0.13506507873535156 1460
0.13633012771606445 1460
0.13633012771606445 1460
0.13633012771606445 1460
0.13633012771606445 1460
0.13752317428588867 1460
0.13752317428588867 1460
0.1396181583404541 1460
0.1396181583404541 1460
0.14154505729675293 1460
0.14154505729675293 1460
0.14304614067077637 1460
0.14304614067077637 1460
0.143463134765625 1460
0.143463134765625 1460
0.14496707916259766 1460
0.14538002014160156 1460
0.14686799049377441 1460
0.14686799049377441 1460
0.14728498458862305 1460
0.14728498458862305 1460
0.14878320693969727 1460
0.14918899536132812 1460
0.15070319175720215 1460
0.15070319175720215 1460
0.15108108520507812 1460
0.15108108520507812 1460
0.1527111530303955 1460
0.15316510200500488 1460
0.15454602241516113 1460
0.15454602241516113 1460
0.15495920181274414 1460
0.15644216537475586 1460
0.15688419342041016 1460
0.15688419342041016 1460
0.15880203247070312 1460
0.15880203247070312 1460
0.16073298454284668 1460
0.16073298454284668 1460
0.16262316703796387 1460
0.16262316703796387 1460
0.16411304473876953 1460
0.16411304473876953 1460
0.1645040512084961 1460
0.1660151481628418 1460
0.16650819778442383 1460
0.16650819778442383 1460
0.16854619979858398 1460
0.17073607444763184 1460
0.17073607444763184 1460
0.17073607444763184 1460
0.17212510108947754 1460
0.17212510108947754 1460
0.173583984375 1460
0.173583984375 1460
0.17399120330810547 1460
0.17551612854003906 1460
0.17591404914855957 1460
0.17591404914855957 1460
0.1774301528930664 1460
0.1774301528930664 1460
0.1793351173400879 1460
0.17976808547973633 1460
0.17976808547973633 1460
0.181685209274292 1460
0.181685209274292 1460
0.181685209274292 1460
0.18665719032287598 1460
0.18665719032287598 1460
0.18665719032287598 1460
0.18665719032287598 1460
0.18665719032287598 1460
0.19003915786743164 1460
0.1906421184539795 1460
0.1906421184539795 1460
0.1906421184539795 1460
0.19229912757873535 1460
0.19229912757873535 1460
0.19229912757873535 1460
0.19229912757873535 1460
0.1947011947631836 1460
0.1947011947631836 1460
0.1952970027923584 1460
0.19586706161499023 1460
0.19772100448608398 1460
0.19787216186523438 1460
0.19787216186523438 1460
0.19787216186523438 1460
0.20145201683044434 1460
0.20145201683044434 1460
0.20188403129577637 1460
0.20401406288146973 1460
0.20401406288146973 1460
0.20401406288146973 1460
0.43350815773010254 1460
0.43350815773010254 1460
0.43350815773010254 1460
0.43350815773010254 1460
0.43420910835266113 1460
0.43420910835266113 1460
0.43585705757141113 1460
0.43585705757141113 1460
0.43585705757141113 1460
0.43585705757141113 1460
0.43585705757141113 1460
0.4377601146697998 1460
0.4377601146697998 1460
0.44134020805358887 1460
0.44134020805358887 1460
0.44134020805358887 1460
0.44134020805358887 1460
0.44391608238220215 1460
0.44391608238220215 1460
0.4455070495605469 1460
0.4458761215209961 1460
0.4458761215209961 1460
0.4474220275878906 1460
0.4477701187133789 1460
0.4477701187133789 1460
0.44928812980651855 1460
0.44969606399536133 1460
0.44969606399536133 1460
0.4511730670928955 1460
0.4516260623931885 1460
0.4516260623931885 1460
0.4531521797180176 1460
0.4536900520324707 1460
0.4536900520324707 1460
0.4555339813232422 1460
0.4555339813232422 1460
0.45696401596069336 1460
0.45696401596069336 1460
0.4573490619659424 1460
0.45888519287109375 1460
0.4592750072479248 1460
0.4592750072479248 1460
0.4610140323638916 1460
0.46183013916015625 1460
0.4629690647125244 1460
0.4629690647125244 1460
0.4633660316467285 1460
0.4646320343017578 1460
0.46501803398132324 1460
0.4665861129760742 1460
0.46704912185668945 1460
0.46704912185668945 1460
0.4690530300140381 1460
0.4690530300140381 1460
0.47115206718444824 1460
0.47115206718444824 1460
0.4722750186920166 1460
0.4722750186920166 1460
0.47275710105895996 1460
0.4742131233215332 1460
0.4742131233215332 1460
0.474606990814209 1460
0.4764211177825928 1460
0.4764211177825928 1460
0.47698116302490234 1460
0.4780440330505371 1460
0.47852301597595215 1460
0.47852301597595215 1460
0.48026514053344727 1460
0.48026514053344727 1460
0.4822871685028076 1460
0.4822871685028076 1460
0.4822871685028076 1460
0.4822871685028076 1460
0.4836900234222412 1460
0.4836900234222412 1460
0.48410511016845703 1460
0.48410511016845703 1460
0.485990047454834 1460
0.485990047454834 1460
0.48811817169189453 1460
0.48811817169189453 1460
0.4905672073364258 1460
0.4905672073364258 1460
0.4919772148132324 1460
0.49378108978271484 1460
0.49378108978271484 1460
0.49378108978271484 1460
0.49497199058532715 1460
0.49669814109802246 1460
0.4975121021270752 1460
0.4975121021270752 1460
0.4975121021270752 1460
0.4975121021270752 1460
0.4994680881500244 1460
0.4994680881500244 1460
0.5009500980377197 1460
0.5009500980377197 1460
0.5013360977172852 1460
0.5029020309448242 1460
0.5033700466156006 1460
0.5033700466156006 1460
0.505263090133667 1460
0.505263090133667 1460
0.506756067276001 1460
0.5071721076965332 1460
0.5071721076965332 1460
0.5090951919555664 1460
0.5090951919555664 1460
0.5090951919555664 1460
0.5109901428222656 1460
0.5109901428222656 1460
0.5109901428222656 1460
0.5129141807556152 1460
0.5129141807556152 1460
0.5143899917602539 1460
0.5147831439971924 1460
0.5166749954223633 1460
0.5182290077209473 1460
0.5186340808868408 1460
0.5202031135559082 1460
0.5202031135559082 1460
0.5207321643829346 1460
0.5207321643829346 1460
0.5227961540222168 1460
0.5227961540222168 1460
0.5239450931549072 1460
0.5243561267852783 1460
0.5262629985809326 1460
0.5282630920410156 1460
0.5282630920410156 1460
0.5297360420227051 1460
0.5301752090454102 1460
0.5301752090454102 1460
0.5321450233459473 1460
0.5321450233459473 1460
0.5321450233459473 1460
0.5335280895233154 1460
0.5339300632476807 1460
0.5339300632476807 1460
0.5339300632476807 1460
0.5354681015014648 1460
0.5359799861907959 1460
0.5359799861907959 1460
0.5374171733856201 1460
0.5374171733856201 1460
0.5378780364990234 1460
0.5393362045288086 1460
0.5393362045288086 1460
0.5393362045288086 1460
0.5398530960083008 1460
0.541254997253418 1460
0.54168701171875 1460
0.543187141418457 1460
0.543720006942749 1460
0.5456430912017822 1460
0.5456430912017822 1460
0.5469920635223389 1460
0.5469920635223389 1460
0.548922061920166 1460
0.548922061920166 1460
0.5495200157165527 1460
0.5495200157165527 1460
0.5508320331573486 1460
0.5508320331573486 1460
0.5511841773986816 1460
0.5511841773986816 1460
0.5531899929046631 1460
0.5548779964447021 1460
0.5548779964447021 1460
0.5569760799407959 1460
0.5577871799468994 1460
0.5577871799468994 1460
0.5589911937713623 1460
0.5589911937713623 1460
0.5609099864959717 1460
0.5609099864959717 1460
0.5609099864959717 1460
0.5609099864959717 1460
0.5623300075531006 1460
0.5623300075531006 1460
0.5627791881561279 1460
0.5627791881561279 1460
0.5646841526031494 1460
0.5646841526031494 1460
0.5646841526031494 1460
0.5661160945892334 1460
0.5661160945892334 1460
0.56803297996521 1460
0.56803297996521 1460
0.5684630870819092 1460
0.5684630870819092 1460
0.5704891681671143 1460
0.5724070072174072 1460
0.5724070072174072 1460
0.5724070072174072 1460
0.5738201141357422 1460
0.5738201141357422 1460
0.5743370056152344 1460
0.5765061378479004 1460
0.5765061378479004 1460
0.5785050392150879 1460
0.5785050392150879 1460
0.5785050392150879 1460
0.5801119804382324 1460
0.5801119804382324 1460
0.5801119804382324 1460
0.5814940929412842 1460
0.5818831920623779 1460
0.5834031105041504 1460
0.5834031105041504 1460
0.5872540473937988 1460
0.5872540473937988 1460
0.5894701480865479 1460
0.5894701480865479 1460
0.5894701480865479 1460
0.5909202098846436 1460
0.5914909839630127 1460
0.5914909839630127 1460
0.5933620929718018 1460
0.5933620929718018 1460
0.5948991775512695 1460
0.5952730178833008 1460
0.596818208694458 1460
0.596818208694458 1460
0.5972001552581787 1460
0.5972001552581787 1460
0.5988430976867676 1460
0.5988430976867676 1460
0.5992732048034668 1460
0.5992732048034668 1460
0.600654125213623 1460
0.600654125213623 1460
0.6055591106414795 1460
0.6055591106414795 1460
0.6055591106414795 1460
0.6069622039794922 1460
0.6069622039794922 1460
0.6088430881500244 1460
0.6088430881500244 1460
0.6107380390167236 1460
0.6107380390167236 1460
0.6145360469818115 1460
0.6145360469818115 1460
0.6145360469818115 1460
0.6145360469818115 1460
0.6164710521697998 1460
0.6164710521697998 1460
0.6178061962127686 1460
0.6187450885772705 1460
0.6187450885772705 1460
0.6198561191558838 1460
0.6198561191558838 1460
0.6202151775360107 1460
0.6218290328979492 1460
0.6218290328979492 1460
0.6236851215362549 1460
0.6236851215362549 1460
0.6241769790649414 1460
0.6241769790649414 1460
0.6256520748138428 1460
0.6256520748138428 1460
0.6294000148773193 1460
0.6294000148773193 1460
0.6298120021820068 1460
0.6298120021820068 1460
0.6298120021820068 1460
0.6313650608062744 1460
0.6313650608062744 1460
0.6313650608062744 1460
0.6332449913024902 1460
0.6332449913024902 1460
0.6370961666107178 1460
0.6370961666107178 1460
0.6374850273132324 1460
0.6374850273132324 1460
0.639423131942749 1460
0.639423131942749 1460
0.6409142017364502 1460
0.6409142017364502 1460
0.6413741111755371 1460
0.6413741111755371 1460
0.6432631015777588 1460
0.6432631015777588 1460
0.6447510719299316 1460
0.6466670036315918 1460
0.6466670036315918 1460
0.647071123123169 1460
0.647071123123169 1460
0.6485621929168701 1460
0.6485621929168701 1460
0.6509730815887451 1460
0.6509730815887451 1460
0.6509730815887451 1460
0.6509730815887451 1460
0.6524779796600342 1460
0.6524779796600342 1460
0.6529290676116943 1460
0.6543781757354736 1460
0.6549561023712158 1460
0.6549561023712158 1460
0.6582090854644775 1460
0.6586391925811768 1460
0.6586391925811768 1460
0.6586391925811768 1460
0.6605761051177979 1460
0.6605761051177979 1460
0.6624431610107422 1460
0.6624431610107422 1460
0.6644601821899414 1460
0.6644601821899414 1460
0.6644601821899414 1460
0.6644601821899414 1460
0.6681301593780518 1460
0.6681301593780518 1460
0.6681301593780518 1460
0.6697061061859131 1460
0.6700890064239502 1460
0.6700890064239502 1460
0.6700890064239502 1460
0.6716110706329346 1460
0.6720571517944336 1460
0.673516035079956 1460
0.673516035079956 1460
0.6739401817321777 1460
0.6739401817321777 1460
0.6739401817321777 1460
0.6758480072021484 1460
0.6758480072021484 1460
0.6773769855499268 1460
0.6777331829071045 1460
0.6797351837158203 1460
0.6819729804992676 1460
0.6831350326538086 1460
0.6836340427398682 1460
0.685075044631958 1460
0.685075044631958 1460
0.685075044631958 1460
0.6869502067565918 1460
0.6873211860656738 1460
0.6892380714416504 1460
0.6907901763916016 1460
0.6907901763916016 1460
0.6907901763916016 1460
0.6927011013031006 1460
0.6927011013031006 1460
0.6930570602416992 1460
0.6930570602416992 1460
0.6946110725402832 1460
0.6946110725402832 1460
0.6949729919433594 1460
0.6949729919433594 1460
0.6964881420135498 1460
0.6969661712646484 1460
0.6969661712646484 1460
0.6969661712646484 1460
0.6988320350646973 1460
0.6990301609039307 1460
0.701026201248169 1460
0.7029430866241455 1460
0.7043261528015137 1460
0.7043261528015137 1460
0.7051661014556885 1460
0.7063610553741455 1460
0.7063610553741455 1460
0.7067201137542725 1460
0.7080581188201904 1460
0.7100660800933838 1460
0.71042799949646 1460
0.71042799949646 1460
0.7118980884552002 1460
0.7122700214385986 1460
0.7122700214385986 1460
0.7142341136932373 1460
0.7156980037689209 1460
0.7156980037689209 1460
0.7156980037689209 1460
0.7161071300506592 1460
0.7176260948181152 1460
0.7180171012878418 1460
0.7180171012878418 1460
0.7199220657348633 1460
0.7199220657348633 1460
0.7220141887664795 1460
0.7220141887664795 1460
0.7233810424804688 1460
0.723797082901001 1460
0.723797082901001 1460
0.7276151180267334 1460
0.7276151180267334 1460
0.7295820713043213 1460
0.7295820713043213 1460
0.7310411930084229 1460
0.7310411930084229 1460
0.731438159942627 1460
0.731438159942627 1460
0.7329261302947998 1460
0.7329261302947998 1460
0.7353081703186035 1460
0.7353081703186035 1460
0.737166166305542 1460
0.7375280857086182 1460
0.7386841773986816 1460
0.7391211986541748 1460
0.7391211986541748 1460
0.7410321235656738 1460
0.7410321235656738 1460
0.7444961071014404 1460
0.7449982166290283 1460
0.7449982166290283 1460
0.7483110427856445 1460
0.7486910820007324 1460
0.7488441467285156 1460
0.7502150535583496 1460
0.75065016746521 1460
0.75065016746521 1460
0.7521681785583496 1460
0.7525861263275146 1460
0.7525861263275146 1460
0.7559812068939209 1460
0.7559812068939209 1460
0.7559812068939209 1460
0.756350040435791 1460
0.7578880786895752 1460
0.7578880786895752 1460
0.7584080696105957 1460
0.7584080696105957 1460
0.7602171897888184 1460
0.7602171897888184 1460
0.7621111869812012 1460
0.7621111869812012 1460
0.7641191482543945 1460
0.7641191482543945 1460
0.7641191482543945 1460
0.7659270763397217 1460
0.7700672149658203 1460
0.7713150978088379 1460
0.7713150978088379 1460
0.7717750072479248 1460
0.7732369899749756 1460
0.7735981941223145 1460
0.7735981941223145 1460
0.7752010822296143 1460
0.7757301330566406 1460
0.7770960330963135 1460
0.7770960330963135 1460
0.7789959907531738 1460
0.7789959907531738 1460
0.7789959907531738 1460
0.7794640064239502 1460
0.780919075012207 1460
0.7813060283660889 1460
0.7813060283660889 1460
0.7828102111816406 1460
0.7831971645355225 1460
0.7831971645355225 1460
0.7847471237182617 1460
0.7851591110229492 1460
0.7851591110229492 1460
0.7871410846710205 1460
0.7871410846710205 1460
0.7890660762786865 1460
0.7890660762786865 1460
0.7909040451049805 1460
0.7924141883850098 1460
0.7928659915924072 1460
0.7928659915924072 1460
0.7942991256713867 1460
0.7948081493377686 1460
0.7948081493377686 1460
0.7966470718383789 1460
0.7966470718383789 1460
0.7981472015380859 1460
0.7985742092132568 1460
