1048620
0.0 1500
0.0009489059448242188 1500
0.0017468929290771484 1500
0.0027489662170410156 1500
0.0027489662170410156 1500
0.003960847854614258 1500
0.004896879196166992 1500
0.005859851837158203 1500
0.005859851837158203 1500
0.00674891471862793 1500
0.0076868534088134766 1500
0.0076868534088134766 1500
0.009241819381713867 1500
0.009948968887329102 1500
0.011163949966430664 1500
0.011163949966430664 1500
0.012017965316772461 1500
0.013231992721557617 1500
0.013231992721557617 1500
0.014175891876220703 1500
0.015036821365356445 1500
0.015999794006347656 1500
0.015999794006347656 1500
0.016994953155517578 1500
0.018057823181152344 1500
0.018802881240844727 1500
0.018802881240844727 1500
0.020087003707885742 1500
0.0209808349609375 1500
0.0209808349609375 1500
0.021837949752807617 1500
0.023736953735351562 1500
0.023962020874023438 1500
0.023962020874023438 1500
0.02516794204711914 1500
0.02589893341064453 1500
0.02589893341064453 1500
0.026887893676757812 1500
0.028013944625854492 1500
0.028676986694335938 1500
0.028676986694335938 1500
0.030095815658569336 1500
0.03162693977355957 1500
0.031944990158081055 1500
0.031944990158081055 1500
0.033760786056518555 1500
0.033760786056518555 1500
0.033760786056518555 1500
0.035164833068847656 1500
0.03618478775024414 1500
0.0367739200592041 1500
0.0367739200592041 1500
0.037988901138305664 1500
0.03901982307434082 1500
0.03901982307434082 1500
0.03987288475036621 1500
0.04092979431152344 1500
0.041977882385253906 1500
0.041977882385253906 1500
0.04273796081542969 1500
0.04695582389831543 1500
0.04695582389831543 1500
0.04695582389831543 1500
0.04695582389831543 1500
0.04695582389831543 1500
0.04695582389831543 1500
0.048024892807006836 1500
0.050650835037231445 1500
0.050650835037231445 1500
0.050650835037231445 1500
0.05088186264038086 1500
0.05227088928222656 1500
0.05227088928222656 1500
0.052693843841552734 1500
0.05380988121032715 1500
0.055207014083862305 1500
0.055207014083862305 1500
0.056259870529174805 1500
0.056836843490600586 1500
0.056836843490600586 1500
0.05772089958190918 1500
0.05932188034057617 1500
0.05987286567687988 1500
0.05987286567687988 1500
0.06219983100891113 1500
0.06219983100891113 1500
0.06268596649169922 1500
0.06273388862609863 1500
0.06370902061462402 1500
0.06490302085876465 1500
0.06490302085876465 1500
0.0657198429107666 1500
0.06676197052001953 1500
0.0680088996887207 1500
0.0680088996887207 1500
0.06902384757995605 1500
0.06971096992492676 1500
0.06971096992492676 1500
0.07100582122802734 1500
0.07209300994873047 1500
0.07326698303222656 1500
0.07326698303222656 1500
0.0740358829498291 1500
0.07509779930114746 1500
0.07599091529846191 1500
0.07599091529846191 1500
0.07690095901489258 1500
0.07801580429077148 1500
0.07801580429077148 1500
0.0790109634399414 1500
0.07978200912475586 1500
0.08125996589660645 1500
0.08125996589660645 1500
0.08210396766662598 1500
0.08297991752624512 1500
0.08297991752624512 1500
0.08425593376159668 1500
0.08551883697509766 1500
0.08579492568969727 1500
0.08579492568969727 1500
0.08780097961425781 1500
0.08780097961425781 1500
0.08954882621765137 1500
0.08954882621765137 1500
0.09011697769165039 1500
0.09078097343444824 1500
0.09078097343444824 1500
0.09202790260314941 1500
0.09290099143981934 1500
0.09386301040649414 1500
0.09386301040649414 1500
0.09523200988769531 1500
0.09580278396606445 1500
0.09580278396606445 1500
0.09708499908447266 1500
0.09823989868164062 1500
0.0990288257598877 1500
0.0990288257598877 1500
0.09983491897583008 1500
0.10091781616210938 1500
0.10216498374938965 1500
0.10216498374938965 1500
0.10334897041320801 1500
0.10410881042480469 1500
0.10410881042480469 1500
0.10496187210083008 1500
0.10609889030456543 1500
0.10678601264953613 1500
0.10678601264953613 1500
0.1080019474029541 1500
0.10901689529418945 1500
0.10901689529418945 1500
0.11000680923461914 1500
0.1108248233795166 1500
0.11187386512756348 1500
0.11187386512756348 1500
0.11297297477722168 1500
0.11373782157897949 1500
0.11508989334106445 1500
0.11508989334106445 1500
0.11581182479858398 1500
0.11706185340881348 1500
0.11706185340881348 1500
0.11789798736572266 1500
0.11910080909729004 1500
0.11996698379516602 1500
0.11996698379516602 1500
0.12089681625366211 1500
0.12185096740722656 1500
0.12185096740722656 1500
0.12416696548461914 1500
0.12416696548461914 1500
0.1250748634338379 1500
0.1250748634338379 1500
0.12607789039611816 1500
0.12695097923278809 1500
0.12792587280273438 1500
0.12792587280273438 1500
0.1289517879486084 1500
0.13019299507141113 1500
0.13019299507141113 1500
0.13171887397766113 1500
0.13207101821899414 1500
0.13341379165649414 1500
0.13341379165649414 1500
0.13405084609985352 1500
0.13626885414123535 1500
0.13626885414123535 1500
0.13626885414123535 1500
0.13713479042053223 1500
0.13821887969970703 1500
0.13821887969970703 1500
0.13915300369262695 1500
0.14006996154785156 1500
0.14081096649169922 1500
0.14081096649169922 1500
0.1421518325805664 1500
0.14297890663146973 1500
0.14297890663146973 1500
0.14399290084838867 1500
0.14503788948059082 1500
0.1459808349609375 1500
0.1459808349609375 1500
0.14765381813049316 1500
0.14765381813049316 1500
0.14765381813049316 1500
0.1490468978881836 1500
0.1496729850769043 1500
0.1508779525756836 1500
0.1508779525756836 1500
0.15181589126586914 1500
0.15306687355041504 1500
0.15373682975769043 1500
0.15373682975769043 1500
0.15507984161376953 1500
0.15598392486572266 1500
0.15598392486572266 1500
0.15700697898864746 1500
0.1577589511871338 1500
0.15891480445861816 1500
0.15891480445861816 1500
0.16030001640319824 1500
0.16079187393188477 1500
0.16079187393188477 1500
0.16208982467651367 1500
0.163100004196167 1500
0.16391301155090332 1500
0.16391301155090332 1500
0.16481995582580566 1500
0.1661219596862793 1500
0.16680479049682617 1500
0.16680479049682617 1500
0.1680459976196289 1500
0.16881990432739258 1500
0.16881990432739258 1500
0.1707608699798584 1500
0.1707608699798584 1500
0.1719369888305664 1500
0.1719369888305664 1500
0.17285680770874023 1500
0.174177885055542 1500
0.174177885055542 1500
0.17505288124084473 1500
0.17595791816711426 1500
0.17671799659729004 1500
0.17671799659729004 1500
0.17807698249816895 1500
0.17920494079589844 1500
0.18007588386535645 1500
0.18007588386535645 1500
0.1811199188232422 1500
0.18207097053527832 1500
0.18207097053527832 1500
0.18307781219482422 1500
0.18388700485229492 1500
0.1850879192352295 1500
0.1850879192352295 1500
0.18614697456359863 1500
0.18684101104736328 1500
0.18684101104736328 1500
0.188215970993042 1500
0.18885397911071777 1500
0.18996691703796387 1500
0.18996691703796387 1500
0.1912369728088379 1500
0.19215083122253418 1500
0.1943039894104004 1500
0.1943039894104004 1500
0.1943039894104004 1500
0.19521379470825195 1500
0.19521379470825195 1500
0.19581890106201172 1500
0.19719195365905762 1500
0.19793701171875 1500
0.19793701171875 1500
0.19890284538269043 1500
0.1999659538269043 1500
0.1999659538269043 1500
0.20128393173217773 1500
0.20195889472961426 1500
0.20328593254089355 1500
0.20328593254089355 1500
0.20378589630126953 1500
0.20501279830932617 1500
0.2060258388519287 1500
0.2060258388519287 1500
0.20702290534973145 1500
0.2079927921295166 1500
0.2079927921295166 1500
0.20919489860534668 1500
0.2101738452911377 1500
0.21140193939208984 1500
0.21140193939208984 1500
0.21215581893920898 1500
0.21324896812438965 1500
0.21324896812438965 1500
0.21404194831848145 1500
0.21514582633972168 1500
0.21699881553649902 1500
0.21699881553649902 1500
0.21699881553649902 1500
0.21833300590515137 1500
0.2190389633178711 1500
0.2190389633178711 1500
0.2202448844909668 1500
0.22102594375610352 1500
0.22102594375610352 1500
0.22197198867797852 1500
0.22299790382385254 1500
0.2240288257598877 1500
0.2240288257598877 1500
0.22493290901184082 1500
0.22605180740356445 1500
0.22605180740356445 1500
0.227064847946167 1500
0.22987079620361328 1500
0.22987079620361328 1500
0.22987079620361328 1500
0.22987079620361328 1500
0.23165082931518555 1500
0.23165082931518555 1500
0.2321608066558838 1500
0.2331399917602539 1500
0.23401999473571777 1500
0.23401999473571777 1500
0.2349379062652588 1500
0.23608684539794922 1500
0.23737096786499023 1500
0.23737096786499023 1500
0.23808884620666504 1500
0.23919391632080078 1500
0.23919391632080078 1500
0.24014782905578613 1500
0.24087190628051758 1500
0.24225497245788574 1500
0.24225497245788574 1500
0.24300599098205566 1500
0.24407482147216797 1500
0.24407482147216797 1500
0.2448868751525879 1500
0.2460639476776123 1500
0.24701595306396484 1500
0.24701595306396484 1500
0.24802494049072266 1500
0.24885201454162598 1500
0.25014495849609375 1500
0.25014495849609375 1500
0.25101184844970703 1500
0.252687931060791 1500
0.252687931060791 1500
0.2529640197753906 1500
0.25439000129699707 1500
0.25491786003112793 1500
0.25491786003112793 1500
0.2562708854675293 1500
0.2568647861480713 1500
0.2568647861480713 1500
0.25815391540527344 1500
0.259307861328125 1500
0.26009297370910645 1500
0.26009297370910645 1500
0.26098179817199707 1500
0.26183199882507324 1500
0.2628648281097412 1500
0.2628648281097412 1500
0.26404595375061035 1500
0.2648909091949463 1500
0.2648909091949463 1500
0.26688694953918457 1500
0.26688694953918457 1500
0.26856493949890137 1500
0.26856493949890137 1500
0.26885294914245605 1500
0.27018094062805176 1500
0.27018094062805176 1500
0.2708258628845215 1500
0.27217984199523926 1500
0.27298688888549805 1500
0.27298688888549805 1500
0.27427196502685547 1500
0.2749788761138916 1500
0.27614688873291016 1500
0.27614688873291016 1500
0.27674293518066406 1500
0.27823495864868164 1500
0.27823495864868164 1500
0.278850793838501 1500
0.27997398376464844 1500
0.2814369201660156 1500
0.2814369201660156 1500
0.2822728157043457 1500
0.2831130027770996 1500
0.2831130027770996 1500
0.284207820892334 1500
0.2851588726043701 1500
0.28586483001708984 1500
0.28586483001708984 1500
0.2872188091278076 1500
0.288118839263916 1500
0.2891678810119629 1500
0.2891678810119629 1500
0.28985095024108887 1500
0.29103684425354004 1500
0.2910590171813965 1500
0.29175496101379395 1500
0.2929518222808838 1500
0.29407191276550293 1500
0.29407191276550293 1500
0.2951929569244385 1500
0.2960638999938965 1500
0.2960638999938965 1500
0.29697299003601074 1500
0.2981607913970947 1500
0.2990589141845703 1500
0.2990589141845703 1500
0.3001549243927002 1500
0.3012099266052246 1500
0.3018620014190674 1500
0.3018620014190674 1500
0.3031759262084961 1500
0.30414891242980957 1500
0.30414891242980957 1500
0.30515599250793457 1500
0.305966854095459 1500
0.3071558475494385 1500
0.3071558475494385 1500
0.5995450019836426 1448
0.945518970489502 40
1.5589189529418945 40
2.4896719455718994 1500
2.4896719455718994 1500
2.4896719455718994 1500
2.4896719455718994 1500
2.491414785385132 1500
2.491414785385132 932
2.492036819458008 1500
2.492036819458008 1500
2.4931018352508545 1500
2.4931018352508545 1500
2.494065999984741 1500
2.494065999984741 1500
2.495081901550293 1500
2.495081901550293 1500
2.496783971786499 1500
2.496783971786499 1500
2.496783971786499 1500
2.497095823287964 660
2.498351812362671 1500
2.498351812362671 1500
2.4990859031677246 1500
2.5001609325408936 1500
2.501344919204712 1500
2.501344919204712 1500
2.502178907394409 1500
2.502178907394409 1500
2.503060817718506 1500
2.503060817718506 1500
2.504283905029297 1500
2.504283905029297 1500
2.5047998428344727 1500
2.5047998428344727 1500
2.5063300132751465 1500
2.5063300132751465 1500
2.5070388317108154 1500
2.5070388317108154 1500
2.508035898208618 1500
2.5090978145599365 1500
2.5090978145599365 1500
2.5099689960479736 1500
2.5111730098724365 1500
2.5111730098724365 1500
2.5120627880096436 1500
2.5120627880096436 1500
2.5129759311676025 1500
2.5129759311676025 1500
2.5140018463134766 1500
2.5140018463134766 1500
2.5162529945373535 1500
2.5162529945373535 1500
2.5181069374084473 1500
2.5181069374084473 1500
2.5181069374084473 1500
2.5181069374084473 1500
2.5204079151153564 1500
2.5204079151153564 1500
2.5204079151153564 1500
2.520631790161133 1500
2.5223209857940674 1500
2.5223209857940674 1500
2.5229458808898926 1500
2.5229458808898926 1500
2.5258138179779053 1500
2.5258138179779053 1500
2.527305841445923 1500
2.527305841445923 1500
2.5296409130096436 1500
2.5296409130096436 1500
2.531080961227417 1500
2.531080961227417 1500
2.532027006149292 1500
2.532027006149292 1500
2.5339248180389404 1500
2.5339248180389404 1500
2.5358309745788574 1500
2.5358309745788574 1500
2.5361897945404053 1500
2.536364793777466 1500
2.5380868911743164 1500
2.5380868911743164 1500
2.5391628742218018 1500
2.5391628742218018 1500
2.5402259826660156 1500
2.5402259826660156 1500
2.543195962905884 1500
2.543195962905884 1500
2.543195962905884 1500
2.5432658195495605 1500
2.5457990169525146 1500
2.5457990169525146 1500
2.5460729598999023 1500
2.5460729598999023 1500
2.54695987701416 1500
2.5480659008026123 1500
2.5497498512268066 1500
2.5497498512268066 1500
2.5500869750976562 1500
2.5500869750976562 1500
2.552093982696533 1500
2.552093982696533 1500
2.554994821548462 1500
2.554994821548462 1500
2.554994821548462 1500
2.5551929473876953 1500
2.556015968322754 1500
2.556015968322754 1500
2.5570268630981445 1500
2.5570268630981445 1500
2.558159828186035 1500
2.558159828186035 1500
2.55877685546875 1500
2.55877685546875 1500
2.5598127841949463 1500
2.5598127841949463 1500
2.5609869956970215 1500
2.561882972717285 1500
2.5640368461608887 1500
2.5640368461608887 1500
2.5650088787078857 1500
2.565871000289917 1500
2.565871000289917 1500
2.5659608840942383 1500
2.566679000854492 1500
2.568126916885376 1500
2.568126916885376 1500
2.5688560009002686 1500
2.5700550079345703 1500
2.571100950241089 1500
2.571100950241089 1500
2.5718929767608643 1500
2.5727620124816895 1500
2.5727620124816895 1500
2.574004888534546 1500
2.5749919414520264 1500
2.576211929321289 1500
2.576211929321289 1500
2.576636791229248 1500
2.578711986541748 1500
2.578711986541748 1500
2.578711986541748 1500
2.582127809524536 1500
2.582127809524536 1500
2.582127809524536 1500
2.582127809524536 1500
2.5834848880767822 1500
2.5844109058380127 1500
2.5844109058380127 1500
2.584962844848633 1500
2.5860819816589355 1500
2.5860819816589355 1500
2.586962938308716 1500
2.589689016342163 1500
2.589689016342163 1500
2.589689016342163 1500
2.5899219512939453 1500
2.591040849685669 1500
2.591040849685669 1500
2.5926828384399414 1500
2.5929617881774902 1500
2.5941498279571533 1500
2.5941498279571533 1500
2.5948848724365234 1500
2.595942974090576 1500
2.5972189903259277 1500
2.5972189903259277 1500
2.5979018211364746 1500
2.599836826324463 1500
2.599836826324463 1500
2.599836826324463 1500
2.6013050079345703 1500
2.601944923400879 1500
2.601944923400879 1500
2.6029717922210693 1500
2.6039628982543945 1500
2.6039628982543945 1500
2.6053450107574463 1500
2.6056599617004395 1500
2.6073060035705566 1500
2.6073060035705566 1500
2.6076929569244385 1500
2.6089890003204346 1500
2.609790802001953 1500
2.609790802001953 1500
2.611419916152954 1500
2.611701011657715 1500
2.611701011657715 1500
2.6128909587860107 1500
2.613755941390991 1500
2.615139961242676 1500
2.615139961242676 1500
2.615914821624756 1500
2.617060899734497 1500
2.617060899734497 1500
2.617952823638916 1500
2.6187329292297363 1500
2.6198129653930664 1500
2.6198129653930664 1500
2.620865821838379 1500
2.6217458248138428 1500
2.6237359046936035 1500
2.6237359046936035 1500
2.6237359046936035 1500
2.6249938011169434 1500
2.6249938011169434 1500
2.626020908355713 1500
2.6270229816436768 1500
2.6279139518737793 1500
2.6279139518737793 1500
2.6292378902435303 1500
2.6299028396606445 1500
2.6299028396606445 1500
2.630970001220703 1500
2.632337808609009 1500
2.635049819946289 1500
2.635049819946289 1500
2.635049819946289 1500
2.635049819946289 1500
2.635049819946289 1500
2.6363978385925293 1500
2.6371548175811768 1500
2.637899875640869 1500
2.637899875640869 1500
2.6390368938446045 1500
2.6400928497314453 1500
2.6411139965057373 1500
2.6411139965057373 1500
2.64201283454895 1500
2.6429049968719482 1500
2.6429049968719482 1500
2.6449079513549805 1500
2.6449079513549805 1500
2.6460487842559814 1500
2.6460487842559814 1500
2.646894931793213 1500
2.6480460166931152 1500
2.6480460166931152 1500
2.6490578651428223 1500
2.6501638889312744 1500
2.6511828899383545 1500
2.6511828899383545 1500
2.6519129276275635 1500
2.652974843978882 1500
2.6539509296417236 1500
2.6539509296417236 1500
2.6550228595733643 1500
2.656397819519043 1500
2.656397819519043 1500
2.6570489406585693 1500
2.658094882965088 1500
2.6587657928466797 1500
2.6587657928466797 1500
2.66015887260437 1500
2.6609408855438232 1500
2.6609408855438232 1500
2.6619679927825928 1500
2.662761926651001 1500
2.6641108989715576 1500
2.6641108989715576 1500
2.664965867996216 1500
2.665944814682007 1500
2.6668989658355713 1500
2.6668989658355713 1500
2.669869899749756 1500
2.669869899749756 1500
2.669869899749756 1500
2.669869899749756 1500
2.6713268756866455 1500
2.6722099781036377 1500
2.6722099781036377 1500
2.6731557846069336 1500
2.6740779876708984 1500
2.6740779876708984 1500
2.6750528812408447 1500
