540168
0.0 1452
0.00046515464782714844 1452
0.00046515464782714844 1452
0.001001119613647461 372
0.001001119613647461 1452
0.001001119613647461 1452
0.0015590190887451172 1452
0.0019681453704833984 1452
0.0019681453704833984 1452
0.002516031265258789 1452
0.003036975860595703 1452
0.003036975860595703 1452
0.003036975860595703 1452
0.004151105880737305 1452
0.004151105880737305 1452
0.004686117172241211 1452
0.004686117172241211 1452
0.004686117172241211 1452
0.004686117172241211 1452
0.005639076232910156 1452
0.005639076232910156 1452
0.005639076232910156 1452
0.006359100341796875 1452
0.006359100341796875 1452
0.006359100341796875 1452
0.007456064224243164 1452
0.007456064224243164 1452
0.007941961288452148 1452
0.007941961288452148 1452
0.007941961288452148 1452
0.007941961288452148 1452
0.008901119232177734 1452
0.008901119232177734 1452
0.008901119232177734 1452
0.009366989135742188 1452
0.00984811782836914 1452
0.00984811782836914 1452
0.010307073593139648 1452
0.01079106330871582 1452
0.01079106330871582 1452
0.011263132095336914 1452
0.011263132095336914 1452
0.011739015579223633 1452
0.012223005294799805 1452
0.012223005294799805 1452
0.012674093246459961 1452
0.013150930404663086 1452
0.013150930404663086 1452
0.013636112213134766 1452
0.018059968948364258 1452
0.018442153930664062 1452
0.018442153930664062 1452
0.019009113311767578 1452
0.019009113311767578 1452
0.019555091857910156 1452
0.019555091857910156 1452
0.019943952560424805 1452
0.019943952560424805 1452
0.020483970642089844 1452
0.020483970642089844 1452
0.021034955978393555 1452
0.02157902717590332 1452
0.02157902717590332 1452
0.02157902717590332 1452
0.025604963302612305 1452
0.025604963302612305 1452
0.026137113571166992 1452
0.026675939559936523 1452
0.026675939559936523 1452
0.026675939559936523 1452
0.02771902084350586 1452
0.02771902084350586 1452
0.02771902084350586 1452
0.0281069278717041 1452
0.02867603302001953 1452
0.02867603302001953 1452
0.02922797203063965 1452
0.029783010482788086 1452
0.029783010482788086 1452
0.029783010482788086 1452
0.05907797813415527 1452
0.05945992469787598 1452
0.05945992469787598 1452
0.059854984283447266 1452
0.08874011039733887 1452
0.08931112289428711 1452
0.08931112289428711 1452
0.08987307548522949 1452
0.11846208572387695 1452
0.11881399154663086 1452
0.11915993690490723 1452
0.11954903602600098 1452
0.14821410179138184 1452
0.14821410179138184 1452
0.14868712425231934 1452
0.14963793754577637 1452
0.17776203155517578 1452
0.1782701015472412 1452
0.1782701015472412 1452
0.1793200969696045 1452
0.20750904083251953 1452
0.20802092552185059 1452
0.20802092552185059 1452
0.20914912223815918 1452
0.23717212677001953 1452
0.23758506774902344 1452
0.23758506774902344 1452
0.23913311958312988 1452
0.266801118850708 1452
0.266801118850708 1452
0.2671480178833008 1452
0.26781797409057617 1452
0.26781797409057617 1452
0.26781797409057617 1452
0.26860904693603516 1452
0.26860904693603516 1452
0.2690010070800781 1452
0.26940298080444336 1452
0.2698330879211426 1452
0.2698330879211426 1452
0.2702810764312744 1452
0.2702810764312744 1452
0.27076101303100586 1452
0.2712271213531494 1452
0.2712271213531494 1452
0.2712271213531494 1452
0.27219510078430176 1452
0.27219510078430176 1452
0.27219510078430176 1452
0.27315211296081543 1452
0.27315211296081543 1452
0.27315211296081543 1452
0.2741241455078125 1452
0.2741241455078125 1452
0.2741241455078125 1452
0.2746090888977051 1452
0.2746090888977051 1452
0.2749819755554199 1452
0.27548813819885254 1452
0.2759130001068115 1452
0.2759130001068115 1452
0.27640199661254883 1452
0.2769510746002197 1452
0.2769510746002197 1452
0.2774829864501953 1452
0.27786993980407715 1452
0.27786993980407715 1452
0.27843213081359863 1452
0.27897095680236816 1452
0.27897095680236816 1452
0.27897095680236816 1452
0.27951812744140625 1452
0.27951812744140625 1452
0.2799100875854492 1452
0.2804560661315918 1452
0.2804560661315918 1452
0.28098511695861816 1452
0.28136610984802246 1452
0.28136610984802246 1452
0.28136610984802246 1452
0.2821340560913086 1452
0.28250908851623535 1452
0.28250908851623535 1452
0.28285694122314453 1452
0.28324294090270996 1452
0.28324294090270996 1452
0.28392505645751953 1452
0.28392505645751953 1452
0.28392505645751953 1452
0.28461599349975586 1452
0.2849619388580322 1452
0.2849619388580322 1452
0.28531312942504883 1452
0.28569698333740234 1452
0.28569698333740234 1452
0.29005908966064453 1452
0.2905910015106201 1452
0.2905910015106201 1452
0.2905910015106201 1452
0.29157400131225586 1452
0.29157400131225586 1452
0.29157400131225586 1452
0.29247212409973145 1452
0.29247212409973145 1452
0.29247212409973145 1452
0.2929990291595459 1452
0.2929990291595459 1452
0.2935450077056885 1452
0.2939131259918213 1452
0.2939131259918213 1452
0.2943079471588135 1452
0.29468512535095215 1452
0.29511594772338867 1452
0.29511594772338867 1452
0.2956719398498535 1452
0.2956719398498535 1452
0.29998302459716797 1452
0.29998302459716797 1452
0.3003270626068115 1452
0.3006739616394043 1452
0.3006739616394043 1452
0.301159143447876 1452
0.3017089366912842 1452
0.3017089366912842 1452
0.3017089366912842 1452
0.3033320903778076 1452
0.3033320903778076 1452
0.3033320903778076 1452
0.3038771152496338 1452
0.3044009208679199 1452
0.3044009208679199 1452
0.3044009208679199 1452
0.3048391342163086 1452
0.3048391342163086 1452
0.3053109645843506 1452
0.3058340549468994 1452
0.3058340549468994 1452
0.3058340549468994 1452
0.30680394172668457 1452
0.3106870651245117 1452
0.31121397018432617 1452
0.31121397018432617 1452
0.3117351531982422 1452
0.3117351531982422 1452
0.3117351531982422 1452
0.3128049373626709 1452
0.3128049373626709 1452
0.31333112716674805 1452
0.31333112716674805 1452
0.31333112716674805 1452
0.31447601318359375 1452
0.31447601318359375 1452
0.31447601318359375 1452
0.31447601318359375 1452
0.3151130676269531 1452
0.3151130676269531 1452
0.3154921531677246 1452
0.31989598274230957 1452
0.3204479217529297 1452
0.3204479217529297 1452
0.3209049701690674 1452
0.3209049701690674 1452
0.3209049701690674 1452
0.3219730854034424 1452
0.3219730854034424 1452
0.3223710060119629 1452
0.3223710060119629 1452
0.3229091167449951 1452
0.3229091167449951 1452
0.32328295707702637 1452
0.32376694679260254 1452
0.32376694679260254 1452
0.3243110179901123 1452
0.32485508918762207 1452
0.32485508918762207 1452
0.3253920078277588 1452
0.3253920078277588 1452
0.3253920078277588 1452
0.32593297958374023 1452
0.32642102241516113 1452
0.3297080993652344 1452
0.3301680088043213 1452
0.3301680088043213 1452
0.3306591510772705 1452
0.33116602897644043 1452
0.33154296875 1452
0.331956148147583 1452
0.331956148147583 1452
0.3322761058807373 1452
0.33296799659729004 1452
0.333341121673584 1452
0.33368992805480957 1452
0.334075927734375 1452
0.3344759941101074 1452
0.3344759941101074 1452
0.33495306968688965 1452
0.33534693717956543 1452
0.3357820510864258 1452
0.3357820510864258 1452
0.3368189334869385 1452
0.3368189334869385 1452
0.3372681140899658 1452
0.3372681140899658 1452
0.3402061462402344 1452
0.34111809730529785 1452
0.34160709381103516 1452
0.34160709381103516 1452
0.34209108352661133 1452
0.34209108352661133 1452
0.3425710201263428 1452
0.3430600166320801 1452
0.3439779281616211 1452
0.3439779281616211 1452
0.3443770408630371 1452
0.3443770408630371 1452
0.34487414360046387 1452
0.34530115127563477 1452
0.34580492973327637 1452
0.34580492973327637 1452
0.34627699851989746 1452
0.34627699851989746 1452
0.3495960235595703 1452
0.3499641418457031 1452
0.3499641418457031 1452
0.35070300102233887 1452
0.3513939380645752 1452
0.3513939380645752 1452
0.35173797607421875 1452
0.352492094039917 1452
0.352492094039917 1452
0.3528439998626709 1452
0.35318803787231445 1452
0.3535449504852295 1452
0.35391902923583984 1452
0.35448694229125977 1452
0.35448694229125977 1452
0.3550281524658203 1452
0.3550281524658203 1452
0.35616302490234375 1452
0.35616302490234375 1452
0.3565859794616699 1452
0.3565859794616699 1452
0.3571300506591797 1452
0.35769104957580566 1452
0.3582451343536377 1452
0.3582451343536377 1452
0.3586869239807129 1452
0.3586869239807129 1452
0.35921692848205566 1452
0.35959315299987793 1452
0.35997796058654785 1452
0.36037111282348633 1452
0.3607461452484131 1452
0.36122798919677734 1452
0.36170101165771484 1452
0.36170101165771484 1452
0.3622269630432129 1452
0.3625819683074951 1452
0.3631291389465332 1452
0.3631291389465332 1452
0.36417198181152344 1452
0.36417198181152344 1452
0.3645360469818115 1452
0.3645360469818115 1452
0.36521100997924805 1452
0.36521100997924805 1452
0.3662581443786621 1452
0.3662581443786621 1452
0.36663293838500977 1452
0.3670649528503418 1452
0.36737513542175293 1452
0.36737513542175293 1452
0.3681330680847168 1452
0.3681330680847168 1452
0.3689720630645752 1452
0.3689720630645752 1452
0.36953306198120117 1452
0.370089054107666 1452
0.37061095237731934 1452
0.37061095237731934 1452
0.3709700107574463 1452
0.37142109870910645 1452
0.37180399894714355 1452
0.37218809127807617 1452
0.3726069927215576 1452
0.3726069927215576 1452
0.37316203117370605 1452
0.37355995178222656 1452
0.37407708168029785 1452
0.37407708168029785 1452
0.37458109855651855 1452
0.37458109855651855 1452
0.6412019729614258 1064
0.9529781341552734 40
