1049028
0.0 1452
9.5367431640625e-07 1452
9.5367431640625e-07 1452
5.9604644775390625e-06 1452
5.9604644775390625e-06 1452
6.9141387939453125e-06 1452
0.0019049644470214844 1452
0.0019049644470214844 1452
0.0019059181213378906 1452
0.0019059181213378906 1452
0.0019099712371826172 1452
0.0019099712371826172 1452
0.0039980411529541016 1452
0.004003047943115234 1452
0.004003047943115234 1452
0.004004001617431641 1452
0.004008054733276367 1452
0.00590205192565918 1452
0.005903005599975586 1452
0.0059070587158203125 1452
0.005908012390136719 1452
0.005908012390136719 1452
0.0059130191802978516 1452
0.007803916931152344 1452
0.007803916931152344 1452
0.007807016372680664 1452
0.00780797004699707 1452
0.00780797004699707 1452
0.007812023162841797 1452
0.009856939315795898 1452
0.009857892990112305 1452
0.009861946105957031 1452
0.009862899780273438 1452
0.009864091873168945 1452
0.009866952896118164 1452
0.009866952896118164 1452
0.00986790657043457 1452
0.011483907699584961 1452
0.011483907699584961 1452
0.011485099792480469 1452
0.011487007141113281 1452
0.011487960815429688 1452
0.011487960815429688 1452
0.011491060256958008 1452
0.013643026351928711 1452
0.013643980026245117 1452
0.01364588737487793 1452
0.013647079467773438 1452
0.013648033142089844 1452
0.013650894165039062 1452
0.01365208625793457 1452
0.013653039932250977 1452
0.0152740478515625 1452
0.015275001525878906 1452
0.015275955200195312 1452
0.015275955200195312 1452
0.015278100967407227 1452
0.015279054641723633 1452
0.015279054641723633 1452
0.015281915664672852 1452
0.017375946044921875 1452
0.01737689971923828 1452
0.0173799991607666 1452
0.017380952835083008 1452
0.017381906509399414 1452
0.017384052276611328 1452
0.017385005950927734 1452
0.017385005950927734 1452
0.019650936126708984 1452
0.019650936126708984 1452
0.01965188980102539 1452
0.019654035568237305 1452
0.01965498924255371 1452
0.019655942916870117 1452
0.020967960357666016 1452
0.020968914031982422 1452
0.020968914031982422 1452
0.020973920822143555 1452
0.020973920822143555 1452
0.02097487449645996 1452
0.02297210693359375 1452
0.022973060607910156 1452
0.022973060607910156 1452
0.02297806739807129 1452
0.02472400665283203 1452
0.024724960327148438 1452
0.024730920791625977 1452
0.024731874465942383 1452
0.024731874465942383 1452
0.026844024658203125 1452
0.026844024658203125 1452
0.02684497833251953 1452
0.02685093879699707 1452
0.02685093879699707 1452
0.026851892471313477 1452
0.028810977935791016 1452
0.028810977935791016 1452
0.028811931610107422 1452
0.028814077377319336 1452
0.03039407730102539 1452
0.03039407730102539 1452
0.030395030975341797 1452
0.030399084091186523 1452
0.03040003776550293 1452
0.03040003776550293 1452
0.03258490562438965 1452
0.03258490562438965 1452
0.032586097717285156 1452
0.03412008285522461 1452
0.034121036529541016 1452
0.03412199020385742 1452
0.03414297103881836 1452
0.03414297103881836 1452
0.034143924713134766 1452
0.036299943923950195 1452
0.036299943923950195 1452
0.0363008975982666 1452
0.03630495071411133 1452
0.036305904388427734 1452
0.036305904388427734 1452
0.03797507286071777 1452
0.03797507286071777 1452
0.03797602653503418 1452
0.04016900062561035 1452
0.04016900062561035 1452
0.04016995429992676 1452
0.04017496109008789 1452
0.0401759147644043 1452
0.0401759147644043 1452
0.041747093200683594 1452
0.041748046875 1452
0.041748046875 1452
0.04175400733947754 1452
0.042797088623046875 1452
0.04279804229736328 1452
0.04379391670227051 1452
0.043795108795166016 1452
0.043795108795166016 1452
0.046044111251831055 1452
0.046044111251831055 1452
0.04604506492614746 1452
0.046061038970947266 1452
0.04606199264526367 1452
0.04752492904663086 1452
0.04752993583679199 1452
0.04752993583679199 1452
0.0475308895111084 1452
0.047532081604003906 1452
0.04962587356567383 1452
0.04962587356567383 1452
0.049627065658569336 1452
0.04962897300720215 1452
0.049629926681518555 1452
0.049629926681518555 1452
0.05173492431640625 1452
0.051735877990722656 1452
0.051737070083618164 1452
0.05173993110656738 1452
0.053685903549194336 1452
0.053687095642089844 1452
0.05369305610656738 1452
0.05369305610656738 1452
0.05369400978088379 1452
0.05534696578979492 1452
0.05534791946411133 1452
0.05534791946411133 1452
0.05535292625427246 1452
0.05535387992858887 1452
0.055355072021484375 1452
0.05749988555908203 1452
0.05749988555908203 1452
0.05750107765197754 1452
0.05941605567932129 1452
0.059417009353637695 1452
0.059417009353637695 1452
0.05942201614379883 1452
0.05942201614379883 1452
0.059422969818115234 1452
0.06131291389465332 1452
0.06131410598754883 1452
0.06131410598754883 1452
0.06131792068481445 1452
0.06297898292541504 1452
0.06297993659973145 1452
0.06298589706420898 1452
0.06298708915710449 1452
0.06298708915710449 1452
0.06492996215820312 1452
0.06492996215820312 1452
0.06493091583251953 1452
0.06493592262268066 1452
0.06695389747619629 1452
0.0669550895690918 1452
0.0669550895690918 1452
0.06696105003356934 1452
0.06696200370788574 1452
0.06696200370788574 1452
0.0687870979309082 1452
0.06878805160522461 1452
0.06878805160522461 1452
0.06879210472106934 1452
0.0705111026763916 1452
0.0705111026763916 1452
0.07051610946655273 1452
0.07051706314086914 1452
0.07051706314086914 1452
0.0724480152130127 1452
0.0724489688873291 1452
0.0724489688873291 1452
0.07245397567749023 1452
0.07245492935180664 1452
0.07245588302612305 1452
0.07429909706115723 1452
0.07429909706115723 1452
0.07430005073547363 1452
0.07430410385131836 1452
0.07430410385131836 1452
0.07640695571899414 1452
0.0764150619506836 1452
0.0764150619506836 1452
0.076416015625 1452
0.07821202278137207 1452
0.07821297645568848 1452
0.07821393013000488 1452
0.07934904098510742 1452
0.07934999465942383 1452
0.07934999465942383 1452
0.0811319351196289 1452
0.08113288879394531 1452
0.08113408088684082 1452
0.08113908767700195 1452
0.08114004135131836 1452
0.08114099502563477 1452
0.08271598815917969 1452
0.0827169418334961 1452
0.0827169418334961 1452
0.08497095108032227 1452
0.08497405052185059 1452
0.08497500419616699 1452
0.08497500419616699 1452
0.08690190315246582 1452
0.08690309524536133 1452
0.08690404891967773 1452
0.08690905570983887 1452
0.08691000938415527 1452
0.08691000938415527 1452
0.08854103088378906 1452
0.08854103088378906 1452
0.08854198455810547 1452
0.09076690673828125 1452
0.09076809883117676 1452
0.09076905250549316 1452
0.09077310562133789 1452
0.09077310562133789 1452
0.0907740592956543 1452
0.09274792671203613 1452
0.09274888038635254 1452
0.09274888038635254 1452
0.09421896934509277 1452
0.09421992301940918 1452
0.09421992301940918 1452
0.09422707557678223 1452
0.09422802925109863 1452
0.09636998176574707 1452
0.0963749885559082 1452
0.09637594223022461 1452
0.09637594223022461 1452
0.09818410873413086 1452
0.09818410873413086 1452
0.09818506240844727 1452
0.0981900691986084 1452
0.10020208358764648 1452
0.10020303726196289 1452
0.10020899772644043 1452
0.10020899772644043 1452
0.10020995140075684 1452
0.10220503807067871 1452
0.10220599174499512 1452
0.10220599174499512 1452
0.10221099853515625 1452
0.10221195220947266 1452
0.10394096374511719 1452
0.10394692420959473 1452
0.10394692420959473 1452
0.10394787788391113 1452
0.10397005081176758 1452
0.10597109794616699 1452
0.10597109794616699 1452
0.1059720516204834 1452
0.10597610473632812 1452
0.10597705841064453 1452
0.10597705841064453 1452
0.10788989067077637 1452
0.10789108276367188 1452
0.10789108276367188 1452
0.1078948974609375 1452
0.10789608955383301 1452
0.10789608955383301 1452
0.10995602607727051 1452
0.10995602607727051 1452
0.10995697975158691 1452
0.10996198654174805 1452
0.10996198654174805 1452
0.11165809631347656 1452
0.1116631031036377 1452
0.1116640567779541 1452
0.11166501045227051 1452
0.11364507675170898 1452
0.11364507675170898 1452
0.11364603042602539 1452
0.11365008354187012 1452
0.11365389823913574 1452
0.11365389823913574 1452
0.11365604400634766 1452
0.11559009552001953 1452
0.11559104919433594 1452
0.11559605598449707 1452
0.11559605598449707 1452
0.11559700965881348 1452
0.11754298210144043 1452
0.11754298210144043 1452
0.11754393577575684 1452
0.11754798889160156 1452
0.11754798889160156 1452
0.11754894256591797 1452
0.11920690536499023 1452
0.11920809745788574 1452
0.11920809745788574 1452
0.11921191215515137 1452
0.11921191215515137 1452
0.11921310424804688 1452
0.12140393257141113 1452
0.12140893936157227 1452
0.12140989303588867 1452
0.12141108512878418 1452
0.1214148998260498 1452
0.12141609191894531 1452
0.12141609191894531 1452
0.12304210662841797 1452
0.12304401397705078 1452
0.12304401397705078 1452
0.123046875 1452
0.12304806709289551 1452
0.12304806709289551 1452
0.12305092811584473 1452
0.12305188179016113 1452
0.12305307388305664 1452
0.12485599517822266 1452
0.12485694885253906 1452
0.12485694885253906 1452
0.12486004829406738 1452
0.12486004829406738 1452
0.12486100196838379 1452
0.1248629093170166 1452
0.12486410140991211 1452
0.12691402435302734 1452
0.12691807746887207 1452
0.12691807746887207 1452
0.12691903114318848 1452
0.1269218921661377 1452
0.1269230842590332 1452
0.1269240379333496 1452
0.12692499160766602 1452
0.12692499160766602 1452
0.12888002395629883 1452
0.12888097763061523 1452
0.12888097763061523 1452
0.12888193130493164 1452
0.12888193130493164 1452
0.12888503074645996 1452
0.12888503074645996 1452
0.12888598442077637 1452
0.12888598442077637 1452
0.12888693809509277 1452
0.1306769847869873 1452
0.1306769847869873 1452
0.1306779384613037 1452
0.13067889213562012 1452
0.13068008422851562 1452
0.13068008422851562 1452
0.13068199157714844 1452
0.13068199157714844 1452
0.13068294525146484 1452
0.13068389892578125 1452
0.13068389892578125 1452
0.1325829029083252 1452
0.1325840950012207 1452
0.1325850486755371 1452
0.1325850486755371 1452
0.13258600234985352 1452
0.13259005546569824 1452
0.13259100914001465 1452
0.13259100914001465 1452
0.13259196281433105 1452
0.13449501991271973 1452
0.13449597358703613 1452
0.13449597358703613 1452
0.13449692726135254 1452
0.13449692726135254 1452
0.13449788093566895 1452
0.13450002670288086 1452
0.13450098037719727 1452
0.13450098037719727 1452
0.13450193405151367 1452
0.13450288772583008 1452
0.13651704788208008 1452
0.13651704788208008 1452
0.13651800155639648 1452
0.13651800155639648 1452
0.1365189552307129 1452
0.1365220546722412 1452
0.1365220546722412 1452
0.13652300834655762 1452
0.13652300834655762 1452
0.13652396202087402 1452
0.1383190155029297 1452
0.1383190155029297 1452
0.1383199691772461 1452
0.1383209228515625 1452
0.1383218765258789 1452
0.13832402229309082 1452
0.13832497596740723 1452
0.13832592964172363 1452
0.13832688331604004 1452
0.13832688331604004 1452
0.13832807540893555 1452
0.1403200626373291 1452
0.1403210163116455 1452
0.14032196998596191 1452
0.14032196998596191 1452
0.14032292366027832 1452
0.14032602310180664 1452
0.14032697677612305 1452
0.14032697677612305 1452
0.14032793045043945 1452
0.14032888412475586 1452
0.1420741081237793 1452
0.1420741081237793 1452
0.1420750617980957 1452
0.1420760154724121 1452
0.1420760154724121 1452
0.14207887649536133 1452
0.14208006858825684 1452
0.14208102226257324 1452
0.14208102226257324 1452
0.14208197593688965 1452
0.14403891563415527 1452
0.14403891563415527 1452
0.14404010772705078 1452
0.1440410614013672 1452
0.1440420150756836 1452
0.1440448760986328 1452
0.1440448760986328 1452
0.14404606819152832 1452
0.14608502388000488 1452
0.1460859775543213 475
0.33624696731567383 1452
0.33624792098999023 1452
0.33624792098999023 1452
0.33624887466430664 1452
0.33625006675720215 1452
0.3362538814544678 1452
0.3381650447845459 1452
0.3381650447845459 1452
0.3381659984588623 1452
0.3381669521331787 1452
0.3381690979003906 1452
0.3381690979003906 921
0.3547179698944092 1452
0.3547189235687256 1452
0.354719877243042 1452
0.3547210693359375 1452
0.3547220230102539 1452
0.3547239303588867 1452
0.3547248840332031 1452
0.35472607612609863 1452
0.35472702980041504 1452
0.35472702980041504 1452
0.35649895668029785 1452
0.35649991035461426 1452
0.35650110244750977 1452
0.35650205612182617 1452
0.3565030097961426 1452
0.3565049171447754 1452
0.3565061092376709 1452
0.3565080165863037 1452
0.3565080165863037 1452
0.3565089702606201 1452
0.3586289882659912 1452
0.358630895614624 1452
0.35863208770751953 1452
0.35863399505615234 1452
0.35863399505615234 1452
0.35863709449768066 1452
0.35863804817199707 1452
0.3586399555206299 1452
0.3586409091949463 1452
0.3586421012878418 1452
0.35924696922302246 1452
0.35924792289733887 1452
0.3592488765716553 1452
0.3592500686645508 1452
0.3592510223388672 1452
0.35927510261535645 1452
0.3610548973083496 1452
0.3610570430755615 1452
0.3610570430755615 1452
0.36105799674987793 1452
0.36106109619140625 1452
0.36106204986572266 1452
0.36106204986572266 1452
0.36106300354003906 1452
0.36106395721435547 1452
0.3621680736541748 1452
0.3621690273284912 740
0.3717489242553711 1452
0.3717498779296875 1452
0.3717498779296875 1452
0.3717529773712158 1452
0.3717529773712158 1452
0.3738369941711426 1452
0.3738400936126709 1452
0.3738400936126709 1452
0.3738410472869873 1452
0.3738420009613037 1452
0.3738429546356201 1452
0.3738429546356201 1452
0.3738439083099365 1452
0.37662196159362793 1452
0.37662291526794434 1452
0.37662291526794434 1452
0.37662410736083984 1452
0.37662506103515625 1452
0.37662601470947266 1452
0.37662601470947266 1452
0.37662696838378906 1452
0.3766300678253174 1452
0.3766300678253174 1452
0.378648042678833 1452
0.3786489963531494 1452
0.3786499500274658 1452
0.3786509037017822 1452
0.37865209579467773 1452
0.37865209579467773 1452
0.37865400314331055 1452
0.37865495681762695 1452
0.37865591049194336 1452
0.37865710258483887 1452
0.38059091567993164 1452
0.38059210777282715 1452
0.38059210777282715 1452
0.38059306144714355 1452
0.3805980682373047 1452
0.3805980682373047 1452
0.3805990219116211 1452
0.3805990219116211 1452
0.38283205032348633 1452
0.38283300399780273 1452
0.38283300399780273 1452
0.38283395767211914 1452
0.38283610343933105 1452
0.38283705711364746 1452
0.38283705711364746 1452
0.38283801078796387 1452
0.3828389644622803 1452
0.3828389644622803 1452
0.3848741054534912 1452
0.384876012802124 1452
0.38487696647644043 1452
0.38487696647644043 1452
0.38487792015075684 1452
0.3861711025238037 1452
0.3861720561981201 1452
0.3861720561981201 1452
0.3861730098724365 1452
0.38617706298828125 1452
0.38617801666259766 1452
0.38617801666259766 1452
0.38617897033691406 1452
0.38617992401123047 1452
0.3861808776855469 1452
0.3861808776855469 1452
0.3861820697784424 1452
0.3861830234527588 1452
0.3862190246582031 1452
0.3887178897857666 1452
0.3887190818786621 1452
0.3887209892272949 1452
0.38872194290161133 1452
0.38872194290161133 1452
0.38872194290161133 1452
0.38872408866882324 1452
0.38872408866882324 1452
0.38872504234313965 1452
0.38872504234313965 1452
0.39011406898498535 1452
0.39011502265930176 1452
0.39011502265930176 1452
0.39011502265930176 1452
0.3916749954223633 1452
0.3916759490966797 1452
0.3916759490966797 1452
0.3916759490966797 1452
0.391679048538208 1452
0.391679048538208 1452
0.391679048538208 1452
0.3916800022125244 1452
0.3916809558868408 1452
0.3938620090484619 1452
0.3938629627227783 1452
0.3938629627227783 1452
0.39386510848999023 1452
0.39386510848999023 1452
0.39386606216430664 1452
0.39386606216430664 1452
0.39386796951293945 1452
0.39386796951293945 1452
0.39386892318725586 1452
0.3959228992462158 1452
0.39592504501342773 1452
0.39592504501342773 1452
0.39592504501342773 1452
0.39592599868774414 1452
0.39592695236206055 1452
0.39592695236206055 1452
0.39592695236206055 1452
0.39592790603637695 1452
0.3978419303894043 1452
0.3978419303894043 1452
0.3978428840637207 1452
0.3978428840637207 1452
0.3978450298309326 1452
0.397845983505249 1452
0.397845983505249 1452
0.397845983505249 1452
0.3998439311981201 1452
0.3998439311981201 1452
0.3998448848724365 1452
0.3998448848724365 1452
0.39984893798828125 1452
0.39984893798828125 1452
0.39984893798828125 1452
0.40149998664855957 1452
0.4015018939971924 1452
0.4015030860900879 1452
0.4015030860900879 1452
0.4015030860900879 1452
0.4015040397644043 1452
0.4015040397644043 1452
0.4015069007873535 1452
0.40352392196655273 1452
0.40352392196655273 1452
0.40352487564086914 1452
0.40352702140808105 1452
0.40352702140808105 1452
0.40352797508239746 1452
0.40352797508239746 1452
0.4035298824310303 1452
0.40538787841796875 1452
0.40538787841796875 1452
0.40538907051086426 1452
0.4053928852081299 1452
0.4053928852081299 1452
0.4053940773010254 1452
0.4053940773010254 1452
0.4073209762573242 1452
0.4073209762573242 1452
0.4073219299316406 1452
0.4073219299316406 1452
0.40732407569885254 1452
0.40732502937316895 1452
0.40732502937316895 1452
0.40732502937316895 1452
0.4093759059906006 1452
0.4093770980834961 1452
0.4093770980834961 1452
0.4093770980834961 1452
0.4111640453338623 1452
0.4111649990081787 1452
0.4111649990081787 1452
0.4111649990081787 1452
0.41116809844970703 1452
0.41116809844970703 1452
0.41116905212402344 1452
0.41116905212402344 1452
0.41315698623657227 1452
0.41315698623657227 1452
0.41315698623657227 1452
0.41315793991088867 1452
0.4131600856781006 1452
0.4131600856781006 1452
0.4131600856781006 1452
0.413161039352417 1452
0.413161039352417 1452
0.4131619930267334 1452
0.4150819778442383 1452
0.4150829315185547 1452
0.4150829315185547 1452
0.4150838851928711 1452
0.41511106491088867 1452
0.41511106491088867 1452
0.41692399978637695 1452
0.41692399978637695 1452
0.4169270992279053 1452
0.4169270992279053 1452
0.4169280529022217 1452
0.4169280529022217 1452
0.4169299602508545 1452
0.4169309139251709 1452
0.41894006729125977 1452
0.41894102096557617 1452
0.4189450740814209 1452
0.4189450740814209 1452
0.4189450740814209 1452
0.4189460277557373 1452
0.4189460277557373 1452
0.4189469814300537 1452
0.4189469814300537 1452
0.4189479351043701 1452
0.42096900939941406 1452
0.42096900939941406 1452
0.42096996307373047 1452
0.42096996307373047 1452
0.4209721088409424 1452
