1050000
0.0 1500
0.0011730194091796875 1500
0.0011730194091796875 1500
0.0019969940185546875 1500
0.0030248165130615234 1500
0.0030248165130615234 1500
0.004151821136474609 1500
0.004997968673706055 1500
0.006088972091674805 1500
0.006088972091674805 1500
0.007134914398193359 1500
0.007982969284057617 1500
0.007982969284057617 1500
0.009377002716064453 1500
0.009798049926757812 1500
0.011001825332641602 1500
0.011001825332641602 1500
0.012112855911254883 1500
0.013023853302001953 1500
0.013978004455566406 1500
0.013978004455566406 1500
0.015182971954345703 1500
0.015851974487304688 1500
0.015851974487304688 1500
0.016923904418945312 1500
0.01794600486755371 1500
0.019124984741210938 1500
0.019124984741210938 1500
0.019971847534179688 1500
0.021724939346313477 1500
0.021724939346313477 1500
0.021905899047851562 1500
0.022899866104125977 1500
0.0240938663482666 1500
0.0240938663482666 1500
0.02558302879333496 1500
0.026167869567871094 1500
0.027110815048217773 1500
0.027110815048217773 1500
0.028082847595214844 1500
0.029145002365112305 1500
0.029145002365112305 1500
0.02998805046081543 1500
0.03131985664367676 1500
0.032026052474975586 1500
0.032026052474975586 1500
0.03294181823730469 1500
0.033989906311035156 1500
0.033989906311035156 1500
0.035295963287353516 1500
0.03599095344543457 1500
0.03719186782836914 1500
0.03737282752990723 1500
0.038435935974121094 1500
0.039320945739746094 1500
0.04036402702331543 1500
0.04036402702331543 1500
0.041052818298339844 1500
0.0420989990234375 1500
0.0420989990234375 1500
0.04302787780761719 1500
0.04401087760925293 1500
0.04515194892883301 1500
0.04515194892883301 1500
0.04609084129333496 1500
0.04733395576477051 1500
0.04733395576477051 1500
0.04791998863220215 1500
0.049362897872924805 1500
0.05004382133483887 1500
0.05004382133483887 1500
0.05101895332336426 1500
0.05205798149108887 1500
0.05205798149108887 1500
0.053201913833618164 1500
0.05421900749206543 1500
0.0550389289855957 1500
0.0550389289855957 1500
0.05635786056518555 1500
0.05685687065124512 1500
0.0585479736328125 1500
0.0585479736328125 1500
0.059291839599609375 1500
0.06003594398498535 1500
0.06003594398498535 1500
0.061007022857666016 1500
0.0620880126953125 1500
0.06285691261291504 1500
0.06285691261291504 1500
0.0640249252319336 1500
0.0655050277709961 1500
0.0655050277709961 1500
0.06626296043395996 1500
0.06734800338745117 1500
0.06816482543945312 1500
0.06816482543945312 1500
0.06918191909790039 1500
0.06997394561767578 1500
0.07100987434387207 1500
0.07100987434387207 1500
0.07203102111816406 1500
0.07287001609802246 1500
0.07287001609802246 1500
0.07462286949157715 1500
0.07484602928161621 1500
0.07610082626342773 1500
0.07610082626342773 1500
0.07719898223876953 1500
0.07805299758911133 1500
0.07805299758911133 1500
0.07892203330993652 1500
0.08012700080871582 1500
0.08117198944091797 1500
0.08117198944091797 1500
0.08199191093444824 1500
0.08367681503295898 1500
0.08430600166320801 1500
0.08430600166320801 1500
0.08535385131835938 1500
0.08732485771179199 1500
0.08732485771179199 1500
0.08732485771179199 1500
0.08859491348266602 1500
0.08916187286376953 1500
0.08916187286376953 1500
0.08991503715515137 1500
0.09166598320007324 1500
0.09166598320007324 1500
0.09195899963378906 1500
0.09347200393676758 1500
0.0941159725189209 1500
0.0941159725189209 1500
0.09519481658935547 1500
0.09610986709594727 1500
0.09716081619262695 1500
0.09716081619262695 1500
0.09790992736816406 1500
0.09927892684936523 1500
0.09927892684936523 1500
0.10006189346313477 1500
0.1010599136352539 1500
0.10266900062561035 1500
0.10266900062561035 1500
0.10307884216308594 1500
0.10460996627807617 1500
0.10460996627807617 1500
0.1054069995880127 1500
0.10616183280944824 1500
0.10697484016418457 1500
0.10697484016418457 1500
0.10804891586303711 1500
0.10912799835205078 1500
0.11006593704223633 1500
0.11006593704223633 1500
0.11104393005371094 1500
0.11199188232421875 1500
0.11199188232421875 1500
0.11328983306884766 1500
0.11397600173950195 1500
0.11535501480102539 1500
0.11535501480102539 1500
0.11679482460021973 1500
0.11679482460021973 1500
0.11679482460021973 1500
0.11804485321044922 1500
0.11903500556945801 1500
0.12003588676452637 1500
0.12003588676452637 1500
0.12100100517272949 1500
0.12202191352844238 1500
0.12325286865234375 1500
0.12325286865234375 1500
0.1241309642791748 1500
0.12511682510375977 1500
0.12511682510375977 1500
0.1271069049835205 1500
0.1271069049835205 1500
0.12935185432434082 1500
0.12935185432434082 1500
0.12935185432434082 1500
0.1300220489501953 1500
0.1300220489501953 1500
0.1310739517211914 1500
0.13223695755004883 1500
0.1332099437713623 1500
0.1332099437713623 1500
0.13419890403747559 1500
0.13518786430358887 1500
0.13615798950195312 1500
0.13615798950195312 1500
0.13725900650024414 1500
0.1383059024810791 1500
0.1383059024810791 1500
0.13912391662597656 1500
0.14087796211242676 1500
0.14087796211242676 1500
0.14087796211242676 1500
0.14214682579040527 1500
0.14300298690795898 1500
0.14300298690795898 1500
0.14423799514770508 1500
0.14517593383789062 1500
0.14627790451049805 1500
0.14627790451049805 1500
0.14705491065979004 1500
0.14800500869750977 1500
0.1491999626159668 1500
0.1491999626159668 1500
0.1500709056854248 1500
0.15115904808044434 1500
0.15115904808044434 1500
0.15200591087341309 1500
0.15303492546081543 1500
0.15398693084716797 1500
0.15398693084716797 1500
0.15502190589904785 1500
0.15613293647766113 1500
0.15615391731262207 1500
0.1570289134979248 1500
0.1577930450439453 1500
0.15891695022583008 1500
0.15891695022583008 1500
0.1597888469696045 1500
0.16110682487487793 1500
0.1617870330810547 1500
0.1617870330810547 1500
0.16285204887390137 1500
0.16391301155090332 1500
0.16391301155090332 1500
0.16527605056762695 1500
0.1660938262939453 1500
0.1669168472290039 1500
0.1669168472290039 1500
0.16781282424926758 1500
0.16922783851623535 1500
0.16922783851623535 1500
0.16997289657592773 1500
0.17104196548461914 1500
0.1721339225769043 1500
0.1721339225769043 1500
0.17287898063659668 1500
0.17382001876831055 1500
0.17523598670959473 1500
0.17523598670959473 1500
0.176008939743042 1500
0.1773829460144043 1500
0.1773829460144043 1500
0.17812490463256836 1500
0.1792459487915039 1500
0.17996788024902344 1500
0.17996788024902344 1500
0.18137001991271973 1500
0.18221187591552734 1500
0.18221187591552734 1500
0.18317699432373047 1500
0.18420886993408203 1500
0.18503499031066895 1500
0.18503499031066895 1500
0.18598389625549316 1500
0.18700385093688965 1500
0.18788385391235352 1500
0.18788385391235352 1500
0.18921494483947754 1500
0.18991494178771973 1500
0.190093994140625 1500
0.1913449764251709 1500
0.19233489036560059 1500
0.19305896759033203 1500
0.19305896759033203 1500
0.19398999214172363 1500
0.1950080394744873 1500
0.1950080394744873 1500
0.1959819793701172 1500
0.19699501991271973 1500
0.19801592826843262 1500
0.19801592826843262 1500
0.19930195808410645 1500
0.20001697540283203 1500
0.20099401473999023 1500
0.20099401473999023 1500
0.20216798782348633 1500
0.20298099517822266 1500
0.20298099517822266 1500
0.20400500297546387 1500
0.2057788372039795 1500
0.20581603050231934 1500
0.20581603050231934 1500
0.20680689811706543 1500
0.20807385444641113 1500
0.20807385444641113 1500
0.20919299125671387 1500
0.2101449966430664 1500
0.21100902557373047 1500
0.21100902557373047 1500
0.21211600303649902 1500
0.21306991577148438 1500
0.21306991577148438 1500
0.21404695510864258 1500
0.21496891975402832 1500
0.2163078784942627 1500
0.2163078784942627 1500
0.21744990348815918 1500
0.21786189079284668 1500
0.2193470001220703 1500
0.2193470001220703 1500
0.22032690048217773 1500
0.22101902961730957 1500
0.22101902961730957 1500
0.22201991081237793 1500
0.22327184677124023 1500
0.22398900985717773 1500
0.22398900985717773 1500
0.22498393058776855 1500
0.2263188362121582 1500
0.2263188362121582 1500
0.22711586952209473 1500
0.22800683975219727 1500
0.2289748191833496 1500
0.2289748191833496 1500
0.22986984252929688 1500
0.2312309741973877 1500
0.23202085494995117 1500
0.23202085494995117 1500
0.23306989669799805 1500
0.23417901992797852 1500
0.23417901992797852 1500
0.23497796058654785 1500
0.23608899116516113 1500
0.2371668815612793 1500
0.2371668815612793 1500
0.23806405067443848 1500
0.23916983604431152 1500
0.23916983604431152 1500
0.2398970127105713 1500
0.24098682403564453 1500
0.2421889305114746 1500
0.2421889305114746 1500
0.2430720329284668 1500
0.24402284622192383 1500
0.24507999420166016 1500
0.24507999420166016 1500
0.24653983116149902 1500
0.24701905250549316 1500
0.24701905250549316 1500
0.2478940486907959 1500
0.24883794784545898 1500
0.24996399879455566 1500
0.24996399879455566 1500
0.25118494033813477 1500
0.2524428367614746 1500
0.2524428367614746 1500
0.25296592712402344 1500
0.2540109157562256 1500
0.2550020217895508 1500
0.2550020217895508 1500
0.25611305236816406 1500
0.2571568489074707 1500
0.25801801681518555 1500
0.25801801681518555 1500
0.2593979835510254 1500
0.2602498531341553 1500
0.2602498531341553 1500
0.2610290050506592 1500
0.26297593116760254 1500
0.26297593116760254 1500
0.26297593116760254 1500
0.26413393020629883 1500
0.26499104499816895 1500
0.26499104499816895 1500
0.2659468650817871 1500
0.26682496070861816 1500
0.267805814743042 1500
0.267805814743042 1500
0.2689189910888672 1500
0.26987695693969727 1500
0.2709829807281494 1500
0.2709829807281494 1500
0.27187395095825195 1500
0.2727839946746826 1500
0.2728869915008545 1500
0.27527689933776855 1500
0.27527689933776855 1500
0.27587103843688965 1500
0.27587103843688965 1500
0.2767789363861084 1500
0.27788782119750977 1500
0.27788782119750977 1500
0.27922987937927246 1500
0.2798268795013428 1500
0.28079700469970703 1500
0.28079700469970703 1500
0.2818429470062256 1500
0.2829749584197998 1500
0.28396081924438477 1500
0.28396081924438477 1500
0.2848968505859375 1500
0.2858879566192627 1500
0.2858879566192627 1500
0.287794828414917 1500
0.287794828414917 1500
0.28918981552124023 1500
0.28918981552124023 1500
0.28978681564331055 1500
0.2910158634185791 1500
0.2910158634185791 1500
0.29197192192077637 1500
0.2930159568786621 1500
0.29396986961364746 1500
0.29396986961364746 1500
0.29500603675842285 1500
0.2961280345916748 1500
0.296907901763916 1500
0.296907901763916 1500
0.29822683334350586 1500
0.2993509769439697 1500
0.2993509769439697 1500
0.2998688220977783 1500
0.3010389804840088 1500
0.30200791358947754 1500
0.30200791358947754 1500
0.30309581756591797 1500
0.3040180206298828 1500
0.3040180206298828 1500
0.30496788024902344 1500
0.3062460422515869 1500
0.3068249225616455 1500
0.3068249225616455 1500
0.30829787254333496 1500
0.3091769218444824 1500
0.3101010322570801 1500
0.3101010322570801 1500
0.31098294258117676 1500
0.31201601028442383 1500
0.31201601028442383 1500
0.3131589889526367 1500
0.31418895721435547 1500
0.3150038719177246 1500
0.3150038719177246 1500
0.3159658908843994 1500
0.3170030117034912 1500
0.3170030117034912 1500
0.3179929256439209 1500
0.31906986236572266 1500
0.3201429843902588 1500
0.3201429843902588 1500
0.3210618495941162 1500
0.3219759464263916 1500
0.32289695739746094 1500
0.32289695739746094 1500
0.32398390769958496 1500
0.32544589042663574 1500
0.32544589042663574 1500
0.32592082023620605 1500
0.3277108669281006 1500
0.3279688358306885 1500
0.3279688358306885 1500
0.32930994033813477 1500
0.3299689292907715 1500
0.3299689292907715 1500
0.33113598823547363 1500
0.3322310447692871 1500
0.3329908847808838 1500
0.3329908847808838 1500
0.33379483222961426 1500
0.3352169990539551 1500
0.33597302436828613 1500
0.33597302436828613 1500
0.3373138904571533 1500
0.3379969596862793 1500
0.3379969596862793 1500
0.3389098644256592 1500
0.3398749828338623 1500
0.341001033782959 1500
0.341001033782959 1500
0.34182190895080566 1500
0.3429880142211914 1500
0.3441629409790039 1500
0.3441629409790039 1500
0.34488797187805176 1500
0.34591102600097656 1500
0.34591102600097656 1500
0.34677696228027344 1500
0.3478870391845703 1500
0.34894800186157227 1500
0.34894800186157227 1500
0.3498349189758301 1500
0.35079383850097656 1500
0.35079383850097656 1500
0.35218000411987305 1500
0.3529069423675537 1500
0.3538799285888672 1500
0.3538799285888672 1500
0.3549790382385254 1500
0.35622692108154297 1500
0.35721683502197266 1500
0.35721683502197266 1500
0.357921838760376 1500
0.359130859375 1500
0.359130859375 1500
0.36014604568481445 1500
0.3614988327026367 1500
0.36219191551208496 1500
0.36219191551208496 1500
0.36336684226989746 1500
0.3639829158782959 1500
0.3639829158782959 1500
0.3650858402252197 1500
0.365994930267334 1500
0.3669898509979248 1500
0.3669898509979248 1500
0.36832404136657715 1500
0.3693819046020508 1500
0.3702988624572754 1500
0.3702988624572754 1500
0.37128400802612305 1500
0.3719818592071533 1500
0.3719818592071533 1500
0.37294983863830566 1500
0.37384700775146484 1500
0.3749969005584717 1500
0.3749969005584717 1500
0.37616395950317383 1500
0.377316951751709 1500
0.377316951751709 1500
0.378187894821167 1500
0.3792300224304199 1500
0.3800029754638672 1500
0.3800029754638672 1500
0.3810458183288574 1500
0.381976842880249 1500
0.38301897048950195 1500
0.38301897048950195 1500
0.38398194313049316 1500
0.38487887382507324 1500
0.38487887382507324 1500
0.3859679698944092 1500
0.3870420455932617 1500
0.3877830505371094 1500
0.38935089111328125 1500
0.38935089111328125 1500
0.39018988609313965 1500
0.39018988609313965 1500
0.39096903800964355 1500
0.3919649124145508 1500
0.3930699825286865 1500
0.3930699825286865 1500
0.3949289321899414 1500
0.3954598903656006 1500
0.39605283737182617 1500
0.39605283737182617 1500
0.3968379497528076 1500
0.39856696128845215 1500
0.39856696128845215 1500
0.39917898178100586 1500
0.4003629684448242 1500
0.401378870010376 1500
0.401378870010376 1500
0.4020729064941406 1500
0.403270959854126 1500
0.403270959854126 1500
0.4039578437805176 1500
0.4050118923187256 1500
0.4060349464416504 1500
0.4060349464416504 1500
0.4071059226989746 1500
0.40804195404052734 1500
0.40933895111083984 1500
0.40933895111083984 1500
0.40990400314331055 1500
0.4113459587097168 1500
0.4113459587097168 1500
0.41208791732788086 1500
0.41408586502075195 1500
0.41408586502075195 1500
0.41408586502075195 1500
0.41535091400146484 1500
0.41628503799438477 1500
0.41628503799438477 1500
0.41699695587158203 1500
0.4180319309234619 1500
0.4192390441894531 1500
0.4192390441894531 1500
0.42029881477355957 1500
0.4208078384399414 1500
0.422199010848999 1500
0.422199010848999 1500
0.4228098392486572 1500
0.42400193214416504 1500
0.42400193214416504 1500
0.425076961517334 1500
0.4269700050354004 1500
0.4269700050354004 1500
0.4269700050354004 1500
0.4278829097747803 1500
0.42925286293029785 1500
0.42925286293029785 1500
0.4298429489135742 1500
0.4310779571533203 1500
0.4317820072174072 1500
0.4317820072174072 1500
0.4327700138092041 1500
0.4343228340148926 1500
0.4348180294036865 1500
0.4348180294036865 1500
0.4358048439025879 1500
0.4371659755706787 1500
0.4371659755706787 1500
0.4396679401397705 1500
0.4397900104522705 1500
0.4399428367614746 1500
0.4399428367614746 1500
0.4407980442047119 1500
0.4418189525604248 1500
0.4418189525604248 1500
0.4428420066833496 1500
0.44388699531555176 1500
0.44481682777404785 1500
0.44481682777404785 1500
0.44579005241394043 1500
0.44698405265808105 1500
0.4480719566345215 1500
0.4480719566345215 1500
0.4493279457092285 1500
0.45012402534484863 1500
0.45012402534484863 1500
0.452009916305542 1500
0.452009916305542 1500
0.4529898166656494 1500
0.4529898166656494 1500
0.45396900177001953 1500
0.45523786544799805 1500
0.45523786544799805 1500
0.45603489875793457 1500
0.4568648338317871 1500
0.4578268527984619 1500
0.4578268527984619 1500
0.4592738151550293 1500
0.45999598503112793 1500
0.4608039855957031 1500
0.4608039855957031 1500
0.4619278907775879 1500
0.4630320072174072 1500
0.4631228446960449 1500
0.4638679027557373 1500
0.4660530090332031 1500
0.4660530090332031 1500
0.4660530090332031 1500
0.4669318199157715 1500
0.46797704696655273 1500
0.46797704696655273 1500
0.4691598415374756 1500
0.46996593475341797 1500
0.4710240364074707 1500
0.4710240364074707 1500
0.4719719886779785 1500
0.4731588363647461 1500
0.47425103187561035 1500
0.47425103187561035 1500
0.47528886795043945 1500
0.47597193717956543 1500
0.47597193717956543 1500
0.47719597816467285 1500
0.47832489013671875 1500
0.47909998893737793 1500
0.47909998893737793 1500
0.4801950454711914 1500
0.48119187355041504 1500
0.48119187355041504 1500
0.4821150302886963 1500
0.48302388191223145 1500
0.48386287689208984 1500
0.4839010238647461 1500
0.4850578308105469 1500
0.48630595207214355 1500
0.48706603050231934 1500
0.48706603050231934 1500
0.4879639148712158 1500
0.49021196365356445 1500
0.49021196365356445 1500
0.49021196365356445 1500
0.4912528991699219 1500
0.49218201637268066 1500
0.49218201637268066 1500
0.4930150508880615 1500
0.49428391456604004 1500
0.49428391456604004 1500
0.4953269958496094 1500
0.4961109161376953 1500
0.49703288078308105 1500
0.49703288078308105 1500
0.4979889392852783 1500
0.4990808963775635 1500
0.49996495246887207 1500
0.49996495246887207 1500
0.5012698173522949 1500
0.5021169185638428 1500
0.5021169185638428 1500
0.5031230449676514 1500
0.5040709972381592 1500
0.5050179958343506 1500
