222557
0.0 40
0.0004470348358154297 557
0.0027010440826416016 1452
0.0027010440826416016 1452
0.0027010440826416016 1452
0.0030651092529296875 1452
0.0030651092529296875 1452
0.0030651092529296875 1452
0.0030651092529296875 1452
0.003412008285522461 1452
0.003412008285522461 1452
0.003412008285522461 1452
0.0037860870361328125 1452
0.0037860870361328125 961
0.0048580169677734375 1452
0.0048580169677734375 1452
0.005239963531494141 1452
0.005239963531494141 1452
0.005239963531494141 1452
0.0056231021881103516 1452
0.0056231021881103516 1452
0.0056231021881103516 1452
0.006011009216308594 1452
0.006011009216308594 961
0.006011009216308594 1452
0.006011009216308594 1452
0.006421089172363281 1452
0.006818056106567383 1452
0.007275104522705078 1452
0.007275104522705078 1452
0.007275104522705078 1452
0.007806062698364258 1452
0.007806062698364258 1452
0.007806062698364258 961
0.09511899948120117 41
0.12036490440368652 1452
0.12069988250732422 1452
0.12069988250732422 1452
0.12069988250732422 1452
0.12109208106994629 1452
0.12109208106994629 1452
0.12109208106994629 1452
0.14557504653930664 1452
0.14594793319702148 1452
0.14594793319702148 1452
0.14594793319702148 1452
0.14625191688537598 1452
0.14625191688537598 1452
0.14659905433654785 1452
0.1663820743560791 1452
0.17116808891296387 1452
0.17116808891296387 1452
0.17151594161987305 1452
0.17151594161987305 1452
0.17198896408081055 1452
0.17198896408081055 1452
0.19669604301452637 1452
0.19669604301452637 1452
0.19708991050720215 1452
0.19708991050720215 1452
0.19742608070373535 1452
0.19742608070373535 1452
0.2222120761871338 1452
0.2222120761871338 1452
0.2222120761871338 1452
0.22276806831359863 1452
0.22276806831359863 1452
0.24778008460998535 1452
0.24803900718688965 1452
0.24803900718688965 1452
0.2704920768737793 1452
0.2704920768737793 1452
0.27316808700561523 1452
0.2943580150604248 1452
0.2957279682159424 1452
0.2957279682159424 1452
0.29850196838378906 1452
0.3198869228363037 1452
0.3198869228363037 1452
0.32088398933410645 1452
0.32088398933410645 1452
0.32123303413391113 1452
0.3240320682525635 1452
0.33434391021728516 1452
0.34223198890686035 1452
0.345534086227417 1452
0.34636688232421875 1452
0.34636688232421875 1452
0.346729040145874 1452
0.346729040145874 1452
0.34924888610839844 1452
0.34924888610839844 1452
0.3594939708709717 1452
0.3594939708709717 1452
0.3674919605255127 1452
0.37108802795410156 1452
0.37108802795410156 1452
0.37143611907958984 1452
0.37143611907958984 1452
0.37197303771972656 1452
0.37197303771972656 1452
0.37197303771972656 1452
0.3743300437927246 1452
0.3743300437927246 1452
0.37465810775756836 1452
0.3847999572753906 1452
0.3927009105682373 1452
0.3927009105682373 1452
0.3963630199432373 1452
0.3963630199432373 1452
0.39674806594848633 1452
0.3971560001373291 1452
0.3971560001373291 1452
0.39991211891174316 1452
0.39991211891174316 1452
0.39991211891174316 1452
0.39991211891174316 1452
0.39998888969421387 1452
0.42185401916503906 1452
0.4223160743713379 1452
0.4250659942626953 1452
0.4255990982055664 1452
0.44602489471435547 1044
0.4944920539855957 1044
30.01646900177002 40
30.01788592338562 1452
30.01788592338562 1452
30.01788592338562 1452
30.01838707923889 1452
30.01838707923889 1452
30.01838707923889 1452
30.01838707923889 1452
30.018898963928223 1452
30.018898963928223 1452
30.018898963928223 1452
30.018898963928223 961
30.018898963928223 1452
30.01928997039795 1452
30.01928997039795 1452
30.01928997039795 1452
30.019815921783447 1452
30.019815921783447 1452
30.019815921783447 1452
30.019815921783447 1452
30.019815921783447 1452
30.020334005355835 1452
30.020334005355835 961
30.020334005355835 1452
30.020334005355835 1452
30.02082896232605 1452
30.02082896232605 1452
30.02082896232605 1452
30.02082896232605 1452
30.02082896232605 1452
30.021331071853638 1452
30.021331071853638 1452
30.021331071853638 985
30.042897939682007 557
30.042897939682007 1452
30.051090002059937 1452
