1050000
0.0 1500
0.0 1500
0.0011789798736572266 1500
0.0021610260009765625 1500
0.002290964126586914 1500
0.003359079360961914 1500
0.004033088684082031 1500
0.0052568912506103516 1500
0.005934953689575195 1500
0.005934953689575195 1500
0.0067729949951171875 1500
0.007071018218994141 1500
0.00815892219543457 1500
0.009339094161987305 1500
0.009339094161987305 1500
0.00999307632446289 1500
0.01108098030090332 1500
0.01119089126586914 1500
0.011811971664428711 1500
0.013010978698730469 1500
0.013010978698730469 1500
0.013876914978027344 1500
0.015073060989379883 1500
0.015885114669799805 1500
0.015985965728759766 1500
0.016782045364379883 1500
0.01788806915283203 1500
0.017924070358276367 1500
0.018912076950073242 1500
0.018912076950073242 1500
0.02087092399597168 1500
0.02087092399597168 1500
0.021106958389282227 1500
0.022809982299804688 1500
0.022954940795898438 1500
0.023199081420898438 1500
0.024261951446533203 1500
0.026252031326293945 1500
0.026252031326293945 1500
0.026252031326293945 1500
0.02738189697265625 1500
0.02738189697265625 1500
0.028005123138427734 1500
0.028886079788208008 1500
0.028886079788208008 1500
0.03002190589904785 1500
0.0300600528717041 1500
0.031177043914794922 1500
0.03216409683227539 1500
0.03216409683227539 1500
0.03316497802734375 1500
0.03385806083679199 1500
0.03385806083679199 1500
0.03499197959899902 1500
0.03499197959899902 1500
0.03678107261657715 1500
0.03678107261657715 1500
0.037036895751953125 1500
0.038314104080200195 1500
0.03899097442626953 1500
0.03899097442626953 1500
0.039810895919799805 1500
0.040879011154174805 1500
0.040879011154174805 1500
0.04204392433166504 1500
0.04293012619018555 1500
0.044059038162231445 1500
0.044059038162231445 1500
0.044821977615356445 1500
0.04584693908691406 1500
0.04584693908691406 1500
0.047135114669799805 1500
0.047820091247558594 1500
0.04863405227661133 1500
0.04863405227661133 1500
0.049880027770996094 1500
0.05178093910217285 1500
0.05178093910217285 1500
0.05178093910217285 1500
0.052908897399902344 1500
0.05388307571411133 1500
0.05388307571411133 1500
0.05495405197143555 1500
0.05597400665283203 1500
0.05788302421569824 1500
0.05788302421569824 1500
0.05833697319030762 1500
0.0597689151763916 1500
0.0597689151763916 1500
0.05988812446594238 1500
0.061010122299194336 1500
0.06206011772155762 1500
0.06206011772155762 1500
0.06309890747070312 1500
0.06415009498596191 1500
0.06415009498596191 1500
0.06478404998779297 1500
0.06604599952697754 1500
0.0668489933013916 1500
0.0668489933013916 1500
0.06766891479492188 1500
0.06891608238220215 1500
0.06992101669311523 1500
0.06996703147888184 1500
0.07077407836914062 1500
0.07203793525695801 1500
0.07203793525695801 1500
0.07274699211120605 1500
0.07366108894348145 1500
0.07471108436584473 1500
0.07471108436584473 1500
0.07586407661437988 1500
0.07671904563903809 1500
0.07681608200073242 1500
0.07789397239685059 1500
0.07871603965759277 1500
0.07993793487548828 1500
0.0800619125366211 1500
0.08107399940490723 1500
0.08193302154541016 1500
0.08272790908813477 1500
0.08272790908813477 1500
0.08365106582641602 1500
0.0850529670715332 1500
0.0850529670715332 1500
0.08564591407775879 1500
0.08678793907165527 1500
0.08802294731140137 1500
0.08802294731140137 1500
0.08951497077941895 1500
0.09018206596374512 1500
0.09018206596374512 1500
0.09093308448791504 1500
0.09180212020874023 1500
0.0930929183959961 1500
0.0930929183959961 1500
0.09419512748718262 1500
0.09519600868225098 1500
0.09581589698791504 1500
0.09581589698791504 1500
0.09723305702209473 1500
0.09796595573425293 1500
0.09796595573425293 1500
0.09899401664733887 1500
0.1002039909362793 1500
0.10104608535766602 1500
0.10176992416381836 1500
0.10176992416381836 1500
0.10296392440795898 1500
0.10378909111022949 1500
0.10378909111022949 1500
0.10524892807006836 1500
0.10626506805419922 1500
0.10626506805419922 1500
0.10679507255554199 1500
0.10788607597351074 1500
0.10880494117736816 1500
0.10880494117736816 1500
0.1099541187286377 1500
0.11122703552246094 1500
0.11122703552246094 1500
0.11227107048034668 1500
0.11285090446472168 1500
0.11378002166748047 1500
0.11378002166748047 1500
0.1157529354095459 1500
0.1157529354095459 1500
0.1157529354095459 1500
0.1173551082611084 1500
0.11774897575378418 1500
0.11957693099975586 1500
0.11957693099975586 1500
0.12079405784606934 1500
0.12079405784606934 1500
0.12211894989013672 1500
0.12211894989013672 1500
0.12314200401306152 1500
0.12379002571105957 1500
0.12379002571105957 1500
0.1249089241027832 1500
0.12608909606933594 1500
0.1267719268798828 1500
0.1267719268798828 1500
0.12788605690002441 1500
0.12900090217590332 1500
0.12900090217590332 1500
0.13001489639282227 1500
0.13080501556396484 1500
0.13202595710754395 1500
0.13202595710754395 1500
0.13372302055358887 1500
0.13372302055358887 1500
0.13544893264770508 1500
0.13544893264770508 1500
0.13626909255981445 1500
0.13716411590576172 1500
0.13716411590576172 1500
0.1382310390472412 1500
0.13917803764343262 1500
0.14002704620361328 1500
0.14002704620361328 1500
0.14093708992004395 1500
0.14182305335998535 1500
0.14182305335998535 1500
0.14269399642944336 1500
0.1444540023803711 1500
0.14466309547424316 1500
0.14466309547424316 1500
0.14563894271850586 1500
0.14686107635498047 1500
0.14792203903198242 1500
0.14794301986694336 1500
0.14878606796264648 1500
0.14988398551940918 1500
0.14988398551940918 1500
0.15091395378112793 1500
0.1518239974975586 1500
0.15297889709472656 1500
0.15297889709472656 1500
0.15383505821228027 1500
0.15482592582702637 1500
0.15494608879089355 1500
0.15566706657409668 1500
0.157027006149292 1500
0.1578989028930664 1500
0.1578989028930664 1500
0.1589670181274414 1500
0.16011404991149902 1500
0.16098999977111816 1500
0.16098999977111816 1500
0.16199803352355957 1500
0.16269993782043457 1500
0.16269993782043457 1500
0.16388511657714844 1500
0.16502690315246582 1500
0.16597390174865723 1500
0.16597390174865723 1500
0.16712307929992676 1500
0.1680600643157959 1500
0.1680600643157959 1500
0.1689610481262207 1500
0.1696929931640625 1500
0.1708979606628418 1500
0.1708979606628418 1500
0.17216992378234863 1500
0.17287707328796387 1500
0.17396807670593262 1500
0.17396807670593262 1500
0.1746659278869629 1500
0.17596101760864258 1500
0.17596101760864258 1500
0.17693805694580078 1500
0.17806410789489746 1500
0.1788039207458496 1500
0.1788039207458496 1500
0.17995405197143555 1500
0.1809520721435547 1500
0.1809520721435547 1500
0.18205595016479492 1500
0.18317294120788574 1500
0.18372201919555664 1500
0.18372201919555664 1500
0.18498706817626953 1500
0.18603301048278809 1500
0.1867051124572754 1500
0.1867051124572754 1500
0.18798494338989258 1500
0.1891310214996338 1500
0.1891310214996338 1500
0.19018101692199707 1500
0.19125890731811523 1500
0.1918179988861084 1500
0.1918179988861084 1500
0.19280409812927246 1500
0.19454097747802734 1500
0.19454097747802734 1500
0.1951160430908203 1500
0.1961359977722168 1500
0.19704294204711914 1500
0.19704294204711914 1500
0.19788694381713867 1500
0.1991729736328125 1500
0.20185208320617676 1500
0.20185208320617676 1500
0.20185208320617676 1500
0.20185208320617676 1500
0.20185208320617676 1500
0.20383405685424805 1500
0.20399904251098633 1500
0.20496511459350586 1500
0.20496511459350586 1500
0.2059319019317627 1500
0.20708894729614258 1500
0.20708894729614258 1500
0.2077329158782959 1500
0.20880889892578125 1500
0.21013498306274414 1500
0.21013498306274414 1500
0.21160602569580078 1500
0.21229910850524902 1500
0.2132730484008789 1500
0.2132730484008789 1500
0.2137160301208496 1500
0.2171480655670166 1500
0.2171480655670166 1500
0.2171480655670166 1500
0.2172379493713379 1500
0.21859407424926758 1500
0.21859407424926758 1500
0.21915411949157715 1500
0.21993207931518555 1500
0.21993207931518555 1500
0.22066903114318848 1500
0.2240140438079834 1500
0.2240140438079834 1500
0.2240140438079834 1500
0.22508597373962402 1500
0.22508597373962402 1500
0.22716093063354492 1500
0.22716093063354492 1500
0.22716093063354492 1500
0.2277069091796875 1500
0.2289109230041504 1500
0.2289109230041504 1500
0.2310009002685547 1500
0.2310009002685547 1500
0.2310009002685547 1500
0.23192596435546875 1500
0.2329258918762207 1500
0.2329258918762207 1500
0.2340869903564453 1500
0.23536896705627441 1500
0.23566007614135742 1500
0.23566007614135742 1500
0.23797202110290527 1500
0.23801898956298828 1500
0.2381300926208496 1500
0.23992300033569336 1500
0.23992300033569336 1500
0.2428739070892334 1500
0.2428739070892334 1500
0.2428739070892334 1500
0.24294805526733398 1500
0.24443602561950684 1500
0.24443602561950684 1500
0.24523401260375977 1500
0.24850106239318848 1500
0.24850106239318848 1500
0.24850106239318848 1500
0.24850106239318848 1500
0.2494950294494629 1500
0.2494950294494629 1500
0.24984502792358398 1500
0.25177001953125 1500
0.25177001953125 1500
0.25177001953125 1500
0.2534160614013672 1500
0.2538471221923828 1500
0.2538471221923828 1500
0.25556397438049316 1500
0.2558310031890869 1500
0.2584810256958008 1500
0.2584810256958008 1500
0.2584810256958008 1500
0.2598090171813965 1500
0.2598090171813965 1500
0.26047396659851074 1500
0.2610640525817871 1500
0.2618260383605957 1500
0.2618260383605957 1500
0.26339006423950195 1500
0.2650759220123291 1500
0.2650759220123291 1500
0.2650759220123291 1500
0.2662351131439209 1500
0.26680493354797363 1500
0.26680493354797363 1500
0.2688159942626953 1500
0.2688159942626953 1500
0.2699599266052246 1500
0.2699599266052246 1500
0.2709670066833496 1500
0.2719240188598633 1500
0.2719240188598633 1500
0.2738471031188965 1500
0.2738471031188965 1500
0.275285005569458 1500
0.275285005569458 1500
0.2760460376739502 1500
0.2772390842437744 1500
0.2772390842437744 1500
0.2781860828399658 1500
0.27898311614990234 1500
0.2800729274749756 1500
0.2800729274749756 1500
0.28105902671813965 1500
0.2820160388946533 1500
0.2827169895172119 1500
0.2827169895172119 1500
0.28540492057800293 1500
0.28540492057800293 1500
0.28540492057800293 1500
0.28657007217407227 1500
0.2875180244445801 1500
0.28800511360168457 1500
0.28800511360168457 1500
0.2888789176940918 1500
0.28996801376342773 1500
0.28996801376342773 1500
0.292233943939209 1500
0.292233943939209 1500
0.2932279109954834 1500
0.2932279109954834 1500
0.29376792907714844 1500
0.2951679229736328 1500
0.295820951461792 1500
0.295820951461792 1500
0.29702210426330566 1500
0.29778003692626953 1500
0.29778003692626953 1500
0.2992980480194092 1500
0.3009049892425537 1500
0.3009049892425537 1500
0.3009049892425537 1500
0.302825927734375 1500
0.30286097526550293 1500
0.3029780387878418 1500
0.30450010299682617 1500
0.30611395835876465 1500
0.30611395835876465 1500
0.30611395835876465 1500
0.30735206604003906 1500
0.3079969882965088 1500
0.3092520236968994 1500
0.3092520236968994 1500
0.3099830150604248 1500
0.31108593940734863 1500
0.3111081123352051 1500
0.3117859363555908 1500
0.314378023147583 1500
0.314378023147583 1500
0.314378023147583 1500
0.3147449493408203 1500
0.3162410259246826 1500
0.3162410259246826 1500
0.31740498542785645 1500
0.31763195991516113 1500
0.3196589946746826 1500
0.3196589946746826 1500
0.32000303268432617 1500
0.3210930824279785 1500
0.32355499267578125 1500
0.32355499267578125 1500
0.32355499267578125 1500
0.3238101005554199 1500
0.323930025100708 1500
0.32537293434143066 1500
0.32586193084716797 1500
0.3271350860595703 1500
0.3271350860595703 1500
0.32776403427124023 1500
0.32904505729675293 1500
0.32904505729675293 1500
0.3300340175628662 1500
0.3307769298553467 1500
0.33234095573425293 1500
0.33234095573425293 1500
0.3330991268157959 1500
0.3342409133911133 1500
0.3349618911743164 1500
0.3349618911743164 1500
0.3362550735473633 1500
0.33702611923217773 1500
0.33702611923217773 1500
0.33792710304260254 1500
0.3390641212463379 1500
0.34121203422546387 1500
0.34121203422546387 1500
0.34121203422546387 1500
0.3419919013977051 1500
0.3419919013977051 1500
0.34304094314575195 1500
0.3440821170806885 1500
0.3448770046234131 1500
0.3448770046234131 1500
0.34616994857788086 1500
0.34681200981140137 1500
0.3482639789581299 1500
0.3482639789581299 1500
0.34902095794677734 1500
0.34985995292663574 1500
0.34985995292663574 1500
0.3516819477081299 1500
0.35320591926574707 1500
0.35320591926574707 1500
0.35320591926574707 1500
0.35397791862487793 1500
0.35622692108154297 1500
0.35622692108154297 1500
0.35622692108154297 1500
0.3577868938446045 1500
0.3584580421447754 1500
0.3584580421447754 1500
0.3597900867462158 1500
0.3597900867462158 1500
0.3619201183319092 1500
0.3619201183319092 1500
0.3619201183319092 1500
0.3633079528808594 1500
0.3633079528808594 1500
0.3636929988861084 1500
0.3651590347290039 1500
0.3665189743041992 1500
0.3665189743041992 1500
0.3683290481567383 1500
0.3683290481567383 1500
0.3683290481567383 1500
0.3696599006652832 1500
0.3696599006652832 1500
0.3713099956512451 1500
0.3713099956512451 1500
0.3723459243774414 1500
0.3735790252685547 1500
0.3741779327392578 1500
0.3741779327392578 1500
0.3752460479736328 1500
0.3759450912475586 1500
0.3759450912475586 1500
0.37714099884033203 1500
0.37777090072631836 1500
0.37880706787109375 1500
0.37880706787109375 1500
0.38036394119262695 1500
0.3808588981628418 1500
0.3808588981628418 1500
0.3818950653076172 1500
0.383012056350708 1500
0.3867659568786621 1500
0.3867659568786621 1500
0.3867659568786621 1500
0.3867659568786621 1500
0.3880119323730469 1500
0.3880119323730469 1500
0.3880119323730469 1500
0.38984107971191406 1500
0.38984107971191406 1500
0.3903219699859619 1500
0.3912661075592041 1500
0.39197492599487305 1500
0.3919990062713623 1500
0.39301109313964844 1500
0.39441895484924316 1500
0.39441895484924316 1500
0.3945949077606201 1500
0.39620089530944824 1500
0.39708995819091797 1500
0.39708995819091797 1500
0.3992500305175781 1500
0.3992500305175781 1500
0.3992500305175781 1500
0.399946928024292 1500
0.4010779857635498 1500
0.40209102630615234 1500
0.40209102630615234 1500
0.4031100273132324 1500
0.4038980007171631 1500
0.40481996536254883 1500
0.40481996536254883 1500
0.4058680534362793 1500
0.40696001052856445 1500
0.40696001052856445 1500
0.40799403190612793 1500
0.40930700302124023 1500
0.41019105911254883 1500
0.41019105911254883 1500
0.4111180305480957 1500
0.4139699935913086 1500
0.4139699935913086 1500
0.4139699935913086 1500
0.41404199600219727 1500
0.4157440662384033 1500
0.4157440662384033 1500
0.4157440662384033 1500
0.41687512397766113 1500
0.4181098937988281 1500
0.4181098937988281 1500
0.419111967086792 1500
0.4203519821166992 1500
0.4203519821166992 1500
0.4211099147796631 1500
0.42194509506225586 1500
0.4228329658508301 1500
0.4228329658508301 1500
0.4239389896392822 1500
0.42484092712402344 1500
0.42484092712402344 1500
0.42716002464294434 1500
0.42716002464294434 1500
0.42827892303466797 1500
0.42827892303466797 1500
0.4294729232788086 1500
0.4302859306335449 1500
0.430941104888916 1500
0.430941104888916 1500
0.4321908950805664 1500
0.4333939552307129 1500
0.4333939552307129 1500
0.4341881275177002 1500
0.43488097190856934 1500
0.436229944229126 1500
0.436229944229126 1500
0.4368109703063965 1500
0.4383981227874756 1500
0.4383981227874756 1500
0.43902111053466797 1500
0.4418509006500244 1500
0.4418509006500244 1500
0.4418509006500244 1500
0.4430420398712158 1500
0.4430420398712158 1500
0.4450199604034424 1500
0.4450199604034424 1500
0.44521093368530273 1500
0.4466400146484375 1500
0.4466400146484375 1500
0.4484860897064209 1500
0.4484860897064209 1500
0.44930291175842285 1500
0.44930291175842285 1500
0.45014309883117676 1500
0.4509880542755127 1500
0.4509880542755127 1500
0.4522590637207031 1500
0.453049898147583 1500
0.4542050361633301 1500
0.4542050361633301 1500
0.45500993728637695 1500
0.45590710639953613 1500
0.45720410346984863 1500
0.45720410346984863 1500
0.45802807807922363 1500
0.45920491218566895 1500
0.45920491218566895 1500
0.45998096466064453 1500
0.46208691596984863 1500
0.46208691596984863 1500
0.46208691596984863 1500
0.46320390701293945 1500
0.464292049407959 1500
0.464292049407959 1500
0.4651920795440674 1500
0.46582508087158203 1500
0.4684579372406006 1500
0.4684579372406006 1500
0.4684579372406006 1500
0.4692270755767822 1500
0.4696841239929199 1500
0.4696841239929199 1500
0.47123193740844727 1500
0.47200703620910645 1500
0.47200703620910645 1500
0.4746379852294922 1500
0.4746379852294922 1500
0.47508692741394043 1500
0.47508692741394043 1500
0.4761240482330322 1500
0.4769248962402344 1500
0.4769248962402344 1500
0.478255033493042 1500
0.4793400764465332 1500
0.48000597953796387 1500
0.48000597953796387 1500
0.4811971187591553 1500
0.48227405548095703 1500
0.48438191413879395 1500
0.48438191413879395 1500
0.48438191413879395 1500
0.48528099060058594 1500
0.48528099060058594 1500
0.4864029884338379 1500
0.48723912239074707 1500
0.48789095878601074 1500
0.48789095878601074 1500
0.4889230728149414 1500
0.4898490905761719 1500
0.4898490905761719 1500
0.4912879467010498 1500
0.4921600818634033 1500
0.4935109615325928 1500
0.4935109615325928 1500
0.4938540458679199 1500
0.49540090560913086 1500
0.496074914932251 1500
0.496074914932251 1500
0.4969661235809326 1500
0.499406099319458 1500
0.499406099319458 1500
0.499406099319458 1500
0.5000860691070557 1500
0.5018250942230225 1500
