8451
0.0 235
0.0 217
0.06470394134521484 213
0.06470584869384766 254
0.13065290451049805 214
0.13065481185913086 246
0.19634294509887695 213
0.19634389877319336 266
0.2622568607330322 196
0.26225781440734863 267
0.30875682830810547 101
0.32880401611328125 201
0.32880496978759766 273
0.39354801177978516 225
0.39354801177978516 274
0.45897793769836426 231
0.45897889137268066 276
0.5263428688049316 245
0.526343822479248 266
0.6145868301391602 237
0.6145899295806885 247
0.6145908832550049 101
0.657890796661377 248
0.6578919887542725 249
0.7253899574279785 227
0.7253918647766113 264
0.7904398441314697 216
0.7904407978057861 263
0.8556737899780273 234
0.8556749820709229 247
0.9010908603668213 101
0.9215679168701172 223
0.9215679168701172 249
0.9886589050292969 217
0.9886608123779297 250
1.0534069538116455 198
1.0534069538116455 267
