8291
0.0 214
0.021651029586791992 294
0.04426002502441406 222
0.061532020568847656 297
0.061533212661743164 95
0.08241701126098633 220
0.10622620582580566 306
0.12111401557922363 221
0.14057517051696777 297
0.16503405570983887 203
0.1665210723876953 107
0.2002570629119873 279
0.21404123306274414 196
0.23136210441589355 258
0.23136305809020996 192
0.2486860752105713 270
0.2748842239379883 191
0.29520702362060547 271
0.3384251594543457 189
0.35645508766174316 274
0.35645604133605957 192
0.38010716438293457 270
0.4018721580505371 200
0.4232161045074463 262
0.4471170902252197 192
0.46731114387512207 255
0.4867122173309326 189
0.5073020458221436 261
0.5366652011871338 189
0.554009199142456 259
0.554009199142456 179
0.5710020065307617 269
0.5908451080322266 189
0.619948148727417 255
0.6379899978637695 174
0.6610331535339355 214
0.6788051128387451 146
