8227
0.0 145
1.1920928955078125e-06 162
1.1920928955078125e-06 107
0.03034520149230957 115
0.0668489933013916 102
0.10532116889953613 85
0.14275312423706055 102
0.14311718940734863 85
0.14311814308166504 102
0.1493391990661621 85
0.18094205856323242 102
0.222121000289917 85
0.24486112594604492 102
0.24486207962036133 85
0.34882211685180664 102
0.34882211685180664 85
0.34882211685180664 102
0.34882307052612305 85
0.34882307052612305 102
0.3879201412200928 85
0.39035511016845703 102
0.42214417457580566 85
0.4396049976348877 102
0.5144760608673096 85
0.514477014541626 102
0.545802116394043 85
0.5458030700683594 102
0.5458030700683594 85
0.5458040237426758 62
0.5594279766082764 117
0.5594291687011719 125
0.5699620246887207 208
0.5747990608215332 142
0.6182811260223389 171
0.6350209712982178 129
0.6398639678955078 148
0.6676340103149414 104
0.6940841674804688 125
0.710780143737793 95
0.7318329811096191 108
0.7460072040557861 93
0.7460081577301025 95
0.7825181484222412 105
0.7927310466766357 123
0.7927320003509521 85
0.8208281993865967 108
0.8208291530609131 88
1.0085430145263672 105
1.0085439682006836 85
1.008545160293579 108
1.008545160293579 88
1.0085461139678955 105
1.0085461139678955 85
1.0085461139678955 108
1.008547067642212 88
1.008547067642212 107
1.0138590335845947 105
1.036741018295288 85
1.0460011959075928 108
1.0840129852294922 88
1.1088740825653076 105
1.1170451641082764 85
1.1444480419158936 108
1.149770975112915 87
1.1835131645202637 109
1.18351411819458 91
1.2020790576934814 126
1.2196130752563477 98
1.2343361377716064 122
1.2742910385131836 98
1.275334119796753 108
1.3970181941986084 88
1.3970191478729248 102
1.3970191478729248 88
1.3970201015472412 108
1.3970201015472412 88
1.4295730590820312 105
1.4447760581970215 100
1.4754271507263184 142
