1049960
0.0 52
0.0058858394622802734 40
0.0067288875579833984 196
0.011768817901611328 40
0.013833999633789062 40
0.01764988899230957 1500
0.01764988899230957 1500
0.01764988899230957 1500
0.017720937728881836 1500
0.01782393455505371 1500
0.01782393455505371 1500
0.01782393455505371 1500
0.019009828567504883 1500
0.019873857498168945 1500
0.020756006240844727 1500
0.023185014724731445 1500
0.02349090576171875 393
0.024640798568725586 1500
0.025825023651123047 1500
0.027832984924316406 1500
0.028618812561035156 1500
0.030507802963256836 1500
0.03175997734069824 1500
0.03292989730834961 1500
0.03443598747253418 1500
0.035542964935302734 1500
0.037793874740600586 1500
0.03873181343078613 1500
0.040979862213134766 393
0.040979862213134766 1500
0.04163479804992676 1500
0.0439298152923584 1500
0.04462885856628418 1500
0.04674792289733887 1500
0.04761791229248047 1500
0.04955482482910156 1500
0.05053591728210449 1500
0.05262279510498047 1500
0.05378293991088867 1500
0.05742979049682617 1500
0.05742979049682617 1500
0.058026790618896484 1500
0.05996990203857422 1500
0.06079602241516113 1500
0.06258702278137207 1500
0.0636909008026123 1500
0.06582188606262207 1500
0.0668950080871582 1500
0.06879687309265137 1500
0.06966185569763184 1500
0.07055187225341797 1500
0.07293987274169922 1500
0.07363080978393555 1500
0.0754859447479248 1500
0.07685589790344238 1500
0.0787038803100586 1500
0.08068990707397461 1500
0.08154702186584473 1500
0.08275294303894043 1500
0.08358979225158691 1500
0.0859529972076416 1500
0.08682084083557129 1500
0.08864498138427734 1500
0.08943486213684082 1500
0.09184789657592773 1500
0.09387683868408203 1500
0.09505701065063477 1500
0.09542393684387207 1500
0.09655094146728516 1500
0.09876084327697754 1500
0.09949398040771484 1500
0.10187196731567383 1500
0.10256385803222656 1500
0.10828900337219238 1500
0.10828900337219238 1500
0.10828900337219238 1500
0.10875391960144043 1500
0.10971999168395996 1500
0.11158394813537598 1500
0.11255788803100586 1500
0.11486983299255371 1500
0.11551594734191895 1500
0.11906886100769043 1500
0.11906886100769043 1500
0.12072491645812988 1500
0.12161087989807129 1500
0.12263298034667969 1500
0.12470889091491699 1500
0.125532865524292 1500
0.1276228427886963 1500
0.12844300270080566 1500
0.13081693649291992 1500
0.13164901733398438 1500
0.13350701332092285 1500
0.13481688499450684 1500
0.13591599464416504 1500
0.1378769874572754 1500
0.13849282264709473 1500
0.14079594612121582 1500
0.14269280433654785 1500
0.1435840129852295 1500
0.14478302001953125 1500
0.14681601524353027 1500
0.14759087562561035 1500
0.14866089820861816 1500
0.15048480033874512 1500
0.15166497230529785 1500
0.15456485748291016 1500
0.15456485748291016 1500
0.15689301490783691 1500
0.15767192840576172 1500
0.15951299667358398 1500
0.16053986549377441 1500
0.16162896156311035 1500
0.16353082656860352 1500
0.16445183753967285 1500
0.1680610179901123 1500
0.1680610179901123 1500
0.1711900234222412 1500
0.1711900234222412 1500
0.17256593704223633 1500
0.17374682426452637 1500
0.17470502853393555 1500
0.17681479454040527 1500
0.17772388458251953 1500
0.17979979515075684 1500
0.18052101135253906 1500
0.1827399730682373 1500
0.1838698387145996 1500
0.18601179122924805 1500
0.1865699291229248 1500
0.18769502639770508 1500
0.19100689888000488 1500
0.19100689888000488 1500
0.1932668685913086 1500
0.19414091110229492 1500
0.19693994522094727 1500
0.19773483276367188 1500
0.20032191276550293 1500
0.20104598999023438 1500
0.20136284828186035 1500
0.20281291007995605 1500
0.2040109634399414 1500
0.2057199478149414 1500
0.20824980735778809 1500
0.20888996124267578 1500
0.20981788635253906 1500
0.2129979133605957 1500
0.2130730152130127 1500
0.21369290351867676 1500
0.21558880805969238 1500
0.21657395362854004 1500
0.21871685981750488 1500
0.22011184692382812 1500
0.22306585311889648 1500
0.22315287590026855 1500
0.22484183311462402 1500
0.22551298141479492 1500
0.22728800773620605 1500
0.2288219928741455 1500
0.22954583168029785 1500
0.23166489601135254 1500
0.23270702362060547 1500
0.2346198558807373 1500
0.23550701141357422 1500
0.23772883415222168 1500
0.23891496658325195 1500
0.2397449016571045 1500
0.2417588233947754 1500
0.24246597290039062 1500
0.24460601806640625 1500
0.2455759048461914 1500
0.2479228973388672 1500
0.24872899055480957 1500
0.2508838176727295 1500
0.2516899108886719 1500
0.2529778480529785 1500
0.25481700897216797 1500
0.2561039924621582 1500
0.2586658000946045 1500
0.2586658000946045 1500
0.260814905166626 1500
0.26148390769958496 1500
0.2637779712677002 1500
0.2649388313293457 1500
0.2657139301300049 1500
0.26829099655151367 1500
0.2687079906463623 1500
0.2709670066833496 1500
0.2717478275299072 1500
0.27385592460632324 1500
0.27481985092163086 1500
0.2768979072570801 1500
0.2778279781341553 1500
0.27870702743530273 1500
0.2807948589324951 1500
0.28197193145751953 1500
0.28386902809143066 1500
0.2846248149871826 1500
0.2868618965148926 1500
0.28757190704345703 1500
0.28993988037109375 1500
0.2906198501586914 1500
0.29154300689697266 1500
0.2938358783721924 1500
0.29470396041870117 1500
0.29694080352783203 1500
0.29778099060058594 1500
0.3000478744506836 1500
0.3007228374481201 1500
0.3027348518371582 1500
0.308758020401001 1500
0.308758020401001 1500
0.308758020401001 1500
0.308758020401001 1500
0.3100118637084961 1500
0.3109419345855713 1500
0.3126399517059326 1500
0.3138718605041504 1500
0.3160719871520996 1500
0.31772780418395996 1500
0.31772780418395996 1500
0.31963086128234863 1500
0.32052183151245117 1500
0.3226449489593506 1500
0.3236069679260254 1500
0.32608580589294434 1500
0.3267509937286377 1500
0.32863879203796387 1500
0.32974791526794434 1500
0.33096885681152344 1500
0.33282899856567383 1500
0.3335139751434326 1500
0.3359658718109131 1500
0.3367798328399658 1500
0.3400709629058838 1500
0.3400709629058838 1500
0.34157681465148926 1500
0.34274888038635254 1500
0.3439218997955322 1500
0.34590792655944824 1500
0.3467879295349121 1500
0.34859800338745117 1500
0.35003089904785156 1500
0.35157179832458496 1500
0.3529548645019531 1500
0.3548119068145752 1500
0.35578179359436035 1500
0.3568248748779297 1500
0.3588888645172119 1500
0.35982584953308105 1500
0.3629779815673828 1500
0.3629779815673828 1500
0.36488986015319824 1500
0.36607789993286133 1500
0.3678748607635498 1500
0.3688528537750244 1500
0.3700850009918213 1500
0.37202000617980957 1500
0.37350893020629883 1500
0.37482285499572754 1500
0.37546801567077637 1500
0.37764883041381836 1500
0.3784809112548828 1500
0.3809359073638916 1500
0.3815488815307617 1500
0.3827519416809082 1500
0.38591980934143066 1500
0.38591980934143066 1500
0.3919038772583008 1500
0.3919038772583008 1500
0.3919038772583008 1500
0.3919038772583008 1500
0.39362287521362305 1500
0.3948709964752197 1500
0.3957698345184326 1500
0.3976709842681885 1500
0.3986349105834961 1500
0.4009699821472168 1500
0.40158987045288086 1500
0.40665483474731445 1500
0.40665483474731445 1500
0.40665483474731445 1500
0.4094858169555664 1500
0.4094858169555664 1500
0.4114508628845215 1500
0.4115729331970215 1500
0.4137289524078369 1500
0.4144887924194336 1500
0.41660380363464355 1500
0.4175238609313965 1500
0.41977882385253906 1500
0.42054200172424316 1500
0.4215888977050781 1500
0.42375898361206055 1500
0.4244859218597412 1500
0.4266088008880615 1500
0.4276130199432373 1500
0.4294719696044922 1500
0.4304819107055664 1500
0.4328269958496094 1500
0.43359994888305664 1500
0.43459081649780273 1500
0.4365198612213135 1500
0.437654972076416 1500
0.43971800804138184 1500
0.4405529499053955 1500
0.4428708553314209 1500
0.4435708522796631 1500
0.44553399085998535 1500
0.4467759132385254 1500
0.4474928379058838 1500
0.4495978355407715 1500
0.45044398307800293 1500
0.45416879653930664 1500
0.45416879653930664 1500
0.4557340145111084 1500
0.45662879943847656 1500
0.4588468074798584 1500
0.45978879928588867 1500
0.46060800552368164 1500
0.4628429412841797 1500
0.46357297897338867 1500
0.4656398296356201 1500
0.46686387062072754 1500
0.4687058925628662 1500
0.4698479175567627 1500
0.47193384170532227 1500
0.47261500358581543 1500
0.47357797622680664 1500
0.4756448268890381 1500
0.4778468608856201 1500
0.47937893867492676 1500
0.4795060157775879 1500
0.4818270206451416 1500
0.4824190139770508 1500
0.4848179817199707 1500
0.4856100082397461 1500
0.4879939556121826 1500
0.4885549545288086 1500
0.48958301544189453 1500
0.49187588691711426 1500
0.49262094497680664 1500
0.49478983879089355 1500
0.49559783935546875 1500
0.49750590324401855 1500
0.49842381477355957 1500
0.4996819496154785 1500
0.5015239715576172 1500
0.502734899520874 1500
0.5045177936553955 1500
0.5058917999267578 1500
0.5091228485107422 1500
0.5091228485107422 1500
0.5104758739471436 1500
0.5114569664001465 1500
0.512556791305542 1500
0.5146307945251465 1500
0.515448808670044 1500
0.5175797939300537 1500
0.5194969177246094 1500
0.5213348865509033 1500
0.5217669010162354 1500
0.523770809173584 1500
0.5246269702911377 1500
0.5258579254150391 1500
0.5276288986206055 1500
0.5286509990692139 1500
0.530580997467041 1500
0.5314300060272217 1500
0.5334479808807373 1500
0.5348069667816162 1500
0.5368149280548096 1500
0.5373959541320801 1500
0.5388848781585693 1500
0.5404210090637207 1500
0.5419487953186035 1500
0.5439178943634033 1500
0.5444409847259521 1500
0.5467729568481445 1500
0.5474429130554199 1500
0.5498678684234619 1500
0.556729793548584 1500
0.556729793548584 1500
0.556729793548584 1500
0.556729793548584 1500
0.5569438934326172 1500
0.5577468872070312 1500
0.5595619678497314 1500
0.5606269836425781 1500
0.5624668598175049 1500
0.5638749599456787 1500
0.5645229816436768 1500
0.5668959617614746 1500
0.5675148963928223 1500
0.5698559284210205 1500
0.5713028907775879 1500
0.573814868927002 1500
0.573814868927002 1500
0.5755219459533691 1500
0.5764758586883545 1500
0.577523946762085 1500
0.5798888206481934 1500
0.5804269313812256 1500
0.5830168724060059 1500
0.5834479331970215 1500
0.5859639644622803 1500
0.5866429805755615 1500
0.5886859893798828 1500
0.5893959999084473 1500
0.5906968116760254 1500
0.5926778316497803 1500
0.5936279296875 1500
0.5954368114471436 1500
0.596625804901123 1500
0.5986819267272949 1500
0.5995290279388428 1500
0.6017739772796631 1500
0.6026139259338379 1500
0.603626012802124 1500
0.6057858467102051 1500
0.6069698333740234 1500
0.6087968349456787 1500
0.6097579002380371 1500
0.6118099689483643 1500
0.6182429790496826 1500
0.6182429790496826 1500
0.6182429790496826 1500
0.6182429790496826 1500
0.6186318397521973 1500
0.619818925857544 1500
0.6258029937744141 1500
0.6258029937744141 1500
0.6258029937744141 1500
0.6258029937744141 1500
0.6280019283294678 1500
0.6285748481750488 1500
0.6296699047088623 1500
0.6319749355316162 1500
0.6324098110198975 1500
0.6348459720611572 1500
0.635422945022583 1500
0.6404600143432617 1500
0.6404600143432617 1500
0.6408419609069824 1500
0.6414840221405029 1500
0.6430308818817139 1500
0.6445639133453369 1500
0.645758867263794 1500
0.6476898193359375 1500
0.6526110172271729 1500
0.6526110172271729 1500
0.6526110172271729 1500
0.6548388004302979 1500
0.6548948287963867 1500
0.6557478904724121 1500
0.6576488018035889 1500
0.6585860252380371 1500
0.6609559059143066 1500
0.6614868640899658 1500
0.6638460159301758 1500
0.6645548343658447 1500
0.6668868064880371 1500
0.667611837387085 1500
0.6689519882202148 1500
0.6710419654846191 1500
0.6715469360351562 1500
0.6738119125366211 980
0.7326970100402832 40
0.7372539043426514 1500
0.7372539043426514 1500
0.7373578548431396 1500
0.7375719547271729 1500
0.7375719547271729 1500
0.7375719547271729 1500
0.737684965133667 1500
0.7382359504699707 1500
0.7385859489440918 1500
0.739670991897583 1500
0.7422168254852295 1500
0.7426338195800781 393
0.743884801864624 1500
0.7449460029602051 1500
0.7467138767242432 1500
0.7480888366699219 1500
0.7500150203704834 1500
0.7508738040924072 1500
0.751878023147583 1500
0.7539389133453369 1500
0.7546038627624512 1500
0.7565708160400391 1500
0.7579607963562012 1500
0.7600629329681396 393
0.7602818012237549 1500
0.7605798244476318 1500
0.7628388404846191 1500
0.7639479637145996 1500
0.7656738758087158 1500
0.7665679454803467 1500
0.7687788009643555 1500
0.7700798511505127 1500
0.7715389728546143 1500
0.7728438377380371 1500
0.7759578227996826 1500
0.7761127948760986 1500
0.7768068313598633 1500
0.7787787914276123 1500
0.779871940612793 1500
0.7819998264312744 1500
0.7824509143829346 1500
0.7860639095306396 1500
0.7860639095306396 1500
0.7878689765930176 1500
0.7890148162841797 1500
0.7895998954772949 1500
0.7918939590454102 1500
0.792874813079834 1500
0.7946438789367676 1500
0.7959718704223633 1500
0.7976858615875244 1500
0.7985517978668213 1500
0.8006258010864258 1500
0.8014500141143799 1500
0.8035809993743896 1500
0.8047988414764404 1500
0.8058068752288818 1500
0.8079237937927246 1500
0.8085529804229736 1500
0.8110208511352539 1500
0.811460018157959 1500
0.8137879371643066 1500
0.8146059513092041 1500
0.815608024597168 1500
0.8174409866333008 1500
0.8187777996063232 1500
0.8207309246063232 1500
0.8217248916625977 1500
0.8236649036407471 1500
0.8246018886566162 1500
0.8264658451080322 1500
0.8277959823608398 1500
0.8290538787841797 1500
0.8309319019317627 1500
0.8314449787139893 1500
0.8337018489837646 1500
0.8344788551330566 1500
0.8366308212280273 1500
0.8374369144439697 1500
0.8395848274230957 1500
0.8411779403686523 1500
0.8417119979858398 1500
0.8440008163452148 1500
0.8445618152618408 1500
0.8469038009643555 1500
0.8475339412689209 1500
0.850071907043457 1500
0.8509349822998047 1500
0.8526649475097656 1500
0.8534388542175293 1500
0.8545289039611816 1500
0.8566739559173584 1500
0.857968807220459 1500
0.8597359657287598 1500
0.8607749938964844 1500
0.8625550270080566 1500
0.863440990447998 1500
0.8658068180084229 1500
0.8668019771575928 1500
0.867607831954956 1500
0.8694198131561279 1500
0.8707888126373291 1500
0.8728117942810059 1500
0.8735148906707764 1500
0.8754808902740479 1500
0.8764820098876953 1500
0.8802378177642822 1500
0.8802978992462158 1500
0.8806109428405762 1500
0.8828918933868408 1500
0.883415937423706 1500
0.8859729766845703 1500
0.8864929676055908 1500
0.8900699615478516 1500
0.8900699615478516 1500
0.891758918762207 1500
0.8927309513092041 1500
0.8935267925262451 1500
0.8957889080047607 1500
0.8964688777923584 1500
0.8996059894561768 1500
0.8996059894561768 1500
0.9015259742736816 1500
0.9026370048522949 1500
0.9048628807067871 1500
0.9054019451141357 1500
0.906458854675293 1500
0.9085969924926758 1500
0.9100689888000488 1500
0.9118459224700928 1500
0.9124128818511963 1500
0.9145498275756836 1500
0.9158740043640137 1500
0.9176828861236572 1500
0.9185819625854492 1500
0.9196770191192627 1500
0.9214329719543457 1500
0.9226469993591309 1500
0.9246828556060791 1500
0.9255919456481934 1500
0.9279818534851074 1500
0.9286558628082275 1500
0.9308269023895264 1500
0.9314358234405518 1500
0.9332799911499023 1500
0.9345288276672363 1500
0.935438871383667 1500
0.9376399517059326 1500
0.9385299682617188 1500
0.9408679008483887 1500
0.9415619373321533 1500
0.9438238143920898 1500
0.9486780166625977 1500
0.9486780166625977 1500
0.9486780166625977 1500
0.9486780166625977 1500
0.9504950046539307 1500
0.951650857925415 1500
0.953636884689331 1500
0.9548499584197998 1500
0.9580118656158447 1500
0.9580469131469727 1500
0.9585378170013428 1500
0.9607899188995361 1500
0.9614148139953613 1500
0.9639348983764648 1500
0.9644179344177246 1500
0.9669198989868164 1500
0.9674098491668701 1500
0.9698209762573242 1500
0.9706590175628662 1500
0.971451997756958 1500
0.9738860130310059 1500
0.9744420051574707 1500
0.9766387939453125 1500
0.9774279594421387 1500
0.9810938835144043 1500
0.9810938835144043 1500
0.9825799465179443 1500
0.9833908081054688 1500
0.9847609996795654 1500
0.9868957996368408 1500
0.9877018928527832 1500
0.9896910190582275 1500
0.9904348850250244 1500
0.9926819801330566 1500
0.9938127994537354 1500
0.9958570003509521 1500
0.9965558052062988 1500
0.9977648258209229 1500
0.999737024307251 1500
1.0004408359527588 1500
1.0041208267211914 1500
1.0041208267211914 1500
1.0058038234710693 1500
1.006680965423584 1500
1.008772850036621 1500
1.0094687938690186 1500
1.0108067989349365 1500
1.0129098892211914 1500
1.0135078430175781 1500
1.0155940055847168 1500
1.0164358615875244 1500
1.0189368724822998 1500
1.0195698738098145 1500
1.0219039916992188 1500
1.0225868225097656 1500
1.0236499309539795 1500
1.0257508754730225 1500
1.0277249813079834 1500
1.028639793395996 1500
1.0296709537506104 1500
1.031677007675171 1500
1.0325398445129395 1500
1.0345418453216553 1500
1.035531997680664 1500
1.0377278327941895 1500
1.0407428741455078 1500
1.0407428741455078 1500
1.041881799697876 1500
1.042759895324707 1500
1.0448899269104004 1500
1.0458128452301025 1500
1.04805588722229 1500
1.0486979484558105 1500
1.0509319305419922 1500
1.0519018173217773 1500
1.052724838256836 1500
1.0605278015136719 1500
1.0605278015136719 1500
1.0605278015136719 1500
1.0605278015136719 1500
1.0608630180358887 1500
1.0618438720703125 1500
1.0627639293670654 1500
1.0648260116577148 1500
1.0654268264770508 1500
1.067978858947754 1500
1.0684378147125244 1500
1.074042797088623 1500
