39592
0.0 49
4.9971049999999995 49
10.009924 49
14.997857 49
20.002876 49
24.994008 49
29.995175 49
35.008102 49
39.994134 49
45.004575 49
50.000146 49
55.004726000000005 49
60.00197 49
64.997795 49
69.998062 49
74.99936000000001 49
80.007306 49
84.99295000000001 49
90.001732 49
94.994012 49
100.003806 49
105.003922 49
109.996607 49
115.007227 49
119.99862300000001 49
124.992676 49
130.00464499999998 49
135.006601 49
140.00474899999998 49
145.006586 49
149.998086 49
154.998627 49
159.99443699999998 49
164.99113899999998 49
169.99996 49
174.995737 49
179.995985 49
184.993656 49
190.001622 49
195.001794 49
199.991556 49
205.00519799999998 49
210.00485999999998 49
214.99660799999998 49
220.00489299999998 49
224.99649499999998 49
229.98986499999998 49
234.98925 49
240.000766 49
245.00423999999998 49
249.99854299999998 49
255.002205 49
259.99991 49
265.00119 49
269.995481 49
274.993115 49
279.989008 49
285.00318999999996 49
290.003375 49
294.99726799999996 49
299.994375 49
304.994616 49
309.998293 49
314.99048999999997 49
319.989448 49
324.98731599999996 49
329.987747 49
334.993704 49
339.988245 49
345.00207 49
349.993253 49
354.986782 49
359.993791 49
364.99265099999997 49
370.000514 49
374.99354999999997 49
379.985779 49
384.98778699999997 49
390.000619 49
394.99310199999996 49
399.999633 49
404.99134599999996 49
409.99845899999997 49
414.99035 49
419.986266 49
424.99192999999997 49
429.999888 49
434.98902599999997 49
439.996302 49
444.992196 49
449.987905 49
454.995545 49
459.986471 49
464.993808 49
469.991556 49
474.998717 49
479.98994 49
484.99089499999997 49
489.985932 49
494.990044 49
499.992397 49
504.998441 49
509.99378 49
514.997194 49
519.9861860000001 49
524.9943820000001 49
529.9868210000001 49
534.9942500000001 49
539.986206 49
544.9909180000001 49
549.9889380000001 49
554.984064 49
559.9820870000001 49
564.986532 49
569.99626 49
574.985093 49
579.992325 49
584.995229 49
589.9812880000001 49
594.988201 49
599.9956480000001 49
604.9919520000001 49
609.9947390000001 49
614.986444 49
619.98712 49
624.9879470000001 49
629.985133 49
634.9852430000001 49
639.9902920000001 49
644.982508 49
649.994812 49
654.9860510000001 49
659.9855160000001 49
664.994105 49
669.9853790000001 49
674.992241 49
679.993734 49
684.9889410000001 49
689.985795 49
694.98208 49
699.9832120000001 49
704.990355 49
709.988008 49
714.980807 49
719.988383 49
724.9816940000001 49
729.992913 49
734.993135 49
739.986523 49
744.9927110000001 49
749.9864130000001 49
754.986305 49
759.987197 49
764.979589 49
769.9871740000001 49
774.9902440000001 49
779.992065 49
784.976434 49
789.984054 49
794.991479 49
799.983368 49
804.990269 49
809.9907910000001 49
814.985979 49
819.977157 49
824.981162 49
829.9879450000001 49
834.9796560000001 49
839.980907 49
844.97769 49
849.990083 49
854.9874060000001 49
859.9789310000001 49
864.990077 49
869.979452 49
874.97955 49
879.9751140000001 49
884.988635 49
889.9849260000001 49
894.976947 49
899.9783170000001 49
904.9745720000001 49
909.9780930000001 49
914.9882200000001 49
919.988412 49
924.980099 49
929.9866850000001 49
934.9833010000001 49
939.975133 49
944.9855580000001 49
949.984226 49
954.9737600000001 49
959.977329 49
964.973199 49
969.9747970000001 49
974.9872210000001 49
979.974766 49
984.98683 49
989.9845610000001 49
994.9783630000001 49
999.978383 49
1004.981799 49
1009.985393 49
1014.9765540000001 49
1019.9713750000001 49
1024.983628 49
1029.975154 49
1034.9861569999998 49
1039.9764209999998 49
1044.976708 49
1049.985193 49
1054.981793 49
1059.984917 49
1064.97407 49
1069.981882 49
1074.981266 49
1079.981522 49
1084.9730829999999 49
1089.977575 49
1094.975342 49
1099.982834 49
1104.974082 49
1109.9837539999999 49
1114.9687299999998 49
1119.981883 49
1124.9833469999999 49
1129.9682559999999 49
1134.9835659999999 49
1139.972125 49
1144.968241 49
1149.971404 49
1154.982857 49
1159.970093 49
1164.977022 49
1169.9744449999998 49
1174.9743119999998 49
1179.9703849999999 49
1184.970534 49
1189.982155 49
1194.9821029999998 49
1199.979081 49
1204.981531 49
1209.981622 49
1214.969989 49
1219.967933 49
1224.967029 49
1229.969149 49
1234.9725079999998 49
1239.966358 49
1244.98081 49
1249.980984 49
1254.971799 49
1259.978887 49
1264.980746 49
1269.977927 49
1274.9773699999998 49
1279.979852 49
1284.9735699999999 49
1289.965927 49
1294.979828 49
1299.973331 49
1304.9648519999998 49
1309.967823 49
1314.9789039999998 49
1319.970464 49
1324.978529 49
1329.978658 49
1334.9745779999998 49
1339.978586 49
1344.9635269999999 49
1349.977126 49
1354.9750709999998 49
1359.973679 49
1364.978008 49
1369.963287 49
1374.97443 49
1379.9660199999998 49
1384.962417 49
1389.974716 49
1394.976675 49
1399.969355 49
1404.9646129999999 49
1409.9770979999998 49
1414.9686669999999 49
1419.974667 49
1424.9613849999998 49
1429.973884 49
1434.968741 49
1439.9760649999998 49
1444.9616159999998 49
1449.9687709999998 49
1454.9663679999999 49
1459.96222 49
1464.965042 49
1469.9669139999999 49
1474.961033 49
1479.9679469999999 49
1484.9640029999998 49
1489.961736 49
1494.97317 49
1499.9752019999999 49
1504.966381 49
1509.9734409999999 49
1514.963939 49
1519.971583 49
1524.961807 49
1529.967082 49
1534.959188 49
1539.965988 49
1544.964761 49
1549.959426 49
1554.973428 49
1559.9650609999999 49
1564.965141 49
1569.9620909999999 49
1574.9634939999999 49
1579.9720189999998 49
1584.9579019999999 49
1589.957692 49
1594.961854 49
1599.970007 49
1604.968095 49
1609.9718329999998 49
1614.963546 49
1619.9597219999998 49
1624.9717469999998 49
1629.961652 49
1634.963073 49
1639.956315 49
1644.971077 49
1649.9628579999999 49
1654.95626 49
1659.9589979999998 49
1664.970644 49
1669.956557 49
1674.96678 49
1679.971057 49
1684.9554919999998 49
1689.9684 49
1694.9693539999998 49
1699.9633159999998 49
1704.961781 49
1709.963512 49
1714.954798 49
1719.9617369999999 49
1724.963505 49
1729.958877 49
1734.9656559999999 49
1739.968881 49
1744.9690799999998 49
1749.9692 49
1754.954331 49
1759.964835 49
1764.9687709999998 49
1769.960147 49
1774.954689 49
1779.953186 49
1784.963037 49
1789.960629 49
1794.962945 49
1799.963047 49
1804.966962 49
1809.967607 49
1814.958897 49
1819.967359 49
1824.9588939999999 49
1829.9539929999999 49
1834.96221 49
1839.966847 49
1844.9520209999998 49
1849.966342 49
1854.965905 49
1859.952082 49
1864.951429 49
1869.957363 49
1874.964514 49
1879.9543509999999 49
1884.9624609999998 49
1889.951415 49
1894.954749 49
1899.954209 49
1904.9651239999998 49
1909.9626309999999 49
1914.954147 49
1919.963166 49
1924.959192 49
1929.9638659999998 49
1934.95001 49
1939.963875 49
1944.950235 49
1949.952288 49
1954.953709 49
1959.9638109999999 49
1964.956229 49
1969.956974 49
1974.9636779999998 49
1979.9548539999998 49
1984.948891 49
1989.959559 49
1994.9633709999998 49
1999.9611619999998 49
2004.952816 49
2009.950445 49
2014.957708 49
2019.9616899999999 49
2024.962309 49
2029.961944 49
2034.962031 49
2039.9620009999999 49
2044.956868 49
2049.962119 49
2054.94748 49
2059.960091 49
2064.955039 49
2069.961844 49
2074.949481 49
2079.957245 49
2084.946028 49
2089.948586 49
2094.956186 49
2099.9609809999997 49
2104.954965 49
2109.9595329999997 49
2114.951694 49
2119.959814 49
2124.957814 49
2129.9534559999997 49
2134.954199 49
2139.959573 49
2144.949604 49
2149.953267 49
2154.948883 49
2159.948898 49
2164.94497 49
2169.947557 49
2174.947611 49
2179.943782 49
2184.945483 49
2189.95273 49
2194.9584179999997 49
2199.949368 49
2204.9552129999997 49
2209.943125 49
2214.950659 49
2219.945116 49
2224.9465959999998 49
2229.954516 49
2234.957237 49
2239.947906 49
2244.957188 49
2249.946461 49
2254.953786 49
2259.94379 49
2264.956012 49
2269.947926 49
2274.951136 49
2279.953498 49
2284.942435 49
2289.956045 49
2294.948038 49
2299.952911 49
2304.951779 49
2309.9558939999997 49
2314.95487 49
2319.943523 49
2324.9403939999997 49
2329.940551 49
2334.950805 49
2339.940376 49
2344.9416029999998 49
2349.940028 49
2354.9549739999998 49
2359.950296 49
2364.942094 49
2369.948157 49
2374.954602 49
2379.946012 49
2384.95212 49
2389.943199 49
2394.939327 49
2399.948245 49
2404.939669 49
2409.938664 49
2414.9467 49
2419.952808 49
2424.938456 49
2429.9434459999998 49
2434.941058 49
2439.941401 49
2444.951591 49
2449.9468899999997 49
2454.9415679999997 49
2459.939935 49
2464.941395 49
2469.936911 49
2474.9466429999998 49
2479.940219 49
2484.936817 49
2489.936605 49
2494.936795 49
2499.937117 49
2504.936904 49
2509.936087 49
2514.936072 49
2519.936368 49
2524.936639 49
2529.93618 49
2534.935503 49
2539.9363 49
2544.936093 49
2549.935142 49
2554.9355339999997 49
2559.9355219999998 49
2564.934899 49
2569.934697 49
2574.9345869999997 49
2579.934425 49
2584.935187 49
2589.934245 49
2594.934817 49
2599.933977 49
2604.933876 49
2609.9346 49
2614.934301 49
2619.9336049999997 49
2624.933399 49
2629.9333819999997 49
2634.933514 49
2639.9334559999998 49
2644.932951 49
2649.932845 49
2654.933523 49
2659.933242 49
2664.93279 49
2669.932522 49
2674.9330019999998 49
2679.932131 49
2684.932185 49
2689.9319 49
2694.932731 49
2699.932448 49
2704.932324 49
2709.931428 49
2714.931311 49
2719.9312059999997 49
2724.931569 49
2729.931784 49
2734.931262 49
2739.930954 49
2744.930535 49
2749.930487 49
2754.9305369999997 49
2759.930218 49
2764.9300869999997 49
2769.930899 49
2774.929931 49
2779.9301179999998 49
2784.930597 49
2789.929397 49
2794.9303 49
2799.9295979999997 49
2804.929417 49
2809.929084 49
2814.929164 49
2819.929597 49
2824.9293709999997 49
2829.928649 49
2834.928908 49
2839.928868 49
2844.929156 49
2849.928927 49
2854.92817 49
2859.927944 49
2864.928508 49
2869.9276879999998 49
2874.928174 49
2879.92744 49
2884.9279579999998 49
2889.9278249999998 49
2894.9275669999997 49
2899.927535 49
2904.926955 49
2909.927583 49
2914.92738 49
2919.926828 49
2924.926557 49
2929.9265809999997 49
2934.926909 49
2939.9264359999997 49
2944.926255 49
2949.926387 49
2954.9258529999997 49
2959.925578 49
2964.925542 49
2969.9255279999998 49
2974.925969 49
2979.925155 49
2984.925456 49
2989.9250309999998 49
2994.925723 49
2999.92456 49
3004.925156 49
3009.924921 49
3014.926689 49
3019.92423 49
3024.924821 49
3029.924122 49
3034.924348 49
3039.923976 49
3044.924097 49
3049.923367 49
3054.923405 49
3059.924266 49
3064.9232739999998 49
3069.923856 49
3074.9234309999997 49
3079.92376 49
3084.923182 49
3089.922665 49
3094.923332 49
3099.922448 49
3104.922258 49
3109.923079 49
3114.921968 49
3119.922689 49
3124.921793 49
3129.9222919999997 49
3134.922552 49
3139.921407 49
3144.922302 49
3149.9214699999998 49
3154.9220569999998 49
3159.920863 49
3164.9209849999997 49
3169.920928 49
3174.921506 49
3179.920695 49
3184.92044 49
3189.921065 49
3194.920632 49
3199.9200539999997 49
3204.920052 49
3209.91991 49
3214.919735 49
3219.920541 49
3224.919359 49
3229.91977 49
3234.919258 49
3239.91986 49
3244.919026 49
3249.919853 49
3254.9186369999998 49
3259.9186019999997 49
3264.918824 49
3269.918365 49
3274.918788 49
3279.91912 49
3284.917995 49
3289.917985 49
3294.917856 49
3299.918032 49
3304.917642 49
3309.91763 49
3314.918334 49
3319.917177 49
3324.918026 49
3329.9169819999997 49
3334.916881 49
3339.917268 49
3344.917521 49
3349.916576 49
3354.9169819999997 49
3359.916649 49
3364.916455 49
3369.9162069999998 49
3374.916037 49
3379.916863 49
3384.915692 49
3389.915666 49
3394.9155969999997 49
3399.915701 49
3404.915929 49
3409.9152129999998 49
3414.915105 49
3419.9149119999997 49
3424.91515 49
3429.9149159999997 49
3434.915063 49
3439.9152639999998 49
3444.914422 49
3449.914827 49
3454.914841 49
3459.9140939999997 49
3464.914339 49
3469.913815 49
3474.914046 49
3479.914218 49
3484.9134799999997 49
3489.913911 49
3494.913897 49
3499.91365 49
3504.913089 49
3509.913303 49
3514.9136519999997 49
3519.912973 49
3524.912551 49
3529.912451 49
3534.912336 49
3539.912548 49
3544.912356 49
3549.912551 49
3554.912035 49
3559.9120629999998 49
3564.911634 49
3569.91215 49
3574.911395 49
3579.911571 49
3584.91117 49
3589.91111 49
3594.911688 49
3599.911704 49
3604.911082 49
3609.911549 49
3614.910667 49
3619.910367 49
3624.910241 49
3629.910222 49
3634.910875 49
3639.91034 49
3644.910094 49
3649.909671 49
3654.910348 49
3659.910063 49
3664.909554 49
3669.909159 49
3674.909502 49
3679.908943 49
3684.909175 49
3689.90874 49
3694.909536 49
3699.908392 49
3704.9085019999998 49
3709.908156 49
3714.908071 49
3719.9080209999997 49
3724.9086159999997 49
3729.907819 49
3734.9081 49
3739.9084279999997 49
3744.907444 49
3749.908127 49
3754.908058 49
3759.907697 49
3764.9070619999998 49
3769.907206 49
3774.906795 49
3779.90663 49
3784.906985 49
3789.906407 49
3794.906857 49
3799.90696 49
3804.907006 49
3809.90618 49
3814.906464 49
3819.906481 49
3824.9059429999998 49
3829.905714 49
3834.905385 49
3839.905269 49
3844.906065 49
3849.90492 49
3854.9050469999997 49
3859.905048 49
3864.9049529999998 49
3869.904575 49
3874.904408 49
3879.904347 49
3884.904686 49
3889.9046359999998 49
3894.903969 49
3899.903767 49
3904.903828 49
3909.904157 49
3914.903495 49
3919.90372 49
3924.903283 49
3929.903626 49
3934.9030549999998 49
3939.90382 49
3944.903459 49
3949.902733 49
3954.902596 49
3959.902807 49
3964.90333 49
3969.90224 49
3974.902509 49
3979.902763 49
3984.902413 49
3989.902392 49
3994.901667 49
3999.902419 49
4004.901427 49
4009.901303 49
4014.901196 49
4019.901385 49
4024.901017 49
4029.900902 49
4034.900729 49
