8227
0.0 88
0.05617690086364746 127
0.11124300956726074 57
0.16704988479614258 95
0.22258687019348145 109
0.28009700775146484 110
0.3335709571838379 41
0.3893239498138428 125
0.4448740482330322 54
0.5007128715515137 93
0.5566439628601074 141
0.61226487159729 122
0.6677100658416748 52
0.723351001739502 100
0.7792248725891113 107
0.8352820873260498 93
0.8903300762176514 54
0.9458949565887451 144
1.0013680458068848 57
1.0575859546661377 117
1.1135878562927246 93
1.1688258647918701 90
1.2239360809326172 71
1.279646873474121 141
1.3351490497589111 41
1.392164945602417 104
1.4465758800506592 88
1.503006935119629 93
1.5581638813018799 84
1.613365888595581 77
1.6693980693817139 89
1.7247810363769531 93
1.7801690101623535 60
1.8361220359802246 105
1.891829013824463 131
1.9470949172973633 96
2.0025699138641357 72
2.0586938858032227 90
2.1140120029449463 83
2.170217990875244 121
2.225266933441162 54
2.2809040546417236 90
2.3363449573516846 72
2.39215087890625 99
2.4478020668029785 54
2.503303050994873 118
2.558948040008545 68
2.6150200366973877 93
2.6700658798217773 71
2.726688861846924 118
2.7814888954162598 87
2.837013006210327 54
2.8927650451660156 124
2.9486730098724365 41
3.004142999649048 87
3.059659957885742 88
3.1155169010162354 103
3.1709649562835693 63
3.2267589569091797 290
3.2819089889526367 44
3.3376059532165527 96
3.393460988998413 82
3.4499709606170654 133
3.504706859588623 54
3.560544013977051 101
3.6159489154815674 171
3.6716630458831787 80
3.727660894393921 74
3.782883882522583 85
3.838573932647705 74
3.8944458961486816 57
3.949612855911255 77
4.005857944488525 72
4.060935974121094 69
4.116535902023315 41
4.172067880630493 105
4.227921962738037 54
4.28357195854187 54
4.339523077011108 75
4.395040988922119 69
4.4501988887786865 41
4.506380081176758 54
4.56187105178833 189
4.616889953613281 41
4.6729278564453125 94
4.728621006011963 91
4.783982038497925 84
4.839679956436157 54
4.895802974700928 123
4.951109886169434 54
5.00652003288269 91
5.0621020793914795 57
5.117737054824829 105
