8358
0.0 203
0.0558629035949707 261
0.066925048828125 192
0.13387489318847656 203
0.15473294258117676 181
0.19988083839416504 206
0.2649240493774414 196
0.33007192611694336 236
0.3971898555755615 225
0.45647382736206055 261
0.4628920555114746 235
0.462893009185791 245
0.462893009185791 101
0.48392605781555176 245
0.5025818347930908 229
0.5287189483642578 187
0.5287199020385742 262
0.5965030193328857 184
0.5965030193328857 278
0.6617069244384766 231
0.6617069244384766 234
0.7289769649505615 214
0.7289788722991943 275
0.7920160293579102 210
0.7920169830322266 265
0.8593640327453613 217
0.8593649864196777 249
0.8623108863830566 245
0.8645079135894775 261
0.8645079135894775 101
0.864508867263794 101
0.8726630210876465 101
0.8844189643859863 181
0.9236128330230713 174
0.9236140251159668 268
0.991811990737915 203
0.9918129444122314 245
1.0578038692474365 187
1.0588748455047607 266
