8206
0.0 206
0.05564403533935547 87
0.11108708381652832 154
0.1669759750366211 119
0.2231159210205078 208
0.2780001163482666 75
0.3338019847869873 190
0.3896911144256592 131
0.4447920322418213 123
0.5003690719604492 77
0.5563910007476807 171
0.6118149757385254 123
0.6674149036407471 120
0.7233788967132568 154
0.7785360813140869 125
0.8410570621490479 108
0.889693021774292 100
0.9454400539398193 134
1.0009539127349854 62
1.0570199489593506 151
1.1128621101379395 70
1.167849063873291 110
1.2237379550933838 88
1.2793490886688232 156
1.3367891311645508 79
1.3930399417877197 234
1.4464781284332275 41
1.5025479793548584 190
1.5581459999084473 113
1.6137750148773193 181
1.6691911220550537 177
1.7250030040740967 151
1.7804601192474365 247
1.8359830379486084 140
1.892024040222168 177
1.947537899017334 95
2.0029149055480957 73
2.0590949058532715 133
2.1147079467773438 111
2.1703040599823 201
2.225343942642212 57
2.2813639640808105 209
2.3365910053253174 84
2.3927090167999268 167
2.448215961456299 86
2.503899097442627 156
2.5599100589752197 57
2.6153430938720703 240
2.670720100402832 73
2.72694993019104 191
2.7819321155548096 86
2.837822914123535 177
2.8931500911712646 51
2.9493019580841064 158
3.0046420097351074 44
3.060957908630371 141
3.116076946258545 136
3.171560049057007 103
3.2261099815368652 92
3.281831979751587 105
3.337493896484375 159
3.3932199478149414 129
3.449199914932251 120
