8416
0.0 248
0.0662388801574707 262
0.07555294036865234 245
0.07555294036865234 101
0.09616708755493164 245
0.13383793830871582 269
0.19812893867492676 233
0.25667691230773926 197
0.26413393020629883 240
0.29703593254089355 101
0.33045101165771484 223
0.3972899913787842 214
0.4624490737915039 234
0.5277299880981445 226
0.5948519706726074 217
0.6153130531311035 101
0.660459041595459 215
0.7258539199829102 206
0.7927038669586182 192
0.857806921005249 197
0.9233660697937012 207
0.9311220645904541 101
0.9906439781188965 205
1.0562870502471924 194
1.1219000816345215 196
1.18880295753479 203
1.1909489631652832 52
1.246279001235962 101
1.25472092628479 200
1.3209559917449951 200
1.3847248554229736 235
1.4507858753204346 250
1.5173089504241943 267
1.5459949970245361 101
1.5829079151153564 266
1.6501259803771973 233
1.7156589031219482 233
1.782015085220337 229
1.84773588180542 225
1.8498320579528809 101
1.9129579067230225 223
1.9799189567565918 228
