8212
0.0 73
0.0554499626159668 41
0.11190485954284668 182
0.16682100296020508 55
0.22244000434875488 79
0.27803897857666016 79
0.3426549434661865 54
0.3891589641571045 61
0.4451138973236084 95
0.5011708736419678 76
0.5567169189453125 52
0.612022876739502 84
0.6707108020782471 64
0.7230188846588135 54
0.7784628868103027 41
0.8346419334411621 87
0.8897168636322021 57
0.9457798004150391 61
1.001999855041504 81
1.0568389892578125 54
1.112529993057251 54
1.168241024017334 108
1.223552942276001 69
1.2793498039245605 57
1.3348119258880615 79
1.3904500007629395 72
1.4467248916625977 141
1.5019190311431885 93
1.5575509071350098 61
1.6137428283691406 57
1.6811788082122803 90
1.7246699333190918 54
1.7806448936462402 57
1.8357160091400146 69
1.8915648460388184 54
1.9469540119171143 61
2.002455949783325 99
2.0582709312438965 44
2.1139938831329346 57
2.1695828437805176 103
2.2250618934631348 53
2.2805838584899902 68
2.3361308574676514 52
2.3921639919281006 91
2.4483368396759033 89
2.503713846206665 41
2.5591609477996826 109
2.614980936050415 44
2.6705429553985596 54
2.7259409427642822 91
2.7817800045013428 131
2.83734393119812 70
2.893996000289917 75
2.948760986328125 57
3.0042548179626465 61
3.0596468448638916 85
3.1152398586273193 57
3.170862913131714 41
3.2266478538513184 97
3.281965970993042 61
3.3383989334106445 54
3.393666982650757 72
3.449246883392334 68
3.5046579837799072 78
3.560264825820923 83
3.6160519123077393 99
3.67256498336792 41
3.7272260189056396 124
3.78269100189209 38
3.838408946990967 54
3.8944380283355713 108
3.9505398273468018 64
4.005327939987183 54
4.060949802398682 72
4.116742849349976 146
4.172263860702515 86
4.2279229164123535 84
4.283361911773682 57
4.339833974838257 41
4.395192861557007 54
4.450839996337891 140
4.506102800369263 41
4.561883926391602 61
4.617192029953003 38
4.6730639934539795 82
4.728884935379028 64
4.784127950668335 57
4.8400208950042725 72
4.895730972290039 51
4.95121693611145 57
5.0070319175720215 81
5.062246799468994 85
5.117926836013794 76
5.173499822616577 77
5.229066848754883 84
5.284799814224243 114
5.340880870819092 41
5.396553993225098 135
5.451774835586548 141
5.507105827331543 103
5.562963962554932 110
5.619072914123535 95
5.674209833145142 57
5.729633808135986 112
5.785435914993286 44
5.840847015380859 90
5.896730899810791 85
5.952244997024536 57
6.007867813110352 41
6.0636069774627686 108
