8437
0.0 228
9.5367431640625e-07 254
0.04011201858520508 261
0.0674889087677002 219
0.0674889087677002 246
0.13236379623413086 219
0.13236498832702637 249
0.14172101020812988 261
0.1992509365081787 229
0.19925189018249512 252
0.24166083335876465 245
0.26598095893859863 231
0.26602602005004883 259
0.33099985122680664 226
0.33099985122680664 257
0.3420100212097168 245
0.39643287658691406 220
0.39643287658691406 256
0.44374895095825195 261
0.4633979797363281 224
0.4633979797363281 282
0.5298328399658203 227
0.5298340320587158 281
0.5432839393615723 245
0.5432839393615723 101
0.5620338916778564 245
0.5828227996826172 229
0.5967309474945068 238
0.5967319011688232 278
0.6042959690093994 245
0.6243059635162354 229
0.6448829174041748 245
0.661761999130249 230
0.661761999130249 275
0.6671359539031982 245
