8379
0.0 278
0.01328897476196289 52
0.07485485076904297 101
0.07485580444335938 248
0.07485580444335938 257
0.1302800178527832 243
0.1302800178527832 247
0.19601202011108398 220
0.1960129737854004 262
0.26321887969970703 234
0.26321983337402344 267
0.32982683181762695 236
0.32982802391052246 264
0.35923099517822266 101
0.3954739570617676 244
0.395474910736084 245
0.46111202239990234 226
0.46111297607421875 257
0.5276978015899658 236
0.5276999473571777 254
0.5941638946533203 219
0.5941638946533203 277
0.6586649417877197 101
0.6586668491363525 225
0.6586668491363525 272
0.7270598411560059 221
0.7270607948303223 267
0.791083812713623 192
0.7910850048065186 285
0.8584229946136475 248
0.8584229946136475 256
0.9229137897491455 235
0.922914981842041 262
0.9745688438415527 101
0.9878129959106445 230
0.9878139495849609 293
1.0551788806915283 223
