8304
0.0 208
0.06655383110046387 211
0.08650684356689453 101
0.1338210105895996 209
0.2015979290008545 225
0.20193982124328613 197
0.23595190048217773 197
0.2407848834991455 52
0.26464200019836426 211
0.3274569511413574 221
0.3409998416900635 245
0.37833189964294434 245
0.39704298973083496 251
0.4057488441467285 101
0.46051597595214844 247
0.4693729877471924 277
0.48996996879577637 277
0.5315320491790771 274
0.5914490222930908 277
0.5949699878692627 283
0.6585760116577148 302
0.697821855545044 309
0.7063689231872559 101
0.7256088256835938 286
0.7928249835968018 262
0.7928259372711182 341
0.8560528755187988 267
0.8931889533996582 341
0.9226579666137695 267
0.9897818565368652 282
0.995689868927002 341
1.0380220413208008 101
1.0568749904632568 287
1.104557991027832 213
1.1250300407409668 295
