8405
0.0 194
0.07231998443603516 191
0.1314411163330078 206
0.19430899620056152 218
0.26033902168273926 228
0.2851569652557373 101
0.3279421329498291 243
0.39312195777893066 243
0.4620249271392822 225
0.5256330966949463 207
0.5814690589904785 101
0.5903379917144775 188
0.6588461399078369 192
0.7253890037536621 182
0.7888879776000977 209
0.8544981479644775 231
0.8653619289398193 52
0.9202871322631836 218
0.9269390106201172 101
0.986375093460083 219
1.0543811321258545 196
1.1188421249389648 216
1.1839921474456787 229
1.1962671279907227 101
1.2517991065979004 225
1.317091941833496 208
1.382599115371704 203
1.4505281448364258 193
1.500566005706787 101
1.5163710117340088 198
1.5813000202178955 206
1.6486461162567139 221
1.7132010459899902 231
1.779339075088501 212
1.805980920791626 101
1.8300769329071045 52
1.8444421291351318 213
1.9100589752197266 187
1.9142999649047852 52
1.978065013885498 177
1.9918570518493652 125
2.003485918045044 125
2.0441129207611084 175
2.1042089462280273 101
2.1085000038146973 181
2.174799919128418 210
2.2414231300354004 217
