8384
0.0 205
0.05544400215148926 131
0.11094808578491211 186
0.1664259433746338 117
0.22247314453125 123
0.27789807319641113 156
0.33390212059020996 187
0.3892099857330322 105
0.44494199752807617 207
0.5004360675811768 76
0.5562629699707031 214
0.6114299297332764 86
0.6674599647521973 203
0.722862958908081 90
0.7787580490112305 186
0.834097146987915 125
0.8896739482879639 123
0.9457581043243408 139
1.0011019706726074 123
1.0566859245300293 134
1.112429141998291 183
1.1682591438293457 147
1.2236599922180176 165
1.2791979312896729 106
1.3352110385894775 168
1.3909780979156494 179
1.4468610286712646 157
1.5020179748535156 121
1.5576019287109375 140
1.6138129234313965 108
1.6686649322509766 178
1.7242209911346436 124
1.7797441482543945 138
1.835726022720337 150
1.891808032989502 171
1.9469020366668701 137
2.0023739337921143 172
2.0582730770111084 90
2.1134891510009766 157
2.1692919731140137 152
2.2252910137176514 168
2.280550956726074 130
2.3360660076141357 129
2.391792058944702 142
2.447296142578125 147
2.503247022628784 152
2.5586929321289062 134
2.614319086074829 150
2.6699600219726562 118
2.725494146347046 149
2.781041145324707 165
2.8372089862823486 125
2.8927581310272217 108
2.948483943939209 209
3.003683090209961 169
3.0594990253448486 120
3.115929126739502 210
