8349
0.0 227
0.0 284
0.0050280094146728516 101
0.008208036422729492 261
0.06444907188415527 289
0.13315606117248535 297
0.1967790126800537 286
0.26005005836486816 279
0.3082301616668701 101
0.32756614685058594 289
0.3665649890899658 52
0.39839816093444824 296
0.45837998390197754 270
0.526400089263916 299
0.5923001766204834 275
0.6123881340026855 261
0.612389087677002 101
0.6573350429534912 276
0.7263510227203369 283
0.7862319946289062 101
0.7892611026763916 211
0.7892611026763916 279
0.8543369770050049 219
0.8543381690979004 286
0.9230539798736572 222
0.9241890907287598 287
0.9875071048736572 230
0.9875080585479736 283
1.002394199371338 52
1.053267002105713 245
1.0532681941986084 277
1.1203711032867432 254
1.1203720569610596 272
1.1799039840698242 229
1.1850659847259521 101
1.1850671768188477 274
