8209
0.0 93
0.055822134017944336 54
0.11136198043823242 106
0.16657114028930664 90
0.221998929977417 54
0.27787113189697266 90
0.3332669734954834 66
0.3894491195678711 107
0.4447929859161377 41
0.5005350112915039 98
0.5561940670013428 79
0.6119561195373535 123
0.6676249504089355 74
0.7231810092926025 89
0.7786691188812256 95
0.8342311382293701 62
0.8897249698638916 71
0.9455959796905518 113
1.0011770725250244 57
1.0567541122436523 98
1.1122040748596191 38
1.167834997177124 111
1.2233929634094238 57
1.2792561054229736 133
1.3344171047210693 69
1.3903939723968506 111
1.445775032043457 38
1.5019910335540771 95
1.5580790042877197 129
1.6131069660186768 92
1.6691229343414307 92
1.7244489192962646 84
1.7802629470825195 103
1.8357279300689697 88
1.8914830684661865 81
1.9468870162963867 103
2.002506971359253 70
2.0584349632263184 96
2.1138229370117188 87
2.1693079471588135 94
2.2249181270599365 71
2.2809550762176514 90
2.3362789154052734 66
2.3923280239105225 103
2.448827028274536 87
2.503364086151123 68
2.559206008911133 109
2.6146059036254883 93
2.670025110244751 65
2.7258870601654053 71
2.7815749645233154 87
2.837127923965454 74
2.8925979137420654 51
2.9483790397644043 87
3.0037901401519775 90
3.0595529079437256 85
3.115238904953003 84
3.17084002494812 104
3.2261390686035156 41
3.2817111015319824 84
3.337568998336792 99
3.393127918243408 54
3.4492719173431396 68
3.5051560401916504 131
3.5603721141815186 64
3.616157054901123 87
3.671319007873535 87
3.726710081100464 54
3.7828280925750732 103
3.8382229804992676 57
3.8938729763031006 77
3.949885129928589 54
4.005717039108276 119
4.060903072357178 54
4.117200136184692 84
4.1720099449157715 65
4.227617979049683 110
4.28300404548645 90
4.339138031005859 69
4.394849061965942 99
4.450634956359863 54
4.50654411315918 140
4.56147313117981 52
4.617146015167236 87
4.672605991363525 74
4.728475093841553 87
4.784132957458496 68
4.8395891189575195 90
4.89503812789917 41
4.9515299797058105 118
5.0068199634552 104
5.0622711181640625 57
5.123518943786621 116
5.17391300201416 87
5.22894811630249 41
5.284661054611206 81
5.340091943740845 96
5.39607310295105 57
5.451735973358154 93
