8302
0.0 214
0.05508613586425781 87
0.11121392250061035 138
0.16651105880737305 157
0.22236299514770508 99
0.2777700424194336 126
0.3336460590362549 100
0.388822078704834 136
0.4447059631347656 90
0.5001740455627441 153
0.5563111305236816 120
0.6117110252380371 152
0.6671819686889648 183
0.7227461338043213 107
0.7784709930419922 119
0.8343191146850586 145
0.8897061347961426 97
0.9572930335998535 150
1.0007450580596924 102
1.0567429065704346 140
1.1122829914093018 110
1.1681270599365234 90
1.223710060119629 163
1.278944969177246 93
1.334834098815918 160
1.3904781341552734 120
1.4460439682006836 162
1.5016779899597168 77
1.5572490692138672 139
1.6132440567016602 156
1.6687250137329102 110
1.724431037902832 108
1.7799899578094482 148
1.8355460166931152 126
1.8915619850158691 107
1.9465880393981934 171
2.002394914627075 114
2.0577809810638428 101
2.1139070987701416 122
2.1693830490112305 93
2.2249839305877686 90
2.2802059650421143 127
2.336493968963623 120
2.391418933868408 115
2.447575092315674 161
2.503230094909668 174
2.558864116668701 150
2.6144020557403564 190
2.6699581146240234 125
2.726215124130249 378
2.7820191383361816 158
2.8370361328125 181
2.892935037612915 71
2.948127031326294 155
3.0038161277770996 87
3.059493064880371 131
3.1153199672698975 100
3.170673131942749 126
3.226438045501709 160
3.2817420959472656 86
3.338124990463257 211
3.3929600715637207 121
