8412
0.0 101
0.04307413101196289 196
0.1093590259552002 211
0.17366504669189453 221
0.2399921417236328 223
0.3009929656982422 101
0.3059520721435547 235
0.3762521743774414 221
0.43857598304748535 213
0.5030801296234131 219
0.5716819763183594 224
0.6188771724700928 101
0.6344790458679199 197
0.6344790458679199 238
0.7014951705932617 227
0.768355131149292 235
0.8334760665893555 235
0.8996171951293945 240
0.9189960956573486 101
0.9682741165161133 241
1.033339023590088 236
1.096480131149292 223
1.164668083190918 237
1.2293310165405273 101
1.2293319702148438 247
1.2948591709136963 246
1.3624281883239746 247
1.4282691478729248 243
1.4945790767669678 224
1.5206611156463623 101
1.5467450618743896 141
1.5588810443878174 225
1.6266820430755615 220
1.6918470859527588 213
1.7576141357421875 223
1.8197021484375 101
1.8238651752471924 243
1.8898980617523193 243
1.9550201892852783 213
1.9576530456542969 253
2.022562026977539 252
