8262
0.0 198
0.012407064437866211 198
0.02181100845336914 198
0.059320926666259766 198
0.2805759906768799 198
0.7868099212646484 197
2.049027919769287 87
2.4289989471435547 85
2.4308018684387207 198
2.9445228576660156 198
3.224073886871338 198
3.2419819831848145 198
3.2695679664611816 198
3.3791449069976807 198
3.4675228595733643 198
3.5491838455200195 198
3.5507819652557373 198
3.589810848236084 198
3.6505799293518066 198
3.728010892868042 198
3.877039909362793 198
3.9182770252227783 198
3.9267308712005615 198
4.009029865264893 198
4.031278848648071 198
4.042620897293091 198
4.048994064331055 198
4.308774948120117 198
4.775002956390381 197
5.083636999130249 87
5.394507884979248 85
6.437989950180054 198
6.938700914382935 198
7.202040910720825 198
7.236693859100342 198
7.28217887878418 198
7.38042688369751 198
7.462120056152344 198
7.55049991607666 198
7.555856943130493 198
7.571776866912842 198
7.655739068984985 198
7.76015305519104 198
7.883512020111084 198
