8419
0.0 210
9.5367431640625e-07 241
0.06267595291137695 277
0.06267690658569336 190
0.06267786026000977 248
0.12901997566223145 198
0.12901997566223145 237
0.1668720245361328 213
0.1978459358215332 194
0.1978468894958496 249
0.2618558406829834 203
0.2618570327758789 233
0.26485300064086914 277
0.32973289489746094 172
0.32973384857177734 242
0.3669009208679199 213
0.39255499839782715 178
0.39255595207214355 236
0.46213603019714355 158
0.46213698387145996 230
0.46880197525024414 277
0.524040937423706 152
0.5240418910980225 226
0.5709688663482666 213
0.5920319557189941 178
0.5920319557189941 226
0.6587707996368408 185
0.6587719917297363 217
0.6686630249023438 277
0.7238860130310059 166
0.7238869667053223 222
0.7716009616851807 261
0.7888278961181641 164
0.7901039123535156 221
0.8557949066162109 159
0.8557958602905273 227
0.8724508285522461 277
0.9245209693908691 142
0.9245209693908691 230
