8421
0.0 358
0.05706501007080078 356
0.10970783233642578 243
0.16974401473999023 350
0.22202801704406738 259
0.27884387969970703 349
0.33298301696777344 245
0.39005088806152344 410
0.44671201705932617 481
0.5019209384918213 395
0.5556879043579102 385
0.6127519607543945 437
0.674677848815918 321
0.7356328964233398 485
0.7867538928985596 515
0.786754846572876 443
0.8386509418487549 524
0.8402268886566162 154
0.8938429355621338 447
0.949099063873291 448
1.0039918422698975 370
1.0605759620666504 446
