8240
0.0 539
0.0007960796356201172 150
0.05585598945617676 309
0.056021928787231445 439
0.11117792129516602 155
0.16650009155273438 38
0.22246503829956055 149
0.27802610397338867 74
0.3339529037475586 134
0.3893110752105713 41
0.44512104988098145 358
0.500993013381958 41
0.558413028717041 211
0.6116139888763428 41
0.6678340435028076 141
0.7229139804840088 41
0.7888059616088867 146
0.8340809345245361 57
0.8903250694274902 119
0.9453520774841309 64
1.0011661052703857 122
1.056934118270874 99
1.1126339435577393 77
1.168313980102539 93
1.2237019538879395 98
1.2789719104766846 89
1.3351340293884277 77
1.3905789852142334 87
1.4461638927459717 90
1.5021719932556152 92
1.5577130317687988 76
1.6136889457702637 87
1.6688730716705322 104
1.724592924118042 89
1.7799630165100098 101
1.8376209735870361 376
1.8983330726623535 168
1.9492089748382568 139
2.002511978149414 144
2.058303117752075 65
2.1141369342803955 122
2.169466972351074 68
2.2253000736236572 123
2.2806971073150635 86
2.336393117904663 120
2.392493963241577 239
2.4479310512542725 129
2.503962993621826 52
2.5591719150543213 142
2.6142449378967285 59
2.670422077178955 132
2.7258059978485107 72
2.781162977218628 135
2.8380649089813232 53
2.8929309844970703 125
2.948014974594116 88
3.003618001937866 123
3.0591089725494385 65
3.114809036254883 126
3.170253038406372 56
3.2266039848327637 147
3.2818500995635986 86
3.3376569747924805 111
3.3931031227111816 87
3.4486520290374756 88
3.5049331188201904 86
