8417
0.0 183
0.03895401954650879 101
0.06505203247070312 201
0.1320018768310547 210
0.21455693244934082 204
0.2635509967803955 201
0.3102889060974121 101
0.3294508457183838 183
0.39353203773498535 177
0.46224188804626465 189
0.5307388305664062 191
0.5946109294891357 196
0.6385219097137451 101
0.6576719284057617 208
0.7253060340881348 195
0.7623538970947266 197
0.789341926574707 187
0.8557360172271729 181
0.9229509830474854 171
0.9346418380737305 101
0.9896500110626221 179
1.0549418926239014 188
1.1203548908233643 195
1.185225009918213 207
1.2395620346069336 101
1.254762887954712 225
1.3177258968353271 226
1.3833768367767334 219
1.4535479545593262 214
1.5183889865875244 188
1.5346300601959229 101
1.5782928466796875 165
1.5820579528808594 186
1.648766040802002 185
1.715636968612671 202
1.7796480655670166 196
1.8374178409576416 101
1.8479900360107422 197
1.9131598472595215 195
1.965160846710205 181
1.982813835144043 186
1.9995150566101074 133
2.0457139015197754 206
2.1130199432373047 204
2.1341798305511475 229
2.134181022644043 101
2.1540629863739014 229
