8356
0.0 247
9.5367431640625e-07 296
0.06439709663391113 242
0.06439805030822754 291
0.09215998649597168 293
0.11313104629516602 277
0.13025808334350586 315
0.1340949535369873 229
0.1771841049194336 101
0.17718505859375 101
0.19411206245422363 265
0.19411396980285645 280
0.19790196418762207 101
0.19790291786193848 309
0.20418000221252441 101
0.21703195571899414 149
0.26312994956970215 158
0.26313090324401855 292
0.26313209533691406 255
0.3270580768585205 156
0.3270590305328369 287
0.3270590305328369 299
0.39778900146484375 183
0.39778995513916016 276
0.39778995513916016 270
0.4602489471435547 229
0.4602489471435547 251
0.4602489471435547 235
0.5239620208740234 192
0.5249600410461426 251
0.5249600410461426 261
0.5930299758911133 251
0.5930309295654297 286
0.6000149250030518 101
0.6000158786773682 261
0.6602959632873535 265
