8306
0.0 267
0.0655670166015625 267
0.10563015937805176 101
0.13109111785888672 255
0.19854998588562012 253
0.26256513595581055 242
0.3292200565338135 236
0.39650511741638184 229
0.40394115447998047 101
0.46096205711364746 242
0.5291180610656738 249
0.5934910774230957 254
0.658480167388916 271
0.7244281768798828 262
0.7288401126861572 101
0.7901790142059326 259
0.856593132019043 240
0.9225912094116211 232
0.9893960952758789 220
1.025705099105835 101
1.0561871528625488 226
1.1199820041656494 241
1.1870951652526855 232
1.2034800052642822 52
1.2521851062774658 249
1.3171870708465576 250
1.324747085571289 101
1.3854269981384277 253
1.4492909908294678 255
1.5177271366119385 246
1.5831542015075684 240
1.6192810535430908 101
1.6479861736297607 236
1.7135300636291504 214
1.7819640636444092 213
1.84647798538208 207
1.9126341342926025 245
1.919727087020874 101
1.9788191318511963 262
