8385
0.0 172
0.05515694618225098 528
0.1141209602355957 541
0.11412191390991211 120
0.16800594329833984 522
0.16888189315795898 73
0.22093987464904785 347
0.22093987464904785 537
0.22093987464904785 537
0.22093987464904785 75
0.27712106704711914 38
0.33344006538391113 496
0.33344101905822754 134
0.3878359794616699 528
0.4439229965209961 513
0.4439239501953125 175
0.4997520446777344 412
0.5549890995025635 536
0.6110820770263672 526
0.6110830307006836 87
0.6662108898162842 495
0.7234160900115967 452
0.7782690525054932 541
