8416
0.0 287
0.06478118896484375 288
0.1305689811706543 287
0.1967940330505371 277
0.22856998443603516 101
0.2646331787109375 288
0.32970404624938965 272
0.39557600021362305 270
0.4614081382751465 269
0.5248780250549316 304
0.5391991138458252 101
0.5918481349945068 305
0.676112174987793 300
0.7240471839904785 317
0.7905941009521484 343
0.83744215965271 101
0.8573510646820068 360
0.9233341217041016 373
0.989454984664917 364
1.0536460876464844 368
1.1208109855651855 325
1.1298789978027344 101
1.2540910243988037 346
1.3180701732635498 344
1.3848860263824463 323
1.4333100318908691 101
1.4507920742034912 296
1.5169591903686523 318
1.581989049911499 338
1.649125099182129 349
