8588
0.0 502
0.05272793769836426 515
0.052728891372680664 256
0.10994386672973633 498
0.10994505882263184 281
0.16566085815429688 418
0.2189769744873047 527
0.22006988525390625 86
0.27863001823425293 507
0.27863001823425293 71
0.3329198360443115 398
0.38649797439575195 430
0.44355082511901855 429
0.4988880157470703 447
0.5606889724731445 530
0.5606899261474609 480
0.5606899261474609 193
0.6092488765716553 438
0.6654679775238037 520
0.7225239276885986 503
0.722524881362915 156
0.7753009796142578 403
