8353
0.0 168
9.5367431640625e-07 264
0.0038819313049316406 245
0.06730890274047852 134
0.06731009483337402 268
0.13820505142211914 156
0.13820600509643555 258
0.1991569995880127 174
0.1991579532623291 246
0.26734399795532227 152
0.26734399795532227 267
0.33606410026550293 144
0.33606505393981934 263
0.38287901878356934 293
0.39722609519958496 148
0.39722704887390137 251
0.440234899520874 52
0.4624619483947754 133
0.4624629020690918 259
0.4895000457763672 277
0.5282900333404541 161
0.5282909870147705 243
0.5900619029998779 245
0.5900630950927734 101
0.5942978858947754 156
0.5942990779876709 262
0.6606159210205078 139
0.6606159210205078 266
0.7270529270172119 138
0.7270529270172119 259
0.7908380031585693 120
0.7908389568328857 257
0.8586781024932861 137
0.8586790561676025 263
0.9257099628448486 139
0.925710916519165 258
0.9880890846252441 261
0.9909811019897461 135
0.9909811019897461 259
1.0554471015930176 153
1.055448055267334 249
