8260
0.0 206
9.5367431640625e-07 294
0.06847810745239258 235
0.06847906112670898 254
0.13669896125793457 222
0.13669896125793457 272
0.199937105178833 217
0.19993805885314941 290
0.24952912330627441 52
0.25076794624328613 125
0.2645120620727539 193
0.2645130157470703 299
0.2693309783935547 101
0.27254796028137207 125
0.33054304122924805 215
0.33054399490356445 293
0.39774107933044434 195
0.39774298667907715 297
0.46691298484802246 213
0.46691393852233887 300
0.5291459560394287 167
0.5291471481323242 317
0.5692341327667236 101
0.5948331356048584 212
0.5948340892791748 302
0.6612119674682617 178
0.6612131595611572 314
0.7291560173034668 228
0.7291569709777832 277
0.7929689884185791 195
0.7929699420928955 294
0.8611869812011719 235
0.8611879348754883 254
0.8767790794372559 101
0.9248430728912354 182
0.9248440265655518 273
0.9918010234832764 232
