8221
0.0 277
0.06778597831726074 282
0.12264204025268555 101
0.1339271068572998 290
0.20104312896728516 264
0.2661609649658203 275
0.3305959701538086 274
0.34873414039611816 52
0.3995180130004883 271
0.46767306327819824 265
0.5215530395507812 245
0.5293099880218506 263
0.5965609550476074 259
0.6125349998474121 181
0.6125359535217285 101
0.6311600208282471 181
0.6632270812988281 268
0.7293970584869385 264
0.7462220191955566 101
0.7964661121368408 265
0.8616600036621094 251
0.9273281097412109 271
0.9925200939178467 283
1.061372995376587 286
1.1233201026916504 281
1.144731044769287 293
1.1896121501922607 274
1.258162021636963 270
1.3203611373901367 260
1.3915319442749023 258
1.4542381763458252 244
1.520427942276001 240
1.5465641021728516 293
1.58561110496521 238
