8408
0.0 101
0.05268716812133789 263
0.12173604965209961 255
0.18428397178649902 264
0.252216100692749 155
0.252216100692749 264
0.31847310066223145 279
0.3586759567260742 101
0.384296178817749 151
0.384296178817749 263
0.45044803619384766 280
0.5154111385345459 146
0.5154111385345459 260
0.5814440250396729 169
0.5814449787139893 250
0.6473710536956787 259
0.713360071182251 260
0.7582781314849854 277
0.7722160816192627 213
0.7722170352935791 101
0.7815940380096436 247
0.8453609943389893 256
0.9144771099090576 256
0.9643311500549316 101
0.977215051651001 243
1.0423851013183594 246
1.1094169616699219 52
1.1102180480957031 232
1.176408052444458 240
1.2462360858917236 239
1.3103361129760742 243
1.3654191493988037 261
1.3742761611938477 256
1.4381461143493652 253
1.5049781799316406 248
1.5699870586395264 249
1.6380810737609863 239
1.7040321826934814 236
