8198
0.0 249
0.01764392852783203 277
0.06578302383422852 258
0.06578397750854492 276
0.07771492004394531 181
0.11777305603027344 52
0.11959290504455566 125
0.13306808471679688 248
0.13306903839111328 272
0.19799494743347168 253
0.19799590110778809 277
0.2369098663330078 101
0.26393699645996094 174
0.26393795013427734 245
0.26393890380859375 260
0.3294649124145508 272
0.3294658660888672 281
0.39671993255615234 267
0.39672303199768066 277
0.46074795722961426 272
0.46074891090393066 284
0.5281338691711426 158
0.5281350612640381 255
0.5281360149383545 273
0.5331120491027832 101
0.5930500030517578 168
0.5930509567260742 277
0.5930509567260742 252
0.6585919857025146 132
0.658592939376831 273
0.658592939376831 258
0.7265028953552246 166
0.7265040874481201 280
0.7265040874481201 265
0.7907490730285645 168
0.7907490730285645 271
