8227
0.0 218
0.0646820068359375 101
0.0646829605102539 215
0.13041186332702637 205
0.19655299186706543 205
0.262347936630249 199
0.330172061920166 196
0.35382604598999023 52
0.3633708953857422 101
0.39473986625671387 193
0.4610569477081299 190
0.5282008647918701 191
0.5935490131378174 191
0.6598160266876221 176
0.6623740196228027 101
0.7266480922698975 159
0.7920870780944824 169
0.8582220077514648 187
0.9229819774627686 197
0.9651949405670166 101
0.9900109767913818 202
1.056541919708252 201
1.120650053024292 197
1.1879959106445312 186
1.2531089782714844 199
1.2868869304656982 101
1.3191790580749512 203
1.3869349956512451 205
1.45243501663208 203
1.517760992050171 195
1.5847179889678955 193
1.584718942642212 101
1.6491320133209229 188
1.715183973312378 185
1.7825958728790283 183
1.8482029438018799 179
1.884809970855713 101
1.9142670631408691 192
1.9802920818328857 196
2.046268939971924 190
2.114471912384033 186
2.1779379844665527 174
2.1853458881378174 101
2.2433319091796875 172
2.3106539249420166 179
2.3745410442352295 182
2.443567991256714 185
2.4865710735321045 101
