8261
0.0 101
0.005494117736816406 257
0.014140129089355469 52
0.07077312469482422 258
0.1365070343017578 251
0.2030501365661621 243
0.270949125289917 265
0.31664013862609863 101
0.33774614334106445 263
0.400684118270874 268
0.46636414527893066 267
0.5344669818878174 252
0.6019630432128906 252
0.6179251670837402 101
0.6648271083831787 239
0.7326359748840332 236
0.7990801334381104 237
0.8633670806884766 224
0.9306740760803223 242
0.9390511512756348 101
0.9943530559539795 227
1.0601489543914795 247
1.1282620429992676 245
1.1938741207122803 235
1.2179150581359863 101
1.2578091621398926 242
1.3257181644439697 240
1.3905999660491943 246
1.457036018371582 247
1.5233349800109863 250
1.5250170230865479 101
1.5894320011138916 286
1.6567420959472656 277
1.7223901748657227 275
1.7912189960479736 282
1.8539841175079346 252
1.9058661460876465 101
1.9082450866699219 197
