8408
0.0 101
0.06690692901611328 252
0.13277077674865723 252
0.19762897491455078 276
0.26389598846435547 260
0.2727649211883545 261
0.331622838973999 297
0.3348357677459717 101
0.39493799209594727 249
0.46115994453430176 283
0.4998588562011719 52
0.5265529155731201 251
0.593148946762085 255
0.5991408824920654 101
0.6589188575744629 245
0.7267627716064453 266
0.7907907962799072 222
0.8573398590087891 221
0.9194138050079346 101
0.925407886505127 234
0.98897385597229 228
1.0550518035888672 217
1.1226818561553955 211
1.1896238327026367 218
1.2037618160247803 101
1.2538368701934814 198
1.3199357986450195 202
1.3858788013458252 208
1.4519708156585693 213
1.5168747901916504 219
1.5861167907714844 218
1.6042358875274658 261
1.6498007774353027 226
1.6950879096984863 133
1.7168309688568115 236
1.78293776512146 240
1.8200199604034424 197
1.8200209140777588 101
1.8477258682250977 248
1.9129068851470947 253
