8248
0.0 206
0.04444098472595215 52
0.06241583824157715 207
0.09334993362426758 101
0.1302340030670166 238
0.19528985023498535 252
0.2615969181060791 260
0.32721996307373047 261
0.39263081550598145 248
0.39678192138671875 101
0.39678287506103516 52
0.44449687004089355 125
0.4553499221801758 125
0.45894598960876465 240
0.5244619846343994 241
0.5904889106750488 229
0.65736985206604 219
0.6967639923095703 101
0.7221310138702393 205
0.7892129421234131 201
0.8552489280700684 208
0.9206359386444092 206
0.9881429672241211 219
0.9947240352630615 101
1.0549437999725342 209
1.1193079948425293 211
1.1848859786987305 244
1.25221586227417 242
1.2958149909973145 101
1.3180029392242432 228
1.3834648132324219 235
1.4502739906311035 212
1.5167198181152344 195
1.5810048580169678 222
1.5993869304656982 101
1.6466219425201416 219
1.7119560241699219 224
1.779444932937622 220
1.8460729122161865 215
1.8957629203796387 101
1.9120538234710693 229
1.9767279624938965 227
2.0421478748321533 215
