8310
0.0 153
9.5367431640625e-07 220
9.5367431640625e-07 249
0.06391000747680664 277
0.0670008659362793 149
0.0670018196105957 240
0.06700301170349121 238
0.13044095039367676 153
0.13044190406799316 244
0.13044285774230957 262
0.16207504272460938 277
0.1971118450164795 157
0.197113037109375 247
0.197113037109375 250
0.2671828269958496 159
0.2671840190887451 245
0.2671840190887451 244
0.2671840190887451 277
0.32881784439086914 170
0.32881784439086914 234
0.32881784439086914 241
0.3649919033050537 293
0.3972790241241455 154
0.3972790241241455 258
0.3972790241241455 238
0.4612159729003906 168
0.46121692657470703 246
0.46121692657470703 236
0.46502089500427246 277
0.5312449932098389 156
0.5312459468841553 239
0.5312459468841553 256
0.5678980350494385 277
0.5964329242706299 236
0.5964338779449463 155
0.5964348316192627 262
0.65830397605896 173
