8222
0.0 252
0.0 260
0.06512999534606934 276
0.06513094902038574 269
0.07005095481872559 101
0.1329669952392578 179
0.13296794891357422 268
0.13296794891357422 266
0.1979520320892334 163
0.1979520320892334 255
0.1979529857635498 277
0.21995186805725098 189
0.26306796073913574 169
0.26306891441345215 266
0.26306891441345215 266
0.30281591415405273 101
0.32996487617492676 156
0.32996487617492676 266
0.32996487617492676 286
0.3948800563812256 192
0.394881010055542 262
0.394881010055542 261
0.4622318744659424 160
0.4622318744659424 262
0.4622318744659424 275
0.5270018577575684 124
0.5270018577575684 273
0.5270018577575684 262
0.5948600769042969 167
0.5948600769042969 262
0.5948610305786133 278
0.6600630283355713 283
0.6608879566192627 270
0.6670379638671875 101
0.7249660491943359 257
0.7249670028686523 268
