8365
0.0 156
9.5367431640625e-07 260
9.5367431640625e-07 267
0.06572890281677246 191
0.06572985649108887 236
0.06572985649108887 260
0.13272881507873535 197
0.13273000717163086 241
0.13273096084594727 266
0.20007801055908203 166
0.20007896423339844 256
0.20007991790771484 266
0.20074796676635742 101
0.2660849094390869 176
0.2660858631134033 262
0.2660868167877197 285
0.33146095275878906 169
0.33146190643310547 256
0.33146190643310547 284
0.3957359790802002 170
0.3957359790802002 261
0.3957359790802002 270
0.4620819091796875 190
0.4620819091796875 281
0.4620819091796875 244
0.5021870136260986 101
0.5296318531036377 167
0.5296328067779541 281
0.5296339988708496 264
0.5957138538360596 165
0.595714807510376 280
0.5957159996032715 266
0.6611249446868896 167
0.661125898361206 265
0.661125898361206 256
0.7266368865966797 204
0.7266378402709961 238
