8205
0.0 246
0.06339287757873535 101
0.06853294372558594 209
0.06853389739990234 250
0.13398098945617676 177
0.13398194313049316 258
0.19884085655212402 175
0.19884300231933594 251
0.26413583755493164 189
0.26413702964782715 243
0.3360278606414795 204
0.336029052734375 243
0.36311888694763184 101
0.397075891494751 188
0.397075891494751 251
0.4649629592895508 184
0.4649629592895508 260
0.5287299156188965 213
0.5287308692932129 253
0.5937628746032715 224
0.5937638282775879 252
0.6600849628448486 233
0.660085916519165 247
0.6744198799133301 101
0.7269878387451172 158
0.7269899845123291 250
0.7269899845123291 231
0.7937710285186768 250
0.7937729358673096 250
0.858680009841919 249
0.8586809635162354 254
0.9271469116210938 245
0.9271488189697266 250
0.9774999618530273 101
0.9886288642883301 175
0.9886300563812256 228
0.9886300563812256 262
1.0603289604187012 249
