1049280
0.0 1093
0.0 1093
0.0003409385681152344 1093
0.0003409385681152344 1093
0.0003409385681152344 1093
0.0003409385681152344 1093
0.0006809234619140625 1093
0.0006809234619140625 1093
0.0006809234619140625 1093
0.0010271072387695312 1093
0.0010271072387695312 1093
0.0010271072387695312 1093
0.0010271072387695312 1093
0.09072089195251465 1093
0.09072089195251465 1093
0.09109902381896973 1093
0.09109902381896973 1093
0.09109902381896973 1093
0.09109902381896973 1093
0.09148097038269043 1093
0.09148097038269043 1093
0.09148097038269043 1093
0.09194111824035645 1093
0.09194111824035645 1093
0.09194111824035645 1093
0.09194111824035645 1093
0.09223389625549316 1093
0.09223389625549316 1093
0.09223389625549316 1093
0.09223389625549316 1093
0.09257197380065918 1093
0.09257197380065918 1093
0.09257197380065918 1093
0.09257197380065918 1093
0.09295797348022461 1093
0.09295797348022461 1093
0.09295797348022461 1093
0.09295797348022461 1093
0.09331607818603516 1093
0.09331607818603516 1093
0.09331607818603516 1093
0.09331607818603516 1093
0.09369897842407227 1093
0.09407901763916016 1093
0.09407901763916016 1093
0.09407901763916016 1093
0.09445500373840332 1093
0.10580301284790039 1093
0.10580301284790039 1093
0.10580301284790039 1093
0.1061398983001709 1093
0.1061398983001709 1093
0.10648608207702637 1093
0.10648608207702637 1093
0.10648608207702637 1093
0.10648608207702637 1093
0.10682296752929688 1093
0.10682296752929688 1093
0.10682296752929688 1093
0.10682296752929688 1093
0.10717105865478516 1093
0.10717105865478516 1093
0.10717105865478516 1093
0.12368202209472656 1093
0.12368202209472656 1093
0.12368202209472656 1093
0.12401604652404785 1093
0.12401604652404785 1093
0.12401604652404785 1093
0.12438702583312988 1093
0.12438702583312988 1093
0.12438702583312988 1093
0.12438702583312988 1093
0.12482595443725586 1093
0.12482595443725586 1093
0.12482595443725586 1093
0.12528204917907715 1093
0.2567150592803955 1093
0.2567150592803955 1093
0.2567150592803955 1093
0.2570350170135498 1093
0.2570350170135498 1093
0.2570350170135498 1093
0.25737500190734863 1093
0.25737500190734863 1093
0.25737500190734863 1093
0.25737500190734863 1093
0.2577190399169922 1093
0.2577190399169922 1093
0.2577190399169922 1093
0.25806689262390137 1093
0.25806689262390137 1093
0.25806689262390137 1093
0.25841403007507324 1093
0.25841403007507324 1093
0.25875306129455566 1093
0.25875306129455566 1093
0.2590939998626709 1093
0.2590939998626709 1093
0.25946688652038574 1093
0.25946688652038574 1093
0.25946688652038574 1093
0.25946688652038574 1093
0.2598121166229248 1093
0.2598121166229248 1093
0.2598121166229248 1093
0.26017189025878906 1093
0.26017189025878906 1093
0.26017189025878906 1093
0.26050591468811035 1093
0.26050591468811035 1093
0.2608520984649658 1093
0.2608520984649658 1093
0.261199951171875 1093
0.261199951171875 1093
0.261199951171875 1093
0.261199951171875 1093
0.26155900955200195 1093
0.26155900955200195 1093
0.26155900955200195 1093
0.26155900955200195 1093
0.26189589500427246 1093
0.26189589500427246 1093
0.2626330852508545 1093
0.2626330852508545 1093
0.26999711990356445 1093
0.2704029083251953 1093
0.2704029083251953 1093
0.2704029083251953 1093
0.2707340717315674 1093
0.2707340717315674 1093
0.2707340717315674 1093
0.2707340717315674 1093
0.2707340717315674 1093
0.27103209495544434 1093
0.27103209495544434 1093
0.27103209495544434 1093
0.28858208656311035 1093
0.2892758846282959 1093
0.2892758846282959 1093
0.2892758846282959 1093
0.2892758846282959 1093
0.2892758846282959 1093
0.2892758846282959 1093
0.2898139953613281 1093
0.2898139953613281 1093
0.2898139953613281 1093
0.2898139953613281 1093
0.2900259494781494 1093
0.2900259494781494 1093
0.29036498069763184 1093
0.29036498069763184 1093
0.29036498069763184 1093
0.29073500633239746 1093
0.29111409187316895 1093
0.29111409187316895 1093
0.29111409187316895 1093
0.29111409187316895 1093
0.29145002365112305 1093
0.29145002365112305 1093
0.29145002365112305 1093
0.29145002365112305 1093
0.3007349967956543 1093
0.3007349967956543 1093
0.3007349967956543 1093
0.30111002922058105 1093
0.30111002922058105 1093
0.3014960289001465 1093
0.3018829822540283 1093
0.3018829822540283 1093
0.30266594886779785 1093
0.30266594886779785 1093
0.30377697944641113 1093
0.30415892601013184 1093
0.30415892601013184 1093
0.3045480251312256 1093
0.30493688583374023 1093
0.30493688583374023 1093
0.30690908432006836 1093
0.30725908279418945 1093
0.30761098861694336 1093
0.3079640865325928 1093
0.3079640865325928 1093
0.30864500999450684 1093
0.31063199043273926 1093
0.3119230270385742 1093
0.31297993659973145 1093
0.31395411491394043 1093
0.3144500255584717 1093
0.31493401527404785 1093
0.31493401527404785 1093
0.32388806343078613 1093
0.32388806343078613 1093
0.32388806343078613 1093
0.32460498809814453 1093
0.32460498809814453 1093
0.32553791999816895 1093
0.32553791999816895 1093
0.3259289264678955 1093
0.32631993293762207 1093
0.3267068862915039 1093
0.3270740509033203 1093
0.3270740509033203 1093
0.3274390697479248 1093
0.327833890914917 1093
0.32822608947753906 1093
0.3286139965057373 1093
0.32895898818969727 1093
0.32895898818969727 1093
0.32932496070861816 1093
0.3303089141845703 1093
0.33069396018981934 1093
0.3310680389404297 1093
0.33183789253234863 1093
0.33183789253234863 1093
0.3325979709625244 1093
0.3325979709625244 1093
0.3325979709625244 1093
0.3330709934234619 1093
0.3330709934234619 1093
0.33335399627685547 1093
0.3337368965148926 1093
0.3337368965148926 1093
0.33635807037353516 1093
0.33635807037353516 1093
0.3367440700531006 1093
0.4237840175628662 1093
0.42415904998779297 1093
0.4245491027832031 1093
0.4249279499053955 1093
0.42535901069641113 1093
0.4256610870361328 1093
0.42609310150146484 1093
0.42609310150146484 1093
0.4264719486236572 1093
0.4268009662628174 1093
0.4268009662628174 1093
0.5675361156463623 1093
0.5675361156463623 1093
0.5679330825805664 1093
0.5683770179748535 1093
0.5683770179748535 1093
0.5683770179748535 1093
0.5683770179748535 1093
0.5683770179748535 1093
0.5688230991363525 1093
0.5688230991363525 1093
0.5688230991363525 1093
0.5688230991363525 1093
0.5688230991363525 1093
0.5691909790039062 1093
0.5691909790039062 1093
0.5691909790039062 1093
0.5700349807739258 1093
0.5704910755157471 1093
0.5704910755157471 1093
0.5704910755157471 1093
0.5708250999450684 1093
0.5708250999450684 1093
0.5708250999450684 1093
0.5712540149688721 1093
0.5712540149688721 1093
0.5712540149688721 1093
0.5712540149688721 1093
0.5712540149688721 1093
0.5716331005096436 1093
0.5716331005096436 1093
0.5716331005096436 1093
0.5716331005096436 1093
0.5720319747924805 1093
0.5720319747924805 1093
0.5723628997802734 1093
0.5723628997802734 1093
0.5723628997802734 1093
0.5727329254150391 1093
0.5727329254150391 1093
0.5730540752410889 1093
0.5730540752410889 1093
0.5730540752410889 1093
0.5730540752410889 1093
0.5734000205993652 1093
0.5734000205993652 1093
0.5734000205993652 1093
0.5734000205993652 1093
0.5737490653991699 1093
0.5875580310821533 1093
0.5875580310821533 1093
0.5875580310821533 1093
0.5875580310821533 1093
0.5875580310821533 1093
0.5879600048065186 1093
0.5879600048065186 1093
0.5879600048065186 1093
0.5879600048065186 1093
0.5879600048065186 1093
0.5884170532226562 1093
0.5884170532226562 1093
0.5884170532226562 1093
0.5884170532226562 1093
0.5884170532226562 1093
0.5887629985809326 1093
0.5887629985809326 1093
0.5887629985809326 1093
0.5890989303588867 1093
0.5890989303588867 1093
0.6057720184326172 1093
0.6129310131072998 1093
0.6139919757843018 1093
0.6143801212310791 1093
0.61490797996521 1093
0.6153059005737305 1093
0.6162030696868896 1093
0.6162030696868896 1093
0.6162030696868896 1093
0.6166660785675049 1093
0.6166660785675049 1093
0.6166660785675049 1093
0.6171269416809082 1093
0.6171269416809082 1093
0.6178278923034668 1093
0.6178278923034668 1093
0.6178278923034668 1093
0.6181790828704834 1093
0.6181790828704834 1093
0.6186599731445312 1093
0.6186599731445312 1093
0.6191201210021973 1093
0.6191201210021973 1093
0.6191201210021973 1093
0.6195950508117676 1093
0.6195950508117676 1093
0.6200439929962158 1093
0.6247079372406006 1093
0.6247079372406006 1093
0.6247079372406006 1093
0.630486011505127 1093
0.630781888961792 1093
0.630781888961792 1093
0.630781888961792 1093
0.631058931350708 1093
0.6318678855895996 1093
0.6325850486755371 1093
0.6339640617370605 1093
0.6435239315032959 1093
0.6439399719238281 1093
0.6439399719238281 1093
0.6439399719238281 1093
0.6439399719238281 1093
0.6439399719238281 1093
0.6443190574645996 1093
0.6478879451751709 1093
0.6478879451751709 1093
0.6478879451751709 1093
0.655364990234375 1093
0.6557528972625732 1093
0.6557528972625732 1093
0.6557528972625732 1093
0.6557528972625732 1093
0.6561911106109619 1093
0.6561911106109619 1093
0.6561911106109619 1093
0.6561911106109619 1093
0.6565759181976318 1093
0.6570339202880859 1093
0.657987117767334 1093
0.6584539413452148 1093
0.6601641178131104 1093
0.6610538959503174 1093
0.6668300628662109 1093
0.6668300628662109 1093
0.6668300628662109 1093
0.6676290035247803 1093
0.6676290035247803 1093
0.6729691028594971 1093
0.6729691028594971 1093
0.6736829280853271 1093
0.6736829280853271 1093
0.6736829280853271 1093
0.675771951675415 1093
0.6807858943939209 1093
0.6807858943939209 1093
0.6807858943939209 1093
0.6815600395202637 1093
0.6855800151824951 1093
0.6855800151824951 1093
0.6855800151824951 1093
0.6859650611877441 1093
0.6863510608673096 1093
0.690295934677124 1093
0.690295934677124 1093
0.690295934677124 1093
0.697472095489502 1093
0.697472095489502 1093
0.6978399753570557 1093
0.6978399753570557 1093
0.6978399753570557 1093
0.6978399753570557 1093
0.698235034942627 1093
0.6994829177856445 1093
0.7007958889007568 1093
0.7011940479278564 1093
0.701956033706665 1093
0.7034389972686768 1093
0.7038149833679199 1093
0.7093160152435303 1093
0.7093160152435303 1093
0.7093160152435303 1093
0.7107429504394531 1093
0.7107429504394531 1093
0.7107429504394531 1093
0.7111060619354248 1093
0.7114570140838623 1093
0.7162370681762695 1093
0.7162370681762695 1093
0.7162370681762695 1093
0.7167038917541504 1093
0.7173449993133545 1093
0.7173449993133545 1093
0.7183890342712402 1093
0.7218060493469238 1093
0.7218060493469238 1093
0.7218060493469238 1093
0.7229480743408203 1093
0.7229480743408203 1093
0.7413699626922607 1093
0.7413699626922607 1093
0.7413699626922607 1093
0.7418239116668701 1093
0.7418239116668701 1093
0.7418239116668701 1093
0.7418239116668701 1093
0.7418239116668701 1093
0.7422130107879639 1093
0.7422130107879639 1093
0.7422130107879639 1093
0.7422130107879639 1093
0.742656946182251 1093
0.742656946182251 1093
0.742656946182251 1093
0.742656946182251 1093
0.7430911064147949 1093
0.7430911064147949 1093
0.7430911064147949 1093
0.7602651119232178 1093
0.7602651119232178 1093
0.7602651119232178 1093
0.7606420516967773 1093
0.7606420516967773 1093
0.7812809944152832 1093
0.7812809944152832 1093
0.7821309566497803 1093
0.7825438976287842 1093
0.783013105392456 1093
0.7834839820861816 1093
0.7839200496673584 1093
0.7839200496673584 1093
0.7843129634857178 1093
0.7861959934234619 1093
0.7866570949554443 1093
0.7866570949554443 1093
0.7871201038360596 1093
0.7871201038360596 1093
0.7871201038360596 1093
0.7875540256500244 1093
0.7875540256500244 1093
0.7875540256500244 1093
0.7879979610443115 1093
0.7879979610443115 1093
0.7895259857177734 1093
0.797421932220459 1093
0.797421932220459 1093
0.7979090213775635 1093
0.7979090213775635 1093
0.8026010990142822 1093
0.8030059337615967 1093
0.8030059337615967 1093
0.8030059337615967 1093
0.8038980960845947 1093
0.8163011074066162 1093
0.8163011074066162 1093
0.8166310787200928 1093
0.8166310787200928 1093
0.8166310787200928 1093
0.8171210289001465 1093
0.8171210289001465 1093
0.8171210289001465 1093
0.8171210289001465 1093
0.8240408897399902 1093
0.8240408897399902 1093
0.8240408897399902 1093
0.8244349956512451 1093
0.8249709606170654 1093
0.8258559703826904 1093
0.8566339015960693 1093
0.8569529056549072 1093
0.8569529056549072 1093
0.8572990894317627 1093
0.8572990894317627 1093
0.8572990894317627 1093
0.8572990894317627 1093
0.8576450347900391 1093
0.8576450347900391 1093
0.8576450347900391 1093
0.8576450347900391 1093
0.8579809665679932 1093
0.8579809665679932 1093
0.8579809665679932 1093
0.8579809665679932 1093
0.8583269119262695 1093
0.8583269119262695 1093
0.8583269119262695 1093
0.8586680889129639 1093
0.8586680889129639 1093
0.8586680889129639 1093
0.8586680889129639 1093
0.8590219020843506 1093
0.8590219020843506 1093
0.8664460182189941 1093
0.8664460182189941 1093
0.8664460182189941 1093
0.8668689727783203 1093
0.8668689727783203 1093
0.8668689727783203 1093
0.8671970367431641 1093
0.8717949390411377 1093
0.8717949390411377 1093
0.8717949390411377 1093
0.8907129764556885 1093
0.8907129764556885 1093
0.8907129764556885 1093
0.8907129764556885 1093
0.8910629749298096 1093
0.8910629749298096 1093
0.8915090560913086 1093
0.8915090560913086 1093
0.8915090560913086 1093
0.8915090560913086 1093
0.8915090560913086 1093
0.8919110298156738 1093
0.8919110298156738 1093
0.8919110298156738 1093
0.8923048973083496 1093
0.8923048973083496 1093
0.8992800712585449 1093
0.8992800712585449 1093
0.8996260166168213 1093
0.8996260166168213 1093
0.8996260166168213 1093
0.8996260166168213 1093
0.8999669551849365 1093
0.8999669551849365 1093
0.9007771015167236 1093
0.902817964553833 1093
0.9035670757293701 1093
0.9046249389648438 1093
0.9087600708007812 1093
0.9087600708007812 1093
0.9090979099273682 1093
0.9090979099273682 1093
0.9144370555877686 1093
0.9144370555877686 1093
0.9144370555877686 1093
0.9144370555877686 1093
0.9153931140899658 1093
0.9274909496307373 1093
0.9274909496307373 1093
0.9278230667114258 1093
0.9278230667114258 1093
0.9278230667114258 1093
0.9282360076904297 1093
0.9282360076904297 1093
0.9282360076904297 1093
0.9282360076904297 1093
0.9286599159240723 1093
0.9334359169006348 1093
0.9334359169006348 1093
0.9334359169006348 1093
0.9337999820709229 1093
0.9337999820709229 1093
0.9337999820709229 1093
0.9353809356689453 1093
0.9413740634918213 1093
0.9417738914489746 1093
0.9417738914489746 1093
0.9417738914489746 1093
0.9421310424804688 1093
0.9421310424804688 1093
0.9421310424804688 1093
0.9452359676361084 1093
0.9502289295196533 1093
0.9502289295196533 1093
0.9502289295196533 1093
0.9512200355529785 1093
0.9512200355529785 1093
0.9512200355529785 1093
0.9512200355529785 1093
0.9512200355529785 1093
0.9522130489349365 1093
0.9582109451293945 1093
0.9582109451293945 1093
0.9582109451293945 1093
0.9582109451293945 1093
0.9582109451293945 1093
0.9582109451293945 1093
0.9653100967407227 1093
0.9653100967407227 1093
0.9653100967407227 1093
0.9653100967407227 1093
0.9653100967407227 1093
0.9653100967407227 1093
0.9661939144134521 1093
0.9697871208190918 1093
0.9697871208190918 1093
0.9697871208190918 1093
0.9701149463653564 1093
0.9701149463653564 1093
0.9701149463653564 1093
0.9716610908508301 1093
0.9756979942321777 1093
0.9756979942321777 1093
0.9756979942321777 1093
0.9760870933532715 1093
0.9760870933532715 1093
0.9769189357757568 1093
0.9841361045837402 1093
0.9841361045837402 1093
0.9841361045837402 1093
0.9841361045837402 1093
0.9841361045837402 1093
0.9841361045837402 1093
0.9841361045837402 1093
0.9875850677490234 1093
0.9875850677490234 1093
0.9875850677490234 1093
0.9879860877990723 1093
0.992542028427124 1093
0.992542028427124 1093
0.9929330348968506 1093
0.9929330348968506 1093
0.9933130741119385 1093
0.9933130741119385 1093
1.0021390914916992 1093
1.0021390914916992 1093
1.0021390914916992 1093
1.0021390914916992 1093
1.0021390914916992 1093
1.0021390914916992 1093
1.0021390914916992 1093
1.0021390914916992 1093
1.0083589553833008 1093
1.0083589553833008 1093
1.0083589553833008 1093
1.0087599754333496 1093
1.0087599754333496 1093
1.0090270042419434 1093
1.009531021118164 1093
1.009531021118164 1093
1.0098090171813965 1093
1.0119249820709229 1093
1.0119249820709229 1093
1.0140540599822998 1093
1.0180549621582031 1093
1.0180549621582031 1093
1.0180549621582031 1093
1.0180549621582031 1093
1.0180549621582031 1093
1.0190329551696777 1093
1.0200309753417969 1093
1.0267488956451416 1093
1.0267488956451416 1093
1.0267488956451416 1093
1.0271210670471191 1093
1.0271210670471191 1093
1.0271210670471191 1093
1.0275070667266846 1093
1.0275070667266846 1093
1.0296831130981445 1093
1.0296831130981445 1093
1.030364990234375 1093
1.0346720218658447 1093
1.0346720218658447 1093
1.0346720218658447 1093
1.035038948059082 1093
1.035038948059082 1093
1.0362238883972168 1093
1.0384681224822998 1093
1.0384681224822998 1093
1.044403076171875 1093
1.044403076171875 1093
1.0447540283203125 1093
1.0447540283203125 1093
1.0447540283203125 1093
1.0451469421386719 1093
1.0451469421386719 1093
1.0508639812469482 1093
1.0511620044708252 1093
1.0511620044708252 1093
1.051527976989746 1093
1.051527976989746 1093
1.051527976989746 1093
1.0518319606781006 1093
1.0525190830230713 1093
1.0535120964050293 1093
1.0558269023895264 1093
1.0561490058898926 1093
1.0569090843200684 1093
1.0602529048919678 1093
1.0605900287628174 1093
1.0605900287628174 1093
1.0605900287628174 1093
1.0609290599822998 1093
1.069005012512207 1093
1.069005012512207 1093
1.0692191123962402 1093
1.0692191123962402 1093
1.0692191123962402 1093
1.0694539546966553 1093
1.0694539546966553 1093
1.0698881149291992 1093
1.0698881149291992 1093
1.0720329284667969 1093
1.0724430084228516 1093
1.0755760669708252 1093
1.0755760669708252 1093
1.0755760669708252 1093
1.0769801139831543 1093
1.0769801139831543 1093
1.0780320167541504 1093
1.0784120559692383 1093
1.0809009075164795 1093
1.0809009075164795 1093
1.0862579345703125 1093
1.0862579345703125 1093
1.086587905883789 1093
1.086587905883789 1093
1.086587905883789 1093
1.0869460105895996 1093
1.0873138904571533 1093
1.0929160118103027 1093
1.0932610034942627 1093
1.0932610034942627 1093
1.0932610034942627 1093
1.0932610034942627 1093
1.0935978889465332 1093
1.0939528942108154 1093
1.0953640937805176 1093
1.097491979598999 1093
1.0978310108184814 1093
1.0978310108184814 1093
1.1029279232025146 1093
1.1032729148864746 1093
1.1032729148864746 1093
1.1032729148864746 1093
1.1036179065704346 1093
1.1039760112762451 1093
1.111872911453247 1093
1.111872911453247 1093
1.111872911453247 1093
1.1122620105743408 1093
1.1122620105743408 1093
1.1122620105743408 1093
1.1122620105743408 1093
1.1125359535217285 1093
1.1125359535217285 1093
1.1125359535217285 1093
1.1128289699554443 1093
1.1132550239562988 1093
1.115264892578125 1093
1.115264892578125 1093
1.1183269023895264 1093
1.1183269023895264 1093
1.1183269023895264 1093
1.1187191009521484 1093
1.1187191009521484 1093
1.1191859245300293 1093
1.1211419105529785 1093
1.1215169429779053 1093
1.1232409477233887 1093
1.1247389316558838 1093
1.1251270771026611 1093
1.1251270771026611 1093
1.1251270771026611 1093
1.13071608543396 1093
1.13071608543396 1093
1.13071608543396 1093
1.131342887878418 1093
1.131342887878418 1093
1.131342887878418 1093
1.131342887878418 1093
1.131342887878418 1093
1.1320250034332275 1093
1.1349101066589355 1093
1.1349101066589355 1093
1.1351890563964844 1093
1.1355679035186768 1093
1.1355679035186768 1093
1.1376550197601318 1093
1.1376550197601318 1093
1.1395819187164307 1093
1.1395819187164307 1093
1.1399660110473633 1093
1.1409180164337158 1093
1.1458690166473389 1093
1.1458690166473389 1093
1.1463301181793213 1093
1.1463301181793213 1093
1.1463301181793213 1093
1.1463301181793213 1093
1.1468079090118408 1093
1.1468079090118408 1093
1.147852897644043 1093
1.149846076965332 1093
1.149846076965332 1093
1.170870065689087 1093
1.170870065689087 1093
1.170870065689087 1093
1.1711249351501465 1093
1.1711249351501465 1093
1.1711249351501465 1093
1.1714789867401123 1093
1.1714789867401123 1093
1.1714789867401123 1093
1.1714789867401123 1093
1.1718599796295166 1093
1.1718599796295166 1093
1.1718599796295166 1093
1.1722300052642822 1093
1.1722300052642822 1093
1.1722300052642822 1093
1.1722300052642822 1093
1.1726109981536865 1093
1.1729950904846191 1093
1.1734619140625 1093
1.1737840175628662 1093
1.1772239208221436 1093
1.1772239208221436 1093
1.1772239208221436 1093
1.1781930923461914 1093
1.1804089546203613 1093
1.1808009147644043 1093
1.1817679405212402 1093
1.1828820705413818 1093
1.1868999004364014 1093
1.1868999004364014 1093
1.1872920989990234 1093
1.1890249252319336 1093
1.1890249252319336 1093
1.1893649101257324 1093
1.1928279399871826 1093
1.193011999130249 1093
1.193011999130249 1093
1.205354928970337 1093
1.205354928970337 1093
1.2057600021362305 1093
1.2057600021362305 1093
1.2057600021362305 1093
1.2060298919677734 1093
1.2060298919677734 1093
1.2060298919677734 1093
1.2060298919677734 1093
1.2060298919677734 1093
1.2063910961151123 1093
1.2146780490875244 1093
1.215606927871704 1093
1.2169809341430664 1093
1.2169809341430664 1093
1.2173779010772705 1093
1.2173779010772705 1093
1.2177670001983643 1093
1.218250036239624 1093
1.2187321186065674 1093
1.219228982925415 1093
1.2196900844573975 1093
1.2201519012451172 1093
1.220616102218628 1093
1.221074104309082 1093
1.2219960689544678 1093
1.2219960689544678 1093
1.2234580516815186 1093
1.2243831157684326 1093
1.225574016571045 1093
1.2294299602508545 1093
1.2294299602508545 1093
1.2294299602508545 1093
1.2304129600524902 1093
1.2324039936065674 1093
1.2338008880615234 1093
1.2342541217803955 1093
1.2346439361572266 1093
1.236570119857788 1093
1.237351894378662 1093
1.2377269268035889 1093
1.2406580448150635 1093
1.2420969009399414 1093
1.2424910068511963 1093
1.2424910068511963 1093
1.2475719451904297 1093
1.2480521202087402 1093
1.2480521202087402 1093
1.2480521202087402 1093
1.2480521202087402 1093
1.2484281063079834 1093
1.2496440410614014 1093
1.2510230541229248 1093
1.2569448947906494 1093
1.2569448947906494 1093
1.2574310302734375 1093
1.2574310302734375 1093
1.2574310302734375 1093
1.2574310302734375 1093
1.2574310302734375 1093
1.257889986038208 1093
1.2595279216766357 1093
1.2595279216766357 1093
1.2599120140075684 1093
1.2607600688934326 1093
1.2612190246582031 1093
1.2637860774993896 1093
1.2652380466461182 1093
1.2656939029693604 1093
1.2665040493011475 1093
1.2670109272003174 1093
1.2673470973968506 1093
1.267848014831543 1093
1.2688159942626953 1093
1.269299030303955 1093
1.270056962966919 1093
1.2703619003295898 1093
1.2727010250091553 1093
1.2727010250091553 1093
1.2733500003814697 1093
1.2736968994140625 1093
1.274569034576416 1093
1.2795610427856445 1093
1.2795610427856445 1093
1.2799780368804932 1093
1.2799780368804932 1093
1.2799780368804932 1093
1.2803099155426025 1093
1.2806971073150635 1093
1.2811739444732666 1093
1.2831780910491943 1093
1.2831780910491943 1093
1.284653902053833 1093
1.284653902053833 1093
1.285417079925537 1093
1.2898750305175781 1093
1.2898750305175781 1093
1.2898750305175781 1093
1.2902510166168213 1093
1.2902510166168213 1093
1.2902510166168213 1093
1.2906510829925537 1093
1.2916569709777832 1093
1.2930290699005127 1093
1.2987570762634277 1093
1.2987570762634277 1093
1.2987570762634277 1093
1.2996790409088135 1093
1.2996790409088135 1093
