1048794
0.0 1500
0.0008070468902587891 1500
0.003039121627807617 1500
0.003609180450439453 1500
0.005936145782470703 1500
0.007140159606933594 1500
0.008690118789672852 1500
0.009865999221801758 1500
0.010886192321777344 1500
0.012730121612548828 1500
0.01385498046875 1500
0.01589798927307129 1500
0.016743183135986328 1500
0.01883697509765625 1500
0.019623994827270508 1500
0.0219271183013916 1500
0.022780179977416992 1500
0.023960113525390625 1500
0.025765180587768555 1500
0.026602983474731445 1500
0.028815031051635742 1500
0.029827117919921875 1500
0.031783103942871094 1500
0.032850027084350586 1500
0.034852027893066406 1500
0.03574419021606445 1500
0.037069082260131836 1500
0.03886008262634277 1500
0.03990316390991211 1500
0.04187798500061035 1500
0.042814016342163086 1500
0.0449521541595459 1500
0.045794010162353516 1500
0.04829096794128418 1500
0.04895615577697754 1500
0.04953312873840332 1500
0.05163002014160156 1500
0.052742958068847656 1500
0.05495500564575195 1500
0.055685997009277344 1500
0.05834197998046875 1500
0.05880999565124512 1500
0.061097145080566406 1500
0.06173205375671387 1500
0.06340503692626953 1500
0.06471610069274902 1500
0.06584596633911133 1500
0.06758308410644531 1500
0.06877803802490234 1500
0.07073497772216797 1500
0.0715329647064209 1500
0.07541203498840332 1500
0.07548308372497559 1500
0.07570695877075195 1500
0.07826399803161621 1500
0.0787351131439209 1500
0.08092308044433594 1500
0.08153605461120605 1500
0.08398914337158203 1500
0.08523917198181152 1500
0.08675098419189453 1500
0.0878591537475586 1500
0.08872008323669434 1500
0.09106707572937012 1500
0.09201908111572266 1500
0.09380698204040527 1500
0.0959630012512207 1500
0.09664201736450195 1500
0.09837508201599121 1500
0.09998416900634766 1500
0.10067105293273926 1500
0.1018211841583252 1500
0.1039590835571289 1500
0.10475015640258789 1500
0.10667800903320312 1500
0.1076350212097168 1500
0.10998296737670898 1500
0.1107640266418457 1500
0.11306118965148926 1500
0.11383318901062012 1500
0.11498713493347168 1500
0.11681103706359863 1500
0.1182851791381836 1500
0.11983919143676758 1500
0.12099599838256836 1500
0.1228480339050293 1500
0.1236569881439209 1500
0.12572503089904785 1500
0.12667512893676758 1500
0.12939119338989258 1500
0.12970900535583496 1500
0.1306619644165039 1500
0.13277816772460938 1500
0.13356399536132812 1500
0.13586997985839844 1500
0.1368119716644287 1500
0.13875508308410645 1500
0.13979697227478027 1500
0.1412200927734375 1500
0.14287996292114258 1500
0.14373397827148438 1500
0.14573311805725098 1500
0.14677000045776367 1500
0.1487870216369629 1500
0.14984416961669922 1500
0.15177702903747559 1500
0.15288710594177246 1500
0.15382099151611328 1500
0.15605616569519043 1500
0.1567230224609375 1500
0.1591181755065918 1500
0.15981006622314453 1500
0.1620471477508545 1500
0.16280412673950195 1500
0.16499900817871094 1500
0.16593313217163086 1500
0.1665799617767334 1500
0.16875696182250977 1500
0.16976714134216309 1500
0.1718120574951172 1500
0.17271208763122559 1500
0.17520999908447266 1500
0.17595505714416504 1500
0.17834210395812988 1500
0.17880010604858398 1500
0.17986202239990234 1500
0.18187308311462402 1500
0.18270111083984375 1500
0.18499207496643066 1500
0.18584418296813965 1500
0.18771910667419434 1500
0.18863296508789062 1500
0.1909031867980957 1500
0.19164514541625977 1500
0.19287419319152832 1500
0.19474005699157715 1500
0.1957721710205078 1500
0.19933414459228516 1500
0.19933414459228516 1500
0.20067906379699707 1500
0.20163607597351074 1500
0.2037801742553711 1500
0.20480012893676758 1500
0.20684814453125 1500
0.20784616470336914 1500
0.20891809463500977 1500
0.21056914329528809 1500
0.21199417114257812 1500
0.2138960361480713 1500
0.21453309059143066 1500
0.21674013137817383 1500
0.21764016151428223 1500
0.21987199783325195 1500
0.2207651138305664 1500
0.22188901901245117 1500
0.22395014762878418 1500
0.22487115859985352 1500
0.2269001007080078 1500
0.22766518592834473 1500
0.22995710372924805 1500
0.23083209991455078 1500
0.23305106163024902 1500
0.2337050437927246 1500
0.23486995697021484 1500
0.23687195777893066 1500
0.23765301704406738 1500
0.24086213111877441 1500
0.24086213111877441 1500
0.24296212196350098 1500
0.24361610412597656 1500
0.2460191249847412 1500
0.24683213233947754 1500
0.24776506423950195 1500
0.25115203857421875 1500
0.25115203857421875 1500
0.2527921199798584 1500
0.25376105308532715 1500
0.25589704513549805 1500
0.2567591667175293 1500
0.25893115997314453 1500
0.25973010063171387 1500
0.2610890865325928 1500
0.2666041851043701 1500
0.2666041851043701 1500
0.2666041851043701 1500
0.26676416397094727 1500
0.2691080570220947 1500
0.2697610855102539 1500
0.2720019817352295 1500
0.27288007736206055 1500
0.2738821506500244 1500
0.275892972946167 1500
0.27706217765808105 1500
0.27899813652038574 1500
0.2800021171569824 1500
0.28181004524230957 1500
0.2832319736480713 1500
0.2849140167236328 1500
0.28564906120300293 1500
0.2865891456604004 1500
0.28894710540771484 1500
0.2897031307220459 1500
0.29184699058532715 1500
0.2926349639892578 1500
0.29463696479797363 1500
0.2956430912017822 1500
0.29794907569885254 1500
0.2986149787902832 1500
0.2997779846191406 1500
0.3017539978027344 1500
0.30301713943481445 1500
0.30484914779663086 1500
0.30566906929016113 1500
0.3083481788635254 1500
0.30875205993652344 1500
0.31095409393310547 1500
0.31183910369873047 1500
0.3138611316680908 1500
0.3148031234741211 1500
0.3159050941467285 1500
0.31781601905822754 1500
0.3189201354980469 1500
0.32082414627075195 1500
0.3218510150909424 1500
0.32389307022094727 1500
0.32479000091552734 1500
0.3266580104827881 1500
0.32769107818603516 1500
0.32875609397888184 1500
0.3308291435241699 1500
0.33178019523620605 1500
0.3341331481933594 1500
0.33494114875793457 1500
0.33670902252197266 1500
0.33777403831481934 1500
0.34014296531677246 1500
0.3410530090332031 1500
0.34169602394104004 1500
0.34403514862060547 1500
0.3447389602661133 1500
0.34699010848999023 1500
0.34775400161743164 1500
0.3500070571899414 1500
0.35079407691955566 1500
0.3527660369873047 1500
0.3536231517791748 1500
0.35473108291625977 1500
0.35677313804626465 1500
0.35767507553100586 1500
0.35958313941955566 1500
0.3608369827270508 1500
0.36272501945495605 1500
0.36394810676574707 1500
0.36576199531555176 1500
0.3668491840362549 1500
0.3677401542663574 1500
0.36985015869140625 1500
0.3708059787750244 1500
0.3727869987487793 1500
0.3736419677734375 1500
0.3760871887207031 1500
0.37665605545043945 1500
0.37911415100097656 1500
0.3798489570617676 1500
0.3807539939880371 1500
0.38420605659484863 1500
0.38420605659484863 1500
0.38564610481262207 1500
0.3866240978240967 1500
0.3889141082763672 1500
0.3896620273590088 1500
0.39159202575683594 1500
0.39269208908081055 1500
0.39505600929260254 1500
0.39562201499938965 1500
0.3966400623321533 1500
0.39897799491882324 1500
0.3998579978942871 1500
0.4020559787750244 1500
0.40261316299438477 1500
0.4060251712799072 1500
0.4060251712799072 1500
0.4077470302581787 1500
0.408750057220459 1500
0.4097721576690674 1500
0.41148900985717773 110
0.4757959842681885 40
0.5982990264892578 1500
0.5982990264892578 1500
0.5982990264892578 1500
0.5982990264892578 1500
0.5982990264892578 1500
0.5982990264892578 1500
0.5982990264892578 1500
0.5990731716156006 1500
0.6000101566314697 1500
0.6011919975280762 1500
0.6029970645904541 1500
0.603614091873169 393
0.6048471927642822 1500
0.60601806640625 1500
0.6082651615142822 1500
0.60915207862854 1500
0.6109120845794678 1500
0.6115210056304932 1500
0.6128311157226562 1500
0.6149680614471436 1500
0.6170330047607422 1500
0.6183080673217773 1500
0.6186749935150146 1500
0.6210660934448242 393
0.6210660934448242 1500
0.6216781139373779 1500
0.6240401268005371 1500
0.6245791912078857 1500
0.6284890174865723 1500
0.6284890174865723 1500
0.6297380924224854 1500
0.6313040256500244 1500
0.6326911449432373 1500
0.6389620304107666 1500
0.6389620304107666 1500
0.6389620304107666 393
0.6389620304107666 1500
0.6389620304107666 1500
0.6399281024932861 1500
0.6428589820861816 1500
0.6428589820861816 1500
0.6450459957122803 1500
0.6454980373382568 1500
0.6472711563110352 1500
0.6488809585571289 1500
0.649590015411377 1500
0.6519851684570312 1500
0.6527190208435059 393
0.6538231372833252 1500
0.654738187789917 1500
0.6568930149078369 1500
0.6576991081237793 1500
0.6641449928283691 1500
0.6641449928283691 1500
0.6641449928283691 1500
0.6641449928283691 1500
0.6649291515350342 1500
0.6671140193939209 1500
0.6676921844482422 1500
0.6700429916381836 393
0.6700429916381836 1500
0.6706490516662598 1500
0.6729981899261475 1500
0.6737720966339111 1500
0.6770670413970947 1500
0.6770670413970947 1500
0.6789109706878662 1500
0.6795530319213867 1500
0.6806931495666504 1500
0.6828620433807373 1500
0.6839020252227783 1500
0.6869010925292969 393
0.6869010925292969 1500
0.687744140625 1500
0.6889081001281738 1500
0.6907601356506348 1500
0.6919381618499756 1500
0.6927990913391113 1500
0.6949419975280762 1500
0.695911169052124 1500
0.6979291439056396 1500
0.6987340450286865 1500
0.7009491920471191 1500
0.7017011642456055 393
0.70182204246521 1500
0.7039210796356201 1500
0.7050960063934326 1500
0.707097053527832 1500
0.7078771591186523 1500
0.7102980613708496 1500
0.7107810974121094 1500
0.7128121852874756 1500
0.7137269973754883 1500
0.7149159908294678 1500
0.7167351245880127 1500
0.7177460193634033 393
0.7199091911315918 1500
0.7199091911315918 1500
0.7217321395874023 1500
0.7225971221923828 1500
0.7248170375823975 1500
0.7258021831512451 1500
0.7269570827484131 1500
0.7298071384429932 1500
0.729957103729248 1500
0.7319531440734863 1500
0.7326321601867676 1500
0.7349469661712646 1500
0.7356741428375244 1500
0.7383251190185547 1500
0.7386150360107422 1500
0.7397491931915283 1500
0.7418789863586426 1500
0.7426090240478516 1500
0.745232105255127 1500
0.7457339763641357 1500
0.7478361129760742 1500
0.7486140727996826 1500
0.750885009765625 1500
0.751906156539917 1500
0.7526431083679199 1500
0.7561261653900146 1500
0.7562520503997803 1500
0.7582969665527344 1500
0.7586641311645508 1500
0.760810136795044 1500
0.7616591453552246 1500
0.7636590003967285 1500
0.764976978302002 1500
0.7657790184020996 1500
0.7677550315856934 1500
0.7687830924987793 1500
0.770766019821167 1500
0.772083044052124 1500
0.7739369869232178 1500
0.7747530937194824 1500
0.776879072189331 1500
0.7776110172271729 1500
0.7786431312561035 1500
0.7809460163116455 1500
0.7816941738128662 1500
0.7839090824127197 1500
0.7848880290985107 1500
0.786870002746582 1500
0.7882781028747559 1500
0.7899219989776611 1500
0.7907090187072754 1500
0.7919020652770996 1500
0.797814130783081 1500
0.8010280132293701 1500
0.8034939765930176 1500
0.8036470413208008 1500
0.8090581893920898 1500
0.8096661567687988 1500
0.8111381530761719 1500
0.8117930889129639 1500
0.812636137008667 1500
0.8146820068359375 1500
0.8156671524047852 1500
0.8178989887237549 1500
0.818526029586792 1500
0.8205740451812744 1500
0.8216400146484375 1500
0.823754072189331 1500
0.8247451782226562 1500
0.8259801864624023 1500
0.8276801109313965 1500
0.8287689685821533 1500
0.8306450843811035 1500
0.8319480419158936 1500
0.8338141441345215 1500
0.834712028503418 1500
0.837130069732666 1500
0.8376259803771973 1500
0.8394870758056641 1500
0.8412539958953857 1500
0.8414931297302246 1500
0.848466157913208 1500
0.848466157913208 1500
0.848466157913208 1500
0.848466157913208 1500
0.8499851226806641 1500
0.8508760929107666 1500
0.8516650199890137 1500
0.8536601066589355 1500
0.854809045791626 1500
0.8569900989532471 1500
0.8576321601867676 1500
0.8596291542053223 1500
0.8606879711151123 1500
0.8629131317138672 1500
0.863624095916748 1500
0.8647570610046387 1500
0.8669431209564209 1500
0.8677241802215576 1500
0.8700041770935059 1500
0.8707981109619141 1500
0.8727710247039795 1500
0.8735611438751221 1500
0.8759620189666748 1500
0.8768460750579834 1500
0.877526044845581 1500
0.8796820640563965 1500
0.8809661865234375 1500
0.8829011917114258 1500
0.8839371204376221 1500
0.8857741355895996 1500
0.8866209983825684 1500
0.8890190124511719 1500
0.8899490833282471 1500
0.8909671306610107 1500
0.8926661014556885 1500
0.8935530185699463 1500
0.8956730365753174 1500
0.8965251445770264 1500
0.8986971378326416 1500
0.8997981548309326 1500
0.9020299911499023 1500
0.9028401374816895 1500
0.9037771224975586 1500
0.9057650566101074 1500
0.9069280624389648 1500
0.9089109897613525 1500
0.9096510410308838 1500
0.9128961563110352 1500
0.9128961563110352 1500
0.9149050712585449 1500
0.915748119354248 1500
0.9168500900268555 1500
0.9192781448364258 1500
0.9197120666503906 1500
0.9219660758972168 1500
0.9225201606750488 1500
0.9248759746551514 1500
0.9256591796875 1500
0.927649974822998 1500
0.9289441108703613 1500
0.9296591281890869 1500
0.9317891597747803 1500
0.9327120780944824 1500
0.9349870681762695 1500
0.9359381198883057 1500
0.9391391277313232 1500
0.9391391277313232 1500
0.9409050941467285 1500
0.9418971538543701 1500
0.9428119659423828 1500
0.9448001384735107 1500
0.9456501007080078 1500
0.9484260082244873 1500
0.9485070705413818 1500
0.9509661197662354 1500
0.9518020153045654 1500
0.953977108001709 1500
0.9545941352844238 1500
0.9557321071624756 1500
0.9582781791687012 1500
0.958888053894043 1500
0.9607441425323486 1500
0.9621391296386719 1500
0.9637701511383057 1500
0.964698076248169 1500
0.9668929576873779 1500
0.9678449630737305 1500
0.9689090251922607 1500
0.9710080623626709 1500
0.9717891216278076 1500
0.9737141132354736 1500
0.9748060703277588 1500
0.9767720699310303 1500
0.9778480529785156 1500
0.9797811508178711 1500
0.9806921482086182 1500
0.9816889762878418 1500
0.9838790893554688 1500
0.9846329689025879 1500
0.9869880676269531 1500
0.98769211769104 1500
0.9899680614471436 1500
0.990584135055542 1500
0.9926869869232178 1500
0.9937970638275146 1500
0.9945461750030518 1500
0.9967920780181885 1500
0.997960090637207 1500
0.999763011932373 1500
1.000864028930664 1500
1.0028600692749023 1500
1.0038070678710938 1500
1.005925178527832 1500
1.0067780017852783 1500
1.0077600479125977 1500
1.0096721649169922 1500
1.0107810497283936 1500
1.0130431652069092 1500
1.0135979652404785 1500
1.0158631801605225 1500
1.016653060913086 1500
1.019232988357544 1500
1.0195369720458984 1500
1.0207140445709229 1500
1.0228590965270996 1500
1.0236330032348633 1500
1.0274360179901123 1500
1.0274360179901123 1500
1.0288581848144531 1500
1.029736042022705 1500
1.0321340560913086 1500
1.0326051712036133 1500
1.0338749885559082 1500
1.0359220504760742 1500
1.0367159843444824 1500
1.0388200283050537 1500
1.0398101806640625 1500
1.0417041778564453 1500
1.042729139328003 1500
1.0446250438690186 1500
1.0458769798278809 1500
1.0466961860656738 1500
1.0488760471343994 1500
1.0498130321502686 1500
1.0517690181732178 1500
1.052757978439331 1500
1.0549421310424805 1500
1.0555500984191895 1500
1.058892011642456 1500
1.058892011642456 1500
1.0596661567687988 1500
1.0616950988769531 1500
1.0627610683441162 1500
1.0648541450500488 1500
1.0656170845031738 1500
1.068282127380371 1500
1.0687730312347412 1500
1.070829153060913 1500
1.071829080581665 1500
1.0728530883789062 1500
1.0747010707855225 1500
1.0755181312561035 1500
1.0782790184020996 1500
1.078557014465332 1500
1.0824530124664307 1500
1.0824530124664307 1500
1.083940029144287 1500
1.0848701000213623 1500
1.0857269763946533 1500
1.0876541137695312 1500
1.0888431072235107 1500
1.090623140335083 1500
1.0929651260375977 1500
1.093757152557373 1500
1.0948359966278076 1500
1.0970180034637451 1500
1.098351001739502 1500
1.0985431671142578 1500
1.1009750366210938 1500
1.1016101837158203 1500
1.104032039642334 1500
1.1046371459960938 1500
1.1066951751708984 1500
1.1077210903167725 1500
1.1098179817199707 1500
1.1106500625610352 1500
1.1119179725646973 1500
1.1136469841003418 1500
1.1146490573883057 1500
1.116706132888794 1500
1.1175761222839355 1500
1.120002031326294 1500
1.120872974395752 1500
1.1229441165924072 1500
1.1236650943756104 1500
1.1252679824829102 1500
1.1267521381378174 1500
1.1276981830596924 1500
1.129925012588501 1500
1.1305899620056152 1500
1.1328680515289307 1500
1.1335949897766113 1500
1.1361429691314697 1500
1.1367740631103516 1500
1.1377711296081543 1500
1.1398661136627197 1500
1.1407041549682617 1500
1.1428980827331543 1500
1.143543004989624 1500
1.1459381580352783 1500
1.1467790603637695 1500
1.1489520072937012 1500
1.1497290134429932 1500
1.1508350372314453 1500
1.1527509689331055 1500
1.1537439823150635 1500
1.1572070121765137 1500
1.1572070121765137 1500
1.1588749885559082 1500
1.1596331596374512 1500
1.1618990898132324 1500
1.162611961364746 1500
1.1636810302734375 1500
1.1657891273498535 1500
1.1666669845581055 1500
1.1687140464782715 1500
1.1697759628295898 1500
1.1720280647277832 1500
1.1730940341949463 1500
1.1751141548156738 1500
1.1758849620819092 1500
1.1769921779632568 1500
1.1788220405578613 1500
1.1796510219573975 1500
1.1817281246185303 1500
1.1826200485229492 1500
1.1846191883087158 1500
1.1855239868164062 1500
1.1878671646118164 1500
1.18870210647583 1500
1.190096139907837 1500
1.1919469833374023 1500
1.1926500797271729 1500
