1048592
0.0 1500
0.0011019706726074219 1500
0.0028679370880126953 1500
0.0037310123443603516 1500
0.0059168338775634766 1500
0.006767988204956055 1500
0.00761103630065918 1500
0.010246992111206055 1500
0.010673046112060547 1500
0.01296091079711914 1500
0.013648033142089844 1500
0.01584792137145996 1500
0.016954898834228516 1500
0.0188748836517334 1500
0.019609928131103516 1500
0.020750999450683594 1500
0.0239410400390625 1500
0.02403998374938965 1500
0.025831937789916992 1500
0.026646852493286133 1500
0.028952836990356445 1500
0.03009486198425293 1500
0.03174591064453125 1500
0.032768964767456055 1500
0.033783912658691406 1500
0.037042856216430664 1500
0.037042856216430664 1500
0.03872489929199219 1500
0.03987693786621094 1500
0.0421750545501709 1500
0.04303598403930664 1500
0.04485797882080078 1500
0.04573988914489746 1500
0.046881914138793945 1500
0.05012989044189453 1500
0.05012989044189453 1500
0.051837921142578125 1500
0.0527949333190918 1500
0.05470705032348633 1500
0.05575895309448242 1500
0.057708024978637695 1500
0.05873394012451172 1500
0.059699058532714844 1500
0.06164288520812988 1500
0.06428289413452148 1500
0.06462693214416504 1500
0.06615400314331055 1500
0.06797599792480469 1500
0.06858491897583008 1500
0.07084202766418457 1500
0.07213282585144043 1500
0.07276296615600586 1500
0.07477498054504395 1500
0.07562494277954102 1500
0.07774186134338379 1500
0.07875990867614746 1500
0.08101701736450195 1500
0.08167505264282227 1500
0.08377504348754883 1500
0.08461284637451172 1500
0.08574604988098145 1500
0.08770394325256348 1500
0.08865690231323242 1500
0.09067797660827637 1500
0.09322786331176758 1500
0.09398484230041504 1500
0.09474897384643555 1500
0.09667205810546875 1500
0.09809994697570801 1500
0.09884786605834961 1500
0.10102701187133789 1500
0.1017909049987793 1500
0.10368204116821289 1500
0.10467791557312012 1500
0.10665297508239746 1500
0.1080629825592041 1500
0.10987496376037598 1500
0.11117005348205566 1500
0.11205101013183594 1500
0.11408495903015137 1500
0.11506986618041992 1500
0.11665892601013184 1500
0.11765503883361816 1500
0.12097287178039551 1500
0.12097287178039551 1500
0.12309885025024414 1500
0.12365889549255371 1500
0.1248769760131836 1500
0.1268749237060547 1500
0.12775397300720215 1500
0.12997198104858398 1500
0.13076090812683105 1500
0.132735013961792 1500
0.13600492477416992 1500
0.13600492477416992 1500
0.13704895973205566 1500
0.13900494575500488 1500
0.1400759220123291 1500
0.14216995239257812 1500
0.14298295974731445 1500
0.14489483833312988 1500
0.14606189727783203 1500
0.14770102500915527 1500
0.15014195442199707 1500
0.15022802352905273 1500
0.1519908905029297 1500
0.15304803848266602 1500
0.1548628807067871 1500
0.15575385093688965 1500
0.15777802467346191 1500
0.1588890552520752 1500
0.16083598136901855 1500
0.16162395477294922 1500
0.1629638671875 1500
0.16470599174499512 1500
0.16562700271606445 1500
0.1678769588470459 1500
0.16889095306396484 1500
0.17101192474365234 1500
0.1717360019683838 1500
0.17389583587646484 1500
0.17470502853393555 1500
0.1767568588256836 1500
0.17808294296264648 1500
0.17909598350524902 1500
0.18077802658081055 1500
0.18163490295410156 1500
0.18387293815612793 1500
0.18481683731079102 1500
0.18686795234680176 1500
0.18762803077697754 1500
0.18880391120910645 1500
0.19200587272644043 1500
0.19200587272644043 1500
0.19397902488708496 1500
0.19469785690307617 1500
0.19690299034118652 1500
0.19774985313415527 1500
0.1998460292816162 1500
0.20070886611938477 1500
0.2016589641571045 1500
0.20370697975158691 1500
0.20576786994934082 1500
0.20667099952697754 1500
0.20790505409240723 1500
0.20978403091430664 1500
0.21068787574768066 1500
0.21285700798034668 1500
0.21367287635803223 1500
0.21476984024047852 1500
0.21667695045471191 1500
0.21843791007995605 1500
0.21970605850219727 1500
0.22071385383605957 1500
0.22281193733215332 1500
0.22365784645080566 1500
0.22582387924194336 1500
0.22680997848510742 1500
0.22875690460205078 1500
0.23003292083740234 1500
0.23169589042663574 1500
0.2337019443511963 1500
0.2337019443511963 52
0.23501896858215332 1500
0.2359600067138672 1500
0.23659992218017578 1500
0.23881983757019043 1356
0.23968982696533203 1500
0.24195384979248047 1500
0.2427220344543457 1500
0.24385690689086914 1500
0.24668383598327637 1500
0.24668383598327637 1500
0.2487659454345703 1500
0.24982786178588867 1500
0.2520439624786377 1500
0.2527148723602295 1500
0.2549898624420166 1500
0.25579190254211426 1500
0.25676989555358887 1500
0.25870394706726074 1500
0.25955986976623535 184
0.2607100009918213 1500
0.26174402236938477 1500
0.2626779079437256 1500
0.2647109031677246 1500
0.26579904556274414 1500
0.2678079605102539 1500
0.26865482330322266 1500
0.2709808349609375 1500
0.27178192138671875 1500
0.27375102043151855 1500
0.2753870487213135 1500
0.275925874710083 1500
0.27770304679870605 1500
0.27867984771728516 1500
0.28068995475769043 1500
0.2816488742828369 1500
0.28405189514160156 1500
0.2848520278930664 1500
0.2867119312286377 1500
0.2878448963165283 1500
0.28940582275390625 1500
0.2906839847564697 1500
0.2917759418487549 1500
0.2939889430999756 1500
0.29482102394104004 1500
0.2968120574951172 1500
0.2976720333099365 1500
0.3000638484954834 1500
0.300886869430542 1500
0.3018200397491455 1500
0.30426502227783203 1500
0.30464792251586914 1500
0.3067660331726074 1500
0.30767393112182617 1500
0.30989694595336914 1500
0.31092286109924316 1500
0.3126509189605713 1500
0.3139078617095947 1500
0.3147878646850586 1500
0.3171858787536621 1500
0.31768083572387695 1500
0.3200418949127197 1500
0.32103800773620605 1500
0.3229529857635498 1500
0.3237190246582031 1500
0.325671911239624 1500
0.3266479969024658 1500
0.32775282859802246 1500
0.32964301109313965 1500
0.3308298587799072 1500
0.3331608772277832 1500
0.3336029052734375 1500
0.3360419273376465 1500
0.3367760181427002 1500
0.340008020401001 1500
0.340008020401001 1500
0.3406200408935547 1500
0.34270596504211426 1500
0.3438079357147217 1500
0.3459630012512207 1500
0.34661197662353516 1500
0.3486950397491455 1500
0.3498380184173584 1500
0.35179996490478516 1500
0.3527529239654541 1500
0.353665828704834 1500
0.35604405403137207 1500
0.3566868305206299 1500
0.3587799072265625 1500
0.359576940536499 1500
0.3617889881134033 1500
0.36263394355773926 1500
0.3650689125061035 1500
0.36584901809692383 1500
0.3679850101470947 1500
0.36869287490844727 1500
0.36972689628601074 1500
0.3720550537109375 1500
0.3725919723510742 1500
0.37470293045043945 1500
0.3760800361633301 1500
0.37781596183776855 1500
0.3788909912109375 1500
0.38004183769226074 1500
0.38196492195129395 1500
0.3827519416809082 1500
0.3848118782043457 1500
0.3860938549041748 1500
0.38817405700683594 1500
0.3888669013977051 1500
0.3906898498535156 1500
0.3918778896331787 1500
0.3940558433532715 1500
0.39509105682373047 1500
0.39623403549194336 1500
0.3978250026702881 1500
0.3987460136413574 1500
0.4008638858795166 1500
0.4018669128417969 1500
0.403796911239624 1500
0.4048290252685547 1500
0.40570592880249023 1500
0.4081249237060547 1500
0.40862393379211426 1500
0.4108150005340576 1500
0.41202497482299805 1500
0.41379594802856445 1500
0.4147908687591553 1500
0.41680192947387695 1500
0.4180018901824951 1500
0.42008495330810547 1500
0.42082905769348145 1500
0.42208003997802734 1500
0.42383503913879395 1500
0.4248659610748291 1500
0.42684102058410645 1500
0.4278850555419922 1500
0.42970800399780273 1500
0.4306018352508545 1500
0.43276000022888184 1500
0.43381690979003906 1500
0.4347548484802246 1500
0.4367969036102295 1500
0.43762898445129395 1500
0.43963193893432617 1500
0.440579891204834 1500
0.4429628849029541 1500
0.44363903999328613 1500
0.44620299339294434 1500
0.44701290130615234 1500
0.4478268623352051 1500
0.45000696182250977 1500
0.45072484016418457 1500
0.45265793800354004 1500
0.4536900520324707 1500
0.45618104934692383 1500
0.4567258358001709 1500
0.45878005027770996 1500
0.4597630500793457 1500
0.4609818458557129 1500
0.4629018306732178 1500
0.4638340473175049 1500
0.46595287322998047 1500
0.4666728973388672 1500
0.4689459800720215 1500
0.4696168899536133 1500
0.47162699699401855 1500
0.4726579189300537 1500
0.4738619327545166 1500
0.47663187980651855 1500
0.4767799377441406 1500
0.47867488861083984 1500
0.48020100593566895 1500
0.48169398307800293 1500
0.48276495933532715 1500
0.4856569766998291 1500
0.4856569766998291 1500
0.4866218566894531 1500
0.4887700080871582 1500
0.48988795280456543 1500
0.49175286293029785 1500
0.4927530288696289 1500
0.49467992782592773 1500
0.4959878921508789 1500
0.49892091751098633 1500
0.49892091751098633 1500
0.4999120235443115 1500
0.5016779899597168 1500
0.5027668476104736 1500
0.5047109127044678 1500
0.5058329105377197 1500
0.5079669952392578 1500
0.5086770057678223 1500
0.5106780529022217 1500
0.5116279125213623 1500
0.5137758255004883 1500
0.5146420001983643 1500
0.515800952911377 1500
0.5179939270019531 1500
0.5186388492584229 1500
0.5208489894866943 1500
0.5218420028686523 1500
0.5241069793701172 1500
0.5247039794921875 1500
0.5257768630981445 1500
0.529120922088623 1500
0.5291879177093506 1500
0.5310258865356445 1500
0.5316109657287598 1500
0.5338480472564697 1500
0.5350069999694824 1500
0.5367510318756104 1500
0.5377228260040283 1500
0.5386688709259033 1500
0.5411648750305176 1500
0.5431749820709229 1500
0.5436549186706543 1500
0.5446138381958008 1500
0.5468168258666992 1500
0.5481438636779785 1500
0.5496840476989746 1500
0.5506868362426758 1500
0.5523388385772705 1500
0.5536060333251953 1500
0.5549869537353516 1500
0.5576939582824707 1500
0.5576939582824707 1500
0.5599579811096191 1500
0.5609469413757324 1500
0.5630488395690918 1500
0.5636379718780518 1500
0.5646359920501709 1500
0.5666909217834473 1500
0.5682270526885986 1500
0.569828987121582 1500
0.5707778930664062 1500
0.5728859901428223 1500
0.5739359855651855 1500
0.5759220123291016 1500
0.5766160488128662 1500
0.578894853591919 1500
0.5798928737640381 1500
0.5817389488220215 1500
0.5828609466552734 1500
0.5836498737335205 1500
0.5859558582305908 1500
0.5869238376617432 1500
0.5887508392333984 1500
0.5898318290710449 1500
0.5917019844055176 1500
0.5929028987884521 1500
0.5948848724365234 1500
0.5958099365234375 1500
0.5967249870300293 1500
0.5991840362548828 1500
0.600640058517456 1500
0.6020748615264893 1500
0.6039910316467285 1500
0.6046969890594482 1500
0.6071038246154785 1500
0.6078948974609375 1500
0.6101739406585693 1500
0.6108579635620117 1500
0.6139779090881348 1500
0.6140198707580566 1500
0.6148478984832764 1500
0.6169178485870361 1500
0.6176838874816895 1500
0.6198399066925049 1500
0.6208689212799072 1500
0.6230340003967285 1500
0.6240320205688477 1500
0.6273560523986816 1500
0.6273560523986816 1500
0.6280369758605957 1500
0.6299259662628174 1500
0.6305999755859375 1500
0.6330828666687012 1500
0.6336908340454102 1500
0.6357729434967041 1500
0.636699914932251 1500
0.6404008865356445 1500
0.6404008865356445 1500
0.6406779289245605 1500
0.6429970264434814 1500
0.6437430381774902 1500
0.6460549831390381 1500
0.6467080116271973 1500
0.6487479209899902 1500
0.650054931640625 1500
0.6518409252166748 1500
0.6536760330200195 1500
0.6537518501281738 1500
0.6557629108428955 1500
0.6568529605865479 1500
0.6591479778289795 1500
0.6600120067596436 1500
0.6618950366973877 1500
0.6626148223876953 1500
0.6651298999786377 1500
0.6659328937530518 1500
0.6666350364685059 1500
0.6687078475952148 1500
0.6699090003967285 1500
0.6718709468841553 1500
0.6726670265197754 1500
0.674811840057373 1500
0.6758928298950195 1500
0.6777288913726807 1500
0.6787569522857666 1500
0.6801719665527344 1500
0.681628942489624 1500
0.6833579540252686 1500
0.6848819255828857 1500
0.6856820583343506 1500
0.6878888607025146 1500
0.68880295753479 1500
0.690985918045044 1500
0.6919360160827637 1500
0.6926970481872559 1500
0.6952650547027588 1500
0.6976678371429443 1500
0.7005429267883301 1500
0.7005429267883301 1500
0.7009179592132568 1500
0.7019808292388916 1500
0.7036950588226318 1500
0.7058439254760742 1500
0.7058439254760742 1500
0.7079548835754395 1500
0.7088758945465088 1500
0.7109229564666748 1500
0.7119998931884766 1500
0.7137739658355713 1500
0.7149388790130615 1500
0.7170150279998779 1500
0.7176320552825928 1500
0.7199230194091797 1500
0.7209880352020264 1500
0.7220079898834229 1500
0.7240228652954102 1500
0.7250950336456299 1500
0.7267718315124512 1500
0.72776198387146 1500
0.7301089763641357 1500
0.7309260368347168 1500
0.7330749034881592 1500
0.7337210178375244 1500
0.735015869140625 1500
0.7367649078369141 1500
0.737738847732544 1500
0.7399008274078369 1500
0.7408740520477295 1500
0.7430648803710938 1500
0.7436959743499756 1500
0.7461109161376953 1500
0.7467770576477051 1500
0.7479259967803955 1500
0.7498159408569336 1500
0.7509050369262695 1500
0.752953052520752 1500
0.7537209987640381 1500
0.7572529315948486 1500
0.7572529315948486 1500
0.7588460445404053 1500
0.7597959041595459 1500
0.7610609531402588 1500
0.7629878520965576 1500
0.7636208534240723 1500
0.7660260200500488 1500
0.7667608261108398 1500
0.7703878879547119 1500
0.7703878879547119 1500
0.7716598510742188 1500
0.7727508544921875 1500
0.7738039493560791 1500
0.7756729125976562 1500
0.7768549919128418 1500
0.778892993927002 1500
0.7796049118041992 1500
0.7816939353942871 1500
0.7836508750915527 1500
0.7847979068756104 1500
0.7861309051513672 1500
0.7867469787597656 1500
0.7888360023498535 1500
0.7899119853973389 1500
0.7917430400848389 1500
0.792604923248291 1500
0.7949988842010498 1500
0.7958078384399414 1500
0.7995450496673584 1500
0.7995450496673584 1500
0.7997279167175293 1500
0.8019208908081055 1500
0.802711009979248 1500
0.805063009262085 1500
0.806020975112915 1500
0.8077569007873535 1500
0.8086209297180176 1500
0.8116669654846191 1500
0.8116669654846191 1500
0.8129768371582031 1500
0.8154940605163574 1500
0.8160479068756104 1500
0.818591833114624 1500
0.8186378479003906 1500
0.8210668563842773 1500
0.8219790458679199 1500
0.8239889144897461 1500
0.8248229026794434 1500
0.8256628513336182 1500
0.8316419124603271 1500
0.8316419124603271 1500
0.8316419124603271 1500
0.8316419124603271 1500
0.8340809345245361 1500
0.8348760604858398 1500
0.8370518684387207 1500
0.8376259803771973 1500
0.8388810157775879 1500
0.8416769504547119 1500
0.8416769504547119 1500
0.8437750339508057 1500
0.8449819087982178 1500
0.8466379642486572 1500
0.8477540016174316 1500
0.8497500419616699 1500
0.8509318828582764 1500
0.8519408702850342 1500
0.8536670207977295 1500
0.8549108505249023 1500
0.8573360443115234 1500
0.8578300476074219 1500
0.8598639965057373 1500
0.8606569766998291 1500
0.8627579212188721 1500
0.8638160228729248 1500
0.8646249771118164 1500
0.8682329654693604 1500
0.8682329654693604 1500
0.8701279163360596 1500
0.8710050582885742 1500
0.8727798461914062 1500
0.8739838600158691 1500
0.8759958744049072 1500
0.8767428398132324 1500
0.8777060508728027 1500
0.8811938762664795 1500
0.8811938762664795 1500
0.8830599784851074 1500
0.8838880062103271 1500
0.8860950469970703 1500
0.8866479396820068 1500
0.889171838760376 1500
0.8898978233337402 1500
0.8908059597015381 1500
0.8942818641662598 1500
0.8942818641662598 1500
0.8961050510406494 1500
0.8969190120697021 1500
0.8994369506835938 1500
0.9000909328460693 1500
0.9019529819488525 1500
0.9030158519744873 1500
0.905858039855957 1500
0.9058990478515625 1500
0.906613826751709 1500
0.9088699817657471 1500
0.9101929664611816 1500
0.9119100570678711 1500
0.912632942199707 1500
0.9150190353393555 1500
0.9156148433685303 1500
0.9188640117645264 1500
0.9188640117645264 1500
0.9198648929595947 1500
0.9222218990325928 1500
0.9228959083557129 1500
0.9252519607543945 1500
0.925915002822876 1500
0.9282970428466797 1500
0.9287879467010498 1500
0.930793046951294 1500
0.9318599700927734 1500
0.9331350326538086 1500
0.9350869655609131 1500
0.9356138706207275 1500
0.9377398490905762 1500
0.93880295753479 1500
0.9408910274505615 1500
0.9416170120239258 1500
0.944133996963501 1500
0.9449498653411865 1500
0.9470469951629639 1500
0.9491980075836182 1500
0.9499368667602539 1500
0.9518070220947266 1500
0.9526808261871338 1500
0.9571239948272705 1500
0.9579229354858398 1500
0.9587850570678711 1500
0.9608139991760254 1500
0.9621460437774658 1500
0.9642109870910645 1500
0.9646170139312744 1500
0.9669239521026611 1500
0.9678828716278076 1500
0.9711668491363525 1500
0.9711668491363525 1500
0.9717729091644287 1500
0.9739589691162109 1500
0.9748289585113525 1500
0.9769439697265625 1500
0.977867841720581 1500
0.9800229072570801 1500
0.9811458587646484 1500
0.9842188358306885 1500
0.9842188358306885 1500
0.984705924987793 1500
0.9869859218597412 1500
0.9879379272460938 1500
0.9897780418395996 1500
0.9909648895263672 1500
0.9929308891296387 1500
0.993635892868042 1500
0.9959378242492676 1500
0.9967010021209717 1500
0.9976880550384521 1500
0.9997479915618896 1500
1.0009889602661133 1500
1.0027470588684082 1500
1.0038230419158936 1500
1.006086826324463 1500
1.0066099166870117 1500
1.0092389583587646 1500
1.0108139514923096 1500
1.0108139514923096 1500
1.0129599571228027 1500
