1050000
0.0 1500
0.0019829273223876953 1500
0.004166126251220703 1500
0.006062030792236328 1500
0.008430957794189453 1500
0.010277032852172852 1500
0.012424945831298828 1500
0.014905929565429688 1500
0.016978025436401367 1500
0.019361019134521484 1500
0.021337032318115234 1500
0.0242769718170166 1500
0.027163982391357422 1500
0.02909994125366211 1500
0.031323909759521484 1500
0.03307199478149414 1500
0.03514599800109863 1500
0.037178993225097656 1500
0.04066300392150879 1500
0.04215693473815918 1500
0.04405808448791504 1500
0.046877145767211914 1500
0.04918408393859863 1500
0.051959991455078125 1500
0.0543971061706543 1500
0.057073116302490234 1500
0.0590510368347168 1500
0.06123208999633789 1500
0.06302309036254883 1500
0.06600308418273926 1500
0.06820297241210938 1500
0.07038998603820801 1500
0.07340097427368164 1500
0.0752410888671875 1500
0.07690095901489258 1500
0.07906913757324219 1500
0.08217597007751465 1500
0.08393001556396484 1500
0.08634209632873535 1500
0.08917903900146484 1500
0.09203600883483887 1500
0.09406900405883789 1500
0.0965261459350586 1500
0.09942197799682617 1500
0.10234403610229492 1500
0.10425114631652832 1500
0.10712814331054688 1500
0.10941195487976074 1500
0.11130309104919434 1500
0.1142420768737793 1500
0.11594700813293457 1500
0.11842107772827148 1500
0.12031102180480957 1500
0.12292313575744629 1500
0.12493610382080078 1500
0.1270921230316162 1500
0.12916803359985352 1500
0.131058931350708 1500
0.1340329647064209 1500
0.1360790729522705 1500
0.13802313804626465 1500
0.14012408256530762 1500
0.14228606224060059 1500
0.14400911331176758 1500
0.14616012573242188 1500
0.1480560302734375 1500
0.15037298202514648 1500
0.15215706825256348 1500
0.15531206130981445 1500
0.15690302848815918 1500
0.15918993949890137 1500
0.16106295585632324 1500
0.16393804550170898 1500
0.16523098945617676 1500
0.1672360897064209 1500
0.16934514045715332 1500
0.17117691040039062 1500
0.17343902587890625 1500
0.17505693435668945 1500
0.17728304862976074 1500
0.1790180206298828 1500
0.1810159683227539 1500
0.1835620403289795 1500
0.18486905097961426 1500
0.18702912330627441 1500
0.1898360252380371 1500
0.19224095344543457 1500
0.19394993782043457 1500
0.1960599422454834 1500
0.19808697700500488 1500
0.19993305206298828 1500
0.2023630142211914 1500
0.20418095588684082 1500
0.20630693435668945 1500
0.2080380916595459 1500
0.21043992042541504 1500
0.21241402626037598 1500
0.21422100067138672 1500
0.21628403663635254 1500
0.21918392181396484 1500
0.22089695930480957 1500
0.22294902801513672 1500
0.22590398788452148 1500
0.22790193557739258 1500
0.230133056640625 1500
0.2357170581817627 1500
0.2357170581817627 1500
0.23591208457946777 1500
0.23811912536621094 1500
0.2400951385498047 1500
0.2419719696044922 1500
0.24406194686889648 1500
0.24603700637817383 1500
0.2481539249420166 1500
0.2509639263153076 1500
0.2528800964355469 1500
0.2550230026245117 1500
0.25687599182128906 1500
0.25928711891174316 1500
0.25995612144470215 1500
0.2625260353088379 1500
0.265031099319458 1500
0.26697611808776855 1500
0.2681260108947754 1500
0.2702670097351074 1500
0.27196407318115234 1500
0.2740659713745117 1500
0.2762119770050049 1500
0.27799201011657715 1500
0.2801840305328369 1500
0.2829411029815674 1500
0.28403401374816895 1500
0.2861490249633789 1500
0.2880210876464844 1500
0.2903580665588379 1500
0.29209399223327637 1500
0.294219970703125 1500
0.2954750061035156 1500
0.2978980541229248 1500
0.2995619773864746 1500
0.30101609230041504 1500
0.30294203758239746 1500
0.30597996711730957 1500
0.3073279857635498 1500
0.3089580535888672 1500
0.31116795539855957 1500
0.31297993659973145 1500
0.3150651454925537 1500
0.31755709648132324 1500
0.3189530372619629 1500
0.3212759494781494 1500
0.32319211959838867 1500
0.3251039981842041 1500
0.32722997665405273 1500
0.32913994789123535 1500
0.33101511001586914 1500
0.3333590030670166 1500
0.33502197265625 1500
0.337130069732666 1500
0.33893299102783203 1500
0.34093594551086426 1500
0.34298110008239746 1500
0.3452119827270508 1500
0.346890926361084 1500
0.34842395782470703 1500
0.35095810890197754 1500
0.35210514068603516 1500
0.35436296463012695 1500
0.35611510276794434 1500
0.35903191566467285 1500
0.36016201972961426 1500
0.3621540069580078 1500
0.3642609119415283 1500
0.36687302589416504 1500
0.36803293228149414 1500
0.37018299102783203 1500
0.37245607376098633 1500
0.3743629455566406 1500
0.3763010501861572 1500
0.37785792350769043 1500
0.3791189193725586 1500
0.3808751106262207 1500
0.38331007957458496 1500
0.38545799255371094 1500
0.3869791030883789 1500
0.38812994956970215 1500
0.39006710052490234 1500
0.39236903190612793 1500
0.39426112174987793 1500
0.39615607261657715 1500
0.39823198318481445 1500
0.3999960422515869 1500
0.40218400955200195 1500
0.4043121337890625 1500
0.4062819480895996 1500
0.4083089828491211 1500
0.4102001190185547 1500
0.4118690490722656 1500
0.41424107551574707 1500
0.4161550998687744 1500
0.4181230068206787 1500
0.4203660488128662 1500
0.42233800888061523 1500
0.4240140914916992 1500
0.4259951114654541 1500
0.427901029586792 1500
0.43035101890563965 1500
0.4324319362640381 1500
0.434067964553833 1500
0.4353220462799072 1500
0.4373660087585449 1500
0.4389669895172119 1500
0.44136595726013184 1500
0.443126916885376 1500
0.4455080032348633 1500
0.4473550319671631 1500
0.4491150379180908 1500
0.45099401473999023 1500
0.45219898223876953 1500
0.4541759490966797 1500
0.45643091201782227 1500
0.45819091796875 1500
0.45998406410217285 1500
0.461453914642334 1500
0.46420907974243164 1500
0.46525001525878906 1500
0.4673280715942383 1500
0.46932411193847656 1500
0.4711649417877197 1500
0.47358012199401855 1500
0.47511792182922363 1500
0.47823309898376465 1500
0.4799690246582031 1500
0.4819200038909912 1500
0.4841139316558838 1500
0.4858720302581787 1500
0.48824405670166016 1500
0.4899749755859375 1500
0.49219393730163574 1500
0.4941370487213135 1500
0.4964570999145508 1500
0.4993460178375244 1500
0.5010240077972412 1500
0.5029079914093018 1500
0.5063021183013916 1500
0.5081729888916016 1500
0.5105650424957275 1500
0.5130231380462646 1500
0.5149710178375244 1500
0.517146110534668 1500
0.5194120407104492 1500
0.5211400985717773 1500
0.5231549739837646 1500
0.5251181125640869 1500
0.5274419784545898 1500
0.5290811061859131 1500
0.5323240756988525 1500
0.5343270301818848 1500
0.5355780124664307 1500
0.5370509624481201 1500
0.5392649173736572 1500
0.5410349369049072 1500
0.5435659885406494 1500
0.5453970432281494 1500
0.5481240749359131 1500
0.5503830909729004 1500
0.5525200366973877 1500
0.554548978805542 1500
0.5563619136810303 1500
0.5581691265106201 1500
0.5603101253509521 1500
0.5628790855407715 1500
0.5650980472564697 1500
0.5670161247253418 1500
0.5692999362945557 1500
0.5711669921875 1500
0.5741181373596191 1500
0.5760219097137451 1500
0.5778501033782959 1500
0.5800819396972656 1500
0.5821940898895264 1500
0.5849580764770508 1500
0.5875139236450195 1500
0.58902907371521 1500
0.5955591201782227 1500
0.5955591201782227 1500
0.5955591201782227 1500
0.5970809459686279 1500
0.5990891456604004 1500
0.6009140014648438 1500
0.6030979156494141 1500
0.6049609184265137 1500
0.6071360111236572 1500
0.6094589233398438 1500
0.6114020347595215 1500
0.6135411262512207 1500
0.6151571273803711 1500
0.617448091506958 1500
0.6198999881744385 1500
0.6218259334564209 1500
0.62388014793396 1500
0.626054048538208 1500
0.628399133682251 1500
0.6308560371398926 1500
0.6331899166107178 1500
0.6354269981384277 1500
0.6382200717926025 1500
0.6399431228637695 1500
0.643125057220459 1500
0.6451120376586914 1500
0.6472139358520508 1500
0.6503159999847412 1500
0.6523010730743408 1500
0.6548731327056885 1500
0.6571979522705078 1500
0.6594090461730957 1500
0.6619300842285156 1500
0.6641390323638916 1500
0.6661579608917236 1500
0.668179988861084 1500
0.6713769435882568 1500
0.6733520030975342 1500
0.6755039691925049 1500
0.6783840656280518 1500
0.6799609661102295 1500
0.6819469928741455 1500
0.6845691204071045 1500
0.687067985534668 1500
0.6892149448394775 1500
0.6911261081695557 1500
0.6932880878448486 1500
0.6961550712585449 1500
0.6980991363525391 1500
0.7008941173553467 1500
0.7033050060272217 1500
0.7055060863494873 1500
0.7072861194610596 1500
0.7099051475524902 1500
0.7119381427764893 1500
0.7141389846801758 1500
0.7161769866943359 1500
0.7181410789489746 1500
0.7201399803161621 1500
0.7224330902099609 1500
0.7248950004577637 1500
0.7270410060882568 1500
0.7292079925537109 1500
0.731266975402832 1500
0.7332210540771484 1500
0.736212968826294 1500
0.7380330562591553 1500
0.7405009269714355 1500
0.7421839237213135 1500
0.7449369430541992 1500
0.7478969097137451 1500
0.7502729892730713 1500
0.7522420883178711 1500
0.7540490627288818 1500
0.7564840316772461 1500
0.7580571174621582 1500
0.7610189914703369 1500
0.763139009475708 1500
0.76521897315979 1500
0.7670221328735352 1500
0.7694180011749268 1500
0.7711639404296875 1500
0.7734389305114746 1500
0.775378942489624 1500
0.7769780158996582 1500
0.779210090637207 1500
0.7812271118164062 1500
0.7836630344390869 1500
0.7863790988922119 1500
0.7881619930267334 1500
0.7901029586791992 1500
0.7919139862060547 1500
0.7939300537109375 1500
0.7959780693054199 1500
0.7990059852600098 1500
0.8008930683135986 1500
0.8033981323242188 1500
0.8050720691680908 1500
0.8082799911499023 1500
0.8100450038909912 1500
0.8120911121368408 1500
0.8140361309051514 1500
0.8159070014953613 1500
0.8184819221496582 1500
0.8201749324798584 1500
0.8229711055755615 1500
0.8244640827178955 1500
0.8268299102783203 1500
0.8292069435119629 1500
0.8310489654541016 1500
0.8330061435699463 1500
0.8361201286315918 1500
0.8382771015167236 1500
0.8404569625854492 1500
0.8421809673309326 1500
0.8450801372528076 1500
0.8463220596313477 1500
0.8493170738220215 1500
0.8514399528503418 1500
0.8529860973358154 1500
0.8550350666046143 1500
0.8573379516601562 1500
0.8593001365661621 1500
0.861328125 1500
0.8641331195831299 1500
0.8665590286254883 1500
0.868278980255127 1500
0.8700199127197266 1500
0.8730769157409668 1500
0.8748979568481445 1500
0.8773119449615479 1500
0.879051923751831 1500
0.8811049461364746 1500
0.8833959102630615 1500
0.8860080242156982 1500
0.888437032699585 1500
0.8899240493774414 1500
0.8919410705566406 1500
0.893928050994873 1500
0.8962929248809814 1500
0.8979480266571045 1500
0.9000530242919922 1500
0.9020309448242188 1500
0.9043419361114502 1500
0.9063260555267334 1500
0.9080319404602051 1500
0.9094569683074951 1500
0.9109001159667969 1500
0.9130160808563232 1500
0.9153749942779541 1500
0.9173641204833984 1500
0.9192061424255371 1500
0.9213230609893799 1500
0.9238579273223877 1500
0.9261119365692139 1500
0.9278910160064697 1500
0.9299309253692627 1500
0.9329929351806641 1500
0.9341170787811279 1500
0.9358799457550049 1500
0.9381449222564697 1500
0.9402570724487305 1500
0.9423201084136963 1500
0.9443471431732178 1500
0.9462649822235107 1500
0.9481971263885498 1500
0.9499931335449219 1500
0.9533100128173828 1500
0.9552440643310547 1500
0.9582829475402832 1500
0.9604179859161377 1500
0.9620740413665771 1500
0.9644200801849365 1500
0.9659581184387207 1500
0.9685149192810059 1500
0.9703431129455566 1500
0.9725041389465332 1500
0.9749951362609863 1500
0.9770700931549072 1500
0.9793810844421387 1500
0.9810061454772949 1500
0.9833149909973145 1500
0.9863030910491943 1500
0.9883639812469482 1500
0.990678071975708 1500
0.9921140670776367 1500
0.9943339824676514 1500
0.9969749450683594 1500
0.999488115310669 1500
1.00223708152771 1500
1.0045499801635742 1500
1.006453037261963 1500
1.008091926574707 1500
1.0110149383544922 1500
1.013279914855957 1500
1.0160980224609375 1500
1.0179431438446045 1500
1.0202291011810303 1500
1.0220410823822021 1500
1.0241200923919678 1500
1.0269479751586914 1500
1.0292510986328125 1500
1.0314431190490723 1500
1.0335071086883545 1500
1.0360369682312012 1500
1.0382230281829834 1500
1.0408720970153809 1500
1.0433070659637451 1500
1.0451929569244385 1500
1.0472869873046875 1500
1.0491299629211426 1500
1.0510220527648926 1500
1.0531511306762695 1500
1.055145025253296 1500
1.056955099105835 1500
1.0603129863739014 1500
1.0620601177215576 1500
1.064927101135254 1500
1.0670039653778076 1500
1.0707061290740967 1500
1.0714409351348877 1500
1.0739760398864746 1500
1.0759289264678955 1500
1.0778369903564453 1500
1.0801570415496826 1500
1.081923007965088 1500
1.0840930938720703 1500
1.0868940353393555 1500
1.089015007019043 1500
1.091426134109497 1500
1.0939691066741943 1500
1.0962769985198975 1500
1.098376989364624 1500
1.1003990173339844 1500
1.1029961109161377 1500
1.105268955230713 1500
1.1078779697418213 1500
1.1102230548858643 1500
1.112196922302246 1500
1.1142609119415283 1500
1.1162159442901611 1500
1.119049072265625 1500
1.1209959983825684 1500
1.1233470439910889 1500
1.1253249645233154 1500
1.1279311180114746 1500
1.1300790309906006 1500
1.1333739757537842 1500
1.1355409622192383 1500
1.1379311084747314 1500
1.1401031017303467 1500
1.1419141292572021 1500
1.1439769268035889 1500
1.146291971206665 1500
1.148190975189209 1500
1.1503210067749023 1500
1.1530649662017822 1500
1.1548190116882324 1500
1.1571459770202637 1500
1.1592180728912354 1500
1.162229061126709 1500
1.1639459133148193 1500
1.1663861274719238 1500
1.1688151359558105 1500
1.170396089553833 1500
1.1730351448059082 1500
1.1750171184539795 1500
1.1769039630889893 1500
1.1802380084991455 1500
1.1819729804992676 1500
1.1842310428619385 1500
1.186211109161377 1500
1.1883809566497803 1500
1.1901569366455078 1500
1.193120002746582 1500
1.1950271129608154 1500
1.1975829601287842 1500
1.2011189460754395 1500
1.202043056488037 1500
1.205207109451294 1500
1.2075951099395752 1500
1.209975004196167 1500
1.212172031402588 1500
1.2143220901489258 1500
1.2163100242614746 1500
1.2192599773406982 1500
1.2214701175689697 1500
1.2239480018615723 1500
1.2260560989379883 1500
1.2288401126861572 1500
1.2308690547943115 1500
1.2332069873809814 1500
1.2353861331939697 1500
1.2370901107788086 1500
1.2393429279327393 1500
1.2412891387939453 1500
1.244462013244629 1500
1.2459039688110352 1500
1.2480149269104004 1500
1.2504401206970215 1500
1.2519140243530273 1500
1.2541770935058594 1500
1.2563281059265137 1500
1.258397102355957 1500
1.2601330280303955 1500
1.2628719806671143 1500
1.2651050090789795 1500
1.2669401168823242 1500
1.2689731121063232 1500
1.2711780071258545 1500
1.2723300457000732 1500
1.2740120887756348 1500
1.27606201171875 1500
1.278290033340454 1500
1.2804419994354248 1500
1.2822320461273193 1500
1.2841620445251465 1500
1.287140130996704 1500
1.288938045501709 1500
1.290436029434204 1500
1.292902946472168 1500
1.2942531108856201 1500
1.2968370914459229 1500
1.2991831302642822 1500
1.3011929988861084 1500
1.3030860424041748 1500
1.3054289817810059 1500
1.3071529865264893 1500
1.3091490268707275 1500
1.3113811016082764 1500
1.31306791305542 1500
1.3150250911712646 1500
1.3172240257263184 1500
1.319025993347168 1500
1.3212089538574219 1500
1.3238120079040527 1500
1.3253440856933594 1500
1.3270010948181152 1500
1.3298821449279785 1500
1.3319320678710938 1500
1.3340511322021484 1500
1.3362360000610352 1500
1.3394660949707031 1500
1.3412361145019531 1500
1.3429429531097412 1500
1.345628023147583 1500
1.347947120666504 1500
1.3500440120697021 1500
1.3521299362182617 1500
1.3550810813903809 1500
1.356882095336914 1500
1.358928918838501 1500
1.3612580299377441 1500
1.3629019260406494 1500
1.3642470836639404 1500
1.3662419319152832 1500
1.3683199882507324 1500
1.3702850341796875 1500
1.3732929229736328 1500
1.3749480247497559 1500
1.3772060871124268 1500
1.3783800601959229 1500
1.381037950515747 1500
1.3829009532928467 1500
1.383857011795044 1500
1.386044979095459 1500
1.3882100582122803 1500
1.3899400234222412 1500
1.3919310569763184 1500
1.394171953201294 1500
1.3961479663848877 1500
1.3979499340057373 1500
1.3994910717010498 1500
1.4013769626617432 1500
1.403135061264038 1500
1.4052181243896484 1500
1.407170057296753 1500
1.409006118774414 1500
1.4109950065612793 1500
1.4120991230010986 1500
1.4141900539398193 1500
1.4161961078643799 1500
1.4179320335388184 1500
1.4200050830841064 1500
1.4212820529937744 1500
1.4231150150299072 1500
1.4251739978790283 1500
1.4271430969238281 1500
1.4291739463806152 1500
1.4309909343719482 1500
1.4333550930023193 1500
1.4344830513000488 1500
1.4364919662475586 1500
1.4389989376068115 1500
1.4401631355285645 1500
1.4423620700836182 1500
1.444169044494629 1500
1.4460079669952393 1500
1.4471650123596191 1500
1.448991060256958 1500
1.4510729312896729 1500
1.4522309303283691 1500
1.4539039134979248 1500
1.4560120105743408 1500
1.4581379890441895 1500
1.4602179527282715 1500
1.46213698387146 1500
1.4641180038452148 1500
1.466365098953247 1500
1.4680321216583252 1500
1.4700450897216797 1500
1.472494125366211 1500
1.473897933959961 1500
1.47542405128479 1500
1.4775350093841553 1500
1.4798591136932373 1500
