1048804
0.0 1500
0.002087116241455078 1500
0.003077983856201172 1500
0.00513005256652832 1500
0.006329059600830078 1500
0.009192943572998047 1500
0.009192943572998047 1500
0.010836124420166016 1500
0.0119171142578125 1500
0.014189958572387695 1500
0.014960050582885742 1500
0.017091035842895508 1500
0.017889976501464844 1500
0.018763065338134766 1500
0.021079063415527344 1500
0.022001028060913086 1500
0.02406001091003418 1500
0.02514195442199707 1500
0.026873111724853516 1500
0.02817702293395996 1500
0.03005695343017578 1500
0.030930042266845703 1500
0.031744956970214844 1500
0.03394198417663574 1500
0.03561210632324219 1500
0.03698396682739258 1500
0.03818702697753906 1500
0.04020500183105469 1500
0.04107403755187988 1500
0.04313397407531738 1500
0.04399704933166504 1500
0.0447840690612793 1500
0.04668593406677246 1500
0.04814791679382324 1500
0.04984092712402344 1500
0.05093502998352051 1500
0.05295395851135254 1500
0.05396914482116699 1500
0.05633211135864258 1500
0.05704498291015625 1500
0.05796194076538086 1500
0.059966087341308594 1500
0.060739994049072266 1500
0.06293892860412598 1500
0.06407904624938965 1500
0.06637096405029297 1500
0.06687712669372559 1500
0.0688481330871582 1500
0.06982612609863281 1500
0.07076501846313477 1500
0.0730130672454834 1500
0.07402300834655762 1500
0.0759730339050293 1500
0.07685208320617676 1500
0.07924413681030273 1500
0.07990503311157227 1500
0.08227705955505371 1500
0.08273005485534668 1500
0.08369898796081543 1500
0.08578014373779297 1500
0.08693504333496094 1500
0.08882999420166016 1500
0.08995509147644043 1500
0.09216809272766113 1500
0.09292793273925781 1500
0.0950469970703125 1500
0.09583806991577148 1500
0.0978860855102539 1500
0.0987091064453125 1500
0.1008291244506836 1500
0.10178399085998535 1500
0.10275506973266602 1500
0.10488104820251465 1500
0.10632991790771484 1500
0.10777592658996582 1500
0.10898399353027344 1500
0.11126708984375 1500
0.11222600936889648 1500
0.11406803131103516 1500
0.11496591567993164 1500
0.11599993705749512 1500
0.1181190013885498 1500
0.11881613731384277 1500
0.12113595008850098 1500
0.12175703048706055 1500
0.12410902976989746 1500
0.1250159740447998 1500
0.12685608863830566 1500
0.12777113914489746 1500
0.12906098365783691 1500
0.13077092170715332 1500
0.13178801536560059 1500
0.13377904891967773 1500
0.13518404960632324 1500
0.13675999641418457 1500
0.1378800868988037 1500
0.13990211486816406 1500
0.14087796211242676 1500
0.14195799827575684 1500
0.14379000663757324 1500
0.14517998695373535 1500
0.14702701568603516 1500
0.14800095558166504 1500
0.15011000633239746 1500
0.15197491645812988 1500
0.1530289649963379 1500
0.15425395965576172 1500
0.1563410758972168 1500
0.15697097778320312 1500
0.15787100791931152 1500
0.1600940227508545 1500
0.16077899932861328 1500
0.1628880500793457 1500
0.16376495361328125 1500
0.16636109352111816 1500
0.16674208641052246 1500
0.16783404350280762 1500
0.1698470115661621 1500
0.17096614837646484 1500
0.1731560230255127 1500
0.17374801635742188 1500
0.17604708671569824 1500
0.17675113677978516 1500
0.17908906936645508 1500
0.17981696128845215 1500
0.1810131072998047 1500
0.18309497833251953 1500
0.18395304679870605 1500
0.18608593940734863 1500
0.1866919994354248 1500
0.1892249584197998 1500
0.1899559497833252 1500
0.19213294982910156 1500
0.19290494918823242 1500
0.19414305686950684 1500
0.19580698013305664 1500
0.19684600830078125 1500
0.1991100311279297 1500
0.1998119354248047 1500
0.2020261287689209 1500
0.20297002792358398 1500
0.20501399040222168 1500
0.20573902130126953 1500
0.20709514617919922 1500
0.20904803276062012 1500
0.21012496948242188 1500
0.21214008331298828 1500
0.21309804916381836 1500
0.2170851230621338 1500
0.2170851230621338 1500
0.21982407569885254 1500
0.22101306915283203 1500
0.22227096557617188 1500
0.2229759693145752 1500
0.22398114204406738 1500
0.22502493858337402 1500
0.2256920337677002 1500
0.2290799617767334 1500
0.2290799617767334 1500
0.2307281494140625 1500
0.23216605186462402 1500
0.23282408714294434 1500
0.2348790168762207 1500
0.23572111129760742 1500
0.23790192604064941 1500
0.2387220859527588 1500
0.2411329746246338 1500
0.24188995361328125 1500
0.24386811256408691 1500
0.24492502212524414 1500
0.24589014053344727 1500
0.24788308143615723 1500
0.2488701343536377 1500
0.2511179447174072 1500
0.25183892250061035 1500
0.25395798683166504 1500
0.25524091720581055 1500
0.25688815116882324 1500
0.25781798362731934 1500
0.25937700271606445 1500
0.2609119415283203 1500
0.26215696334838867 1500
0.2640681266784668 1500
0.2648279666900635 1500
0.26822900772094727 1500
0.26831507682800293 1500
0.27013301849365234 1500
0.2709619998931885 1500
0.2721879482269287 1500
0.27378392219543457 1500
0.27481508255004883 1500
0.2770121097564697 1500
0.27817702293395996 1500
0.2800559997558594 1500
0.28113412857055664 1500
0.2829909324645996 1500
0.2842249870300293 1500
0.2850220203399658 1500
0.28715991973876953 1500
0.2881500720977783 1500
0.28996801376342773 1500
0.2919471263885498 1500
0.29494714736938477 1500
0.2953159809112549 1500
0.2962789535522461 1500
0.2970271110534668 1500
0.2979919910430908 1500
0.2999889850616455 1500
0.3011350631713867 1500
0.3029000759124756 1500
0.30388402938842773 1500
0.30642008781433105 1500
0.3070080280303955 1500
0.30896997451782227 1500
0.309859037399292 1500
0.3111240863800049 1500
0.3131849765777588 1500
0.3139641284942627 1500
0.3161299228668213 1500
0.31694602966308594 1500
0.3191030025482178 1500
0.3198399543762207 1500
0.3219001293182373 1500
0.32395505905151367 1500
0.32395505905151367 1500
0.32628297805786133 1500
0.3271949291229248 1500
0.32900500297546387 1500
0.3302609920501709 1500
0.33168911933898926 1500
0.3332509994506836 1500
0.33516907691955566 1500
0.33583712577819824 1500
0.3373079299926758 1500
0.339008092880249 1500
0.34011411666870117 1500
0.34245800971984863 1500
0.3432481288909912 1500
0.34522414207458496 1500
0.3461480140686035 1500
0.34809207916259766 1500
0.34888696670532227 1500
0.3501720428466797 1500
0.35183191299438477 1500
0.35289812088012695 1500
0.3549349308013916 1500
0.3563549518585205 1500
0.35796213150024414 1500
0.35889196395874023 1500
0.3610501289367676 1500
0.36195898056030273 1500
0.36301612854003906 1500
0.36505794525146484 1500
0.3659801483154297 1500
0.36801815032958984 1500
0.36917614936828613 1500
0.3710939884185791 1500
0.37194204330444336 1500
0.37428808212280273 1500
0.37476491928100586 1500
0.37589406967163086 1500
0.3779480457305908 1500
0.3791770935058594 1500
0.38082313537597656 1500
0.38179802894592285 1500
0.38425612449645996 1500
0.3847489356994629 1500
0.38704800605773926 1500
0.3878750801086426 1500
0.38873910903930664 1500
0.3909900188446045 1500
0.3920409679412842 1500
0.39394497871398926 1500
0.3950819969177246 1500
0.39696693420410156 1500
0.39786314964294434 1500
0.3998680114746094 1500
0.40096402168273926 1500
0.40203309059143066 1500
0.4040229320526123 1500
0.4049210548400879 1500
0.406857967376709 1500
0.4079411029815674 1500
0.4098949432373047 1500
0.4110829830169678 1500
0.4131319522857666 1500
0.4139750003814697 1500
0.4148380756378174 1500
0.4171481132507324 1500
0.41793298721313477 1500
0.4198770523071289 1500
0.4219179153442383 1500
0.42332005500793457 1500
0.4247400760650635 1500
0.426159143447876 1500
0.42825913429260254 1500
0.42829203605651855 1500
0.4301459789276123 1500
0.43141603469848633 1500
0.43312501907348633 1500
0.4341099262237549 1500
0.4361131191253662 1500
0.43673110008239746 1500
0.4387400150299072 1500
0.4398350715637207 1500
0.44094395637512207 1500
0.4429020881652832 1500
0.4440920352935791 1500
0.44641613960266113 1500
0.4472169876098633 1500
0.44889211654663086 1500
0.4498889446258545 1500
0.452023983001709 1500
0.453045129776001 1500
0.45386695861816406 1500
0.45572900772094727 1500
0.4571230411529541 1500
0.4588191509246826 1500
0.4600949287414551 1500
0.46188902854919434 1500
0.4627349376678467 1500
0.4651169776916504 1500
0.4658970832824707 1500
0.46667909622192383 1500
0.4688270092010498 1500
0.46967411041259766 1500
0.47197699546813965 1500
0.4727799892425537 1500
0.47514891624450684 1500
0.47585511207580566 1500
0.47833800315856934 1500
0.4792330265045166 1500
0.4798099994659424 1500
0.48186206817626953 1500
0.48315000534057617 1500
0.4849679470062256 1500
0.4863700866699219 1500
0.4878690242767334 1500
0.48908305168151855 1500
0.4912569522857666 1500
0.4916660785675049 1500
0.49306511878967285 1500
0.49521303176879883 1500
0.4957921504974365 1500
0.49781203269958496 1500
0.49875903129577637 1500
0.500931978225708 1500
0.5021579265594482 1500
0.5041239261627197 1500
0.5048761367797852 1500
0.5058951377868652 1500
0.508134126663208 1500
0.5088479518890381 1500
0.5111880302429199 1500
0.5120859146118164 1500
0.5139191150665283 1500
0.5153169631958008 1500
0.5168509483337402 1500
0.5179390907287598 1500
0.5187370777130127 1500
0.5211300849914551 1500
0.5219321250915527 1500
0.5242109298706055 1500
0.5249459743499756 1500
0.5271811485290527 1500
0.52799391746521 1500
0.5301129817962646 1500
0.5310969352722168 1500
0.5321741104125977 1500
0.5339310169219971 1500
0.5349290370941162 1500
0.5369720458984375 1500
0.5380470752716064 1500
0.5399229526519775 1500
0.5408539772033691 1500
0.5430350303649902 1500
0.5441319942474365 1500
0.5448660850524902 1500
0.5470960140228271 1500
0.548011064529419 1500
0.5502409934997559 1500
0.5508279800415039 1500
0.5531680583953857 1500
0.5549240112304688 1500
0.556020975112915 1500
0.556779146194458 1500
0.5579209327697754 1500
0.5601251125335693 1500
0.56107497215271 1500
0.5630450248718262 1500
0.5637540817260742 1500
0.5660760402679443 1500
0.5669529438018799 1500
0.568835973739624 1500
0.569849967956543 1500
0.5708889961242676 1500
0.5732629299163818 1500
0.5738270282745361 1500
0.5768380165100098 1500
0.5768380165100098 1500
0.5791640281677246 1500
0.5808799266815186 1500
0.5817389488220215 1500
0.5829050540924072 1500
0.583751916885376 1500
0.5857460498809814 1500
0.586982011795044 1500
0.5890979766845703 1500
0.5902070999145508 1500
0.5921449661254883 1500
0.5928840637207031 1500
0.5950460433959961 1500
0.5958020687103271 1500
0.5979580879211426 1500
0.5988531112670898 1500
0.5999360084533691 1500
0.6018991470336914 1500
0.6029040813446045 1500
0.6048860549926758 1500
0.6057500839233398 1500
0.6080191135406494 1500
0.6087701320648193 1500
0.6110129356384277 1500
0.6117660999298096 1500
0.6128361225128174 1500
0.6148891448974609 1500
0.616102933883667 1500
0.6178760528564453 1500
0.6191480159759521 1500
0.6210439205169678 1500
0.6218109130859375 1500
0.6238739490509033 1500
0.6249799728393555 1500
0.6262271404266357 1500
0.6280679702758789 1500
0.6287729740142822 1500
0.630950927734375 1500
0.6320240497589111 1500
0.6340150833129883 1500
0.6348941326141357 1500
0.6369919776916504 1500
0.6379680633544922 1500
0.638808012008667 1500
0.6410291194915771 1500
0.641869068145752 1500
0.6440579891204834 1500
0.6448619365692139 1500
0.6472940444946289 1500
0.64817214012146 1500
0.6498820781707764 1500
0.6508300304412842 1500
0.6520121097564697 1500
0.6539769172668457 1500
0.6557469367980957 1500
0.6570019721984863 1500
0.6581270694732666 1500
0.659980058670044 1500
0.6611049175262451 1500
0.6632411479949951 1500
0.6638190746307373 1500
0.6648509502410889 1500
0.6672649383544922 1500
0.6681840419769287 1500
0.6697211265563965 1500
0.6708989143371582 1500
0.6731231212615967 1500
0.6739559173583984 1500
0.6760101318359375 1500
0.6768641471862793 1500
0.6779510974884033 1500
0.6799800395965576 1500
0.6811580657958984 1500
0.6827290058135986 1500
0.6839311122894287 1500
0.6864321231842041 1500
0.6868541240692139 1500
0.6889700889587402 1500
0.6902151107788086 1500
0.6907269954681396 1500
0.6931149959564209 1500
0.6937899589538574 1500
0.6958370208740234 1500
0.6967520713806152 1500
0.699160099029541 1500
0.7001090049743652 1500
0.7022759914398193 1500
0.7026879787445068 1500
0.7040209770202637 1500
0.7057321071624756 1500
0.7071380615234375 1500
0.7091641426086426 1500
0.709975004196167 1500
0.7118260860443115 1500
0.713076114654541 1500
0.7152011394500732 1500
0.7160661220550537 1500
0.7167549133300781 1500
0.7187371253967285 1500
0.7201910018920898 1500
0.7217259407043457 1500
0.7229819297790527 978
0.7699151039123535 40
0.7777519226074219 1500
0.7777519226074219 1500
0.7777519226074219 1500
0.7777519226074219 1500
0.7777519226074219 1500
0.7777519226074219 1500
0.7777519226074219 1500
0.7777519226074219 1500
0.7777519226074219 1500
0.7779550552368164 1500
0.7798199653625488 1500
0.7806780338287354 393
0.7821199893951416 1500
0.7829489707946777 1500
0.7850711345672607 1500
0.7860441207885742 1500
0.788017988204956 1500
0.7893950939178467 1500
0.7899119853973389 1500
0.791903018951416 1500
0.7930190563201904 1500
0.7948911190032959 1500
0.7960021495819092 1500
0.7979810237884521 393
0.7981579303741455 1500
0.7988040447235107 1500
0.8038361072540283 1500
0.8038361072540283 1500
0.8072171211242676 1500
0.8072171211242676 1500
0.8072171211242676 1500
0.8078539371490479 1500
0.8100540637969971 1500
0.8108699321746826 1500
0.8130381107330322 1500
0.8137631416320801 1500
0.8159699440002441 1500
0.8172130584716797 1500
0.8179709911346436 1500
0.8200299739837646 1500
0.8210351467132568 1500
0.8231220245361328 1500
0.8245480060577393 1500
0.8259150981903076 1500
0.8268139362335205 1500
0.82806396484375 1500
0.8297080993652344 1500
0.8308820724487305 1500
0.8331260681152344 1500
0.8336870670318604 1500
0.8362219333648682 1500
0.8371999263763428 1500
0.8388619422912598 1500
0.8400030136108398 1500
0.8412771224975586 1500
0.8431649208068848 1500
0.8438749313354492 1500
0.8459079265594482 1500
0.8469650745391846 1500
0.8491640090942383 1500
0.8500621318817139 1500
0.8538839817047119 1500
0.8538839817047119 1500
0.8538839817047119 1500
0.8558139801025391 1500
0.8570671081542969 1500
0.8627359867095947 1500
0.8627359867095947 1500
0.8627359867095947 1500
0.864670991897583 1500
0.8647811412811279 1500
0.8660120964050293 1500
0.8668670654296875 1500
0.8691260814666748 1500
0.870042085647583 1500
0.8719289302825928 1500
0.8728640079498291 1500
0.8748369216918945 1500
0.8760790824890137 1500
0.8780639171600342 1500
0.8787710666656494 1500
0.880073070526123 1500
0.8817861080169678 1500
0.8829529285430908 1500
0.8847990036010742 1500
0.8861250877380371 1500
0.8878309726715088 1500
0.889132022857666 1500
0.8923490047454834 1500
0.894036054611206 1500
0.895941972732544 1500
0.8988759517669678 1500
0.9002089500427246 1500
0.9022481441497803 1500
0.9029829502105713 1500
0.9052379131317139 1500
0.9060659408569336 1500
0.909174919128418 1500
0.9099891185760498 1500
0.9120180606842041 1500
0.9131829738616943 1500
0.9151971340179443 1500
0.9164159297943115 1500
0.9178099632263184 1500
0.9191811084747314 1500
0.9198529720306396 1500
0.921968936920166 1500
0.9227950572967529 1500
0.9239311218261719 1500
0.9251151084899902 1500
0.9259641170501709 1500
0.928102970123291 1500
0.9282739162445068 1500
0.9290571212768555 1500
0.930091142654419 1500
0.9311280250549316 1500
0.9319770336151123 1500
0.9321839809417725 1500
0.933988094329834 1500
0.9347391128540039 1500
0.9370529651641846 1500
0.9379000663757324 1500
0.9401710033416748 1500
0.9409880638122559 1500
0.9430170059204102 1500
0.943809986114502 1500
0.9451611042022705 1500
0.9471390247344971 1500
0.9479761123657227 1500
0.9501700401306152 1500
0.9507420063018799 1500
0.9532630443572998 1500
0.9538109302520752 1500
0.9559080600738525 1500
0.9579911231994629 1500
0.9579911231994629 1500
0.9600100517272949 1500
0.9610409736633301 1500
0.9630460739135742 1500
0.963947057723999 1500
0.9661221504211426 1500
0.9670009613037109 1500
0.9688589572906494 1500
0.9697580337524414 1500
0.971019983291626 1500
0.9732460975646973 1500
0.9743919372558594 1500
0.9757721424102783 1500
0.9771599769592285 1500
0.9788579940795898 1500
0.9800951480865479 1500
0.982151985168457 1500
0.9827370643615723 1500
0.98409104347229 1500
0.9862680435180664 1500
0.9868230819702148 1500
0.9889500141143799 1500
0.9899060726165771 1500
0.9919030666351318 1500
0.9929299354553223 1500
0.9950311183929443 1500
1.001434087753296 1500
1.001434087753296 1500
1.001434087753296 1500
1.001434087753296 1500
1.0018939971923828 1500
1.00270414352417 1500
1.0048141479492188 1500
1.0056979656219482 1500
1.00803804397583 1500
1.008882999420166 1500
1.0100769996643066 1500
1.0117850303649902 1500
1.0138399600982666 1500
1.0160150527954102 1500
1.0171730518341064 1500
1.017967939376831 1500
1.0198190212249756 1500
1.020885944366455 1500
1.0220119953155518 1500
1.0238571166992188 1500
1.0247840881347656 1500
1.0268049240112305 1500
1.028141975402832 1500
1.0300040245056152 1500
1.031074047088623 1500
1.0329930782318115 1500
1.0336401462554932 1500
1.0360069274902344 1500
1.0371079444885254 1500
1.037869930267334 1500
1.039999008178711 1500
1.0409140586853027 1500
1.0431900024414062 1500
1.0438320636749268 1500
1.0460331439971924 1500
1.0466909408569336 1500
1.0492439270019531 1500
1.049631118774414 1500
1.0509531497955322 1500
