1050000
0.0 1500
0.0009791851043701172 1500
0.0034279823303222656 1500
0.005292177200317383 1500
0.0063991546630859375 1500
0.00837397575378418 1500
0.009199142456054688 1500
0.011097192764282227 1500
0.013538122177124023 1500
0.014317989349365234 1500
0.01509714126586914 1500
0.017089128494262695 1500
0.01812601089477539 1500
0.019607067108154297 1500
0.021604061126708984 1500
0.022243976593017578 1500
0.023997068405151367 1500
0.025570154190063477 1500
0.027055025100708008 1500
0.028316020965576172 1500
0.030213117599487305 1500
0.030941009521484375 1500
0.03254413604736328 1500
0.03839898109436035 1500
0.03839898109436035 1500
0.03839898109436035 1500
0.03839898109436035 1500
0.04034304618835449 1500
0.04119396209716797 1500
0.043318986892700195 1500
0.044259071350097656 1500
0.04527115821838379 1500
0.047347068786621094 1500
0.04801297187805176 1500
0.050431013107299805 1500
0.05097317695617676 1500
0.05351114273071289 1500
0.0540921688079834 1500
0.05643010139465332 1500
0.05687999725341797 1500
0.058650970458984375 1500
0.060183048248291016 1500
0.06114315986633301 1500
0.06319117546081543 1500
0.06398701667785645 1500
0.06635499000549316 1500
0.06697297096252441 1500
0.06906509399414062 1500
0.0701591968536377 1500
0.0711660385131836 1500
0.0734090805053711 1500
0.07457518577575684 1500
0.07639598846435547 1500
0.07738113403320312 1500
0.07907414436340332 1500
0.08008813858032227 1500
0.08206510543823242 1500
0.08313798904418945 1500
0.08420300483703613 1500
0.08623003959655762 1500
0.08708000183105469 1500
0.08927297592163086 1500
0.09000802040100098 1500
0.09230399131774902 1500
0.09290099143981934 1500
0.09508609771728516 1500
0.09597015380859375 1500
0.09719610214233398 1500
0.09928417205810547 1500
0.09997010231018066 1500
0.10383200645446777 1500
0.10383200645446777 1500
0.1051790714263916 1500
0.10613298416137695 1500
0.10818099975585938 1500
0.10944604873657227 1500
0.11024308204650879 1500
0.11200404167175293 1500
0.11321902275085449 1500
0.1151590347290039 1500
0.11595606803894043 1500
0.11865997314453125 1500
0.11914896965026855 1500
0.12115812301635742 1500
0.12217116355895996 1500
0.12323403358459473 1500
0.12529706954956055 1500
0.12615704536437988 1500
0.12833714485168457 1500
0.12900519371032715 1500
0.13113617897033691 1500
0.1322650909423828 1500
0.1342611312866211 1500
0.13495302200317383 1500
0.13653802871704102 1500
0.13808608055114746 1500
0.13908910751342773 1500
0.14130115509033203 1500
0.1420459747314453 1500
0.1443471908569336 1500
0.14519000053405762 1500
0.14746618270874023 1500
0.14821696281433105 1500
0.14906001091003418 1500
0.1527421474456787 1500
0.1527421474456787 1500
0.1557631492614746 1500
0.1557631492614746 1500
0.1593790054321289 1500
0.1593790054321289 1500
0.16039800643920898 1500
0.16098809242248535 1500
0.1631181240081787 1500
0.1643810272216797 1500
0.1654219627380371 1500
0.1673121452331543 1500
0.1683211326599121 1500
0.17006897926330566 1500
0.17107200622558594 1500
0.1733260154724121 1500
0.1741499900817871 1500
0.17511415481567383 1500
0.17738699913024902 1500
0.17815518379211426 1500
0.1800081729888916 1500
0.1810469627380371 1500
0.18294501304626465 1500
0.18445515632629395 1500
0.18627500534057617 1500
0.1870861053466797 1500
0.18922901153564453 1500
0.18999814987182617 1500
0.19229507446289062 1500
0.19295096397399902 1500
0.19413304328918457 1500
0.19609403610229492 1500
0.19701409339904785 1500
0.19943904876708984 1500
0.20026516914367676 1500
0.2021641731262207 1500
0.20298504829406738 1500
0.20527911186218262 1500
0.20597314834594727 1500
0.20807814598083496 1500
0.2092761993408203 1500
0.209975004196167 1500
0.21237707138061523 1500
0.21299505233764648 1500
0.21532201766967773 1500
0.21605896949768066 1500
0.21817398071289062 1500
0.21891403198242188 1500
0.22026610374450684 1500
0.22231316566467285 1500
0.22325706481933594 1500
0.22537803649902344 1500
0.22611618041992188 1500
0.22831511497497559 1500
0.2290210723876953 1500
0.2311851978302002 1500
0.23219513893127441 1500
0.2330341339111328 1500
0.2353971004486084 1500
0.23635005950927734 1500
0.2383861541748047 1500
0.23903703689575195 1500
0.2412099838256836 1500
0.24210309982299805 1500
0.24457716941833496 1500
0.24541902542114258 1500
0.24611210823059082 1500
0.24828219413757324 1500
0.2493760585784912 1500
0.25199198722839355 1500
0.2520279884338379 1500
0.25402402877807617 1500
0.25485801696777344 1500
0.2570340633392334 1500
0.2580749988555908 1500
0.2591099739074707 1500
0.2611360549926758 1500
0.26221299171447754 1500
0.2641270160675049 1500
0.26545000076293945 1500
0.2673470973968506 1500
0.2681441307067871 1500
0.27016401290893555 1500
0.2710890769958496 1500
0.2723820209503174 1500
0.2755320072174072 1500
0.2755320072174072 1500
0.277069091796875 1500
0.278001070022583 1500
0.28047919273376465 1500
0.28107118606567383 1500
0.2831721305847168 1500
0.2842080593109131 1500
0.2852311134338379 1500
0.2871391773223877 1500
0.2881481647491455 1500
0.29041218757629395 1500
0.29102611541748047 1500
0.29350900650024414 1500
0.2941470146179199 1500
0.29726600646972656 1500
0.29726600646972656 1500
0.29807019233703613 1500
0.3003520965576172 1500
0.30095696449279785 1500
0.30526113510131836 1500
0.30526113510131836 1500
0.30634212493896484 1500
0.3071119785308838 1500
0.3094031810760498 1500
0.3104519844055176 1500
0.31115102767944336 1500
0.3130359649658203 1500
0.31444597244262695 1500
0.31600403785705566 1500
0.31690216064453125 1500
0.3191671371459961 1500
0.32000112533569336 1500
0.3224480152130127 1500
0.3231391906738281 1500
0.3244919776916504 1500
0.3264169692993164 1500
0.3271901607513428 1500
0.32929015159606934 1500
0.330003023147583 1500
0.33191704750061035 1500
0.3332040309906006 1500
0.33544111251831055 1500
0.33593201637268066 1500
0.33733415603637695 1500
0.33928799629211426 1500
0.34001803398132324 1500
0.34221696853637695 1500
0.34452104568481445 1500
0.34513211250305176 1500
0.34591102600097656 1500
0.348452091217041 1500
0.3492851257324219 1500
0.3502490520477295 1500
0.35207605361938477 1500
0.3532240390777588 1500
0.3550691604614258 1500
0.35614514350891113 1500
0.35831713676452637 1500
0.35901904106140137 1500
0.3610069751739502 1500
0.3620131015777588 1500
0.3629581928253174 1500
0.3650660514831543 1500
0.3661351203918457 1500
0.3682520389556885 1500
0.3690810203552246 1500
0.37253403663635254 1500
0.37253403663635254 1500
0.3744809627532959 1500
0.37511205673217773 1500
0.37737202644348145 1500
0.37896299362182617 1500
0.3800771236419678 1500
0.38095808029174805 1500
0.3831939697265625 1500
0.3838691711425781 1500
0.38500308990478516 1500
0.3872640132904053 1500
0.3881711959838867 1500
0.3915681838989258 1500
0.3915681838989258 1500
0.393218994140625 1500
0.39411306381225586 1500
0.3962721824645996 1500
0.39704108238220215 1500
0.39823412895202637 1500
0.4003582000732422 1500
0.40113401412963867 1500
0.4032120704650879 1500
0.40421199798583984 1500
0.4062511920928955 1500
0.40692615509033203 1500
0.40928101539611816 1500
0.40996408462524414 1500
0.4112410545349121 1500
0.41330599784851074 1500
0.4142789840698242 1500
0.41611409187316895 1500
0.4171741008758545 1500
0.41901516914367676 1500
0.41998910903930664 1500
0.4222719669342041 1500
0.42292308807373047 1500
0.42462897300720215 1500
0.4262571334838867 1500
0.42693018913269043 1500
0.4292030334472656 1500
0.4299461841583252 1500
0.43196916580200195 1500
0.43294405937194824 1500
0.43521809577941895 1500
0.43604516983032227 1500
0.4379420280456543 1500
0.4389159679412842 1500
0.44126200675964355 1500
0.44235897064208984 1500
0.44536519050598145 1500
0.4454460144042969 1500
0.445904016494751 1500
0.4483010768890381 1500
0.4490489959716797 1500
0.45188117027282715 1500
0.4522390365600586 1500
0.4542419910430908 1500
0.4553840160369873 1500
0.45702409744262695 1500
0.4583320617675781 1500
0.45900607109069824 1500
0.4612600803375244 1500
0.46206212043762207 1500
0.46449804306030273 1500
0.46509218215942383 1500
0.467426061630249 1500
0.4680600166320801 1500
0.47052001953125 1500
0.47115516662597656 1500
0.4723231792449951 1500
0.47394609451293945 1500
0.4751100540161133 1500
0.47704410552978516 1500
0.4778621196746826 1500
0.4804191589355469 1500
0.4812180995941162 1500
0.48349905014038086 1500
0.4839041233062744 1500
0.4852581024169922 1500
0.4875760078430176 1500
0.48805999755859375 1500
0.4903261661529541 1500
0.49109601974487305 1500
0.4935171604156494 1500
0.4940621852874756 1500
0.4964010715484619 1500
0.4971930980682373 1500
0.4992220401763916 1500
0.5000960826873779 1500
0.5013480186462402 1500
0.5052740573883057 1500
0.5052740573883057 1500
0.5060281753540039 1500
0.5070111751556396 1500
0.5089690685272217 1500
0.5101909637451172 1500
0.5125870704650879 1500
0.5130631923675537 1500
0.5140700340270996 1500
0.5162529945373535 1500
0.5169329643249512 1500
0.5194191932678223 1500
0.5203690528869629 1500
0.5224461555480957 1500
0.523158073425293 1500
0.525454044342041 1500
0.5261070728302002 1500
0.5273430347442627 1500
0.529155969619751 1500
0.5299999713897705 1500
0.5320110321044922 1500
0.5329689979553223 1500
0.5351581573486328 1500
0.5362300872802734 1500
0.538485050201416 1500
0.5390679836273193 1500
0.5417840480804443 1500
0.5420041084289551 1500
0.5432190895080566 1500
0.5454139709472656 1500
0.5461001396179199 1500
0.5483050346374512 1500
0.5493311882019043 1500
0.5512561798095703 1500
0.5520660877227783 1500
0.5531201362609863 1500
0.5550041198730469 1500
0.5574061870574951 1500
0.5584321022033691 1500
0.5600781440734863 1500
0.5609290599822998 1500
0.5633041858673096 1500
0.5647420883178711 1500
0.5663189888000488 1500
0.5674290657043457 1500
0.5694019794464111 1500
0.570181131362915 1500
0.5719761848449707 1500
0.5736570358276367 1500
0.5740470886230469 1500
0.5764470100402832 1500
0.5773460865020752 1500
0.5794060230255127 1500
0.5799481868743896 1500
0.5820391178131104 1500
0.5828630924224854 1500
0.5853791236877441 1500
0.5860671997070312 1500
0.5873379707336426 1500
0.5891599655151367 1500
0.5900201797485352 1500
0.5920460224151611 1500
0.5929811000823975 1500
0.5953400135040283 1500
0.596142053604126 1500
0.5982589721679688 1500
0.5989620685577393 1500
0.6000931262969971 1500
0.6024441719055176 1500
0.6030960083007812 1500
0.6050910949707031 1500
0.6064321994781494 1500
0.6082279682159424 1500
0.6089999675750732 1500
0.6110751628875732 1500
0.6122000217437744 1500
0.6131250858306885 1500
0.6151280403137207 1500
0.6161000728607178 1500
0.6182451248168945 1500
0.618880033493042 1500
0.6213161945343018 1500
0.621859073638916 1500
0.6242690086364746 1500
0.625 1500
0.6260600090026855 1500
0.6279020309448242 1500
0.6292071342468262 1500
0.6312839984893799 1500
0.6321861743927002 1500
0.6339900493621826 1500
0.6350400447845459 1500
0.6381921768188477 1500
0.6381921768188477 1500
0.6398780345916748 1500
0.6414480209350586 1500
0.6423110961914062 1500
0.6444320678710938 1500
0.6453051567077637 1500
0.6471431255340576 1500
0.6480531692504883 1500
0.6509571075439453 1500
0.6514630317687988 1500
0.6520609855651855 1500
0.654371976852417 1500
0.654954195022583 1500
0.6572771072387695 1500
0.6578831672668457 1500
0.6602649688720703 1500
0.6610171794891357 1500
0.6631150245666504 1500
0.664139986038208 1500
0.6651561260223389 1500
0.667147159576416 1500
0.6684231758117676 1500
0.6704051494598389 1500
0.6709620952606201 1500
0.6729841232299805 1500
0.6739521026611328 1500
0.6761291027069092 1500
0.6770040988922119 1500
0.678408145904541 1500
0.6803171634674072 1500
0.6808760166168213 1500
0.6829910278320312 1500
0.6843371391296387 1500
0.6859791278839111 1500
0.6870331764221191 1500
0.6893479824066162 1500
0.689918041229248 1500
0.6919970512390137 1500
0.6929609775543213 1500
0.6941111087799072 1500
0.6961121559143066 1500
0.6973311901092529 1500
0.6994321346282959 1500
0.7002999782562256 1500
0.7023460865020752 1500
0.7030131816864014 1500
0.705265998840332 1500
0.7058980464935303 1500
0.7076241970062256 1500
0.7092530727386475 1500
0.7099711894989014 1500
0.7125179767608643 1500
0.7129621505737305 1500
0.715421199798584 1500
0.7159731388092041 1500
0.7181429862976074 1500
0.7190489768981934 1500
0.7199440002441406 1500
0.7224931716918945 1500
0.7230801582336426 1500
0.725316047668457 1500
0.7258720397949219 1500
0.7280590534210205 1500
0.7292361259460449 1500
0.7311301231384277 1500
0.7320680618286133 1500
0.7329521179199219 1500
0.735206127166748 1500
0.7361361980438232 1500
0.7386550903320312 1500
0.7391531467437744 1500
0.7412459850311279 1500
0.7431070804595947 1500
0.7441051006317139 1500
0.752669095993042 1500
0.752669095993042 1500
0.752669095993042 1500
0.752669095993042 1500
0.752669095993042 1500
0.7530770301818848 1500
0.7548980712890625 1500
0.7609109878540039 1500
0.7609109878540039 1500
0.7609109878540039 1500
0.7609109878540039 1500
0.7623691558837891 1500
0.7630090713500977 1500
0.7641501426696777 1500
0.766103982925415 1500
0.7674100399017334 1500
0.7693970203399658 1500
0.7700800895690918 1500
0.7720279693603516 1500
0.7732300758361816 1500
0.7756760120391846 1500
0.775892972946167 1500
0.7768881320953369 1500
0.7790541648864746 1500
0.7800791263580322 1500
0.782163143157959 1500
0.7832770347595215 1500
0.7851340770721436 1500
0.7860181331634521 1500
0.7882580757141113 1500
0.7890961170196533 1500
0.7901899814605713 1500
0.7919449806213379 1500
0.7931041717529297 1500
0.7954351902008057 1500
0.7962291240692139 1500
0.7979130744934082 1500
0.7990400791168213 1500
0.8013010025024414 1500
0.8019251823425293 1500
0.8030669689178467 1500
0.805413007736206 1500
0.806272029876709 1500
0.8116810321807861 1500
0.8116810321807861 1500
0.8116810321807861 1500
0.8121681213378906 1500
0.8142659664154053 1500
0.8150081634521484 1500
0.8161590099334717 1500
0.8179759979248047 1500
0.8189311027526855 1500
0.821160078048706 1500
0.8221349716186523 1500
0.8241400718688965 1500
0.8252120018005371 1500
0.8274719715118408 1500
0.8280251026153564 1500
0.8304929733276367 1500
0.8310661315917969 1500
0.832056999206543 1500
0.8341820240020752 1500
0.83502197265625 1500
0.8372490406036377 1500
0.8381240367889404 1500
0.8414661884307861 1500
0.8414661884307861 1500
0.8419179916381836 1500
0.8444340229034424 1500
0.8452811241149902 1500
0.8473660945892334 1500
0.8478851318359375 1500
0.851464033126831 1500
0.8515470027923584 1500
0.8531310558319092 1500
0.8539080619812012 1500
0.8553311824798584 1500
0.8570911884307861 1500
0.8581821918487549 1500
0.8601181507110596 1500
0.8609981536865234 1500
0.8632211685180664 1500
0.8640260696411133 1500
0.8661839962005615 1500
0.8670120239257812 1500
0.8683881759643555 1500
0.8702750205993652 1500
0.8709151744842529 1500
0.8729159832000732 1500
0.8744721412658691 1500
0.8760871887207031 1500
0.8771519660949707 1500
0.879148006439209 1500
0.880256175994873 1500
0.8812940120697021 1500
0.8833451271057129 1500
0.8839130401611328 1500
0.8859410285949707 1500
0.8870420455932617 1500
0.8895800113677979 1500
0.8898789882659912 1500
0.8923490047454834 1500
0.8928520679473877 1500
0.8945860862731934 1500
0.8958899974822998 1500
0.8970999717712402 1500
0.8991541862487793 1500
0.8999099731445312 1500
0.9022471904754639 1500
0.9031541347503662 1500
0.9051671028137207 1500
0.9060511589050293 1500
0.9072961807250977 1500
0.9092531204223633 1500
0.9102170467376709 1500
0.9121031761169434 1500
0.9132020473480225 1500
0.915045976638794 1500
0.9163570404052734 1500
0.9179661273956299 1500
0.919219970703125 1500
0.9201509952545166 1500
0.9219930171966553 1500
0.9232921600341797 1500
0.9252831935882568 1500
0.9274740219116211 1500
0.9283890724182129 1500
0.9292361736297607 1500
0.9311530590057373 1500
0.9321620464324951 1500
0.9329710006713867 1500
0.9350340366363525 1500
0.936413049697876 1500
0.939769983291626 1500
0.939769983291626 1500
0.9413080215454102 1500
0.9420070648193359 1500
0.9441201686859131 1500
0.9449160099029541 1500
0.9463620185852051 1500
0.9480409622192383 1500
0.9493491649627686 1500
0.9509780406951904 1500
0.9521450996398926 1500
0.9541780948638916 1500
0.9552381038665771 1500
0.9569711685180664 1500
0.9582240581512451 1500
0.9593050479888916 1500
0.961122989654541 1500
0.9622280597686768 1500
0.9640250205993652 1500
0.9650101661682129 1500
0.9671599864959717 1500
0.9678671360015869 1500
0.9700820446014404 1500
0.9709110260009766 1500
0.9721791744232178 1500
0.974433183670044 1500
0.9752211570739746 1500
0.9769229888916016 1500
0.9783279895782471 1500
0.9801371097564697 1500
0.9812760353088379 1500
0.9832231998443604 1500
0.9841389656066895 1500
0.9850800037384033 1500
0.987058162689209 1500
0.9880471229553223 1500
0.9903671741485596 1500
0.9911561012268066 1500
0.9930310249328613 1500
0.994171142578125 1500
0.9965360164642334 1500
0.9970030784606934 1500
0.9981071949005127 1500
1.0002601146697998 1500
1.0010981559753418 1500
1.0035691261291504 1500
1.0044469833374023 1500
1.0063471794128418 1500
1.0070810317993164 1500
1.0089290142059326 1500
1.0099990367889404 1500
1.011803150177002 1500
1.013167142868042 1500
