1049430
0.0 1500
0.0004630088806152344 1500
0.002393960952758789 1500
0.0035400390625 1500
0.005023956298828125 1500
0.006963014602661133 1500
0.008842945098876953 1500
0.009909868240356445 393
0.010141849517822266 1500
0.011553049087524414 1500
0.01259303092956543 1500
0.014423847198486328 1500
0.015626907348632812 1500
0.01683807373046875 1500
0.018610000610351562 1500
0.019580841064453125 1500
0.021847009658813477 1500
0.02274799346923828 1500
0.026421070098876953 1500
0.026421070098876953 393
0.026556015014648438 1500
0.02768087387084961 1500
0.028533935546875 1500
0.030869007110595703 1500
0.03171205520629883 1500
0.03871488571166992 1500
0.03871488571166992 1500
0.03871488571166992 1500
0.03871488571166992 1500
0.03883099555969238 1500
0.04064202308654785 1500
0.04252290725708008 393
0.04269289970397949 1500
0.04460906982421875 1500
0.04539990425109863 1500
0.04644203186035156 1500
0.04878091812133789 1500
0.049414873123168945 1500
0.05188798904418945 1500
0.05230593681335449 1500
0.05459284782409668 1500
0.05543684959411621 1500
0.057936906814575195 1500
0.058920860290527344 393
0.05900001525878906 1500
0.06070590019226074 1500
0.062042951583862305 1500
0.06390500068664551 1500
0.06430506706237793 1500
0.06638693809509277 1500
0.0676419734954834 1500
0.06948304176330566 1500
0.07071805000305176 1500
0.07129096984863281 1500
0.07601499557495117 1500
0.07601499557495117 393
0.07601499557495117 1500
0.07645893096923828 1500
0.07846283912658691 1500
0.07967686653137207 1500
0.08056497573852539 1500
0.08239483833312988 1500
0.08339691162109375 1500
0.0855860710144043 1500
0.08671689033508301 1500
0.08888697624206543 1500
0.08936500549316406 1500
0.0915670394897461 393
0.09168696403503418 1500
0.09282898902893066 1500
0.09479188919067383 1500
0.0953829288482666 1500
0.0991828441619873 1500
0.0991828441619873 1500
0.10064387321472168 1500
0.10159802436828613 1500
0.10404801368713379 1500
0.10469484329223633 1500
0.1062319278717041 1500
0.10727691650390625 393
0.10743498802185059 1500
0.10950088500976562 1500
0.1106119155883789 1500
0.11246299743652344 1500
0.11389493942260742 1500
0.11462092399597168 1500
0.11803603172302246 1500
0.11803603172302246 1500
0.11972403526306152 1500
0.12052106857299805 1500
0.12390398979187012 1500
0.12390398979187012 393
0.12432384490966797 1500
0.12574100494384766 1500
0.126539945602417 1500
0.1296980381011963 1500
0.1296980381011963 1500
0.1318650245666504 1500
0.13231492042541504 1500
0.13477087020874023 1500
0.13551092147827148 1500
0.13758397102355957 1500
0.13977885246276855 1500
0.1398780345916748 393
0.14678192138671875 1500
0.14678192138671875 1500
0.14678192138671875 1500
0.14678192138671875 1500
0.14678192138671875 1500
0.14773893356323242 1500
0.1483299732208252 1500
0.15043401718139648 1500
0.15162301063537598 1500
0.15619802474975586 1500
0.15619802474975586 1500
0.15625286102294922 393
0.15636491775512695 1500
0.15884995460510254 1500
0.1594529151916504 1500
0.16044402122497559 1500
0.16235995292663574 1500
0.1640639305114746 1500
0.16574788093566895 1500
0.16655993461608887 1500
0.16869902610778809 1500
0.16963791847229004 1500
0.17154502868652344 1500
0.17307496070861816 1500
0.17333006858825684 1500
0.17571496963500977 1500
0.1762678623199463 1500
0.17888593673706055 1500
0.17931485176086426 1500
0.18179798126220703 1500
0.18230986595153809 1500
0.18487095832824707 1500
0.18530893325805664 1500
0.18649601936340332 1500
0.18839406967163086 1500
0.18973088264465332 1500
0.1917579174041748 1500
0.19251799583435059 1500
0.19461488723754883 1500
0.1955709457397461 1500
0.19858884811401367 1500
0.19858884811401367 1500
0.19945406913757324 1500
0.2014920711517334 1500
0.20230793952941895 1500
0.20494484901428223 1500
0.20528292655944824 1500
0.20887994766235352 1500
0.20887994766235352 1500
0.21082687377929688 1500
0.21139192581176758 1500
0.21348190307617188 1500
0.2144479751586914 1500
0.21543407440185547 1500
0.21764206886291504 1500
0.21854305267333984 1500
0.22210192680358887 1500
0.22224187850952148 1500
0.22372102737426758 1500
0.22459697723388672 1500
0.22571396827697754 1500
0.2299668788909912 1500
0.2299668788909912 1500
0.23154807090759277 1500
0.231611967086792 1500
0.23390889167785645 1500
0.23428702354431152 1500
0.23650503158569336 1500
0.2372899055480957 1500
0.2394099235534668 1500
0.2405538558959961 1500
0.2413029670715332 1500
0.24523496627807617 1500
0.24523496627807617 1500
0.2464148998260498 1500
0.24762988090515137 1500
0.24937987327575684 1500
0.2503690719604492 1500
0.25295591354370117 1500
0.2536630630493164 1500
0.2555398941040039 1500
0.25643301010131836 1500
0.2576558589935303 1500
0.2598450183868408 1500
0.26172304153442383 1500
0.26245784759521484 1500
0.2634730339050293 1500
0.26552700996398926 1500
0.2663700580596924 1500
0.26761889457702637 1500
0.26977992057800293 1500
0.27034687995910645 1500
0.27288103103637695 1500
0.2733759880065918 1500
0.2756948471069336 1500
0.2762918472290039 1500
0.2784080505371094 1500
0.2795729637145996 1500
0.2803778648376465 1500
0.28251004219055176 1500
0.2837510108947754 1500
0.28565502166748047 1500
0.2865560054779053 1500
0.28841590881347656 1500
0.2896230220794678 1500
0.2916288375854492 1500
0.2922999858856201 1500
0.2936089038848877 1500
0.2956249713897705 1500
0.29663705825805664 1500
0.29990291595458984 1500
0.29990291595458984 1500
0.30162501335144043 1500
0.302379846572876 1500
0.3048388957977295 1500
0.30547595024108887 1500
0.3063199520111084 1500
0.3086130619049072 1500
0.3096790313720703 1500
0.31171202659606934 1500
0.3123588562011719 1500
0.314924955368042 1500
0.3167140483856201 1500
0.3174400329589844 1500
0.31850695610046387 1500
0.3196089267730713 1500
0.32155704498291016 1500
0.32231783866882324 1500
0.32445192337036133 1500
0.32553696632385254 1500
0.3275928497314453 1500
0.3287320137023926 1500
0.33072996139526367 1500
0.3315730094909668 1500
0.3325679302215576 1500
0.3345060348510742 1500
0.3359658718109131 1500
0.3377518653869629 1500
0.3384108543395996 1500
0.34078288078308105 1500
0.3415200710296631 1500
0.34366798400878906 1500
0.34441399574279785 1500
0.34645700454711914 1500
0.34810686111450195 1500
0.3484630584716797 1500
0.3505818843841553 1500
0.35196805000305176 1500
0.3536849021911621 1500
0.35436391830444336 1500
0.3563849925994873 1500
0.35796594619750977 1500
0.3586909770965576 1500
0.36078906059265137 1500
0.36170005798339844 1500
0.3637070655822754 1500
0.3645360469818115 1500
0.3664870262145996 1500
0.36885499954223633 1500
0.3697819709777832 1500
0.37059903144836426 1500
0.37207484245300293 1500
0.3737030029296875 1500
0.37466001510620117 1500
0.37658190727233887 1500
0.3776578903198242 1500
0.3798089027404785 1500
0.38035106658935547 1500
0.38247084617614746 1500
0.3837099075317383 1500
0.3845858573913574 1500
0.3864560127258301 1500
0.387678861618042 1500
0.38968586921691895 1500
0.39082884788513184 1500
0.39665699005126953 1500
0.39665699005126953 1500
0.39665699005126953 1500
0.396867036819458 1500
0.39812207221984863 1500
0.3994929790496826 1500
0.40073704719543457 1500
0.4024488925933838 1500
0.4037339687347412 1500
0.40558695793151855 1500
0.406527042388916 1500
0.4099299907684326 1500
0.4099299907684326 1500
0.4103670120239258 1500
0.41238999366760254 1500
0.4147679805755615 1500
0.41579484939575195 1500
0.4163198471069336 1500
0.4201529026031494 1500
0.4201529026031494 1500
0.42179203033447266 1500
0.4226088523864746 1500
0.4248390197753906 1500
0.4252920150756836 1500
0.4278109073638916 1500
0.42828798294067383 1500
0.4297759532928467 1500
0.4316549301147461 1500
0.43237996101379395 1500
0.4347209930419922 1500
0.43550586700439453 1500
0.43778204917907715 1500
0.43866991996765137 1500
0.4407789707183838 1500
0.4414219856262207 1500
0.44254302978515625 1500
0.44440293312072754 1500
0.445343017578125 1500
0.4484989643096924 1500
0.4484989643096924 1500
0.45061588287353516 1500
0.45148301124572754 1500
0.45354795455932617 1500
0.4545478820800781 1500
0.4554178714752197 1500
0.4575059413909912 1500
0.4586338996887207 1500
0.4606640338897705 1500
0.4613959789276123 1500
0.46379590034484863 1500
0.4646148681640625 1500
0.46629905700683594 1500
0.46732497215270996 1500
0.4684269428253174 1500
0.4705169200897217 1500
0.4716188907623291 1500
0.4736769199371338 1500
0.47888994216918945 1500
0.47888994216918945 1500
0.47888994216918945 1500
0.48375797271728516 1500
0.48375797271728516 1500
0.48375797271728516 1500
0.48375797271728516 1500
0.48476600646972656 1500
0.48642492294311523 1500
0.4875049591064453 1500
0.4899790287017822 1500
0.4910609722137451 1500
0.4923708438873291 1500
0.4938700199127197 1500
0.4946868419647217 1500
0.49633097648620605 1500
0.49760890007019043 1500
0.49938297271728516 1500
0.5003340244293213 1500
0.5027809143066406 1500
0.5034220218658447 1500
0.5059218406677246 1500
0.50649094581604 1500
0.5076580047607422 1500
0.5103769302368164 1500
0.5103769302368164 1500
0.5128529071807861 1500
0.5133068561553955 1500
0.5156400203704834 1500
0.5163819789886475 1500
0.5184528827667236 1500
0.5196020603179932 1500
0.5205419063568115 1500
0.5227549076080322 1500
0.5235049724578857 1500
0.5257039070129395 1500
0.5263810157775879 1500
0.528540849685669 1500
0.5294139385223389 1500
0.5319118499755859 1500
0.5323870182037354 1500
0.5338649749755859 1500
0.5354678630828857 1500
0.5363080501556396 1500
0.5387120246887207 1500
0.5395059585571289 1500
0.5415170192718506 1500
0.5423729419708252 1500
0.5460410118103027 1500
0.5460410118103027 1500
0.5465390682220459 1500
0.5485010147094727 1500
0.549407958984375 1500
0.55184006690979 1500
0.5525929927825928 1500
0.5549099445343018 1500
0.5552799701690674 1500
0.5581560134887695 1500
0.5582828521728516 1500
0.5594069957733154 1500
0.5612859725952148 1500
0.5624198913574219 1500
0.5645370483398438 1500
0.5655598640441895 1500
0.5673930644989014 1500
0.5699498653411865 1500
0.5704789161682129 1500
0.5716779232025146 1500
0.5725078582763672 1500
0.5744469165802002 1500
0.5755009651184082 1500
0.5777628421783447 1500
0.5786280632019043 1500
0.5808370113372803 1500
0.5812790393829346 1500
0.5839400291442871 1500
0.584514856338501 1500
0.5855288505554199 1500
0.587393045425415 1500
0.5882999897003174 1500
0.5906360149383545 1500
0.5914430618286133 1500
0.5938379764556885 1500
0.5950369834899902 1500
0.5967340469360352 1500
0.5977509021759033 1500
0.5983259677886963 1500
0.6004469394683838 1500
0.6016108989715576 1500
0.6035909652709961 1500
0.6045029163360596 1500
0.6066000461578369 1500
0.6075210571289062 1500
0.6098179817199707 1500
0.6105399131774902 1500
0.6118390560150146 1500
0.6135659217834473 1500
0.6147198677062988 1500
0.616631031036377 1500
0.6175708770751953 1500
0.6196949481964111 1500
0.6205959320068359 1500
0.622654914855957 1500
0.6237058639526367 1500
0.6250669956207275 1500
0.6268370151519775 1500
0.6277499198913574 1500
0.6295590400695801 1500
0.630774974822998 1500
0.6324470043182373 1500
0.6335430145263672 1500
0.6356489658355713 1500
0.6366848945617676 1500
0.6385519504547119 1500
0.6399989128112793 1500
0.6406838893890381 1500
0.6424620151519775 1500
0.6436638832092285 1500
0.6466238498687744 1500
0.6466238498687744 1500
0.6487970352172852 1500
0.6494529247283936 1500
0.650428056716919 1500
0.6524288654327393 1500
0.653907060623169 1500
0.6558098793029785 1500
0.656419038772583 1500
0.6585159301757812 1500
0.6597959995269775 1500
0.6617560386657715 1500
0.6623170375823975 1500
0.663316011428833 1500
0.6671979427337646 1500
0.6672859191894531 1500
0.6685519218444824 1500
0.6695859432220459 1500
0.6717779636383057 1500
0.6736268997192383 1500
0.674901008605957 1500
0.6752870082855225 1500
0.676692008972168 1500
0.6802589893341064 1500
0.6802589893341064 1500
0.6817610263824463 1500
0.6825740337371826 1500
0.6844570636749268 1500
0.6859359741210938 1500
0.6878788471221924 1500
0.6898398399353027 1500
0.6899139881134033 1500
0.6915149688720703 1500
0.6925179958343506 1500
0.694692850112915 1500
0.695422887802124 1500
0.6975209712982178 1500
0.6985960006713867 1500
0.7007348537445068 1500
0.7014009952545166 1500
0.7025020122528076 1500
0.7059578895568848 1500
0.7059578895568848 1500
0.7074768543243408 1500
0.7101290225982666 1500
0.7119889259338379 1500
0.7119889259338379 1500
0.713871955871582 1500
0.7146358489990234 1500
0.7156050205230713 1500
0.7176949977874756 1500
0.7189619541168213 1500
0.7214210033416748 1500
0.7225730419158936 1500
0.7237730026245117 1500
0.7259860038757324 1500
0.7268579006195068 1500
0.727496862411499 1500
0.729315996170044 1500
0.7303860187530518 1500
0.7316219806671143 1500
0.733773946762085 1500
0.734529972076416 1500
0.7368090152740479 1500
0.7384910583496094 1500
0.7397420406341553 1500
0.7407629489898682 1500
0.7425999641418457 1500
0.7443630695343018 1500
0.7457418441772461 1500
0.7476730346679688 1500
0.7483470439910889 1500
0.74971604347229 1500
0.7516238689422607 1500
0.7526960372924805 1500
0.7535388469696045 1500
0.7547259330749512 1500
0.75701904296875 1500
0.7572789192199707 1500
0.7598309516906738 1500
0.7606499195098877 1500
0.7628879547119141 1500
0.7635760307312012 1500
0.7656638622283936 1500
0.7669050693511963 1500
0.7683029174804688 1500
0.7694730758666992 1500
0.7715158462524414 1500
0.7723698616027832 1500
0.7744729518890381 1500
0.775644063949585 1500
0.7765998840332031 1500
0.7784559726715088 1500
0.779944896697998 1500
0.7813980579376221 1500
0.7829189300537109 1500
0.7842888832092285 1500
0.7869079113006592 1500
0.7877640724182129 1500
0.7895500659942627 1500
0.7918119430541992 1500
0.7934739589691162 1500
0.7944719791412354 1500
0.7967538833618164 1500
0.797821044921875 1500
0.7994909286499023 1500
0.8006949424743652 1500
0.8025350570678711 1500
0.8036210536956787 1500
0.80501389503479 1500
0.8057889938354492 1500
0.8077459335327148 1500
0.8098690509796143 1500
0.8114640712738037 1500
0.8125178813934326 1500
0.8147158622741699 1500
0.8158700466156006 1500
0.8176729679107666 1500
0.8186259269714355 1500
0.8206279277801514 1500
0.8218739032745361 1500
0.8235659599304199 1500
0.8246560096740723 1500
0.8258719444274902 1500
0.8276569843292236 1500
0.8296399116516113 1500
0.8304250240325928 1500
0.8324389457702637 1500
0.8334729671478271 1500
0.835723876953125 1500
0.8366649150848389 1500
0.838810920715332 1500
0.8398439884185791 1500
0.8407909870147705 1500
0.8423759937286377 1500
0.8438608646392822 1500
0.8455018997192383 1500
0.8468408584594727 1500
0.8487730026245117 1500
0.8499929904937744 1500
0.8517148494720459 1500
0.8529539108276367 1500
0.8543179035186768 1500
0.856003999710083 1500
0.8574140071868896 1500
0.8598098754882812 1500
0.8607008457183838 1500
0.8616750240325928 1500
0.8637619018554688 1500
0.8644988536834717 1500
0.8665890693664551 1500
0.8676040172576904 1500
0.8696930408477783 1500
0.8704578876495361 1500
0.8718409538269043 1500
0.87276291847229 1500
0.8747069835662842 1500
0.8758130073547363 1500
0.8777499198913574 1500
0.8788559436798096 1500
0.8806009292602539 1500
0.8819530010223389 1500
0.884037971496582 1500
0.8847620487213135 1500
0.8865859508514404 1500
0.8879148960113525 1500
0.8896079063415527 1500
0.8906500339508057 1500
0.8918218612670898 1500
0.8926918506622314 1500
0.8947288990020752 1500
0.8959300518035889 1500
0.8968420028686523 1500
0.8987669944763184 1500
0.8998968601226807 1500
0.9014668464660645 1500
0.9028298854827881 1500
0.9044568538665771 1500
0.9067349433898926 1500
0.9078109264373779 1500
0.9087400436401367 1500
0.9108150005340576 1500
0.9116549491882324 1500
0.9138269424438477 1500
0.91485595703125 1500
0.9168200492858887 1500
0.9178540706634521 1500
0.9198229312896729 1500
0.9215948581695557 1500
0.9227240085601807 1500
0.9245529174804688 1500
0.9257140159606934 1500
0.9268078804016113 1500
0.9288330078125 1500
0.9306080341339111 1500
0.9317669868469238 1500
0.9335880279541016 1500
0.9346978664398193 1500
0.9366729259490967 1500
0.9376950263977051 1500
0.9388449192047119 1500
0.9406909942626953 1500
0.9427120685577393 1500
0.943403959274292 1500
0.9457628726959229 1500
0.9466068744659424 1500
0.9486849308013916 1500
0.9535059928894043 1500
0.9535059928894043 1500
0.9536349773406982 1500
0.954740047454834 1500
0.9558889865875244 1500
0.9576010704040527 1500
0.9584300518035889 1500
0.9601669311523438 1500
0.9608190059661865 1500
0.9624309539794922 1500
0.9639229774475098 1500
0.9648270606994629 1500
0.9663670063018799 1500
0.968134880065918 1500
0.9687340259552002 1500
0.9704430103302002 1500
0.971498966217041 1500
0.9727070331573486 1500
0.9746630191802979 1500
0.9757728576660156 1500
0.9765839576721191 1500
0.9784679412841797 1500
0.9798729419708252 1500
0.9813430309295654 1500
0.9835779666900635 1500
0.9846229553222656 1500
0.9858899116516113 1500
0.9874069690704346 1500
0.9886279106140137 1500
0.9903180599212646 1500
0.9907798767089844 1500
0.9923288822174072 1500
0.9933910369873047 1500
0.9949510097503662 1500
0.9954190254211426 1500
0.9968669414520264 1500
0.9984478950500488 1500
0.9994418621063232 1500
1.001127004623413 1500
1.002821922302246 1500
1.0044219493865967 1500
1.004668951034546 1500
1.0069360733032227 1500
1.0088388919830322 1500
1.0097298622131348 1500
1.0104680061340332 1500
