1050000
0.0 1500
0.0028798580169677734 1500
0.00532984733581543 1500
0.008386850357055664 1500
0.009976863861083984 1500
0.014011859893798828 1500
0.016965866088867188 1500
0.021023035049438477 1500
0.024224042892456055 1500
0.02517104148864746 1500
0.028280019760131836 1500
0.031108856201171875 1500
0.03437495231628418 1500
0.0372319221496582 1500
0.04105186462402344 1500
0.04310488700866699 1500
0.04533886909484863 1500
0.04917502403259277 1500
0.05198788642883301 1500
0.05515003204345703 1500
0.05689501762390137 1500
0.059343814849853516 1500
0.06343603134155273 1500
0.06614303588867188 1500
0.0689249038696289 1500
0.07368803024291992 1500
0.07532095909118652 1500
0.07626199722290039 1500
0.07935094833374023 1500
0.08211898803710938 1500
0.08693599700927734 1500
0.0902400016784668 1500
0.09217500686645508 1500
0.09533381462097168 1500
0.09730386734008789 1500
0.10027503967285156 1500
0.10442590713500977 1500
0.10848402976989746 1500
0.11000800132751465 1500
0.11291289329528809 1500
0.11503195762634277 1500
0.11689496040344238 1500
0.12040495872497559 1500
0.12369799613952637 1500
0.12793493270874023 1500
0.1299898624420166 1500
0.13210201263427734 1500
0.13540196418762207 1500
0.1379859447479248 1500
0.14166998863220215 1500
0.1445460319519043 1500
0.14748382568359375 1500
0.15093398094177246 1500
0.15237188339233398 1500
0.15642094612121582 1500
0.15813302993774414 1500
0.1611800193786621 1500
0.163985013961792 1500
0.1685018539428711 1500
0.17040681838989258 1500
0.17337298393249512 1500
0.17637395858764648 1500
0.18049287796020508 1500
0.18233895301818848 1500
0.18633103370666504 1500
0.18795204162597656 1500
0.19132590293884277 1500
0.19309782981872559 1500
0.19626283645629883 1500
0.19920682907104492 1500
0.20210504531860352 1500
0.2066190242767334 1500
0.20819091796875 1500
0.2109839916229248 1500
0.21416687965393066 1500
0.21696186065673828 1500
0.21922993659973145 1500
0.2243340015411377 1500
0.22533082962036133 1500
0.22820687294006348 1500
0.23115181922912598 1500
0.2342529296875 1500
0.23710989952087402 1500
0.2411048412322998 1500
0.24344587326049805 1500
0.24504590034484863 1500
0.24834585189819336 1500
0.25112390518188477 1500
0.25437092781066895 1500
0.2572469711303711 1500
0.25822997093200684 1500
0.2640988826751709 1500
0.26621484756469727 1500
0.2692840099334717 1500
0.27124881744384766 1500
0.27435898780822754 1500
0.27917981147766113 1500
0.2800450325012207 1500
0.2835218906402588 1500
0.28620100021362305 1500
0.29036402702331543 1500
0.29200291633605957 1500
0.29596590995788574 1500
0.2972278594970703 1500
0.3001868724822998 1500
0.30335092544555664 1500
0.3062138557434082 1500
0.3090949058532715 1500
0.31322193145751953 1500
0.315065860748291 1500
0.31834983825683594 1500
0.3210418224334717 1500
0.3231208324432373 1500
0.3260939121246338 1500
0.3292520046234131 1500
0.3342289924621582 1500
0.3352689743041992 1500
0.3383479118347168 1500
0.340986967086792 1500
0.34433484077453613 1500
0.34705591201782227 1500
0.35088491439819336 1500
0.3530240058898926 1500
0.35506582260131836 1500
0.35796189308166504 1500
0.36098694801330566 1500
0.3651299476623535 1500
0.3680908679962158 1500
0.37030601501464844 1500
0.3729369640350342 1500
0.37500882148742676 1500
0.3785419464111328 1500
0.38115882873535156 1500
0.38429903984069824 1500
0.3862118721008301 1500
0.3902428150177002 1500
0.3928718566894531 1500
0.39618802070617676 1500
0.39904189109802246 1500
0.4013829231262207 1500
0.4062669277191162 1500
0.4068410396575928 1500
0.4102489948272705 1500
0.41371703147888184 1500
0.41617584228515625 1500
0.4192829132080078 1500
0.4229888916015625 1500
0.4251549243927002 1500
0.4269599914550781 1500
0.4303889274597168 1500
0.4332280158996582 1500
0.4359140396118164 1500
0.43883299827575684 1500
0.44020700454711914 1500
0.4450669288635254 1500
0.44948387145996094 1500
0.45122790336608887 1500
0.4529848098754883 1500
0.4563319683074951 1500
0.4609508514404297 1500
0.46240687370300293 1500
0.46544694900512695 1500
0.4684138298034668 1500
0.47249889373779297 1500
0.47392797470092773 1500
0.478255033493042 1500
0.4792659282684326 1500
0.4821159839630127 1500
0.48514604568481445 1500
0.48819684982299805 1500
0.4909939765930176 1500
0.496614933013916 1500
0.49727582931518555 1500
0.5003459453582764 1500
0.5030629634857178 1500
0.5050079822540283 1500
0.5083680152893066 1500
0.5109460353851318 1500
0.5160880088806152 1500
0.517279863357544 1500
0.519946813583374 1500
0.5234708786010742 1500
0.5258610248565674 1500
0.5291340351104736 1500
0.5330400466918945 1500
0.533905029296875 1500
0.5368788242340088 1500
0.5402779579162598 1500
0.5444839000701904 1500
0.5462679862976074 1500
0.5503089427947998 1500
0.5519130229949951 1500
0.5559558868408203 1500
0.5573668479919434 1500
0.5600290298461914 1500
0.5630478858947754 1500
0.566107988357544 1500
0.5685768127441406 1500
0.5721158981323242 1500
0.5752959251403809 1500
0.5781669616699219 1500
0.5813248157501221 1500
0.5831060409545898 1500
0.5881538391113281 1500
0.5890998840332031 1500
0.5923588275909424 1500
0.5952098369598389 1500
0.5982968807220459 1500
0.6011838912963867 1500
0.6053009033203125 1500
0.6073598861694336 1500
0.6091668605804443 1500
0.6122870445251465 1500
0.6161110401153564 1500
0.6183450222015381 1500
0.6223649978637695 1500
0.624161958694458 1500
0.6272850036621094 1500
0.6300148963928223 1500
0.633375883102417 1500
0.6350908279418945 1500
0.6395690441131592 1500
0.6433908939361572 1500
0.6441919803619385 1500
0.647197961807251 1500
0.6509778499603271 1500
0.6533689498901367 1500
0.6563940048217773 1500
0.6599888801574707 1500
0.6613099575042725 1500
0.6641819477081299 1500
0.6674058437347412 1500
0.6698670387268066 1500
0.6744389533996582 1500
0.6772580146789551 1500
0.6818850040435791 1500
0.6822319030761719 1500
0.6916790008544922 1500
0.6916790008544922 1500
0.6916790008544922 1500
0.6932709217071533 1500
0.6998000144958496 1500
0.6998000144958496 1500
0.7026829719543457 1500
0.707237958908081 1500
0.7081539630889893 1500
0.7112748622894287 1500
0.7172868251800537 1500
0.7172868251800537 1500
0.7200889587402344 1500
0.7225849628448486 1500
0.7253079414367676 1500
0.7286579608917236 1500
0.7321088314056396 1500
0.7348709106445312 1500
0.7372510433197021 1500
0.7399840354919434 1500
0.7421820163726807 1500
0.7457599639892578 1500
0.748586893081665 1500
0.7501499652862549 1500
0.7544229030609131 1500
0.7569010257720947 1500
0.7601609230041504 1500
0.7632038593292236 1500
0.7659590244293213 1500
0.7699429988861084 1500
0.7712128162384033 1500
0.7738358974456787 1500
0.7771868705749512 1500
0.7800869941711426 1500
0.7830908298492432 1500
0.7870349884033203 1500
0.7890548706054688 1500
0.791874885559082 1500
0.7941868305206299 1500
0.7968428134918213 1500
0.8002839088439941 1500
0.8051249980926514 1500
0.8058600425720215 1500
0.8089878559112549 1500
0.8123748302459717 1500
0.814985990524292 1500
0.8181948661804199 1500
0.8198609352111816 1500
0.8249309062957764 1500
0.8262920379638672 1500
0.8291099071502686 1500
0.8318488597869873 1500
0.8352358341217041 1500
0.838702917098999 1500
0.8423449993133545 1500
0.8442888259887695 1500
0.8462319374084473 1500
0.848930835723877 1500
0.8523938655853271 1500
0.8548648357391357 1500
0.858867883682251 1500
0.8609669208526611 1500
0.8641939163208008 1500
0.8668889999389648 1500
0.8701138496398926 1500
0.8756308555603027 1500
0.8756308555603027 1500
0.8781368732452393 1500
0.8812398910522461 1500
0.8841278553009033 1500
0.887578010559082 1500
0.8901469707489014 1500
0.8939418792724609 1500
0.8984849452972412 1500
0.8984849452972412 1500
0.9008469581604004 1500
0.9041199684143066 1500
0.9072070121765137 1500
0.9100258350372314 1500
0.9138870239257812 1500
0.9161460399627686 1500
0.9192178249359131 1500
0.9220719337463379 1500
0.9245200157165527 1500
0.9272129535675049 1500
0.9322338104248047 1500
0.9340229034423828 1500
0.9359109401702881 1500
0.9394350051879883 1500
0.9423308372497559 1500
0.945188045501709 1500
0.9482789039611816 1500
0.9521420001983643 1500
0.953315019607544 1500
0.9572470188140869 1500
0.9589078426361084 1500
0.9622688293457031 1500
0.9648418426513672 1500
0.970038890838623 1500
0.9710488319396973 1500
0.974113941192627 1500
0.9769189357757568 1500
0.9800209999084473 1500
0.9831719398498535 1500
0.9868218898773193 1500
0.9882159233093262 1500
0.9909238815307617 1500
0.9948608875274658 1500
0.9980669021606445 1500
1.00130295753479 1500
1.003922939300537 1500
1.0053179264068604 1500
1.0093328952789307 1500
1.0118968486785889 1500
1.0150508880615234 1500
1.018340826034546 1500
1.0214879512786865 1500
1.0251569747924805 1500
1.0270500183105469 1500
1.030714988708496 1500
1.0319228172302246 1500
1.0348389148712158 1500
1.0384299755096436 1500
1.043470859527588 1500
1.0439419746398926 1500
1.0472660064697266 1500
1.0499789714813232 1500
1.0532610416412354 1500
1.0559539794921875 1500
1.0582728385925293 1500
1.0599069595336914 1500
1.0640909671783447 1500
1.0672948360443115 1500
1.0700500011444092 1500
1.0743408203125 1500
1.075981855392456 1500
1.0798330307006836 1500
1.0822608470916748 1500
1.0843160152435303 1500
1.0873029232025146 1500
1.0898869037628174 1500
1.0933079719543457 1500
1.0968358516693115 1500
1.099146842956543 1500
1.1021640300750732 1500
1.1050939559936523 1500
1.1083629131317139 1500
1.1101958751678467 1500
1.115097999572754 1500
1.115919828414917 1500
1.119297981262207 1500
1.122169017791748 1500
1.1250660419464111 1500
1.128113031387329 1500
1.1310768127441406 1500
1.135218858718872 1500
1.1358599662780762 1500
1.1391358375549316 1500
1.1421289443969727 1500
1.144838809967041 1500
1.1484060287475586 1500
1.1522698402404785 1500
1.1543939113616943 1500
1.1571288108825684 1500
1.1602129936218262 1500
1.1634738445281982 1500
1.165191888809204 1500
1.1702849864959717 1500
1.171259880065918 1500
1.1742198467254639 1500
1.177259922027588 1500
1.1802189350128174 1500
1.183053970336914 1500
1.1862819194793701 1500
1.1869690418243408 1500
1.191253900527954 1500
1.1941568851470947 1500
1.1975669860839844 1500
1.199965000152588 1500
1.2031209468841553 1500
1.206845998764038 1500
1.2091219425201416 1500
1.2119548320770264 1500
1.2138078212738037 1500
1.21697998046875 1500
1.220221996307373 1500
1.2249059677124023 1500
1.226032018661499 1500
1.2289578914642334 1500
1.2318029403686523 1500
1.2348918914794922 1500
1.2378909587860107 1500
1.2432479858398438 1500
1.2433719635009766 1500
1.2460949420928955 1500
1.248878002166748 1500
1.2584660053253174 1500
1.2584660053253174 1500
1.2584660053253174 1500
1.2619898319244385 1500
1.264366865158081 1500
1.2670519351959229 1500
1.2690260410308838 1500
1.2732698917388916 1500
1.2749240398406982 1500
1.279383897781372 1500
1.2809698581695557 1500
1.2841308116912842 1500
1.287320852279663 1500
1.2911279201507568 1500
1.2923979759216309 1500
1.296888828277588 1500
1.298205852508545 1500
1.3010778427124023 1500
1.3040988445281982 1500
1.3072168827056885 1500
1.3103008270263672 1500
1.3131530284881592 1500
1.314013957977295 1500
1.3180060386657715 1500
1.3210899829864502 1500
1.3239209651947021 1500
1.3269729614257812 1500
1.3301329612731934 1500
1.3339459896087646 1500
1.336421012878418 1500
1.3394689559936523 1500
1.3419358730316162 1500
1.3442749977111816 1500
1.3473930358886719 1500
1.3519878387451172 1500
1.3532650470733643 1500
1.3561959266662598 1500
1.3591008186340332 1500
1.3619940280914307 1500
1.3650829792022705 1500
1.368276834487915 1500
1.3690240383148193 1500
1.3730368614196777 1500
1.376101016998291 1500
1.3792078495025635 1500
1.3822388648986816 1500
1.38519287109375 1500
1.3890798091888428 1500
1.3909938335418701 1500
1.3942439556121826 1500
1.3964409828186035 1500
1.3988029956817627 1500
1.4021060466766357 1500
1.4087119102478027 1500
1.4087119102478027 1500
1.4109539985656738 1500
1.4141368865966797 1500
1.4177238941192627 1500
1.4203698635101318 1500
1.4238040447235107 1500
1.42494797706604 1500
1.4282300472259521 1500
1.4312198162078857 1500
1.433845043182373 1500
1.4368720054626465 1500
1.4402308464050293 1500
1.4438109397888184 1500
1.4461028575897217 1500
1.4490258693695068 1500
1.4507720470428467 1500
1.4539649486541748 1500
1.45694899559021 1500
1.4618430137634277 1500
1.4634759426116943 1500
1.4658558368682861 1500
1.4691879749298096 1500
1.4718959331512451 1500
1.4751160144805908 1500
1.4788119792938232 1500
1.4799740314483643 1500
1.4831058979034424 1500
1.4858620166778564 1500
1.4898059368133545 1500
1.492305040359497 1500
1.495189905166626 1500
1.496258020401001 1500
1.5009889602661133 1500
1.503389835357666 1500
1.5058250427246094 1500
1.5087769031524658 1500
1.5118868350982666 1500
1.5158939361572266 1500
1.518136978149414 1500
1.5212628841400146 1500
1.523988962173462 1500
1.5268738269805908 1500
1.5288629531860352 1500
1.5341248512268066 1500
1.5347819328308105 1500
1.5379810333251953 1500
1.5409119129180908 1500
1.544334888458252 1500
1.5482690334320068 1500
1.5509698390960693 1500
1.5531628131866455 1500
1.555037021636963 1500
1.5579748153686523 1500
1.5610158443450928 1500
1.5640408992767334 1500
1.5667569637298584 1500
1.5711579322814941 1500
1.5735158920288086 1500
1.5760788917541504 1500
1.5788969993591309 1500
1.5809450149536133 1500
1.5839860439300537 1500
1.5892939567565918 1500
1.5900189876556396 1500
1.5930309295654297 1500
1.5963199138641357 1500
1.5993800163269043 1500
1.6037249565124512 1500
1.606215000152588 1500
1.6068198680877686 1500
1.6099560260772705 1500
1.6127729415893555 1500
1.6159389019012451 1500
1.6187858581542969 1500
1.6219940185546875 1500
1.6235449314117432 1500
1.628302812576294 1500
1.631192922592163 1500
1.6330349445343018 1500
1.6365468502044678 1500
1.639098882675171 1500
1.6438748836517334 1500
1.6451120376586914 1500
1.6481029987335205 1500
1.6512458324432373 1500
1.653904914855957 1500
1.6572990417480469 1500
1.6611268520355225 1500
1.6625289916992188 1500
1.664935827255249 1500
1.6682229042053223 1500
1.671198844909668 1500
1.6742010116577148 1500
1.6768388748168945 1500
1.678246021270752 1500
1.6828980445861816 1500
1.6850628852844238 1500
1.6879780292510986 1500
1.6925289630889893 1500
1.6939189434051514 1500
1.6989400386810303 1500
1.6997828483581543 1500
1.7029829025268555 1500
1.7059910297393799 1500
1.7093520164489746 1500
1.7141339778900146 1500
1.7160959243774414 1500
1.7168598175048828 1500
1.720047950744629 1500
1.7230370044708252 1500
1.7258620262145996 1500
1.7294018268585205 1500
1.7330548763275146 1500
1.735374927520752 1500
1.7382419109344482 1500
1.740250825881958 1500
1.7431609630584717 1500
1.7460620403289795 1500
1.7489290237426758 1500
1.7530548572540283 1500
1.7548198699951172 1500
1.758293867111206 1500
1.7611138820648193 1500
1.7644238471984863 1500
1.765880823135376 1500
1.7709848880767822 1500
1.7731549739837646 1500
1.774777889251709 1500
1.77811598777771 1500
1.7811758518218994 1500
1.7839469909667969 1500
1.7880229949951172 1500
1.7901959419250488 1500
1.792896032333374 1500
1.7960078716278076 1500
1.7980859279632568 1500
1.8008778095245361 1500
1.804008960723877 1500
1.805891990661621 1500
1.8099579811096191 1500
1.8132758140563965 1500
1.8169479370117188 1500
1.818984031677246 1500
1.8218488693237305 1500
1.8258609771728516 1500
1.826833963394165 1500
1.8306260108947754 1500
1.8328218460083008 1500
1.8358259201049805 1500
1.8391339778900146 1500
1.8428030014038086 1500
1.8452060222625732 1500
1.8483188152313232 1500
1.850003957748413 1500
1.8528358936309814 1500
1.8558769226074219 1500
1.860867977142334 1500
1.8618128299713135 1500
1.8648598194122314 1500
1.8683018684387207 1500
1.8712489604949951 1500
1.8738749027252197 1500
1.8768718242645264 1500
1.880875825881958 1500
1.8828999996185303 1500
1.8851838111877441 1500
1.8882639408111572 1500
1.8909938335418701 1500
1.8939318656921387 1500
1.8980598449707031 1500
1.8998019695281982 1500
1.9044809341430664 1500
1.9058349132537842 1500
1.909127950668335 1500
1.9112110137939453 1500
1.916071891784668 1500
1.9168968200683594 1500
1.9200119972229004 1500
1.9228579998016357 1500
1.9258768558502197 1500
1.9292209148406982 1500
1.9322059154510498 1500
1.9329428672790527 1500
1.9370448589324951 1500
1.9402539730072021 1500
1.9430220127105713 1500
1.9459049701690674 1500
1.9490158557891846 1500
1.9528429508209229 1500
1.9549198150634766 1500
1.958287000656128 1500
1.9612560272216797 1500
1.9640169143676758 1500
1.9668669700622559 1500
1.9709320068359375 1500
1.972074031829834 1500
1.9754679203033447 1500
1.9781520366668701 1500
1.9808428287506104 1500
1.9837958812713623 1500
1.9892778396606445 1500
1.9901459217071533 1500
1.993379831314087 1500
1.9960989952087402 1500
1.998891830444336 1500
2.001938819885254 1500
2.004117012023926 1500
2.0093328952789307 1500
2.010852813720703 1500
2.013108968734741 1500
2.0159988403320312 1500
2.018996000289917 1500
2.0230038166046143 1500
