1050000
0.0 1500
0.0022749900817871094 1500
0.0028901100158691406 1500
0.005061149597167969 1500
0.006328105926513672 1500
0.00851893424987793 1500
0.009086132049560547 1500
0.011187076568603516 1500
0.012263059616088867 1500
0.012968063354492188 1500
0.01536107063293457 1500
0.01638507843017578 1500
0.01791095733642578 1500
0.019179105758666992 1500
0.021502017974853516 1500
0.02219700813293457 1500
0.025040149688720703 1500
0.025040149688720703 1500
0.025916099548339844 1500
0.028614044189453125 1500
0.029289960861206055 1500
0.03240609169006348 1500
0.03248310089111328 1500
0.03435492515563965 1500
0.035021066665649414 1500
0.037158966064453125 1500
0.03835296630859375 1500
0.03983592987060547 1500
0.041300058364868164 1500
0.042520999908447266 1500
0.043975114822387695 1500
0.04534006118774414 1500
0.04749703407287598 1500
0.048150062561035156 1500
0.05068707466125488 1500
0.051133155822753906 1500
0.05191802978515625 1500
0.05554795265197754 1500
0.05554795265197754 1500
0.057096004486083984 1500
0.057975053787231445 1500
0.05991101264953613 1500
0.0620729923248291 1500
0.06323695182800293 1500
0.06448006629943848 1500
0.0661921501159668 1500
0.0684821605682373 1500
0.06959295272827148 1500
0.06995892524719238 1500
0.07239198684692383 1500
0.07302308082580566 1500
0.07496094703674316 1500
0.07610893249511719 1500
0.07787013053894043 1500
0.08083415031433105 1500
0.08087706565856934 1500
0.08393192291259766 1500
0.08393192291259766 1500
0.08675503730773926 1500
0.08677411079406738 1500
0.08852410316467285 1500
0.08906912803649902 1500
0.09069204330444336 1500
0.09205007553100586 1500
0.0929269790649414 1500
0.09673404693603516 1500
0.09673404693603516 1500
0.09973812103271484 1500
0.09977507591247559 1500
0.10094499588012695 1500
0.10296106338500977 1500
0.10306501388549805 1500
0.10512709617614746 1500
0.10734701156616211 1500
0.1083979606628418 1500
0.11003613471984863 1500
0.11107897758483887 1500
0.11327505111694336 1500
0.11536812782287598 1500
0.11655807495117188 1500
0.11829805374145508 1500
0.1199040412902832 1500
0.12100505828857422 1500
0.12317800521850586 1500
0.12448000907897949 1500
0.12620115280151367 1500
0.12909197807312012 1500
0.1297600269317627 1500
0.13053202629089355 1500
0.13258099555969238 1500
0.13297414779663086 1500
0.13512396812438965 1500
0.1361370086669922 1500
0.13827109336853027 1500
0.13930296897888184 1500
0.14005208015441895 1500
0.14131498336791992 1500
0.14317107200622559 1500
0.1440110206604004 1500
0.14530515670776367 1500
0.14717912673950195 1500
0.1480720043182373 1500
0.14937806129455566 1500
0.15105199813842773 1500
0.15251493453979492 1500
0.1541149616241455 1500
0.15523004531860352 1500
0.15612411499023438 1500
0.15799999237060547 1500
0.1581881046295166 1500
0.15995311737060547 1500
0.16234612464904785 1500
0.1634070873260498 1500
0.16405606269836426 1500
0.1661670207977295 1500
0.1672971248626709 1500
0.16806912422180176 1500
0.17016100883483887 1500
0.17157912254333496 1500
0.17305612564086914 1500
0.1742091178894043 1500
0.17602801322937012 1500
0.17758893966674805 1500
0.17896795272827148 1500
0.17990493774414062 1500
0.1823101043701172 1500
0.18324494361877441 1500
0.1853179931640625 1500
0.18645501136779785 1500
0.18842601776123047 1500
0.19002795219421387 1500
0.1914200782775879 1500
0.19327998161315918 1500
0.19424104690551758 1500
0.19650793075561523 1500
0.1973869800567627 1500
0.19928503036499023 1500
0.20041894912719727 1500
0.20194196701049805 1500
0.20325899124145508 1500
0.20490097999572754 1500
0.20611095428466797 1500
0.20734095573425293 1500
0.20937705039978027 1500
0.2100510597229004 1500
0.21193313598632812 1500
0.21327614784240723 1500
0.21526098251342773 1500
0.21602201461791992 1500
0.21752214431762695 1500
0.21912598609924316 1500
0.22024011611938477 1500
0.2212989330291748 1500
0.2233600616455078 1500
0.22550201416015625 1500
0.22643113136291504 1500
0.22828412055969238 1500
0.23044610023498535 1500
0.23211312294006348 1500
0.23354101181030273 1500
0.23491501808166504 1500
0.2363579273223877 1500
0.23820209503173828 1500
0.239670991897583 1500
0.2415599822998047 1500
0.24312400817871094 1500
0.24489903450012207 1500
0.2464289665222168 1500
0.24831414222717285 1500
0.25218701362609863 1500
0.25218701362609863 1500
0.25251102447509766 1500
0.2540459632873535 1500
0.2569551467895508 1500
0.25742101669311523 1500
0.2579669952392578 1500
0.25934410095214844 1500
0.26038098335266113 1500
0.26238512992858887 1500
0.26310110092163086 1500
0.2642519474029541 1500
0.266132116317749 1500
0.2673380374908447 1500
0.2683589458465576 1500
0.27017903327941895 1500
0.27121710777282715 1500
0.2732119560241699 1500
0.27431797981262207 1500
0.2754089832305908 1500
0.2778480052947998 1500
0.278062105178833 1500
0.2794671058654785 1500
0.28087902069091797 1500
0.2820241451263428 1500
0.2843151092529297 1500
0.2853529453277588 1500
0.28639793395996094 1500
0.2885100841522217 1500
0.2923860549926758 1500
0.2923860549926758 1500
0.2923860549926758 1500
0.29627108573913574 1500
0.29627108573913574 1500
0.2967510223388672 1500
0.2971620559692383 1500
0.2995419502258301 1500
0.30008506774902344 1500
0.30156493186950684 1500
0.30321693420410156 1500
0.3041880130767822 1500
0.3053600788116455 1500
0.3070030212402344 1500
0.3085150718688965 1500
0.3089449405670166 1500
0.3110959529876709 1500
0.31310510635375977 1500
0.3141491413116455 1500
0.3154621124267578 1500
0.3172619342803955 1500
0.3186960220336914 1500
0.32001304626464844 1500
0.32218194007873535 1500
0.32303404808044434 1500
0.3257019519805908 1500
0.3263981342315674 1500
0.3279690742492676 1500
0.3293321132659912 1500
0.3315601348876953 1500
0.3323359489440918 1500
0.33446311950683594 1500
0.3353390693664551 1500
0.3373100757598877 1500
0.33799195289611816 1500
0.34031200408935547 1500
0.34160804748535156 1500
0.34225893020629883 1500
0.34444594383239746 1500
0.34541797637939453 1500
0.3534359931945801 1500
0.3534359931945801 1500
0.3534359931945801 1500
0.3534359931945801 1500
0.3534359931945801 1500
0.3543119430541992 1500
0.35616111755371094 1500
0.36263108253479004 1500
0.36263108253479004 1500
0.36263108253479004 1500
0.36263108253479004 1500
0.3632681369781494 1500
0.36424803733825684 1500
0.3655400276184082 1500
0.3674781322479248 1500
0.3682060241699219 1500
0.37041211128234863 1500
0.37104010581970215 1500
0.3725550174713135 1500
0.3735320568084717 1500
0.37435102462768555 1500
0.37560415267944336 1500
0.37694311141967773 1500
0.3782680034637451 1500
0.3803689479827881 1500
0.3812429904937744 1500
0.38324403762817383 1500
0.3841109275817871 1500
0.3850710391998291 1500
0.3885791301727295 1500
0.3885791301727295 1500
0.3901810646057129 1500
0.3911261558532715 1500
0.39437198638916016 1500
0.3944580554962158 1500
0.3962819576263428 1500
0.398590087890625 1500
0.39864397048950195 1500
0.4000840187072754 1500
0.4012730121612549 1500
0.4034709930419922 1500
0.4053070545196533 1500
0.40609312057495117 1500
0.4083249568939209 1500
0.4091451168060303 1500
0.41015005111694336 1500
0.4119229316711426 1500
0.41320300102233887 1500
0.4146449565887451 1500
0.41603899002075195 1500
0.41748714447021484 1500
0.4192390441894531 1500
0.42014503479003906 1500
0.4222280979156494 1500
0.4231240749359131 1500
0.42496514320373535 1500
0.42633914947509766 1500
0.427232027053833 1500
0.4295051097869873 1500
0.43001699447631836 1500
0.4321160316467285 1500
0.4337339401245117 1500
0.4350111484527588 1500
0.43596696853637695 1500
0.4379711151123047 1500
0.4391000270843506 1500
0.44542598724365234 1500
0.44542598724365234 1500
0.44542598724365234 1500
0.4455299377441406 1500
0.44632506370544434 1500
0.4485161304473877 1500
0.4491760730743408 1500
0.45254015922546387 1500
0.45263004302978516 1500
0.4541010856628418 1500
0.45639705657958984 1500
0.45650601387023926 1500
0.4581329822540283 1500
0.45916199684143066 1500
0.4613039493560791 1500
0.4629659652709961 1500
0.4640531539916992 1500
0.4656331539154053 1500
0.46746110916137695 1500
0.4681129455566406 1500
0.4695870876312256 1500
0.4710400104522705 1500
0.4733121395111084 1500
0.47537803649902344 1500
0.4769580364227295 1500
0.4782450199127197 1500
0.4793689250946045 1500
0.48108506202697754 1500
0.48311614990234375 1500
0.48435211181640625 1500
0.486752986907959 1500
0.48833513259887695 1500
0.49021315574645996 1500
0.4915890693664551 1500
0.4935719966888428 1500
0.4955320358276367 1500
0.4973111152648926 1500
0.499345064163208 1500
0.5014269351959229 1500
0.5020020008087158 1500
0.5043530464172363 1500
0.5066111087799072 1500
0.5084860324859619 1500
0.509896993637085 1500
0.5118269920349121 1500
0.5134539604187012 1500
0.5140860080718994 1500
0.5164749622344971 1500
0.5182549953460693 1500
0.5195169448852539 1500
0.521481990814209 1500
0.5225639343261719 1500
0.5240449905395508 1500
0.526252031326294 1500
0.5273571014404297 1500
0.5294549465179443 1500
0.5312280654907227 1500
0.5321590900421143 1500
0.534250020980835 1500
0.536370038986206 1500
0.5380010604858398 1500
0.5392899513244629 1500
0.5414690971374512 1500
0.5433859825134277 1500
0.5442991256713867 1500
0.5465309619903564 1500
0.547976016998291 1500
0.548983097076416 1500
0.5512571334838867 1500
0.5531351566314697 1500
0.5544490814208984 1500
0.5561380386352539 1500
0.5573611259460449 1500
0.5610549449920654 1500
0.5611391067504883 1500
0.5622029304504395 1500
0.5632450580596924 1500
0.5650889873504639 1500
0.5661971569061279 1500
0.5685520172119141 1500
0.5703859329223633 1500
0.5712220668792725 1500
0.5722379684448242 1500
0.5732710361480713 1500
0.5743610858917236 1500
0.5759940147399902 1500
0.5783469676971436 1500
0.5793609619140625 1500
0.5803380012512207 1500
0.5823791027069092 1500
0.5843110084533691 1500
0.5852310657501221 1500
0.5873451232910156 1500
0.5883760452270508 1500
0.5900599956512451 1500
0.5910890102386475 1500
0.5931520462036133 1500
0.5949721336364746 1500
0.5961060523986816 1500
0.5969970226287842 1500
0.5990829467773438 1500
0.6003191471099854 1500
0.6021809577941895 1500
0.6035010814666748 1500
0.6042170524597168 1500
0.6091711521148682 1500
0.6091711521148682 1500
0.6091711521148682 1500
0.6100420951843262 1500
0.6111791133880615 1500
0.6125249862670898 1500
0.6132690906524658 1500
0.6145920753479004 1500
0.6161899566650391 1500
0.6171250343322754 1500
0.618494987487793 1500
0.6191611289978027 1500
0.6212739944458008 1500
0.6222600936889648 1500
0.6235439777374268 1500
0.625230073928833 1500
0.6264030933380127 1500
0.6282799243927002 1500
0.6292591094970703 1500
0.6309330463409424 1500
0.6331889629364014 1500
0.6343121528625488 1500
0.6354961395263672 1500
0.6374039649963379 1500
0.6383450031280518 1500
0.6418731212615967 1500
0.6418731212615967 1500
0.6430549621582031 1500
0.6441681385040283 1500
0.6454730033874512 1500
0.6470210552215576 1500
0.6483919620513916 1500
0.6490890979766846 1500
0.6511790752410889 1500
0.6524519920349121 1500
0.6532690525054932 1500
0.6544480323791504 1500
0.6558921337127686 1500
0.6573519706726074 1500
0.6583261489868164 1500
0.65938401222229 1500
0.6612849235534668 1500
0.6623389720916748 1500
0.6635301113128662 1500
0.6641719341278076 1500
0.6650199890136719 1500
0.6664390563964844 1500
0.6671359539031982 1500
0.668532133102417 1500
0.6690311431884766 1500
0.67140793800354 1500
0.6720669269561768 1500
0.67348313331604 1500
0.6755080223083496 1500
0.6764259338378906 1500
0.6774139404296875 1500
0.6790199279785156 1500
0.680305004119873 1500
0.6814050674438477 1500
0.6832740306854248 1500
0.6843810081481934 1500
0.6860940456390381 1500
0.6874909400939941 1500
0.6882209777832031 1500
0.6901469230651855 1500
0.6910741329193115 1500
0.6932721138000488 1500
0.6939430236816406 1500
0.6959879398345947 1500
0.6971220970153809 1500
0.6978731155395508 1500
0.6999111175537109 1500
0.7010109424591064 1500
0.703132152557373 1500
0.704038143157959 1500
0.7059259414672852 1500
0.7074761390686035 1500
0.7092649936676025 1500
0.7098779678344727 1500
0.710914134979248 1500
0.7135579586029053 1500
0.7139339447021484 1500
0.7161340713500977 1500
0.7173280715942383 1500
0.7191190719604492 1500
0.7201099395751953 1500
0.7222700119018555 1500
0.7234361171722412 1500
0.7254941463470459 1500
0.7260570526123047 1500
0.7283680438995361 1500
0.7294330596923828 1500
0.7301080226898193 1500
0.7323179244995117 1500
0.7330291271209717 1500
0.7350749969482422 1500
0.736382007598877 1500
0.7380900382995605 1500
0.7414851188659668 1500
0.7414851188659668 1500
0.7419650554656982 1500
0.7428820133209229 1500
0.7454710006713867 1500
0.7460849285125732 1500
0.7484049797058105 1500
0.749035120010376 1500
0.7527360916137695 1500
0.7527360916137695 1500
0.7540421485900879 1500
0.7553579807281494 1500
0.7560720443725586 1500
0.7581610679626465 1500
0.758979082107544 1500
0.7624609470367432 1500
0.7624609470367432 1500
0.7640030384063721 1500
0.7653861045837402 1500
0.7680890560150146 1500
0.7680890560150146 1500
0.7690811157226562 1500
0.7714869976043701 1500
0.7720649242401123 1500
0.7742340564727783 1500
0.7749321460723877 1500
0.7772040367126465 1500
0.7782449722290039 1500
0.780022144317627 1500
0.7811181545257568 1500
0.7831640243530273 1500
0.784153938293457 1500
0.7849941253662109 1500
0.7871310710906982 1500
0.7887511253356934 1500
0.7901430130004883 1500
0.7909181118011475 1500
0.7931661605834961 1500
0.7943160533905029 1500
0.7948939800262451 1500
0.7970321178436279 1500
0.7994670867919922 1500
0.8009729385375977 1500
0.8019411563873291 1500
0.8031561374664307 1500
0.8048801422119141 1500
0.8064670562744141 1500
0.8090560436248779 1500
0.8090560436248779 1500
0.8113911151885986 1500
0.8146810531616211 1500
0.8146810531616211 1500
0.8185770511627197 1500
0.8185770511627197 1500
0.8187141418457031 1500
0.8190231323242188 1500
0.8226950168609619 1500
0.8226950168609619 1500
0.8243551254272461 1500
0.8249380588531494 1500
0.8296370506286621 1500
0.8296370506286621 1500
0.8296370506286621 1500
0.8315989971160889 1500
0.8325259685516357 1500
0.8340821266174316 1500
0.8362729549407959 1500
0.8370010852813721 1500
0.8383619785308838 1500
0.8393700122833252 1500
0.8445150852203369 1500
0.8445150852203369 1500
0.8445150852203369 1500
0.8453381061553955 1500
0.8471930027008057 1500
0.8479030132293701 1500
0.8499550819396973 1500
0.8510251045227051 1500
0.8521721363067627 1500
0.8539321422576904 1500
0.855659008026123 1500
0.8571529388427734 1500
0.8580780029296875 1500
0.8603479862213135 1500
0.861220121383667 1500
0.8629379272460938 1500
0.8639810085296631 1500
0.865070104598999 1500
0.8670859336853027 1500
0.8680050373077393 1500
0.8700361251831055 1500
0.8709640502929688 1500
0.8730030059814453 1500
0.8751969337463379 1500
0.8758790493011475 1500
0.8784029483795166 1500
0.8788809776306152 1500
0.8814780712127686 1500
0.8821570873260498 1500
0.8853650093078613 1500
0.8854360580444336 1500
0.8861191272735596 1500
0.8885190486907959 1500
0.8888959884643555 1500
0.8914761543273926 1500
0.8921401500701904 1500
0.8942301273345947 1500
0.8948960304260254 1500
0.8975980281829834 1500
0.8982501029968262 1500
0.8990020751953125 1500
0.9008829593658447 1500
0.9025039672851562 1500
0.9043729305267334 1500
0.9049029350280762 1500
0.9071779251098633 1500
0.9092669486999512 1500
0.9101901054382324 1500
0.9111940860748291 1500
0.9121899604797363 1500
0.9143960475921631 1500
0.9150569438934326 1500
0.9173140525817871 1500
0.9181890487670898 1500
0.9205060005187988 1500
0.9210309982299805 1500
0.9235050678253174 1500
0.9239420890808105 1500
0.9255650043487549 1500
0.927178144454956 1500
0.9282519817352295 1500
0.9303841590881348 1500
0.9309170246124268 1500
0.9332079887390137 1500
0.9341080188751221 1500
0.936345100402832 1500
0.9371030330657959 1500
0.9379651546478271 1500
0.940371036529541 1500
0.9410059452056885 1500
0.943242073059082 1500
0.944019079208374 1500
0.9463260173797607 1500
0.9470441341400146 1500
0.9492061138153076 1500
0.9500069618225098 1500
0.951056957244873 1500
0.9532361030578613 1500
0.9539880752563477 1500
0.956334114074707 1500
0.9571349620819092 1500
0.9603860378265381 1500
0.9604461193084717 1500
0.9621739387512207 1500
0.9631781578063965 1500
0.9641439914703369 1500
0.9660661220550537 1500
0.9673399925231934 1500
0.9693760871887207 1500
0.970099925994873 1500
0.9720320701599121 1500
0.9729621410369873 1500
0.9751341342926025 1500
0.9758939743041992 1500
0.9772710800170898 1500
0.9792580604553223 1500
0.9799709320068359 1500
0.9820539951324463 1500
0.9828710556030273 1500
0.9852769374847412 1500
0.985954999923706 1500
0.9886479377746582 1500
0.9891080856323242 1500
0.9902980327606201 1500
0.9922690391540527 1500
0.9930319786071777 1500
0.9964110851287842 1500
0.9964110851287842 1500
0.9985251426696777 1500
0.9991171360015869 1500
1.0015170574188232 1500
1.002012014389038 1500
1.0034401416778564 1500
1.0053040981292725 1500
1.0063691139221191 1500
1.0083749294281006 1500
1.0088491439819336 1500
1.012580156326294 1500
1.0126960277557373 1500
1.0143280029296875 1500
1.0148780345916748 1500
1.0163581371307373 1500
1.0185561180114746 1500
