605038
0.0 1500
0.001558065414428711 1500
0.0030808448791503906 1500
0.005135059356689453 1500
0.005928993225097656 1500
0.007071018218994141 1500
0.014850854873657227 1500
0.014850854873657227 1500
0.014850854873657227 1500
0.014850854873657227 1500
0.015114068984985352 1500
0.016665935516357422 1500
0.017758846282958984 1500
0.019058942794799805 1500
0.020860910415649414 1500
0.022174835205078125 1500
0.023704051971435547 1500
0.025043964385986328 1500
0.03079390525817871 1500
0.03079390525817871 1500
0.03079390525817871 1500
0.03079390525817871 1500
0.03230905532836914 1500
0.03316092491149902 1500
0.03394603729248047 1500
0.0357210636138916 1500
0.03681302070617676 1500
0.038763999938964844 1500
0.040573835372924805 1500
0.04202985763549805 1500
0.043068885803222656 1500
0.04399704933166504 1500
0.04609990119934082 1500
0.04661989212036133 1500
0.04794597625732422 1500
0.04886603355407715 1500
0.05058097839355469 1500
0.051676034927368164 1500
0.05307602882385254 1500
0.05418205261230469 1500
0.05569291114807129 1500
0.056684017181396484 1500
0.05780386924743652 1500
0.05988597869873047 1500
0.06088399887084961 1500
0.06292891502380371 1500
0.06394004821777344 1500
0.06496191024780273 1500
0.06670689582824707 1500
0.06878495216369629 1500
0.06893491744995117 1500
0.07032990455627441 1500
0.07184100151062012 1500
0.07381391525268555 1500
0.07504796981811523 1500
0.07694387435913086 1500
0.0788578987121582 1500
0.07995986938476562 1500
0.08174705505371094 1500
0.08258795738220215 1500
0.08464503288269043 1500
0.08684992790222168 1500
0.08781003952026367 1500
0.09012985229492188 1500
0.09198999404907227 1500
0.09311199188232422 1500
0.09506988525390625 1500
0.09606099128723145 1500
0.0978238582611084 1500
0.0989680290222168 1500
0.10008502006530762 1500
0.10205602645874023 1500
0.10290694236755371 1500
0.10414505004882812 1500
0.10556793212890625 1500
0.10712289810180664 1500
0.10802602767944336 1500
0.11158990859985352 1500
0.11158990859985352 1500
0.11190295219421387 1500
0.11306285858154297 1500
0.11502695083618164 1500
0.11681890487670898 1500
0.11862683296203613 1500
0.11961984634399414 1500
0.12184906005859375 1500
0.12297606468200684 1500
0.12508296966552734 1500
0.12684106826782227 1500
0.12801504135131836 1500
0.13007497787475586 1500
0.13206005096435547 1500
0.13404202461242676 1500
0.13598895072937012 1500
0.13678598403930664 1500
0.13906288146972656 1500
0.14078903198242188 1500
0.14264893531799316 1500
0.1439368724822998 1500
0.14569807052612305 1500
0.14707684516906738 1500
0.14895391464233398 1500
0.15098190307617188 1500
0.15207600593566895 1500
0.15394806861877441 1500
0.1556098461151123 1500
0.15692400932312012 1500
0.15860486030578613 1500
0.16010785102844238 1500
0.16174006462097168 1500
0.1631300449371338 1500
0.16471505165100098 1500
0.16593194007873535 1500
0.167510986328125 1500
0.16894888877868652 1500
0.17088985443115234 1500
0.17304086685180664 1500
0.1745760440826416 1500
0.18144798278808594 1500
0.18144798278808594 1500
0.18144798278808594 1500
0.1818399429321289 1500
0.18294787406921387 1500
0.18500900268554688 1500
0.18603992462158203 1500
0.187669038772583 1500
0.1889028549194336 1500
0.19174695014953613 1500
0.19205284118652344 1500
0.19356799125671387 1500
0.19490694999694824 1500
0.1966550350189209 1500
0.197584867477417 1500
0.1999669075012207 1500
0.2022569179534912 1500
0.2050800323486328 1500
0.20572996139526367 1500
0.2077789306640625 1500
0.20996499061584473 1500
0.21080684661865234 1500
0.21174097061157227 1500
0.21407389640808105 1500
0.21474790573120117 1500
0.2168748378753662 1500
0.21760892868041992 1500
0.2192249298095703 1500
0.2206408977508545 1500
0.22207283973693848 1500
0.2225790023803711 1500
0.22414493560791016 1500
0.22998499870300293 1500
0.22998499870300293 1500
0.22998499870300293 1500
0.22998499870300293 1500
0.2313239574432373 1500
0.2320549488067627 1500
0.2329399585723877 1500
0.2348949909210205 1500
0.23593997955322266 1500
0.23705196380615234 1500
0.23902201652526855 1500
0.24093389511108398 1500
0.24175596237182617 1500
0.24309587478637695 1500
0.24497199058532715 1500
0.24602890014648438 1500
0.24779391288757324 1500
0.24885106086730957 1500
0.25101184844970703 1500
0.25186705589294434 1500
0.2528648376464844 1500
0.25501394271850586 1500
0.2557849884033203 1500
0.2570309638977051 1500
0.2589690685272217 1500
0.25995802879333496 1500
0.26088404655456543 1500
0.26298093795776367 1500
0.2638740539550781 1500
0.2650718688964844 1500
0.2666308879852295 1500
0.2678208351135254 1500
0.26885104179382324 1500
0.27072906494140625 1500
0.2718808650970459 1500
0.273953914642334 1500
0.27469301223754883 1500
0.27610087394714355 1500
0.2767949104309082 1500
0.27802205085754395 1500
0.27878904342651367 1500
0.27991485595703125 1500
0.282120943069458 1500
0.2828788757324219 1500
0.2849130630493164 1500
0.2859058380126953 1500
0.28673386573791504 1500
0.288053035736084 1500
0.29000091552734375 1500
0.29106688499450684 1500
0.29814887046813965 1500
0.29814887046813965 1500
0.29814887046813965 1500
0.29814887046813965 1500
0.29814887046813965 1500
0.29889488220214844 1500
0.2996039390563965 1500
0.30179500579833984 1500
0.30260300636291504 1500
0.30368494987487793 1500
0.3046889305114746 1500
0.3059999942779541 1500
0.30681490898132324 1500
0.30891895294189453 1500
0.31027793884277344 1500
0.31190991401672363 1500
0.31271791458129883 1500
0.31462597846984863 1500
0.31555700302124023 1500
0.3178858757019043 1500
0.3185460567474365 1500
0.3195359706878662 1500
0.32178497314453125 1500
0.3228459358215332 1500
0.3248560428619385 1500
0.3258969783782959 1500
0.3276848793029785 1500
0.32875490188598633 1500
0.33075785636901855 1500
0.3321359157562256 1500
0.3326549530029297 1500
0.33450889587402344 1500
0.33576488494873047 1500
0.3378329277038574 1500
0.33866190910339355 1500
0.3407440185546875 1500
0.34180784225463867 1500
0.34388303756713867 1500
0.3447299003601074 1500
0.3458590507507324 1500
0.34789204597473145 1500
0.3488328456878662 1500
0.35091400146484375 1500
0.3516969680786133 1500
0.3544778823852539 1500
0.3548288345336914 1500
0.35669994354248047 1500
0.35808300971984863 1500
0.35906195640563965 1500
0.36077404022216797 1500
0.36165404319763184 1500
0.36366796493530273 1500
0.3650798797607422 1500
0.36652588844299316 1500
0.37018799781799316 1500
0.37018799781799316 1500
0.37085795402526855 1500
0.3719799518585205 1500
0.3739960193634033 1500
0.3748500347137451 1500
0.37665295600891113 1500
0.37897706031799316 1500
0.3799428939819336 1500
0.3811619281768799 1500
0.38283395767211914 1500
0.38390493392944336 1500
0.38460206985473633 1500
0.3870220184326172 1500
0.3879690170288086 1500
0.38964104652404785 1500
0.3908689022064209 1500
0.3924980163574219 1500
0.3941018581390381 1500
0.3961029052734375 1500
0.3964879512786865 1500
0.3980410099029541 1500
0.40000104904174805 1500
0.40072202682495117 1500
0.40284204483032227 1500
0.40365004539489746 1500
0.4059028625488281 1500
0.4065849781036377 1500
0.4089510440826416 1500
0.41077184677124023 1500
0.4116818904876709 1500
0.41312289237976074 1500
0.413754940032959 1500
0.4159200191497803 1500
0.4167158603668213 1500
0.4188258647918701 1500
0.4201638698577881 1500
0.42159104347229004 1500
0.42265796661376953 1500
0.4238929748535156 1500
0.4270808696746826 1500
0.4270808696746826 1500
0.4288039207458496 1500
0.42975687980651855 1500
0.43192195892333984 1500
0.4326629638671875 1500
0.4351029396057129 1500
0.43720293045043945 1500
0.43793702125549316 1500
0.4400670528411865 1500
0.4408118724822998 1500
0.44212889671325684 1500
0.44391703605651855 1500
0.4450500011444092 1500
0.4468979835510254 1500
0.4480268955230713 1500
0.4490690231323242 1500
0.45099592208862305 1500
0.4527299404144287 1500
0.45374202728271484 1500
0.4546699523925781 1500
0.4568948745727539 1500
0.45772290229797363 1500
0.4594259262084961 1500
0.4643368721008301 1500
0.4643368721008301 1500
0.4643368721008301 1500
0.46483302116394043 1500
0.46678590774536133 1500
0.46814489364624023 1500
0.46951985359191895 1500
0.4706099033355713 1500
0.4726240634918213 1500
0.4751598834991455 1500
0.47594785690307617 1500
0.47674083709716797 1500
0.4791109561920166 1500
0.4807569980621338 1500
0.48171496391296387 1500
0.48360300064086914 1500
0.48460984230041504 1500
0.48606204986572266 1500
0.48773694038391113 1500
0.48906683921813965 1500
0.49074506759643555 1500
0.4920229911804199 1500
0.49303483963012695 1500
0.4947059154510498 1500
0.49662089347839355 1500
0.49807000160217285 1500
0.5000100135803223 1500
0.501917839050293 1500
0.5029828548431396 1500
0.5054759979248047 1500
0.5081639289855957 1500
0.5090768337249756 1500
0.5109529495239258 1500
0.5129649639129639 1500
0.513983964920044 1500
0.5149128437042236 1500
0.516963005065918 1500
0.5189039707183838 1500
0.5201859474182129 1500
0.5219008922576904 1500
0.5229568481445312 1500
0.5252549648284912 1500
0.525810956954956 1500
0.5270559787750244 1500
0.527601957321167 1500
0.5299608707427979 1500
0.5318498611450195 1500
0.5330910682678223 1500
0.5335969924926758 1500
0.5350499153137207 1500
0.5367779731750488 1500
0.5379400253295898 1500
0.5397989749908447 1500
0.541815996170044 1500
0.5431108474731445 1500
0.5439729690551758 1500
0.545090913772583 1500
0.5469999313354492 1500
0.5479269027709961 1500
0.549656867980957 1500
0.5509510040283203 1500
0.5517220497131348 1500
0.553062915802002 1500
0.5550270080566406 1500
0.5568299293518066 1500
0.5580348968505859 1500
0.559938907623291 1500
0.5610790252685547 1500
0.563072919845581 1500
0.5649850368499756 1500
0.5656559467315674 1500
0.5676279067993164 1500
0.5686008930206299 1500
0.5710320472717285 1500
0.5720329284667969 1500
0.5729210376739502 1500
0.5737650394439697 1500
0.5759129524230957 1500
0.5770468711853027 1500
0.5780630111694336 1500
0.5790460109710693 1500
0.5809710025787354 1500
0.582939863204956 1500
0.5848569869995117 1500
0.5867428779602051 1500
0.5881450176239014 538
