1049593
0.0 1500
0.0004210472106933594 1500
0.002743959426879883 1500
0.004949092864990234 1500
0.006851911544799805 1500
0.006851911544799805 1500
0.008589982986450195 1500
0.009164094924926758 1500
0.010628938674926758 1500
0.012393951416015625 1500
0.013464927673339844 1500
0.015337944030761719 1500
0.016290903091430664 1500
0.01854705810546875 1500
0.01939988136291504 1500
0.021657943725585938 1500
0.02233600616455078 1500
0.023540019989013672 1500
0.02544403076171875 1500
0.02640700340270996 1500
0.02870488166809082 1500
0.029493093490600586 1500
0.03168201446533203 1500
0.03248190879821777 1500
0.03467607498168945 1500
0.035418033599853516 1500
0.03961300849914551 1500
0.03961300849914551 1500
0.0406949520111084 1500
0.04126906394958496 1500
0.043643951416015625 1500
0.04469108581542969 1500
0.04678702354431152 1500
0.04760098457336426 1500
0.04844307899475098 1500
0.05183100700378418 1500
0.05185389518737793 1500
0.0535430908203125 1500
0.05424809455871582 1500
0.056466102600097656 1500
0.057372093200683594 1500
0.059504032135009766 1500
0.060690879821777344 1500
0.0623779296875 1500
0.06342506408691406 1500
0.06427407264709473 1500
0.06650805473327637 1500
0.06762409210205078 1500
0.06943798065185547 1500
0.07030105590820312 1500
0.07246994972229004 1500
0.07320189476013184 1500
0.07578897476196289 1500
0.07636404037475586 1500
0.07845497131347656 1500
0.0796060562133789 1500
0.08036088943481445 1500
0.0825490951538086 1500
0.08333897590637207 1500
0.08527588844299316 1500
0.08791208267211914 1500
0.08855009078979492 1500
0.08942103385925293 1500
0.09073710441589355 1500
0.09254598617553711 1500
0.09330296516418457 1500
0.09556198120117188 1500
0.0963430404663086 1500
0.09893393516540527 1500
0.0993659496307373 1500
0.10176205635070801 1500
0.1024010181427002 1500
0.10338306427001953 1500
0.1055300235748291 1500
0.10634207725524902 1500
0.10855889320373535 1500
0.10938405990600586 1500
0.11157703399658203 1500
0.11244893074035645 1500
0.11462903022766113 1500
0.11521792411804199 1500
0.11632895469665527 1500
0.11840009689331055 1500
0.11935305595397949 1500
0.12195897102355957 1500
0.12227702140808105 1500
0.12460589408874512 1500
0.12530994415283203 1500
0.1275320053100586 1500
0.12872004508972168 1500
0.12937593460083008 1500
0.1313951015472412 1500
0.13262510299682617 1500
0.1344130039215088 1500
0.13571906089782715 1500
0.1375730037689209 1500
0.13846492767333984 1500
0.14053010940551758 1500
0.14129900932312012 1500
0.14394307136535645 1500
0.1445009708404541 1500
0.14534497261047363 1500
0.14753293991088867 1500
0.14832305908203125 1500
0.15083789825439453 1500
0.1511530876159668 1500
0.15404796600341797 1500
0.1545090675354004 1500
0.15674901008605957 1500
0.15746688842773438 1500
0.16006708145141602 1500
0.1605849266052246 1500
0.16176390647888184 1500
0.163316011428833 1500
0.16457605361938477 1500
0.16647911071777344 1500
0.16741490364074707 1500
0.16934895515441895 1500
0.17058801651000977 1500
0.17136502265930176 1500
0.17395997047424316 1500
0.17427396774291992 1500
0.17670989036560059 1500
0.17732906341552734 1500
0.17952299118041992 1500
0.18047499656677246 1500
0.18248796463012695 1500
0.1833789348602295 1500
0.18494296073913574 1500
0.18648195266723633 1500
0.18731904029846191 1500
0.18943190574645996 1500
0.19035601615905762 1500
0.1925950050354004 1500
0.19348406791687012 1500
0.19539403915405273 1500
0.19650006294250488 1500
0.19736790657043457 1500
0.19953298568725586 1500
0.2004859447479248 1500
0.20250391960144043 1500
0.20368289947509766 1500
0.20535707473754883 1500
0.20649003982543945 1500
0.20866703987121582 1500
0.2093489170074463 1500
0.21168208122253418 1500
0.2123250961303711 1500
0.213608980178833 1500
0.2156820297241211 1500
0.21637511253356934 1500
0.21866607666015625 1500
0.21947908401489258 1500
0.22283411026000977 1500
0.22283411026000977 1500
0.22338199615478516 1500
0.2256619930267334 1500
0.22629094123840332 1500
0.2286069393157959 1500
0.22926807403564453 1500
0.2318720817565918 1500
0.23231196403503418 1500
0.23459601402282715 1500
0.2354259490966797 1500
0.2367100715637207 1500
0.23834609985351562 1500
0.23949599266052246 1500
0.241502046585083 1500
0.2423551082611084 1500
0.24448204040527344 1500
0.24537396430969238 1500
0.24740290641784668 1500
0.24849200248718262 1500
0.24944710731506348 1500
0.2514309883117676 1500
0.25321102142333984 1500
0.25455307960510254 1500
0.25552892684936523 1500
0.2576138973236084 1500
0.2584249973297119 1500
0.2604858875274658 1500
0.2614428997039795 1500
0.2636270523071289 1500
0.26423192024230957 1500
0.2654259204864502 1500
0.26848697662353516 1500
0.2685210704803467 1500
0.2705259323120117 1500
0.27166104316711426 1500
0.27330589294433594 1500
0.2742619514465332 1500
0.27649497985839844 1500
0.2776179313659668 1500
0.27844810485839844 1500
0.28056907653808594 1500
0.28166890144348145 1500
0.28340697288513184 1500
0.2843019962310791 1500
0.2865469455718994 1500
0.28746891021728516 1500
0.2894289493560791 1500
0.2902519702911377 1500
0.2919909954071045 1500
0.2933540344238281 1500
0.29445505142211914 1500
0.2964479923248291 1500
0.29764699935913086 1500
0.29950904846191406 1500
0.3002610206604004 1500
0.30275392532348633 1500
0.30336689949035645 1500
0.3044250011444092 1500
0.3065071105957031 1500
0.3072819709777832 1500
0.3093080520629883 1500
0.3104429244995117 1500
0.3123900890350342 1500
0.31334495544433594 1500
0.3157351016998291 1500
0.3163790702819824 1500
0.31743597984313965 1500
0.31934404373168945 1500
0.3203120231628418 1500
0.32225704193115234 1500
0.32338500022888184 1500
0.32563090324401855 1500
0.32618188858032227 1500
0.32846689224243164 1500
0.32948803901672363 1500
0.3302741050720215 1500
0.33246803283691406 1374
0.39336705207824707 40
0.3976318836212158 1500
0.3976318836212158 1500
0.3976318836212158 1500
0.397705078125 1500
0.397705078125 1500
0.397705078125 1500
0.397705078125 1500
0.39882707595825195 1500
0.3992600440979004 1500
0.40059494972229004 1500
0.40226292610168457 1500
0.4060208797454834 393
0.4060208797454834 1500
0.4060208797454834 1500
0.4076850414276123 1500
0.4082779884338379 1500
0.4105820655822754 1500
0.41183900833129883 1500
0.41251206398010254 1500
0.41457390785217285 1500
0.4155440330505371 1500
0.4179670810699463 1500
0.4185919761657715 1500
0.4208199977874756 393
0.4208199977874756 1500
0.4226551055908203 1500
0.4234449863433838 1500
0.4245879650115967 1500
0.426516056060791 1500
0.42736101150512695 1500
0.42958807945251465 1500
0.43030500411987305 1500
0.43266892433166504 1500
0.4332149028778076 1500
0.4354820251464844 1500
0.43627500534057617 393
0.43637990951538086 1500
0.43863701820373535 1500
0.4391798973083496 1500
0.441417932510376 1500
0.44243597984313965 1500
0.44459009170532227 1500
0.4452540874481201 1500
0.44661402702331543 1500
0.44828200340270996 1500
0.4496030807495117 1500
0.45136404037475586 1500
0.45235300064086914 1500
0.45447206497192383 1500
0.4554910659790039 1500
0.45752906799316406 1500
0.45821094512939453 1500
0.46036791801452637 1500
0.4613959789276123 1500
0.4626181125640869 1500
0.4645659923553467 1500
0.46527695655822754 1500
0.46751999855041504 1500
0.46831703186035156 1500
0.47042298316955566 1500
0.47376489639282227 1500
0.47376489639282227 1500
0.4742569923400879 1500
0.4754600524902344 1500
0.47746706008911133 1500
0.4784259796142578 1500
0.4817230701446533 1500
0.4817230701446533 1500
0.48363804817199707 1500
0.48424601554870605 1500
0.48680806159973145 1500
0.48723292350769043 1500
0.4940450191497803 1500
0.4940450191497803 1500
0.4940450191497803 1500
0.4940450191497803 1500
0.49427008628845215 1500
0.4965848922729492 1500
0.4972519874572754 1500
0.4998490810394287 1500
0.5003349781036377 1500
0.5014700889587402 1500
0.5035219192504883 1500
0.5046639442443848 1500
0.5063700675964355 1500
0.509376049041748 1500
0.5096209049224854 1500
0.5105190277099609 1500
0.5126280784606934 1500
0.5132660865783691 1500
0.5145199298858643 1500
0.5165290832519531 1500
0.5175189971923828 1500
0.5193259716033936 1500
0.5206270217895508 1500
0.5227229595184326 1500
0.5235249996185303 1500
0.5253870487213135 1500
0.526237964630127 1500
0.5286369323730469 1500
0.5293929576873779 1500
0.5302889347076416 1500
0.5322680473327637 1500
0.5333919525146484 1500
0.5367989540100098 1500
0.5367989540100098 1500
0.5398828983306885 1500
0.5398828983306885 1500
0.5402469635009766 1500
0.5424690246582031 1500
0.5432569980621338 1500
0.5456669330596924 1500
0.5461480617523193 1500
0.5485749244689941 1500
0.5496249198913574 1500
0.551846981048584 1500
0.5526249408721924 1500
0.5534899234771729 1500
0.5553069114685059 1500
0.5566160678863525 1500
0.5584869384765625 1500
0.5594949722290039 1500
0.5613279342651367 1500
0.5625081062316895 1500
0.56467604637146 1500
0.5654840469360352 1500
0.5665109157562256 1500
0.5687470436096191 1500
0.5693750381469727 1500
0.571605920791626 1500
0.5722320079803467 1500
0.5744760036468506 1500
0.5752179622650146 1500
0.5775299072265625 1500
0.5782699584960938 1500
0.5795021057128906 1500
0.581536054611206 1500
0.5824530124664307 1500
0.5853478908538818 1500
0.5853919982910156 1500
0.5874600410461426 1500
0.5883429050445557 1500
0.5906190872192383 1500
0.5914208889007568 1500
0.5922939777374268 1500
0.5951828956604004 1500
0.596074104309082 1500
0.5987510681152344 1500
0.5990509986877441 1500
0.6008069515228271 1500
0.601154088973999 1500
0.6039950847625732 1500
0.6060531139373779 1500
0.6069920063018799 1500
0.6073479652404785 1500
0.6104140281677246 1500
0.6104140281677246 1500
0.6122729778289795 1500
0.6167049407958984 1500
0.6182730197906494 1500
0.6212780475616455 1500
0.6234660148620605 1500
0.6236019134521484 1500
0.6254489421844482 1500
0.6275339126586914 1500
0.6287190914154053 1500
0.630713939666748 1500
0.6335539817810059 1500
0.6351840496063232 1500
0.635807991027832 1500
0.6376380920410156 1500
0.6394450664520264 1500
0.6417319774627686 1500
0.6435461044311523 1500
0.645240068435669 1500
0.6473560333251953 1500
0.6493489742279053 1500
0.6517360210418701 1500
0.6547150611877441 1500
0.6567120552062988 1500
0.6577351093292236 1500
0.6592791080474854 1500
0.660301923751831 1500
0.6619739532470703 1500
0.6625969409942627 1500
0.6642510890960693 1500
0.6655929088592529 1500
0.6667129993438721 1500
0.6676979064941406 1500
0.6685950756072998 1500
0.6698040962219238 1500
0.6712749004364014 1500
0.6726648807525635 1500
0.6734380722045898 1500
0.6743690967559814 1500
0.6752910614013672 1500
0.676630973815918 1500
0.6776480674743652 1500
0.6794021129608154 1500
0.6807849407196045 1500
0.6817209720611572 1500
0.6824769973754883 1500
0.6837179660797119 1500
0.6854429244995117 1500
0.6865849494934082 1500
0.6876599788665771 1500
0.6893260478973389 1500
0.6907188892364502 1500
0.6914749145507812 1500
0.6927371025085449 1500
0.6937179565429688 1500
0.6948230266571045 1500
0.6957519054412842 1500
0.6968340873718262 1500
0.6976239681243896 1500
0.6993389129638672 1500
0.7005980014801025 1500
0.7024040222167969 1500
0.7032649517059326 1500
0.7064330577850342 1500
0.7066800594329834 1500
0.7075409889221191 1500
0.7093920707702637 1500
0.710629940032959 1500
0.7130579948425293 1500
0.7134790420532227 1500
0.7157158851623535 1500
0.7166140079498291 1500
0.7173089981079102 1500
0.7198059558868408 1500
0.7207930088043213 1500
0.723283052444458 1500
0.7234179973602295 1500
0.7265820503234863 1500
0.7266499996185303 1500
0.7291300296783447 1500
0.729640007019043 1500
0.7305989265441895 1500
0.7327210903167725 1500
0.7334868907928467 1500
0.7357120513916016 1500
0.7363870143890381 1500
0.7399930953979492 1500
0.7399930953979492 1500
0.74139404296875 1500
0.7425799369812012 1500
0.7432880401611328 1500
0.7469329833984375 1500
0.7469329833984375 1500
0.7484169006347656 1500
0.7496769428253174 1500
0.751262903213501 1500
0.7532460689544678 1500
0.7544989585876465 1500
0.7552609443664551 1500
0.7575490474700928 1500
0.7585039138793945 1500
0.7591729164123535 1500
0.7615170478820801 1500
0.7627830505371094 1500
0.7643489837646484 1500
0.7656691074371338 1500
0.7674539089202881 1500
0.7683908939361572 1500
0.7693560123443604 1500
0.7717320919036865 1500
0.7724730968475342 1500
0.7754878997802734 1500
0.7754878997802734 1500
0.7774670124053955 1500
0.7785980701446533 1500
0.7804460525512695 1500
0.7813560962677002 1500
0.7825191020965576 1500
0.784498929977417 1500
0.7854340076446533 1500
0.787585973739624 1500
0.7882630825042725 1500
0.7904810905456543 1500
0.7912800312042236 1500
0.7933969497680664 1500
0.7945189476013184 1500
0.7952260971069336 1500
0.7976269721984863 1500
0.7984890937805176 1500
0.8021359443664551 1500
0.8021359443664551 1500
0.8038439750671387 1500
0.8042850494384766 1500
0.8065750598907471 1500
0.8073279857635498 1500
0.8085010051727295 1500
0.8104169368743896 1500
0.8113389015197754 1500
0.8133950233459473 1500
0.8145079612731934 1500
0.8166940212249756 1500
0.8174159526824951 1500
0.8197250366210938 1500
0.8220939636230469 1500
0.8220939636230469 1500
0.823585033416748 1500
0.8242559432983398 1500
0.82657790184021 1500
0.8275930881500244 1500
0.8293750286102295 1500
0.8305079936981201 1500
0.8328080177307129 1500
0.8331789970397949 1500
0.8343710899353027 1500
0.8376359939575195 1500
0.8377120494842529 1500
0.8394138813018799 1500
0.8404629230499268 1500
0.8425929546356201 1500
0.8433589935302734 1500
0.8461949825286865 1500
0.8464529514312744 1500
0.848412036895752 1500
0.8495810031890869 1500
0.8502819538116455 1500
0.85247802734375 1500
0.8533720970153809 1500
0.8556509017944336 1500
0.8563580513000488 1500
0.858604907989502 1500
0.859307050704956 1500
0.8609158992767334 1500
0.8626461029052734 1500
0.8633110523223877 1500
0.8657400608062744 1500
0.8662409782409668 1500
0.8686769008636475 1500
0.8695590496063232 1500
0.8718440532684326 1500
0.8723349571228027 1500
0.8734509944915771 1500
0.8757040500640869 1500
0.8762860298156738 1500
0.8787190914154053 1500
0.8794150352478027 1500
0.8816890716552734 1500
0.8821940422058105 1500
0.8845500946044922 1500
0.8853058815002441 1500
0.8865540027618408 1500
0.8884940147399902 1500
0.8894319534301758 1500
0.8912560939788818 1500
0.8924329280853271 1500
0.8948390483856201 1500
0.8954479694366455 1500
0.8975510597229004 1500
0.898313045501709 1500
0.8994429111480713 1500
0.9014689922332764 1500
0.902379035949707 1500
0.9045319557189941 1500
0.9065089225769043 1500
0.907599925994873 1500
0.9088950157165527 1500
0.910646915435791 1500
0.9122970104217529 1500
0.9125449657440186 1500
0.9145369529724121 1500
0.9155740737915039 1500
0.9175159931182861 1500
0.9184410572052002 1500
0.9206809997558594 1500
0.9215080738067627 1500
0.9235711097717285 1500
0.925652027130127 1500
0.925652027130127 1500
0.9276189804077148 1500
0.9286530017852783 1500
0.9305999279022217 1500
0.931628942489624 1500
0.9333980083465576 1500
0.934257984161377 1500
0.9369709491729736 1500
0.9376089572906494 1500
0.9396679401397705 1500
0.9405319690704346 1500
0.9416289329528809 1500
0.9435908794403076 1500
0.9445970058441162 1500
0.9464409351348877 1500
0.9475300312042236 1500
0.9492509365081787 1500
0.9504759311676025 1500
0.9515988826751709 1500
0.9536080360412598 1500
0.9544589519500732 1500
0.9565489292144775 1500
0.9575269222259521 1500
0.9602680206298828 1500
0.960453987121582 1500
0.9625790119171143 1500
0.9633660316467285 1500
0.9644699096679688 1500
0.9665889739990234 1500
0.9678308963775635 1500
0.9697620868682861 1500
0.9708230495452881 1500
0.9723858833312988 1500
0.9734070301055908 1500
0.9754469394683838 1500
0.9764759540557861 1500
0.9773850440979004 1500
0.979686975479126 1500
0.9806089401245117 1500
0.9825439453125 1500
0.9835820198059082 1500
0.9854450225830078 1500
0.9866271018981934 1500
0.9884929656982422 1500
0.9907639026641846 1500
0.9907639026641846 1500
0.9923720359802246 1500
0.9939360618591309 1500
0.9957559108734131 1500
0.9963870048522949 1500
0.9985649585723877 1500
0.9994668960571289 1500
1.001533031463623 1500
1.002331018447876 1500
1.0032589435577393 1500
1.005608081817627 1500
1.0063860416412354 1500
1.0085101127624512 1500
1.009458065032959 1500
1.0127160549163818 1500
1.0127160549163818 1500
1.0146100521087646 1500
1.0152089595794678 1500
1.0163540840148926 1500
1.018662929534912 1500
1.0199940204620361 1500
1.021446943283081 1500
1.0226619243621826 1500
1.0247259140014648 1500
1.0255560874938965 1500
1.0276079177856445 1500
1.0286710262298584 1500
1.0296039581298828 1500
1.0315980911254883 1500
1.033555030822754 1500
1.0343959331512451 1500
1.0356149673461914 1500
1.0373830795288086 1500
1.038498878479004 1500
1.040781021118164 1500
1.0415799617767334 1500
1.0424189567565918 1500
1.0442910194396973 1500
1.0454559326171875 1500
1.0475759506225586 1500
1.0483839511871338 1500
1.0504870414733887 1500
1.051764965057373 1500
1.0537550449371338 1500
1.0546519756317139 1500
1.055556058883667 1500
1.0586950778961182 1500
1.0586950778961182 1500
1.0605440139770508 1500
1.06209397315979 1500
1.0637381076812744 1500
1.0645909309387207 1500
1.0667290687561035 1500
1.0674760341644287 1500
