1050000
0.0 1500
0.0020749568939208984 1500
0.003030061721801758 1500
0.004191160202026367 1500
0.0060961246490478516 1500
0.007066011428833008 1500
0.009457111358642578 1500
0.010448932647705078 1500
0.012258052825927734 1500
0.012923002243041992 1500
0.014917135238647461 1500
0.016010046005249023 1500
0.016900062561035156 1500
0.019240140914916992 1500
0.020390033721923828 1500
0.023373126983642578 1500
0.023373126983642578 1500
0.025118112564086914 1500
0.02594900131225586 1500
0.028409957885742188 1500
0.028995037078857422 1500
0.030352115631103516 1500
0.03204798698425293 1500
0.03289198875427246 1500
0.035017967224121094 1500
0.036062002182006836 1500
0.03824615478515625 1500
0.03910493850708008 1500
0.040849924087524414 1500
0.04201102256774902 1500
0.044126033782958984 1500
0.04524707794189453 1500
0.04654693603515625 1500
0.04805397987365723 1500
0.04924798011779785 1500
0.05104207992553711 1500
0.05197906494140625 1500
0.05443096160888672 1500
0.05498814582824707 1500
0.05692005157470703 1500
0.05789995193481445 1500
0.05919504165649414 1500
0.061250925064086914 1500
0.06211209297180176 1500
0.06392908096313477 1500
0.06517410278320312 1500
0.06702113151550293 1500
0.06794500350952148 1500
0.0699310302734375 1500
0.0711970329284668 1500
0.07203292846679688 1500
0.07413196563720703 1500
0.0752260684967041 1500
0.07726311683654785 1500
0.07804012298583984 1500
0.08008313179016113 1500
0.08114004135131836 1500
0.08325505256652832 1500
0.08429312705993652 1500
0.08493494987487793 1500
0.0869760513305664 1500
0.08808493614196777 1500
0.09007906913757324 1500
0.09112906455993652 1500
0.09435296058654785 1500
0.09435296058654785 1500
0.09659504890441895 1500
0.09763002395629883 1500
0.09839415550231934 1500
0.10032510757446289 1500
0.10120892524719238 1500
0.10312914848327637 1500
0.10415101051330566 1500
0.1063230037689209 1500
0.10715603828430176 1500
0.10892510414123535 1500
0.11046910285949707 1500
0.11140298843383789 1500
0.11322307586669922 1500
0.11400413513183594 1500
0.11627197265625 1500
0.11708998680114746 1500
0.11922097206115723 1500
0.12024593353271484 1500
0.12223696708679199 1500
0.12314200401306152 1500
0.12430500984191895 1500
0.12604594230651855 1500
0.1282341480255127 1500
0.12911009788513184 1500
0.13019013404846191 1500
0.1319119930267334 1500
0.13311100006103516 1500
0.135390043258667 1500
0.13612008094787598 1500
0.14011812210083008 1500
0.14011812210083008 1500
0.14110898971557617 1500
0.1420130729675293 1500
0.14403104782104492 1500
0.14591002464294434 1500
0.14591002464294434 1500
0.14812493324279785 1500
0.14914703369140625 1500
0.1512620449066162 1500
0.15192198753356934 1500
0.15422797203063965 1500
0.15523505210876465 1500
0.1572411060333252 1500
0.15833497047424316 1500
0.15897512435913086 1500
0.1611621379852295 1500
0.16214704513549805 1500
0.16422414779663086 1500
0.16501307487487793 1500
0.16715192794799805 1500
0.16809701919555664 1500
0.17127704620361328 1500
0.17127704620361328 1500
0.17215204238891602 1500
0.17383098602294922 1500
0.1750950813293457 1500
0.1771690845489502 1500
0.17814993858337402 1500
0.18027305603027344 1500
0.18132495880126953 1500
0.18412113189697266 1500
0.18412113189697266 1500
0.18503212928771973 1500
0.18731904029846191 1500
0.18803811073303223 1500
0.1900629997253418 1500
0.19139909744262695 1500
0.19336414337158203 1500
0.19390106201171875 1500
0.19611811637878418 1500
0.19738411903381348 1500
0.19824504852294922 1500
0.20038294792175293 1500
0.2012040615081787 1500
0.20307707786560059 1500
0.20419812202453613 1500
0.2073500156402588 1500
0.2073500156402588 1500
0.20906615257263184 1500
0.21035504341125488 1500
0.21122312545776367 1500
0.21335101127624512 1500
0.21557903289794922 1500
0.21604394912719727 1500
0.21941304206848145 1500
0.21941304206848145 1500
0.22011899948120117 1500
0.2224271297454834 1500
0.22281813621520996 1500
0.22513794898986816 1500
0.22642803192138672 1500
0.22838997840881348 1500
0.22945094108581543 1500
0.2311570644378662 1500
0.2325749397277832 1500
0.23444104194641113 1500
0.2350449562072754 1500
0.23625707626342773 1500
0.23833513259887695 1500
0.24022293090820312 1500
0.24132513999938965 1500
0.24236106872558594 1500
0.24436593055725098 1500
0.24515199661254883 1500
0.2472219467163086 1500
0.24818205833435059 1500
0.24892497062683105 1500
0.252687931060791 1500
0.252687931060791 1500
0.2539820671081543 1500
0.25498414039611816 1500
0.2573280334472656 1500
0.2582390308380127 1500
0.26018595695495605 1500
0.2612180709838867 1500
0.26229095458984375 1500
0.2641439437866211 1500
0.26507115364074707 1500
0.2671339511871338 1500
0.27034902572631836 1500
0.27034902572631836 1500
0.2712230682373047 1500
0.27457404136657715 1500
0.2752511501312256 1500
0.2752511501312256 1500
0.277008056640625 1500
0.2781980037689209 1500
0.28073596954345703 1500
0.2809109687805176 1500
0.28362298011779785 1500
0.2842421531677246 1500
0.290647029876709 1500
0.290647029876709 1500
0.290647029876709 1500
0.290647029876709 1500
0.2913799285888672 1500
0.29310011863708496 1500
0.2942769527435303 1500
0.29614901542663574 1500
0.29716992378234863 1500
0.2993650436401367 1500
0.29987096786499023 1500
0.30135202407836914 1500
0.3033609390258789 1500
0.3038909435272217 1500
0.30613207817077637 1500
0.3071930408477783 1500
0.30904507637023926 1500
0.31137609481811523 1500
0.31205010414123535 1500
0.3135659694671631 1500
0.3157060146331787 1500
0.31659507751464844 1500
0.3179769515991211 1500
0.32019615173339844 1500
0.3214080333709717 1500
0.322282075881958 1500
0.32431912422180176 1500
0.32521700859069824 1500
0.3275411128997803 1500
0.32810497283935547 1500
0.3300299644470215 1500
0.3314321041107178 1500
0.33441805839538574 1500
0.33441805839538574 1500
0.33495497703552246 1500
0.33701300621032715 1500
0.338123083114624 1500
0.34014892578125 1500
0.34130096435546875 1500
0.342879056930542 1500
0.34410595893859863 1500
0.345905065536499 1500
0.3473639488220215 1500
0.34803009033203125 1500
0.35036706924438477 1500
0.3511979579925537 1500
0.3530571460723877 1500
0.3540959358215332 1500
0.3562040328979492 1500
0.3568141460418701 1500
0.35913896560668945 1500
0.36002397537231445 1500
0.36089015007019043 1500
0.3631911277770996 1500
0.36415600776672363 1500
0.36635804176330566 1500
0.36696314811706543 1500
0.37030696868896484 1500
0.37033700942993164 1500
0.3720519542694092 1500
0.3730781078338623 1500
0.37416815757751465 1500
0.3762359619140625 1500
0.37726902961730957 1500
0.3790581226348877 1500
0.38010501861572266 1500
0.38234806060791016 1500
0.382889986038208 1500
0.38558101654052734 1500
0.3859081268310547 1500
0.38750314712524414 1500
0.38895201683044434 1500
0.39018797874450684 1500
0.39200901985168457 1500
0.392956018447876 1500
0.39517998695373535 1500
0.3960850238800049 1500
0.4018590450286865 1500
0.4018590450286865 1500
0.4018590450286865 1500
0.40218305587768555 1500
0.40292811393737793 1500
0.4052879810333252 1500
0.40618014335632324 1500
0.4080989360809326 1500
0.40920305252075195 1500
0.41117405891418457 1500
0.41203999519348145 1500
0.4140939712524414 1500
0.41527295112609863 1500
0.4161200523376465 1500
0.4183039665222168 1500
0.4190990924835205 1500
0.421220064163208 1500
0.4219529628753662 1500
0.4239630699157715 1500
0.42510509490966797 1500
0.4272019863128662 1500
0.42804908752441406 1500
0.4289741516113281 1500
0.4312291145324707 1500
0.43222999572753906 1500
0.43389892578125 1500
0.4350409507751465 1500
0.4372279644012451 1500
0.4380910396575928 1500
0.4400451183319092 1500
0.4412190914154053 1500
0.44205307960510254 1500
0.4459810256958008 1500
0.4459810256958008 1500
0.44718098640441895 1500
0.447983980178833 1500
0.45006394386291504 1500
0.45125508308410645 1500
0.45309901237487793 1500
0.45409607887268066 1500
0.45496702194213867 1500
0.4572310447692871 1500
0.4580221176147461 1500
0.46003007888793945 1500
0.4611649513244629 1500
0.4635429382324219 1500
0.4639720916748047 1500
0.46608710289001465 1500
0.4672119617462158 1500
0.4682281017303467 1500
0.4712080955505371 1500
0.4712080955505371 1500
0.47286510467529297 1500
0.4744300842285156 1500
0.47615909576416016 1500
0.47702598571777344 1500
0.47893500328063965 1500
0.4803049564361572 1500
0.481464147567749 1500
0.48295092582702637 1500
0.4839510917663574 1500
0.4861640930175781 1500
0.4870591163635254 1500
0.48886704444885254 1500
0.48993396759033203 1500
0.4918820858001709 1500
0.49318599700927734 1500
0.4942460060119629 1500
0.49616003036499023 1500
0.496981143951416 1500
0.4991340637207031 1500
0.5002501010894775 1500
0.5018579959869385 1500
0.5042121410369873 1500
0.5052549839019775 1500
0.5059700012207031 1500
0.5082290172576904 1500
0.5090889930725098 1500
0.5112330913543701 1500
0.5120720863342285 1500
0.5132961273193359 1500
0.5167150497436523 1500
0.5167150497436523 1500
0.5192289352416992 1500
0.5192289352416992 1500
0.5210349559783936 1500
0.5221049785614014 1500
0.5242331027984619 1500
0.5251290798187256 1500
0.5259840488433838 1500
0.5280489921569824 1500
0.5289850234985352 1500
0.5311510562896729 1500
0.5333271026611328 1500
0.5338780879974365 1500
0.5356719493865967 1500
0.5373270511627197 1500
0.5382270812988281 1500
0.5391831398010254 1500
0.5408599376678467 1500
0.5424201488494873 1500
0.5439319610595703 1500
0.546097993850708 1500
0.5471360683441162 1500
0.5478110313415527 1500
0.5498340129852295 1500
0.5511550903320312 1500
0.5520370006561279 1500
0.5541529655456543 1500
0.5552270412445068 1500
0.556995153427124 1500
0.5579349994659424 1500
0.5601620674133301 1500
0.5611839294433594 1500
0.5628969669342041 1500
0.5638630390167236 1500
0.5649089813232422 1500
0.5671370029449463 1500
0.5680069923400879 1500
0.5699770450592041 1500
0.5721049308776855 1500
0.5728859901428223 1500
0.5742051601409912 1500
0.5762889385223389 1500
0.576833963394165 1500
0.5782210826873779 1500
0.5801241397857666 1500
0.581057071685791 1500
0.5831699371337891 1500
0.5856120586395264 1500
0.5862030982971191 1500
0.5871570110321045 1500
0.5891549587249756 1500
0.5899231433868408 1500
0.5911359786987305 1500
0.5932490825653076 1500
0.5941050052642822 1500
0.6005139350891113 1500
0.6005139350891113 1500
0.6005139350891113 1500
0.6005139350891113 1500
0.6021640300750732 1500
0.6036300659179688 1500
0.6040239334106445 1500
0.60601806640625 1500
0.6071100234985352 1500
0.6090309619903564 1500
0.6102299690246582 1500
0.6124770641326904 1500
0.6129801273345947 1500
0.6153280735015869 1500
0.61617112159729 1500
0.6173040866851807 1500
0.619035005569458 1500
0.62005615234375 1500
0.6219420433044434 1500
0.623075008392334 1500
0.6254761219024658 1500
0.6263210773468018 1500
0.628425121307373 1500
0.6293289661407471 1500
0.6304330825805664 1500
0.6333460807800293 1500
0.6333460807800293 1500
0.6351759433746338 1500
0.6361939907073975 1500
0.638322114944458 1500
0.6389069557189941 1500
0.6412701606750488 1500
0.6422300338745117 1500
0.6433241367340088 1500
0.6456410884857178 1500
0.646186113357544 1500
0.6514561176300049 1500
0.6514561176300049 1500
0.6514561176300049 1500
0.6523070335388184 1500
0.6544561386108398 1500
0.6551270484924316 1500
0.6579000949859619 1500
0.6580560207366943 1500
0.6594600677490234 1500
0.6614539623260498 1500
0.6620149612426758 1500
0.6640260219573975 1500
0.6650390625 1500
0.6673109531402588 1500
0.6680240631103516 1500
0.6696281433105469 1500
0.6712241172790527 1500
0.6723730564117432 1500
0.6742539405822754 1500
0.6754429340362549 1500
0.6773591041564941 1500
0.6781129837036133 1500
0.6801509857177734 1500
0.6813421249389648 1500
0.6831390857696533 1500
0.6841261386871338 1500
0.6861569881439209 1500
0.6869111061096191 1500
0.6891729831695557 1500
0.6903021335601807 1500
0.6920449733734131 1500
0.6928451061248779 1500
0.6940021514892578 1500
0.6963469982147217 1500
0.6969349384307861 1500
0.6995360851287842 1500
0.7001199722290039 1500
0.7022619247436523 1500
0.7042350769042969 1500
0.7052891254425049 1500
0.7061071395874023 1500
0.7072651386260986 1500
0.7089271545410156 1500
0.7101521492004395 1500
0.7121200561523438 1500
0.7131409645080566 1500
0.7152371406555176 1500
0.7159090042114258 1500
0.7183771133422852 1500
0.7188699245452881 1500
0.7204470634460449 1500
0.7220749855041504 1500
0.7231569290161133 1500
0.7251341342926025 1500
0.7263150215148926 1500
0.7280681133270264 1500
0.7291891574859619 1500
0.7314879894256592 1500
0.7319340705871582 1500
0.7329750061035156 1500
0.7352249622344971 1500
0.7361509799957275 1500
0.738335132598877 1500
0.739264965057373 1500
0.7413561344146729 1500
0.7419469356536865 1500
0.7441971302032471 1500
0.7452340126037598 1500
0.7463679313659668 1500
0.7482061386108398 1500
0.7490830421447754 1500
0.7512481212615967 1500
0.7520620822906494 1500
0.7541289329528809 1500
0.755277156829834 1500
0.7584130764007568 1500
0.758599042892456 1500
0.7590930461883545 1500
0.7615299224853516 1500
0.7622661590576172 1500
0.7639720439910889 1500
0.7651331424713135 1500
0.7671189308166504 1500
0.7680411338806152 1500
0.7700660228729248 1500
0.7708899974822998 1500
0.7721099853515625 1500
0.774212121963501 1500
0.7753620147705078 1500
0.7772021293640137 1500
0.7780320644378662 1500
0.7801830768585205 1500
0.7813551425933838 1500
0.7831370830535889 1500
0.7841141223907471 1500
0.7851500511169434 1500
0.787153959274292 1500
0.788193941116333 1500
0.7900280952453613 1500
0.7910799980163574 1500
0.7933261394500732 1500
0.7940700054168701 1500
0.7962081432342529 1500
0.7972109317779541 1500
0.7980220317840576 1500
0.8001470565795898 1500
0.8011579513549805 1500
0.8034379482269287 1500
0.8042631149291992 1500
0.8061840534210205 1500
0.8072731494903564 1500
0.8089349269866943 1500
0.810042142868042 1500
0.8112430572509766 1500
0.8130409717559814 1500
0.8142390251159668 1500
0.8161051273345947 1500
0.8172709941864014 1500
0.8190810680389404 1500
0.820120096206665 1500
0.8222091197967529 1500
0.8228199481964111 1500
0.8240389823913574 1500
0.8260791301727295 1500
0.8271620273590088 1500
0.8289511203765869 1500
0.8300149440765381 1500
0.8328640460968018 1500
0.8330659866333008 1500
0.8351609706878662 1500
0.8359570503234863 1500
0.8372509479522705 1500
0.8391780853271484 1500
0.839900016784668 1500
0.842149019241333 1500
0.844135046005249 1500
0.8452630043029785 1500
0.8464391231536865 1500
0.8483829498291016 1500
0.8491950035095215 1500
0.8503420352935791 1500
0.8522419929504395 1500
0.8531670570373535 1500
0.8551340103149414 1500
0.8571181297302246 1500
0.8579249382019043 1500
0.8589041233062744 1500
0.8612630367279053 1500
0.862105131149292 1500
0.8642339706420898 1500
0.8650860786437988 1500
0.8661501407623291 1500
0.8683979511260986 1500
0.8690719604492188 1500
0.8714849948883057 1500
0.8720970153808594 1500
0.8742849826812744 1500
0.8750300407409668 1500
0.877234935760498 1500
0.878093957901001 1500
0.8790230751037598 1500
0.8810391426086426 1500
0.883228063583374 1500
0.8859100341796875 1500
0.8861970901489258 1500
0.8868930339813232 1500
0.888200044631958 1500
0.8902230262756348 1500
0.8911211490631104 1500
0.8922700881958008 1500
0.8950159549713135 1500
0.8950159549713135 1500
0.8971600532531738 1500
0.8982429504394531 1500
0.9002721309661865 1500
0.9013259410858154 1500
0.9034841060638428 1500
0.9041709899902344 1500
0.9051179885864258 1500
0.9072351455688477 1500
0.9081370830535889 1500
0.9102709293365479 1500
0.9110000133514404 1500
0.9133379459381104 1500
0.9138760566711426 1500
0.9161560535430908 1500
0.9170269966125488 1500
0.9189579486846924 1500
0.920241117477417 1500
0.9209620952606201 1500
0.9229249954223633 1500
0.9240031242370605 1500
0.926171064376831 1500
0.9271080493927002 1500
0.9289920330047607 1500
0.9298040866851807 1500
0.9330530166625977 1500
0.9330530166625977 1500
0.9339511394500732 1500
0.9362740516662598 1500
0.9369931221008301 1500
0.940871000289917 1500
0.9413280487060547 1500
0.9418561458587646 1500
0.9428260326385498 1500
0.946134090423584 1500
0.946134090423584 1500
0.9469521045684814 1500
0.9492290019989014 1500
0.9503929615020752 1500
0.9523530006408691 1500
0.9529309272766113 1500
0.9550991058349609 1500
0.9561591148376465 1500
0.9580330848693848 1500
0.958873987197876 1500
0.9598901271820068 1500
0.9618239402770996 1500
0.9631259441375732 1500
0.9650769233703613 1500
0.9660201072692871 1500
0.9679889678955078 1500
0.9699060916900635 1500
0.9712460041046143 1500
0.9721169471740723 1500
0.9729859828948975 1500
0.9752480983734131 1500
0.9761240482330322 1500
0.9781219959259033 1500
0.978985071182251 1500
0.9818439483642578 1500
0.9818439483642578 1500
0.9840130805969238 1500
0.9848761558532715 1500
0.9861049652099609 1500
0.9879231452941895 1500
0.9894430637359619 1500
0.9910669326782227 1500
0.992103099822998 1500
0.9938449859619141 1500
0.9951951503753662 1500
0.9972381591796875 1500
0.9982600212097168 1500
0.9991910457611084 1500
1.000849962234497 1500
1.0022599697113037 1500
1.0042309761047363 1500
1.0048561096191406 1500
1.0082030296325684 1500
1.0082030296325684 1500
1.0102519989013672 1500
1.011047124862671 1500
1.012087106704712 1500
