1049280
0.0 1093
0.0003418922424316406 1093
0.0013010501861572266 1093
0.0013010501861572266 1093
0.001981019973754883 1093
0.002368927001953125 1093
0.002368927001953125 1093
0.0026929378509521484 1093
0.003039836883544922 1093
0.003039836883544922 1093
0.0033860206604003906 1093
0.0033860206604003906 1093
0.003735065460205078 1093
0.004374980926513672 1093
0.004374980926513672 1093
0.004374980926513672 1093
0.005192995071411133 1093
0.005192995071411133 1093
0.005558967590332031 1093
0.0059468746185302734 1093
0.006227970123291016 1093
0.006576061248779297 1093
0.006933927536010742 1093
0.006933927536010742 1093
0.006933927536010742 1093
0.00728297233581543 1093
0.007614850997924805 1093
0.007964849472045898 1093
0.007964849472045898 1093
0.009289979934692383 1093
0.00972604751586914 1093
0.00972604751586914 1093
0.010076045989990234 1093
0.010401010513305664 1093
0.020035982131958008 1093
0.02041792869567871 1093
0.02116990089416504 1093
0.02116990089416504 1093
0.02155303955078125 1093
0.02155303955078125 1093
0.02155303955078125 1093
0.02155303955078125 1093
0.022400856018066406 1093
0.022886991500854492 1093
0.022886991500854492 1093
0.022886991500854492 1093
0.02334284782409668 1093
0.023805856704711914 1093
0.024960994720458984 1093
0.025281906127929688 1093
0.025281906127929688 1093
0.025661945343017578 1093
0.02645397186279297 1093
0.02645397186279297 1093
0.026881933212280273 1093
0.026881933212280273 1093
0.026881933212280273 1093
0.026881933212280273 1093
0.02716803550720215 1093
0.02716803550720215 1093
0.02716803550720215 1093
0.027983903884887695 1093
0.028395891189575195 1093
0.029057979583740234 1093
0.02975296974182129 1093
0.03010392189025879 1093
0.031787872314453125 1093
0.031787872314453125 1093
0.031787872314453125 1093
0.03278493881225586 1093
0.0357818603515625 1093
0.0357818603515625 1093
0.0357818603515625 1093
0.0357818603515625 1093
0.03677201271057129 1093
0.03876900672912598 1093
0.03876900672912598 1093
0.03876900672912598 1093
0.03876900672912598 1093
0.03976798057556152 1093
0.03976798057556152 1093
0.03976798057556152 1093
0.04076385498046875 1093
0.04076385498046875 1093
0.04176783561706543 1093
0.04176783561706543 1093
0.04276704788208008 1093
0.04480099678039551 1093
0.04480099678039551 1093
0.04480099678039551 1093
0.04480099678039551 1093
0.045764923095703125 1093
0.045764923095703125 1093
0.046829938888549805 1093
0.046829938888549805 1093
0.05182194709777832 1093
0.05182194709777832 1093
0.05182194709777832 1093
0.05182194709777832 1093
0.05182194709777832 1093
0.05182194709777832 1093
0.05182194709777832 1093
0.05182194709777832 1093
0.05182194709777832 1093
0.052731990814208984 1093
0.052731990814208984 1093
0.05771994590759277 1093
0.05795001983642578 1093
0.05795001983642578 1093
0.05795001983642578 1093
0.05795001983642578 1093
0.05795001983642578 1093
0.058335065841674805 1093
0.058335065841674805 1093
0.058335065841674805 1093
0.05863595008850098 1093
0.05968785285949707 1093
0.06004595756530762 1093
0.06004595756530762 1093
0.06004595756530762 1093
0.060556888580322266 1093
0.060556888580322266 1093
0.060556888580322266 1093
0.060556888580322266 1093
0.06079602241516113 1093
0.06148386001586914 1093
0.06216096878051758 1093
0.06216096878051758 1093
0.0637359619140625 1093
0.0637359619140625 1093
0.0640859603881836 1093
0.0644369125366211 1093
0.0644369125366211 1093
0.06563806533813477 1093
0.06563806533813477 1093
0.06598591804504395 1093
0.066680908203125 1093
0.06702804565429688 1093
0.06702804565429688 1093
0.0691218376159668 1093
0.0691218376159668 1093
0.0691218376159668 1093
0.0694739818572998 1093
0.07091498374938965 1093
0.07091498374938965 1093
0.07091498374938965 1093
0.07126188278198242 1093
0.07126188278198242 1093
0.07213592529296875 1093
0.07213592529296875 1093
0.07513904571533203 1093
0.07549500465393066 1093
0.07549500465393066 1093
0.07549500465393066 1093
0.0758199691772461 1093
0.0758199691772461 1093
0.0758199691772461 1093
0.0758199691772461 1093
0.07616996765136719 1093
0.07654690742492676 1093
0.0768890380859375 1093
0.07836103439331055 1093
0.07836103439331055 1093
0.07934904098510742 1093
0.08042001724243164 1093
0.08042001724243164 1093
0.08042001724243164 1093
0.08042001724243164 1093
0.08136487007141113 1093
0.08136487007141113 1093
0.08233499526977539 1093
0.08509683609008789 1093
0.08509683609008789 1093
0.0855410099029541 1093
0.0855410099029541 1093
0.0855410099029541 1093
0.08583283424377441 1093
0.08583283424377441 1093
0.08947896957397461 1093
0.08947896957397461 1093
0.09100794792175293 1093
0.09100794792175293 1093
0.09112405776977539 1093
0.09112405776977539 1093
0.09112405776977539 1093
0.09151697158813477 1093
0.09151697158813477 1093
0.09151697158813477 1093
0.09151697158813477 1093
0.09186601638793945 1093
0.09231090545654297 1093
0.09231090545654297 1093
0.0926809310913086 1093
0.0926809310913086 1093
0.0928800106048584 1093
0.0928800106048584 1093
0.09323406219482422 1093
0.09400606155395508 1093
0.0944359302520752 1093
0.09557104110717773 1093
0.09557104110717773 1093
0.09710383415222168 1093
0.09710383415222168 1093
0.09747886657714844 1093
0.09784197807312012 1093
0.09784197807312012 1093
0.09784197807312012 1093
0.09784197807312012 1093
0.09858894348144531 1093
0.09897184371948242 1093
0.09938693046569824 1093
0.09976005554199219 1093
0.10056900978088379 1093
0.10056900978088379 1093
0.10131192207336426 1093
0.10131192207336426 1093
0.10305404663085938 1093
0.10305404663085938 1093
0.10305404663085938 1093
0.1038198471069336 1093
0.1038198471069336 1093
0.10497283935546875 1093
0.10497283935546875 1093
0.10497283935546875 1093
0.10535097122192383 1093
0.10576796531677246 1093
0.10828590393066406 1093
0.10828590393066406 1093
0.1086728572845459 1093
0.10901999473571777 1093
0.10901999473571777 1093
0.10940384864807129 1093
0.11017704010009766 1093
0.11017704010009766 1093
0.11017704010009766 1093
0.11053705215454102 1093
0.11121702194213867 1093
0.11171889305114746 1093
0.11490297317504883 1093
0.11490297317504883 1093
0.11490297317504883 1093
0.11529183387756348 1093
0.11529183387756348 1093
0.11565899848937988 1093
0.11565899848937988 1093
0.11565899848937988 1093
0.11817789077758789 1093
0.12003493309020996 1093
0.12003493309020996 1093
0.12003493309020996 1093
0.12038087844848633 1093
0.12038087844848633 1093
0.12038087844848633 1093
0.12076187133789062 1093
0.12076187133789062 1093
0.12076187133789062 1093
0.1211390495300293 1093
0.1211390495300293 1093
0.12189984321594238 1093
0.12189984321594238 1093
0.12189984321594238 1093
0.12231588363647461 1093
0.12307405471801758 1093
0.12307405471801758 1093
0.12350893020629883 1093
0.12350893020629883 1093
0.1265580654144287 1093
0.1265580654144287 1093
0.1265580654144287 1093
0.12673187255859375 1093
0.12673187255859375 1093
0.1270759105682373 1093
0.1279149055480957 1093
0.12975692749023438 1093
0.12975692749023438 1093
0.12975692749023438 1093
0.12975692749023438 1093
0.12975692749023438 1093
0.12975692749023438 1093
0.1305990219116211 1093
0.13086986541748047 1093
0.13086986541748047 1093
0.13119792938232422 1093
0.13190793991088867 1093
0.13190793991088867 1093
0.13377785682678223 1093
0.13377785682678223 1093
0.1338789463043213 1093
0.13512897491455078 1093
0.13512897491455078 1093
0.1354990005493164 1093
0.13588285446166992 1093
0.13588285446166992 1093
0.13628602027893066 1093
0.1366560459136963 1093
0.1370248794555664 1093
0.1380770206451416 1093
0.1380770206451416 1093
0.1384260654449463 1093
0.1387779712677002 1093
0.13988184928894043 1093
0.14022493362426758 1093
0.14022493362426758 1093
0.14089584350585938 1093
0.14489984512329102 1093
0.14524483680725098 1093
0.14524483680725098 1093
0.14524483680725098 1093
0.1455860137939453 1093
0.1455860137939453 1093
0.1455860137939453 1093
0.1455860137939453 1093
0.1459178924560547 1093
0.1459178924560547 1093
0.1459178924560547 1093
0.1459178924560547 1093
0.14662790298461914 1093
0.14734697341918945 1093
0.14734697341918945 1093
0.147691011428833 1093
0.14856600761413574 1093
0.14891505241394043 1093
0.14925789833068848 1093
0.14925789833068848 1093
0.15127801895141602 1093
0.15127801895141602 1093
0.15533685684204102 1093
0.15570592880249023 1093
0.15570592880249023 1093
0.15605401992797852 1093
0.15639400482177734 1093
0.15639400482177734 1093
0.15639400482177734 1093
0.15674304962158203 1093
0.15674304962158203 1093
0.15674304962158203 1093
0.15674304962158203 1093
0.15707993507385254 1093
0.15707993507385254 1093
0.15707993507385254 1093
0.15828800201416016 1093
0.15828800201416016 1093
0.1608748435974121 1093
0.1608748435974121 1093
0.1608748435974121 1093
0.1608748435974121 1093
0.1608748435974121 1093
0.1618480682373047 1093
0.1618480682373047 1093
0.16284394264221191 1093
0.16284394264221191 1093
0.16284394264221191 1093
0.16284394264221191 1093
0.163862943649292 1093
0.16609406471252441 1093
0.1664578914642334 1093
0.1671130657196045 1093
0.1671130657196045 1093
0.1671130657196045 1093
0.1671130657196045 1093
0.16747784614562988 1093
0.16747784614562988 1093
0.16747784614562988 1093
0.16938090324401855 1093
0.16938090324401855 1093
0.16938090324401855 1093
0.16983795166015625 1093
0.1701960563659668 1093
0.17067289352416992 1093
0.17067289352416992 1093
0.17472290992736816 1093
0.17472290992736816 1093
0.17472290992736816 1093
0.17513298988342285 1093
0.17513298988342285 1093
0.17513298988342285 1093
0.17513298988342285 1093
0.17545390129089355 1093
0.17545390129089355 1093
0.17578792572021484 1093
0.17635488510131836 1093
0.17635488510131836 1093
0.17635488510131836 1093
0.17666196823120117 1093
0.17699503898620605 1093
0.17699503898620605 1093
0.17740702629089355 1093
0.17786288261413574 1093
0.17824292182922363 1093
0.17901206016540527 1093
0.17901206016540527 1093
0.18000483512878418 1093
0.1803450584411621 1093
0.18117094039916992 1093
0.18117094039916992 1093
0.18155789375305176 1093
0.18497204780578613 1093
0.18497204780578613 1093
0.18553686141967773 1093
0.18553686141967773 1093
0.18553686141967773 1093
0.18553686141967773 1093
0.18564891815185547 1093
0.18564891815185547 1093
0.18599605560302734 1093
0.18599605560302734 1093
0.18634605407714844 1093
0.18669986724853516 1093
0.18739986419677734 1093
0.18739986419677734 1093
0.19169092178344727 1093
0.1920609474182129 1093
0.1920609474182129 1093
0.1920609474182129 1093
0.1924450397491455 1093
0.19284987449645996 1093
0.19353604316711426 1093
0.19353604316711426 1093
0.19395089149475098 1093
0.19395089149475098 1093
0.19505000114440918 1093
0.1955089569091797 1093
0.1955089569091797 1093
0.1955089569091797 1093
0.1958930492401123 1093
0.1958930492401123 1093
0.1962878704071045 1093
0.1962878704071045 1093
0.19707298278808594 1093
0.19707298278808594 1093
0.19745683670043945 1093
0.1984848976135254 1093
0.2008960247039795 1093
0.2008960247039795 1093
0.20124292373657227 1093
0.20158886909484863 1093
0.20158886909484863 1093
0.2019350528717041 1093
0.2019350528717041 1093
0.20490288734436035 1093
0.20524001121520996 1093
0.20524001121520996 1093
0.20557689666748047 1093
0.20594406127929688 1093
0.20594406127929688 1093
0.20594406127929688 1093
0.20594406127929688 1093
0.20627903938293457 1093
0.20627903938293457 1093
0.20627903938293457 1093
0.20627903938293457 1093
0.20660805702209473 1093
0.20695996284484863 1093
0.20730805397033691 1093
0.20766091346740723 1093
0.20875191688537598 1093
0.20875191688537598 1093
0.20988106727600098 1093
0.20988106727600098 1093
0.20988106727600098 1093
0.2141580581665039 1093
0.2141580581665039 1093
0.21450495719909668 1093
0.21450495719909668 1093
0.21450495719909668 1093
0.21450495719909668 1093
0.21486401557922363 1093
0.21486401557922363 1093
0.21519899368286133 1093
0.21519899368286133 1093
0.21519899368286133 1093
0.21597886085510254 1093
0.21597886085510254 1093
0.21633195877075195 1093
0.21668291091918945 1093
0.21811485290527344 1093
0.21811485290527344 1093
0.21929097175598145 1093
0.21929097175598145 1093
0.2196340560913086 1093
0.21998906135559082 1093
0.2203660011291504 1093
0.2203660011291504 1093
0.22068405151367188 1093
0.22103190422058105 1093
0.22475004196166992 1093
0.22475004196166992 1093
0.2252359390258789 1093
0.2252359390258789 1093
0.2252359390258789 1093
0.2252359390258789 1093
0.2252359390258789 1093
0.2256488800048828 1093
0.2256488800048828 1093
0.2256488800048828 1093
0.2259378433227539 1093
0.2268819808959961 1093
0.2268819808959961 1093
0.23098301887512207 1093
0.23098301887512207 1093
0.23129796981811523 1093
0.23129796981811523 1093
0.23169684410095215 1093
0.23169684410095215 1093
0.23169684410095215 1093
0.23169684410095215 1093
0.23169684410095215 1093
0.2320418357849121 1093
0.2320418357849121 1093
0.2327418327331543 1093
0.2327418327331543 1093
0.23308086395263672 1093
0.23419189453125 1093
0.23419189453125 1093
0.23453187942504883 1093
0.23488688468933105 1093
0.23525691032409668 1093
0.2394719123840332 1093
0.2398698329925537 1093
0.2398698329925537 1093
0.24033594131469727 1093
0.24033594131469727 1093
0.24033594131469727 1093
0.24033594131469727 1093
0.24033594131469727 1093
0.24075102806091309 1093
0.24075102806091309 1093
0.24075102806091309 1093
0.24075102806091309 1093
0.24075102806091309 1093
0.24121499061584473 1093
0.24413204193115234 1093
0.24413204193115234 1093
0.24413204193115234 1093
0.24413204193115234 1093
0.24413204193115234 1093
0.24413204193115234 1093
0.24489688873291016 1093
0.24489688873291016 1093
0.245621919631958 1093
0.24631190299987793 1093
0.24631190299987793 1093
0.24813294410705566 1093
0.24813294410705566 1093
0.24813294410705566 1093
0.24860286712646484 1093
0.24860286712646484 1093
0.2544238567352295 1093
0.2548089027404785 1093
0.2548089027404785 1093
0.2548089027404785 1093
0.2548089027404785 1093
0.25518083572387695 1093
0.25518083572387695 1093
0.25518083572387695 1093
0.25518083572387695 1093
0.25518083572387695 1093
0.2556588649749756 1093
0.2556588649749756 1093
0.25605297088623047 1093
0.25605297088623047 1093
0.25605297088623047 1093
0.2564549446105957 1093
0.2564549446105957 1093
0.25684595108032227 1093
0.25728297233581543 1093
0.25776195526123047 1093
0.26205992698669434 1093
0.2624058723449707 1093
0.26309895515441895 1093
0.26343584060668945 1093
0.263779878616333 1093
0.263779878616333 1093
0.263779878616333 1093
0.263779878616333 1093
0.2641260623931885 1093
0.2641260623931885 1093
0.2641260623931885 1093
0.26447200775146484 1093
0.2651479244232178 1093
0.26549506187438965 1093
0.26549506187438965 1093
0.2666170597076416 1093
0.2666170597076416 1093
0.26778101921081543 1093
0.26778101921081543 1093
0.26813483238220215 1093
0.27016687393188477 1093
0.27016687393188477 1093
0.2705259323120117 1093
0.2705259323120117 1093
0.2705259323120117 1093
0.2709078788757324 1093
0.2709078788757324 1093
0.2709078788757324 1093
0.2709078788757324 1093
0.2709078788757324 1093
0.27129602432250977 1093
0.2717139720916748 1093
0.2720668315887451 1093
0.27304601669311523 1093
0.27304601669311523 1093
0.2737770080566406 1093
0.27413201332092285 1093
0.2790558338165283 1093
0.27942395210266113 1093
0.27942395210266113 1093
0.27942395210266113 1093
0.2797870635986328 1093
0.2797870635986328 1093
0.2797870635986328 1093
0.2797870635986328 1093
0.28020286560058594 1093
0.28020286560058594 1093
0.28020286560058594 1093
0.28020286560058594 1093
0.28020286560058594 1093
0.28053903579711914 1093
0.28053903579711914 1093
0.2809140682220459 1093
0.283829927444458 1093
0.283829927444458 1093
0.283829927444458 1093
0.2842378616333008 1093
0.2842378616333008 1093
0.28464198112487793 1093
0.28464198112487793 1093
0.28464198112487793 1093
0.28502798080444336 1093
0.28537988662719727 1093
0.28617000579833984 1093
0.2879340648651123 1093
0.28817200660705566 1093
0.28817200660705566 1093
0.28817200660705566 1093
0.2885148525238037 1093
0.2885148525238037 1093
0.29205989837646484 1093
0.29239702224731445 1093
0.29239702224731445 1093
0.29239702224731445 1093
0.29275083541870117 1093
0.29275083541870117 1093
0.29275083541870117 1093
0.29398393630981445 1093
0.29398393630981445 1093
0.29433202743530273 1093
0.29433202743530273 1093
0.2946770191192627 1093
0.2946770191192627 1093
0.2950439453125 1093
0.29589390754699707 1093
0.29624390602111816 1093
0.29715991020202637 1093
0.29715991020202637 1093
0.29784488677978516 1093
0.29819202423095703 1093
0.29853296279907227 1093
0.29921603202819824 1093
0.29921603202819824 1093
0.2999100685119629 1093
0.2999100685119629 1093
0.30156397819519043 1093
0.30156397819519043 1093
0.30156397819519043 1093
0.30584287643432617 1093
0.30584287643432617 1093
0.3063199520111084 1093
0.3063199520111084 1093
0.3063199520111084 1093
0.3063199520111084 1093
0.3064918518066406 1093
0.3064918518066406 1093
0.30687904357910156 1093
0.30687904357910156 1093
0.30726194381713867 1093
0.3076479434967041 1093
0.3076479434967041 1093
0.30803799629211426 1093
0.30803799629211426 1093
0.3089170455932617 1093
0.3089170455932617 1093
0.3089170455932617 1093
0.3089170455932617 1093
0.3103189468383789 1093
0.3103189468383789 1093
0.3103189468383789 1093
0.3109018802642822 1093
0.3114809989929199 1093
0.3117258548736572 1093
0.3117258548736572 1093
0.3124089241027832 1093
0.3132760524749756 1093
0.3132760524749756 1093
0.314241886138916 1093
0.31464600563049316 1093
0.31464600563049316 1093
0.31937694549560547 1093
0.31937694549560547 1093
0.31975698471069336 1093
0.31975698471069336 1093
0.31975698471069336 1093
0.32010388374328613 1093
0.32010388374328613 1093
0.32010388374328613 1093
0.32010388374328613 1093
0.32047104835510254 1093
0.32047104835510254 1093
0.32047104835510254 1093
0.32047104835510254 1093
0.32083702087402344 1093
0.32083702087402344 1093
0.32083702087402344 1093
0.32129788398742676 1093
0.32129788398742676 1093
0.32190489768981934 1093
0.32190489768981934 1093
0.32190489768981934 1093
0.32262206077575684 1093
0.32262206077575684 1093
0.3269999027252197 1093
0.32759785652160645 1093
0.32759785652160645 1093
0.328049898147583 1093
0.32845592498779297 1093
0.3288309574127197 1093
0.3292088508605957 1093
0.3292088508605957 1093
0.3296349048614502 1093
0.3301239013671875 1093
0.3301239013671875 1093
0.3301239013671875 1093
0.3303649425506592 1093
0.3303649425506592 1093
0.3303649425506592 1093
0.330704927444458 1093
0.330704927444458 1093
0.33099889755249023 1093
0.33099889755249023 1093
0.33099889755249023 1093
0.33135485649108887 1093
0.33135485649108887 1093
0.3317248821258545 1093
0.3321108818054199 1093
0.3321108818054199 1093
0.3324918746948242 1093
0.3324918746948242 1093
0.3328969478607178 1093
0.33332204818725586 1093
0.33373403549194336 1093
0.33373403549194336 1093
0.33373403549194336 1093
0.33453798294067383 1093
0.33453798294067383 1093
0.3349628448486328 1093
0.3349628448486328 1093
0.3349628448486328 1093
0.33649301528930664 1093
0.33649301528930664 1093
0.3368699550628662 1093
0.33769893646240234 1093
0.33769893646240234 1093
0.3385310173034668 1093
0.3385310173034668 1093
0.3391079902648926 1093
0.3391079902648926 1093
0.34189391136169434 1093
0.34189391136169434 1093
0.34189391136169434 1093
0.3453550338745117 1093
0.3453550338745117 1093
0.34563302993774414 1093
0.34563302993774414 1093
0.3460099697113037 1093
0.3460099697113037 1093
0.3460099697113037 1093
0.34643006324768066 1093
0.34643006324768066 1093
0.34643006324768066 1093
0.3468649387359619 1093
0.34730100631713867 1093
0.34730100631713867 1093
0.34730100631713867 1093
0.34730100631713867 1093
0.34819793701171875 1093
0.34819793701171875 1093
0.3485758304595947 1093
0.3485758304595947 1093
0.3497018814086914 1093
0.3497018814086914 1093
0.3501570224761963 1093
0.3501570224761963 1093
0.35110902786254883 1093
0.35110902786254883 1093
0.3522958755493164 1093
0.3522958755493164 1093
0.3527510166168213 1093
0.35312390327453613 1093
0.354158878326416 1093
0.35787105560302734 1093
0.35822200775146484 1093
0.35900306701660156 1093
0.35900306701660156 1093
0.3593449592590332 1093
0.3596949577331543 1093
0.3600740432739258 1093
0.3600740432739258 1093
0.3600740432739258 1093
0.3604159355163574 1093
0.3604159355163574 1093
0.3604159355163574 1093
0.36129283905029297 1093
0.36199188232421875 1093
0.36809587478637695 1093
0.36809587478637695 1093
0.36809587478637695 1093
0.36838388442993164 1093
0.36838388442993164 1093
0.36838388442993164 1093
0.3687288761138916 1093
0.3687288761138916 1093
0.3687288761138916 1093
0.3687288761138916 1093
0.36911988258361816 1093
0.36911988258361816 1093
0.36911988258361816 1093
0.36989688873291016 1093
0.3703608512878418 1093
0.3712170124053955 1093
0.37216997146606445 1093
0.37216997146606445 1093
0.3726379871368408 1093
0.3741438388824463 1093
0.3741438388824463 1093
0.3741438388824463 1093
0.3758518695831299 1093
0.37619996070861816 1093
0.37619996070861816 1093
0.3778059482574463 1093
0.3778059482574463 1093
0.3822898864746094 1093
0.3827040195465088 1093
0.3827040195465088 1093
0.3827040195465088 1093
0.3827040195465088 1093
0.38315701484680176 1093
0.38315701484680176 1093
0.38315701484680176 1093
0.38315701484680176 1093
0.38358592987060547 1093
0.38358592987060547 1093
0.38481783866882324 1093
0.38481783866882324 1093
0.3857269287109375 1093
0.38620901107788086 1093
0.38620901107788086 1093
0.38669705390930176 1093
0.38778090476989746 1093
0.38778090476989746 1093
0.38778090476989746 1093
0.3889648914337158 1093
0.3889648914337158 1093
0.3892688751220703 1093
0.3896920680999756 1093
0.39043092727661133 1093
0.3908069133758545 1093
0.3918490409851074 1093
0.3918490409851074 1093
0.3918490409851074 1093
0.39217185974121094 1093
0.39359188079833984 1093
0.39359188079833984 1093
0.393967866897583 1093
0.3984529972076416 1093
0.3984529972076416 1093
0.3988339900970459 1093
0.3988339900970459 1093
0.39911794662475586 1093
0.39911794662475586 1093
0.3994638919830322 1093
0.3994638919830322 1093
0.3994638919830322 1093
0.3994638919830322 1093
0.3998110294342041 1093
0.4001469612121582 1093
0.4004950523376465 1093
0.40084004402160645 1093
0.40084004402160645 1093
0.40084004402160645 1093
0.4011878967285156 1093
0.4011878967285156 1093
0.4011878967285156 1093
0.4011878967285156 1093
0.4063408374786377 1093
0.4063408374786377 1093
0.4063408374786377 1093
0.4063408374786377 1093
0.40664005279541016 1093
0.40664005279541016 1093
0.40664005279541016 1093
0.40712499618530273 1093
0.40712499618530273 1093
0.40712499618530273 1093
0.40712499618530273 1093
0.40767693519592285 1093
0.40767693519592285 1093
0.4078068733215332 1093
0.4081590175628662 1093
0.40881800651550293 1093
0.4091958999633789 1093
0.4091958999633789 1093
0.4091958999633789 1093
0.4091958999633789 1093
0.4103260040283203 1093
0.4103260040283203 1093
0.4106478691101074 1093
0.4110300540924072 1093
0.41141200065612793 1093
0.41178393363952637 1093
0.41178393363952637 1093
0.4134700298309326 1093
0.4134700298309326 1093
0.4134700298309326 1093
0.41388797760009766 1093
0.41388797760009766 1093
0.41514086723327637 1093
0.41514086723327637 1093
0.41514086723327637 1093
0.4155619144439697 1093
0.4155619144439697 1093
0.4171299934387207 1093
0.4171299934387207 1093
0.41748595237731934 1093
0.41748595237731934 1093
0.41748595237731934 1093
0.4217648506164551 1093
0.4217648506164551 1093
0.4217648506164551 1093
0.4220919609069824 1093
0.4220919609069824 1093
0.4220919609069824 1093
0.4224379062652588 1093
0.4224379062652588 1093
0.4224379062652588 1093
0.4224379062652588 1093
0.4227869510650635 1093
0.4227869510650635 1093
0.4227869510650635 1093
0.423969030380249 1093
0.4243428707122803 1093
0.4243428707122803 1093
0.4250349998474121 1093
0.4250349998474121 1093
0.4250349998474121 1093
0.4253718852996826 1093
0.42703700065612793 1093
0.42703700065612793 1093
0.42738986015319824 1093
0.42738986015319824 1093
0.42810583114624023 1093
