1049287
0.0 740
0.01997208595275879 1109
0.035613059997558594 76
0.036286115646362305 1478
0.036637067794799805 1478
0.036982059478759766 1478
0.0373380184173584 1478
0.0373380184173584 1378
0.06468510627746582 1478
0.06535601615905762 1478
0.06535601615905762 1478
0.06568217277526855 1478
0.06618499755859375 1278
0.06644296646118164 1478
0.06644296646118164 1478
0.06687402725219727 1478
0.06749796867370605 1478
0.0680851936340332 1478
0.06850719451904297 1478
0.06886816024780273 1478
0.06886816024780273 1478
0.06949901580810547 1478
0.06949901580810547 1478
0.0700070858001709 1478
0.0705101490020752 1478
0.0705101490020752 1478
0.07090997695922852 1478
0.0713050365447998 1478
0.07171297073364258 1478
0.07171297073364258 1478
0.07207608222961426 1478
0.07207608222961426 1478
0.0727989673614502 1478
0.0727989673614502 1478
0.07317113876342773 1478
0.07356905937194824 1478
0.07406497001647949 1347
0.08875107765197754 1133
0.09273910522460938 1478
0.09312605857849121 1478
0.09351706504821777 1478
0.09351706504821777 1478
0.0940251350402832 1478
0.09451913833618164 1478
0.09451913833618164 1478
0.09498214721679688 1478
0.09498214721679688 1478
0.09534811973571777 1478
0.09584999084472656 1478
0.09584999084472656 1478
0.09674811363220215 1478
0.09674811363220215 1478
0.09714412689208984 1478
0.09755301475524902 1478
0.09810018539428711 1478
0.0986490249633789 1478
0.0986490249633789 1478
0.09903907775878906 1478
0.0995020866394043 1478
0.0995020866394043 1478
0.10010099411010742 1478
0.10010099411010742 1478
0.10059618949890137 1478
0.10059618949890137 1478
0.10101604461669922 978
0.11237406730651855 1478
0.11237406730651855 1478
0.1127619743347168 1478
0.1400749683380127 1478
0.1400749683380127 1478
0.14042019844055176 1478
0.14099502563476562 1478
0.14152908325195312 1478
0.14152908325195312 1478
0.1420300006866455 1478
0.1420300006866455 1478
0.14284610748291016 1378
0.15512514114379883 52
0.21619319915771484 52
0.21701812744140625 1478
0.21754217147827148 1478
0.21807503700256348 1478
0.2184610366821289 1478
0.2188739776611328 1478
0.2188739776611328 1478
0.21964311599731445 1478
0.21964311599731445 1478
0.22005605697631836 1478
0.22043514251708984 1478
0.22081613540649414 1478
0.22081613540649414 1478
0.2212531566619873 1478
0.2212531566619873 1478
0.2215900421142578 1478
0.2219550609588623 1478
0.2219550609588623 1478
0.2219550609588623 121
0.23867201805114746 1478
0.23867201805114746 1478
0.23905301094055176 1478
0.2490830421447754 1478
0.24949908256530762 1478
0.24994206428527832 1478
0.24994206428527832 321
0.28284597396850586 1478
0.28284597396850586 1478
0.28284597396850586 1109
0.31292009353637695 1478
0.31292009353637695 321
0.3432290554046631 76
0.343656063079834 1478
0.343656063079834 1478
0.34409403800964355 1478
0.34409403800964355 1478
0.34409403800964355 1478
0.3445711135864258 1478
0.3445711135864258 1478
0.3448021411895752 1478
0.3451981544494629 1478
0.3451981544494629 1478
0.34560704231262207 1478
0.34603309631347656 1478
0.34723997116088867 1478
0.34723997116088867 1478
0.3476569652557373 1478
0.3481171131134033 1478
0.35899996757507324 1133
0.35899996757507324 1478
0.3594400882720947 1478
0.3601670265197754 1478
0.3601670265197754 1478
0.36052799224853516 1478
0.3609490394592285 1478
0.3609490394592285 1478
0.3615720272064209 1478
0.36203813552856445 1478
0.36203813552856445 1478
0.3625810146331787 1478
0.3629331588745117 1478
0.3629331588745117 1478
0.3629331588745117 1478
0.3633601665496826 1478
0.3637080192565918 1478
0.3637080192565918 1478
0.3637080192565918 809
0.3733670711517334 52
0.37465906143188477 1478
0.3750920295715332 1478
0.37546205520629883 1478
0.37589216232299805 1478
0.37589216232299805 1478
0.37627315521240234 1478
0.37686920166015625 1478
0.37686920166015625 1478
0.3773190975189209 1478
0.3773190975189209 1478
0.3778681755065918 1478
0.3778681755065918 1478
0.37848496437072754 1478
0.3789541721343994 1478
0.3789541721343994 1478
0.37940406799316406 1478
0.37940406799316406 1478
0.3800060749053955 1478
0.3803400993347168 1478
0.3803400993347168 1447
0.3994760513305664 52
0.4005160331726074 1478
0.4005160331726074 1478
0.4005160331726074 1478
0.40144896507263184 1478
0.40144896507263184 1478
0.40144896507263184 1478
0.40247511863708496 1009
0.42038798332214355 52
0.42116808891296387 1478
0.42116808891296387 1478
0.42246103286743164 1478
0.42246103286743164 1178
0.42246103286743164 1478
0.42246103286743164 1478
0.423145055770874 1478
0.423145055770874 1478
0.42446017265319824 1478
0.42446017265319824 1478
0.42446017265319824 1478
0.42446017265319824 1478
0.42446017265319824 1478
0.42515015602111816 1478
0.42515015602111816 1478
0.4278130531311035 1478
0.4278130531311035 540
0.43544816970825195 52
0.43613600730895996 1478
0.4364950656890869 1478
0.43700098991394043 1478
0.4374980926513672 1478
0.43787717819213867 1478
0.43787717819213867 1478
0.4384920597076416 1478
0.4389951229095459 1478
0.4389951229095459 1478
0.43944406509399414 1278
0.4806630611419678 1478
0.4810781478881836 1478
0.4810781478881836 1478
0.4820060729980469 1478
0.4820060729980469 1478
0.48270606994628906 1478
0.48270606994628906 1478
0.4830820560455322 1478
0.4830820560455322 221
0.4982631206512451 52
0.4990870952606201 1478
0.4995591640472412 1478
0.4995591640472412 1109
0.5534961223602295 1478
0.5539100170135498 1478
0.5546340942382812 1478
0.5546340942382812 1478
0.5551590919494629 1478
0.5555109977722168 1478
0.5555109977722168 1478
0.5560681819915771 1478
0.5564591884613037 1478
0.5576560497283936 1478
0.5582242012023926 1478
0.5582242012023926 1478
0.5586230754852295 1478
0.5586230754852295 221
0.5677840709686279 1478
0.5681290626525879 1478
0.5685350894927979 1478
0.5685350894927979 1109
0.6049380302429199 52
0.6049380302429199 1478
0.6049380302429199 1478
0.6059370040893555 1478
0.6059370040893555 1478
0.6069440841674805 1478
0.6069440841674805 1478
0.6069440841674805 1478
0.6069440841674805 1378
0.6079092025756836 1478
0.6079092025756836 1478
0.608903169631958 1109
0.6340789794921875 100
0.634829044342041 1478
0.6352181434631348 1478
0.6361310482025146 1478
0.6361310482025146 1478
0.636937141418457 1478
0.6372771263122559 1478
0.6372771263122559 1478
0.6377480030059814 1478
0.6382040977478027 1478
0.6387481689453125 1478
0.6387481689453125 1478
0.6392061710357666 1478
0.6392061710357666 1478
0.6397500038146973 1478
0.6397500038146973 1478
0.6402041912078857 1478
0.6406559944152832 1478
0.6410841941833496 1478
0.6410841941833496 1478
0.6417369842529297 1478
0.6421921253204346 1478
0.6426479816436768 1478
0.6426479816436768 1478
0.6430411338806152 1478
0.6435821056365967 1478
0.6435821056365967 1478
0.6440081596374512 1478
0.6600751876831055 1478
0.6600751876831055 1478
0.6605072021484375 1478
0.6611809730529785 1478
0.6611809730529785 1478
0.6615371704101562 1478
0.6618890762329102 1478
0.6618890762329102 1478
0.6624081134796143 1478
0.6630830764770508 1478
0.6630830764770508 1478
0.66385817527771 1478
0.664262056350708 1478
0.6649460792541504 1478
0.6649460792541504 1478
0.6650800704956055 1478
0.6661911010742188 1478
0.6661911010742188 1478
0.6661911010742188 1478
0.6661911010742188 1478
0.6672179698944092 1478
0.6682040691375732 1478
0.6682040691375732 1478
0.6682040691375732 1478
0.6682040691375732 1478
0.6700460910797119 1478
0.6700460910797119 1347
0.6700460910797119 1109
0.6925771236419678 1478
0.6931130886077881 1478
0.6938741207122803 1478
0.6945040225982666 1478
0.6945040225982666 1478
0.6951391696929932 1478
0.6951391696929932 1478
0.6959190368652344 1478
0.6959190368652344 221
0.7346241474151611 52
0.7358620166778564 1478
0.7771480083465576 1478
0.7780361175537109 1478
0.7780361175537109 1478
0.7785689830780029 1478
0.7785689830780029 1247
0.8026959896087646 52
0.803117036819458 1478
0.803117036819458 1478
0.8039660453796387 1478
0.8039660453796387 1478
0.804678201675415 1478
0.8051581382751465 1478
0.8051581382751465 1478
0.8056061267852783 1478
0.8056061267852783 1478
0.8056061267852783 1109
0.8426580429077148 1478
0.8426580429077148 1478
0.8426580429077148 1478
0.843095064163208 1478
0.843576192855835 1478
0.843576192855835 321
0.8767340183258057 1478
0.8770551681518555 1478
0.9108071327209473 1478
0.9111380577087402 1478
0.9114861488342285 1478
0.9114861488342285 1478
0.9118320941925049 1478
0.9121789932250977 1478
0.9121789932250977 1478
0.9125580787658691 1378
0.9665629863739014 124
0.9670159816741943 1478
0.9681460857391357 1478
0.9681460857391357 1478
0.9681460857391357 1478
0.9690420627593994 1478
0.9690420627593994 1478
0.9690420627593994 1478
0.9699890613555908 1478
0.9699890613555908 1478
0.9699890613555908 1478
0.9699890613555908 1478
0.9715530872344971 1478
0.9715530872344971 1478
0.9720079898834229 1478
0.9727280139923096 1478
0.9727280139923096 1478
0.9729909896850586 1478
0.9729909896850586 1478
0.9737370014190674 1478
0.9737370014190674 1478
0.9745230674743652 1478
0.9750440120697021 1478
0.9750440120697021 1478
0.9753460884094238 1478
0.9753460884094238 1478
0.9756700992584229 1478
0.9760661125183105 1478
0.9760661125183105 1478
0.9764590263366699 1478
0.9768459796905518 1478
0.9775500297546387 1478
0.9776360988616943 1478
0.9776360988616943 1478
0.9780120849609375 1478
0.9780120849609375 1478
0.9786841869354248 1478
0.9786841869354248 1478
0.9799590110778809 1478
1.0006861686706543 1478
1.0006861686706543 1478
1.001082181930542 1478
1.0014991760253906 1478
1.0019080638885498 1478
1.0019080638885498 1478
1.0023810863494873 1478
1.00291109085083 1478
1.0035810470581055 1478
1.0041580200195312 1478
1.0041580200195312 1478
1.0046629905700684 1478
1.0046629905700684 1478
1.0050461292266846 1478
1.0050461292266846 1478
1.0055580139160156 1478
1.0055580139160156 1478
1.0060911178588867 1478
1.0069530010223389 1478
1.0069530010223389 1478
1.0069530010223389 1478
1.0077061653137207 1478
1.0077061653137207 1478
1.0080161094665527 1347
1.03118896484375 52
1.0319421291351318 1478
1.0319421291351318 1478
1.0328080654144287 1478
1.0328080654144287 1478
1.0332481861114502 1478
1.0332481861114502 1478
1.0338389873504639 1478
1.0338389873504639 1478
1.034175157546997 1478
1.0350639820098877 1478
1.0354421138763428 1478
1.035783052444458 1478
1.035783052444458 1478
1.0366630554199219 1478
1.0366630554199219 1178
1.0919489860534668 1478
1.0921831130981445 1478
1.0921831130981445 1478
1.093116044998169 1478
1.093116044998169 1478
1.0937461853027344 1478
1.0937461853027344 1478
1.0941259860992432 678
1.0941259860992432 1109
1.1234509944915771 1478
1.1234509944915771 1478
1.1234509944915771 1478
1.124453067779541 1478
1.124453067779541 1478
1.1251590251922607 678
1.1251590251922607 1478
1.1251590251922607 1478
1.125744104385376 1478
1.1258561611175537 1478
1.126465082168579 1478
1.1535279750823975 52
1.1539061069488525 1478
1.154283046722412 1478
1.1547930240631104 1478
1.1547930240631104 1478
1.1551730632781982 1478
1.1551730632781982 1478
1.1556620597839355 1478
1.1560280323028564 1478
1.156421184539795 1378
1.178835153579712 1133
1.1841909885406494 52
1.1850900650024414 1478
1.1854770183563232 1478
1.1854770183563232 1478
1.186141014099121 1478
1.187849998474121 1378
1.2164549827575684 1478
1.2168669700622559 1478
1.2168669700622559 1478
1.2168669700622559 1478
1.217637062072754 1478
1.217637062072754 1478
1.2180941104888916 1478
1.2184700965881348 1478
1.2184700965881348 1478
1.219048023223877 1478
1.219048023223877 1478
1.2195961475372314 1478
1.2195961475372314 1278
1.2591240406036377 1478
1.2594621181488037 1478
1.2598721981048584 1478
1.2598721981048584 1478
1.260254144668579 321
1.3002560138702393 76
1.3007299900054932 1478
1.301110029220581 1478
1.3016371726989746 1478
1.3016371726989746 1478
1.3021471500396729 1478
1.3021471500396729 1478
1.3024811744689941 1478
1.303049087524414 1478
1.303049087524414 1478
1.3037891387939453 1478
1.3037891387939453 1478
1.3041801452636719 1478
1.3044860363006592 1478
1.3050529956817627 1478
1.3066070079803467 1478
1.3066070079803467 1478
1.3066070079803467 1478
1.3066070079803467 1478
1.3071420192718506 1478
1.3073711395263672 1478
1.3079521656036377 1478
1.3221080303192139 1478
1.3286001682281494 52
1.3409919738769531 1478
1.3567969799041748 1478
1.3840911388397217 1478
1.388625144958496 1478
1.388625144958496 1478
1.388841152191162 1478
1.3890421390533447 1247
1.3898310661315918 1478
1.395815134048462 1478
1.395815134048462 1478
1.395815134048462 1478
1.395815134048462 1478
1.4950840473175049 1478
1.495453119277954 1478
1.496006965637207 1478
1.496006965637207 1478
1.4963970184326172 1478
1.4968461990356445 1478
1.4968461990356445 1478
1.4972009658813477 1478
1.4976410865783691 1478
1.498075008392334 1478
1.499140977859497 1478
1.4996089935302734 1478
1.5000760555267334 1478
1.5000760555267334 1478
1.5007271766662598 1478
1.5007271766662598 1478
1.5007271766662598 1478
1.501164197921753 1478
1.5015320777893066 1478
1.5021331310272217 1478
1.5026249885559082 1478
1.5026249885559082 1478
1.504647970199585 52
1.521078109741211 1478
1.522010087966919 1478
1.5279760360717773 1478
1.528203010559082 1478
1.528536081314087 1478
1.5290889739990234 1247
1.543544054031372 321
1.6220850944519043 1478
1.6379690170288086 1478
1.6390330791473389 1478
1.6390330791473389 1478
1.639613151550293 1478
1.6467061042785645 1109
1.6470880508422852 1478
1.6481170654296875 1478
1.6484930515289307 1478
1.6484930515289307 1009
1.6491591930389404 1478
1.6499361991882324 1378
1.66743803024292 1478
1.6675260066986084 1478
1.6678011417388916 1478
1.6678011417388916 1478
1.6681451797485352 1478
1.6685919761657715 1478
1.6685919761657715 1478
1.6690340042114258 1478
1.6694920063018799 1478
1.6699740886688232 1478
1.6699740886688232 1478
1.6704351902008057 1478
1.6704351902008057 1478
1.6708331108093262 1478
1.6708331108093262 1478
1.6712939739227295 1478
1.6718649864196777 1478
1.6718649864196777 1478
1.6722381114959717 1478
1.6726841926574707 1478
1.6726841926574707 1478
1.673166036605835 1478
1.673166036605835 1478
1.6736299991607666 1478
1.6741621494293213 1478
1.6741621494293213 1478
1.6747221946716309 1478
1.6747221946716309 1478
1.6751790046691895 1478
1.6751790046691895 1478
1.6751790046691895 1247
1.6830151081085205 1478
1.6830151081085205 1478
1.6830151081085205 1478
1.6836521625518799 1478
1.6838631629943848 1478
1.6838631629943848 1478
1.6844940185546875 1478
1.6850740909576416 1478
1.685638189315796 1478
1.68644118309021 1109
1.68644118309021 1478
1.68644118309021 1009
1.686946153640747 1478
1.6873371601104736 1478
1.6880581378936768 1478
1.6880581378936768 1478
1.6880581378936768 1478
1.688798189163208 1478
1.688798189163208 1478
1.688920021057129 1478
1.6894330978393555 1478
1.689751148223877 1378
1.7099452018737793 52
1.710994005203247 1478
1.711719036102295 1478
1.711719036102295 1478
1.7120890617370605 1109
1.7306571006774902 100
1.7318851947784424 1478
1.7318851947784424 1478
1.7326910495758057 1478
1.7337629795074463 1478
1.7337629795074463 1478
1.7337629795074463 1478
1.735023021697998 1478
1.735023021697998 1478
1.735023021697998 1478
1.735023021697998 1478
1.7360010147094727 1478
1.736868143081665 1478
1.736868143081665 1478
1.736868143081665 1478
1.7378270626068115 1478
1.7378270626068115 1478
1.7380650043487549 1478
1.7383852005004883 1478
1.7383852005004883 1478
1.7388420104980469 1478
1.7388420104980469 1478
1.7392120361328125 1478
1.739588975906372 1478
1.7401080131530762 1478
1.7406749725341797 1478
1.7410681247711182 1478
1.741481065750122 1478
1.741481065750122 1478
1.742645025253296 1478
1.742645025253296 1478
1.7430660724639893 1478
1.7430660724639893 1478
1.7434871196746826 1478
1.744070053100586 1478
1.7446441650390625 1478
1.7446441650390625 1478
1.7451059818267822 1478
1.7454969882965088 1478
1.7460761070251465 1478
1.7468199729919434 1478
1.7468199729919434 1478
1.747204065322876 1478
1.747204065322876 159
1.7624859809875488 1478
1.7628660202026367 1478
1.7632551193237305 371
1.797093152999878 1478
1.797093152999878 1478
1.7977471351623535 1478
1.7977471351623535 1478
1.7987689971923828 1478
1.7987689971923828 1478
1.7991571426391602 1478
1.7991571426391602 1478
1.8400750160217285 1478
1.8404481410980225 1478
1.8404481410980225 1478
1.8412261009216309 1478
1.841658115386963 1378
1.8719851970672607 1478
1.8719851970672607 1478
1.872305154800415 1478
1.8730640411376953 1478
1.8737380504608154 1478
1.8737380504608154 1478
1.8748230934143066 1478
1.8748230934143066 1478
1.9250659942626953 1109
1.954118013381958 52
1.9549190998077393 1478
1.9553802013397217 1478
1.9557461738586426 1478
1.9557461738586426 1478
1.9561209678649902 1478
1.9565811157226562 1478
1.9565811157226562 1478
1.9570491313934326 1478
1.957444190979004 1478
1.957444190979004 1478
1.9581241607666016 1478
1.9585580825805664 1478
1.9585580825805664 1478
1.9590201377868652 1478
1.9590201377868652 1478
1.959475040435791 1478
1.959475040435791 1478
1.960003137588501 1478
1.960003137588501 1478
1.9603590965270996 1478
1.96101713180542 1478
1.961402177810669 1478
1.961402177810669 1478
1.9617390632629395 1478
1.9623441696166992 1478
1.9623441696166992 1478
1.9631011486053467 1347
2.0052871704101562 1478
2.0056300163269043 1478
2.077903985977173 100
2.07857608795166 1478
2.07857608795166 1478
2.0790960788726807 1478
2.079531192779541 1478
2.079531192779541 1478
2.079864978790283 1478
2.0805749893188477 1478
2.0805749893188477 1478
2.081057071685791 1478
2.081057071685791 1478
2.081658124923706 1478
2.081658124923706 1478
2.0819880962371826 1478
2.082550048828125 1478
2.082550048828125 1478
2.083142042160034 1478
2.08365797996521 1478
2.08365797996521 1478
2.084123134613037 1478
2.084573984146118 1478
2.085008144378662 1478
2.085008144378662 1478
2.085381031036377 1478
2.085764169692993 1478
2.085764169692993 1478
2.086160182952881 1478
2.0865771770477295 1478
2.087066173553467 1478
2.087066173553467 1478
2.0879480838775635 1478
2.088879108428955 1478
2.088879108428955 1478
2.0890870094299316 1478
2.0890870094299316 1478
2.121096134185791 1478
2.121490001678467 1478
2.121490001678467 1478
