1049280
0.0 1093
0.00044989585876464844 1093
0.00044989585876464844 1093
0.00044989585876464844 1093
0.00044989585876464844 1093
0.00044989585876464844 1093
0.0010890960693359375 1093
0.0010890960693359375 1093
0.0010890960693359375 1093
0.0010890960693359375 1093
0.0010890960693359375 1093
0.0010890960693359375 1093
0.0012209415435791016 1093
0.0012209415435791016 1093
0.0015370845794677734 1093
0.0015370845794677734 1093
0.0019268989562988281 1093
0.0019268989562988281 1093
0.0019268989562988281 1093
0.0034499168395996094 1093
0.0034499168395996094 1093
0.0039119720458984375 1093
0.0042760372161865234 1093
0.0042760372161865234 1093
0.0042760372161865234 1093
0.004658937454223633 1093
0.004658937454223633 1093
0.004658937454223633 1093
0.004658937454223633 1093
0.005042076110839844 1093
0.005042076110839844 1093
0.005413055419921875 1093
0.006438016891479492 1093
0.006815910339355469 1093
0.006815910339355469 1093
0.00824594497680664 1093
0.00824594497680664 1093
0.00824594497680664 1093
0.008752107620239258 1093
0.008752107620239258 1093
0.008752107620239258 1093
0.008752107620239258 1093
0.009138107299804688 1093
0.009138107299804688 1093
0.009138107299804688 1093
0.009629011154174805 1093
0.009629011154174805 1093
0.010114908218383789 1093
0.01057291030883789 1093
0.011070966720581055 1093
0.011070966720581055 1093
0.035574913024902344 1093
0.03604698181152344 1093
0.03604698181152344 1093
0.036850929260253906 1093
0.036850929260253906 1093
0.036850929260253906 1093
0.036850929260253906 1093
0.036850929260253906 1093
0.036850929260253906 1093
0.036850929260253906 1093
0.036850929260253906 1093
0.036850929260253906 1093
0.03714489936828613 1093
0.03714489936828613 1093
0.03714489936828613 1093
0.03749394416809082 1093
0.03749394416809082 1093
0.03749394416809082 1093
0.03749394416809082 1093
0.03779006004333496 1093
0.03779006004333496 1093
0.03779006004333496 1093
0.0381929874420166 1093
0.0381929874420166 1093
0.0381929874420166 1093
0.0381929874420166 1093
0.038537025451660156 1093
0.038537025451660156 1093
0.038537025451660156 1093
0.038537025451660156 1093
0.03888702392578125 1093
0.03888702392578125 1093
0.03888702392578125 1093
0.03888702392578125 1093
0.03923487663269043 1093
0.03923487663269043 1093
0.03923487663269043 1093
0.03923487663269043 1093
0.0395810604095459 1093
0.0395810604095459 1093
0.0395810604095459 1093
0.0395810604095459 1093
0.03992795944213867 1093
0.03992795944213867 1093
0.03992795944213867 1093
0.03992795944213867 1093
0.04028606414794922 1093
0.04028606414794922 1093
0.04028606414794922 1093
0.04028606414794922 1093
0.0406489372253418 1093
0.0406489372253418 1093
0.0406489372253418 1093
0.04100298881530762 1093
0.04100298881530762 1093
0.04100298881530762 1093
0.04100298881530762 1093
0.04139399528503418 1093
0.04139399528503418 1093
0.04139399528503418 1093
0.04139399528503418 1093
0.04139399528503418 1093
0.04174089431762695 1093
0.04174089431762695 1093
0.04174089431762695 1093
0.04206705093383789 1093
0.04206705093383789 1093
0.04206705093383789 1093
0.04206705093383789 1093
0.0424189567565918 1093
0.0424189567565918 1093
0.0424189567565918 1093
0.0424189567565918 1093
0.04279899597167969 1093
0.04279899597167969 1093
0.04279899597167969 1093
0.04279899597167969 1093
0.043179988861083984 1093
0.043179988861083984 1093
0.043179988861083984 1093
0.043179988861083984 1093
0.04357004165649414 1093
0.04357004165649414 1093
0.04357004165649414 1093
0.04357004165649414 1093
0.04357004165649414 1093
0.04395604133605957 1093
0.04395604133605957 1093
0.04395604133605957 1093
0.04395604133605957 1093
0.04434490203857422 1093
0.04434490203857422 1093
0.04434490203857422 1093
0.04434490203857422 1093
0.04472994804382324 1093
0.04472994804382324 1093
0.04472994804382324 1093
0.04472994804382324 1093
0.045165061950683594 1093
0.04589390754699707 1093
0.04628109931945801 1093
0.04727888107299805 1093
0.04935598373413086 1093
0.04935598373413086 1093
0.04935598373413086 1093
0.04976201057434082 1093
0.05008888244628906 1093
0.05008888244628906 1093
0.05008888244628906 1093
0.05046796798706055 1093
0.05046796798706055 1093
0.05046796798706055 1093
0.05085396766662598 1093
0.05181097984313965 1093
0.052206993103027344 1093
0.05268406867980957 1093
0.05386996269226074 1093
0.05386996269226074 1093
0.07563090324401855 1093
0.07563090324401855 1093
0.0759589672088623 1093
0.07635307312011719 1093
0.07635307312011719 1093
0.07679605484008789 1093
0.07679605484008789 1093
0.07679605484008789 1093
0.07679605484008789 1093
0.07679605484008789 1093
0.09184789657592773 1093
0.09184789657592773 1093
0.09184789657592773 1093
0.09220600128173828 1093
0.09220600128173828 1093
0.09220600128173828 1093
0.09220600128173828 1093
0.0925750732421875 1093
0.0925750732421875 1093
0.0925750732421875 1093
0.0925750732421875 1093
0.0929570198059082 1093
0.0929570198059082 1093
0.0929570198059082 1093
0.0929570198059082 1093
0.09334206581115723 1093
0.09334206581115723 1093
0.09334206581115723 1093
0.09334206581115723 1093
0.09334206581115723 1093
0.09371209144592285 1093
0.09371209144592285 1093
0.09371209144592285 1093
0.09371209144592285 1093
0.0940859317779541 1093
0.0940859317779541 1093
0.0940859317779541 1093
0.0940859317779541 1093
0.09447288513183594 1093
0.09447288513183594 1093
0.09447288513183594 1093
0.09447288513183594 1093
0.09485387802124023 1093
0.09485387802124023 1093
0.09485387802124023 1093
0.09485387802124023 1093
0.09523987770080566 1093
0.09523987770080566 1093
0.09523987770080566 1093
0.09523987770080566 1093
0.09523987770080566 1093
0.09560894966125488 1093
0.09560894966125488 1093
0.09560894966125488 1093
0.09560894966125488 1093
0.09595394134521484 1093
0.09595394134521484 1093
0.09595394134521484 1093
0.09632110595703125 1093
0.09632110595703125 1093
0.09632110595703125 1093
0.09632110595703125 1093
0.09664797782897949 1093
0.09664797782897949 1093
0.09664797782897949 1093
0.09664797782897949 1093
0.09699296951293945 1093
0.09699296951293945 1093
0.09699296951293945 1093
0.09699296951293945 1093
0.09733009338378906 1093
0.09733009338378906 1093
0.09733009338378906 1093
0.09733009338378906 1093
0.09767699241638184 1093
0.09767699241638184 1093
0.09767699241638184 1093
0.09767699241638184 1093
0.09802794456481934 1093
0.09802794456481934 1093
0.09802794456481934 1093
0.09837889671325684 1093
0.09837889671325684 1093
0.09837889671325684 1093
0.09837889671325684 1093
0.09871697425842285 1093
0.09871697425842285 1093
0.09871697425842285 1093
0.09871697425842285 1093
0.10068798065185547 1093
0.10068798065185547 1093
0.10268807411193848 1093
0.10268807411193848 1093
0.10303592681884766 1093
0.10303592681884766 1093
0.10303592681884766 1093
0.10303592681884766 1093
0.1040349006652832 1093
0.1040349006652832 1093
0.10440301895141602 1093
0.10440301895141602 1093
0.1047670841217041 1093
0.10670304298400879 1093
0.10670304298400879 1093
0.10670304298400879 1093
0.10670304298400879 1093
0.10697603225708008 1093
0.10697603225708008 1093
0.11091804504394531 1093
0.11175704002380371 1093
0.11175704002380371 1093
0.11254596710205078 1093
0.11338305473327637 1093
0.11375594139099121 1093
0.11375594139099121 1093
0.11414289474487305 1093
0.11453509330749512 1093
0.11492204666137695 1093
0.13005399703979492 1093
0.13005399703979492 1093
0.13039708137512207 1093
0.13039708137512207 1093
0.13039708137512207 1093
0.1307680606842041 1093
0.1307680606842041 1093
0.13116908073425293 1093
0.13116908073425293 1093
0.13116908073425293 1093
0.13116908073425293 1093
0.13153505325317383 1093
0.13153505325317383 1093
0.13153505325317383 1093
0.13153505325317383 1093
0.13192105293273926 1093
0.13192105293273926 1093
0.13192105293273926 1093
0.13192105293273926 1093
0.13192105293273926 1093
0.1543259620666504 1093
0.1543259620666504 1093
0.15460801124572754 1093
0.15460801124572754 1093
0.15499401092529297 1093
0.15499401092529297 1093
0.1554560661315918 1093
0.1554560661315918 1093
0.1554560661315918 1093
0.1554560661315918 1093
0.1554560661315918 1093
0.15584492683410645 1093
0.15584492683410645 1093
0.15584492683410645 1093
0.15584492683410645 1093
0.1562480926513672 1093
0.1562480926513672 1093
0.1562480926513672 1093
0.1562480926513672 1093
0.15660905838012695 1093
0.15660905838012695 1093
0.15660905838012695 1093
0.15660905838012695 1093
0.15660905838012695 1093
0.15698504447937012 1093
0.15698504447937012 1093
0.15698504447937012 1093
0.15735507011413574 1093
0.15735507011413574 1093
0.15735507011413574 1093
0.15735507011413574 1093
0.15735507011413574 1093
0.1577138900756836 1093
0.1577138900756836 1093
0.1577138900756836 1093
0.1577138900756836 1093
0.1580948829650879 1093
0.1580948829650879 1093
0.1580948829650879 1093
0.1580948829650879 1093
0.15850210189819336 1093
0.15850210189819336 1093
0.15850210189819336 1093
0.15850210189819336 1093
0.15884089469909668 1093
0.15884089469909668 1093
0.15884089469909668 1093
0.15884089469909668 1093
0.15918898582458496 1093
0.15918898582458496 1093
0.15918898582458496 1093
0.15918898582458496 1093
0.16009998321533203 1093
0.16009998321533203 1093
0.16009998321533203 1093
0.16009998321533203 1093
0.16009998321533203 1093
0.16009998321533203 1093
0.16009998321533203 1093
0.16009998321533203 1093
0.16027092933654785 1093
0.16027092933654785 1093
0.16027092933654785 1093
0.16068291664123535 1093
0.16068291664123535 1093
0.16068291664123535 1093
0.16068291664123535 1093
0.16068291664123535 1093
0.16068291664123535 1093
0.1610560417175293 1093
0.1610560417175293 1093
0.1621379852294922 1093
0.1621379852294922 1093
0.1625990867614746 1093
0.1628870964050293 1093
0.1628870964050293 1093
0.16327691078186035 1093
0.16327691078186035 1093
0.16327691078186035 1093
0.16327691078186035 1093
0.16327691078186035 1093
0.16366791725158691 1093
0.16366791725158691 1093
0.16366791725158691 1093
0.16366791725158691 1093
0.16403794288635254 1093
0.16403794288635254 1093
0.16403794288635254 1093
0.16403794288635254 1093
0.16486692428588867 1093
0.16611194610595703 1093
0.16611194610595703 1093
0.16611194610595703 1093
0.16652488708496094 1093
0.16652488708496094 1093
0.16652488708496094 1093
0.16686701774597168 1093
0.16725993156433105 1093
0.1677100658416748 1093
0.16860103607177734 1093
0.16860103607177734 1093
0.16936206817626953 1093
0.16936206817626953 1093
0.17045092582702637 1093
0.1714470386505127 1093
0.17170095443725586 1093
0.17170095443725586 1093
0.17213201522827148 1093
0.17247700691223145 1093
0.17290902137756348 1093
0.17290902137756348 1093
0.1733250617980957 1093
0.1733250617980957 1093
0.17382192611694336 1093
0.17428302764892578 1093
0.17428302764892578 1093
0.17470598220825195 1093
0.18142390251159668 1093
0.1824169158935547 1093
0.1824169158935547 1093
0.18341994285583496 1093
0.18341994285583496 1093
0.18341994285583496 1093
0.18341994285583496 1093
0.18341994285583496 1093
0.18441200256347656 1093
0.18441200256347656 1093
0.18441200256347656 1093
0.20151209831237793 1093
0.20151209831237793 1093
0.20151209831237793 1093
0.20242905616760254 1093
0.20242905616760254 1093
0.20242905616760254 1093
0.20242905616760254 1093
0.20242905616760254 1093
0.20242905616760254 1093
0.20242905616760254 1093
0.20242905616760254 1093
0.20242905616760254 1093
0.20242905616760254 1093
0.20338797569274902 1093
0.20338797569274902 1093
0.20338797569274902 1093
0.20338797569274902 1093
0.20338797569274902 1093
0.20338797569274902 1093
0.20338797569274902 1093
0.20338797569274902 1093
0.20338797569274902 1093
0.20338797569274902 1093
0.20438003540039062 1093
0.20438003540039062 1093
0.20438003540039062 1093
0.20438003540039062 1093
0.20438003540039062 1093
0.20438003540039062 1093
0.20438003540039062 1093
0.20438003540039062 1093
0.20438003540039062 1093
0.20438003540039062 1093
0.2053821086883545 1093
0.2053821086883545 1093
0.2053821086883545 1093
0.2053821086883545 1093
0.2053821086883545 1093
0.2053821086883545 1093
0.2053821086883545 1093
0.2053821086883545 1093
0.2053821086883545 1093
0.2053821086883545 1093
0.20637297630310059 1093
0.20637297630310059 1093
0.20637297630310059 1093
0.20637297630310059 1093
0.20637297630310059 1093
0.20637297630310059 1093
0.20637297630310059 1093
0.20637297630310059 1093
0.20637297630310059 1093
0.20637297630310059 1093
0.20740509033203125 1093
0.20740509033203125 1093
0.20740509033203125 1093
0.20740509033203125 1093
0.20740509033203125 1093
0.20740509033203125 1093
0.20740509033203125 1093
0.20740509033203125 1093
0.20740509033203125 1093
0.20740509033203125 1093
0.20834994316101074 1093
0.20834994316101074 1093
0.20834994316101074 1093
0.2103428840637207 1093
0.2113490104675293 1093
0.2113490104675293 1093
0.2113490104675293 1093
0.2113490104675293 1093
0.2113490104675293 1093
0.2113490104675293 1093
0.21233797073364258 1093
0.21233797073364258 1093
0.21333694458007812 1093
0.21333694458007812 1093
0.21333694458007812 1093
0.21333694458007812 1093
0.21533608436584473 1093
0.21533608436584473 1093
0.21533608436584473 1093
0.21533608436584473 1093
0.21533608436584473 1093
0.21632695198059082 1093
0.21632695198059082 1093
0.21732401847839355 1093
0.21832609176635742 1093
0.21832609176635742 1093
0.21832609176635742 1093
0.21832609176635742 1093
0.21933197975158691 1093
0.21933197975158691 1093
0.21933197975158691 1093
0.21933197975158691 1093
0.2213139533996582 1093
0.22231101989746094 1093
0.2233119010925293 1093
0.2233119010925293 1093
0.2243061065673828 1093
0.2243061065673828 1093
0.2243061065673828 1093
0.23237109184265137 1093
0.23237109184265137 1093
0.23237109184265137 1093
0.23328304290771484 1093
0.23328304290771484 1093
0.23328304290771484 1093
0.23427796363830566 1093
0.2352769374847412 1093
0.2352769374847412 1093
0.2352769374847412 1093
0.23627591133117676 1093
0.23627591133117676 1093
0.23627591133117676 1093
0.23627591133117676 1093
0.23627591133117676 1093
0.23627591133117676 1093
0.23726987838745117 1093
0.23726987838745117 1093
0.2382678985595703 1093
0.2382678985595703 1093
0.2382678985595703 1093
0.23926711082458496 1093
0.23926711082458496 1093
0.23926711082458496 1093
0.23926711082458496 1093
0.24126911163330078 1093
0.2533609867095947 1093
0.2533609867095947 1093
0.25372910499572754 1093
0.25411391258239746 1093
0.2550048828125 1093
0.2550048828125 1093
0.2550048828125 1093
0.2550048828125 1093
0.2550048828125 1093
0.2550048828125 1093
0.2550048828125 1093
0.2550048828125 1093
0.2552309036254883 1093
0.2552309036254883 1093
0.2552309036254883 1093
0.2552309036254883 1093
0.2552309036254883 1093
0.25552988052368164 1093
0.25552988052368164 1093
0.25552988052368164 1093
0.2558910846710205 1093
0.2558910846710205 1093
0.2558910846710205 1093
0.2558910846710205 1093
0.2564048767089844 1093
0.2564048767089844 1093
0.2564048767089844 1093
0.2564048767089844 1093
0.2564048767089844 1093
0.2564048767089844 1093
0.2569599151611328 1093
0.2569599151611328 1093
0.2569599151611328 1093
0.2569599151611328 1093
0.2569599151611328 1093
0.2569599151611328 1093
0.2573070526123047 1093
0.2573070526123047 1093
0.2573070526123047 1093
0.25763797760009766 1093
0.25763797760009766 1093
0.25763797760009766 1093
0.25763797760009766 1093
0.2580430507659912 1093
0.2580430507659912 1093
0.2580430507659912 1093
0.2580430507659912 1093
0.2580430507659912 1093
0.2584209442138672 1093
0.2584209442138672 1093
0.2584209442138672 1093
0.2584209442138672 1093
0.25871992111206055 1093
0.25871992111206055 1093
0.25871992111206055 1093
0.2591590881347656 1093
0.2591590881347656 1093
0.2591590881347656 1093
0.2591590881347656 1093
0.2591590881347656 1093
0.2594470977783203 1093
0.2594470977783203 1093
0.2594470977783203 1093
0.2597930431365967 1093
0.2597930431365967 1093
0.2597930431365967 1093
0.26106810569763184 1093
0.26177191734313965 1093
0.2621269226074219 1093
0.2624790668487549 1093
0.2645759582519531 1093
0.2645759582519531 1093
0.26477789878845215 1093
0.26505398750305176 1093
0.26540398597717285 1093
0.2669498920440674 1093
0.2669498920440674 1093
0.26735711097717285 1093
0.27187395095825195 1093
0.27187395095825195 1093
0.27230405807495117 1093
0.27230405807495117 1093
0.27230405807495117 1093
0.273205041885376 1093
0.2735910415649414 1093
0.2757101058959961 1093
0.27579593658447266 1093
0.2761540412902832 1093
0.27651190757751465 1093
0.27734804153442383 1093
0.2777390480041504 1093
0.27851295471191406 1093
0.2789039611816406 1093
0.2789039611816406 1093
0.2789039611816406 1093
0.27982401847839355 1093
0.27982401847839355 1093
0.28058910369873047 1093
0.28138303756713867 1093
0.28182506561279297 1093
0.28182506561279297 1093
0.2822599411010742 1093
0.29714488983154297 1093
0.29714488983154297 1093
0.29750490188598633 1093
0.29899001121520996 1093
0.29899001121520996 1093
0.2994570732116699 1093
0.2994570732116699 1093
0.2999439239501953 1093
0.2999439239501953 1093
0.3004119396209717 1093
0.3004119396209717 1093
0.3008749485015869 1093
0.30229806900024414 1093
0.30229806900024414 1093
0.30263209342956543 1093
0.30263209342956543 1093
0.30337095260620117 1093
0.3037550449371338 1093
0.3041720390319824 1093
0.3041720390319824 1093
0.3053779602050781 1093
0.3053779602050781 1093
0.3053779602050781 1093
0.30586791038513184 1093
0.3070240020751953 1093
0.3074910640716553 1093
0.3228170871734619 1093
0.3228170871734619 1093
0.3231160640716553 1093
0.323498010635376 1093
0.323498010635376 1093
0.323498010635376 1093
0.323498010635376 1093
0.323498010635376 1093
0.32387399673461914 1093
0.32387399673461914 1093
0.32387399673461914 1093
0.32387399673461914 1093
0.32420897483825684 1093
0.32420897483825684 1093
0.32420897483825684 1093
0.32420897483825684 1093
0.3245229721069336 1093
0.3245229721069336 1093
0.3245229721069336 1093
0.3248889446258545 1093
0.3248889446258545 1093
0.3248889446258545 1093
0.3248889446258545 1093
0.32526397705078125 1093
0.32526397705078125 1093
0.32526397705078125 1093
0.32526397705078125 1093
0.325653076171875 1093
0.325653076171875 1093
0.325653076171875 1093
0.325653076171875 1093
0.325653076171875 1093
0.3260350227355957 1093
0.3260350227355957 1093
0.3260350227355957 1093
0.3260350227355957 1093
0.32640695571899414 1093
0.32640695571899414 1093
0.32640695571899414 1093
0.32640695571899414 1093
0.3268609046936035 1093
0.3268609046936035 1093
0.3268609046936035 1093
0.3268609046936035 1093
0.3268609046936035 1093
0.32715606689453125 1093
0.32715606689453125 1093
0.32715606689453125 1093
0.3275270462036133 1093
0.3275270462036133 1093
0.3275270462036133 1093
0.3275270462036133 1093
0.32790589332580566 1093
0.32790589332580566 1093
0.32790589332580566 1093
0.32790589332580566 1093
0.32790589332580566 1093
0.3282909393310547 1093
0.3282909393310547 1093
0.33073902130126953 1093
0.33073902130126953 1093
0.33151698112487793 1093
0.33185911178588867 1093
0.3327200412750244 1093
0.33345794677734375 1093
0.3338470458984375 1093
0.3338470458984375 1093
0.33483195304870605 1093
0.33483195304870605 1093
0.33483195304870605 1093
0.33521604537963867 1093
0.33521604537963867 1093
0.3356029987335205 1093
0.33638501167297363 1093
0.33677005767822266 1093
0.3371579647064209 1093
0.34107303619384766 1093
0.3437809944152832 1093
0.3443739414215088 1093
0.3451509475708008 1093
0.3457911014556885 1093
0.3457911014556885 1093
0.34613800048828125 1093
0.34613800048828125 1093
0.3465089797973633 1093
0.3465089797973633 1093
0.346890926361084 1093
0.34786391258239746 1093
0.34824395179748535 1093
0.34824395179748535 1093
0.34824395179748535 1093
0.3486170768737793 1093
0.3486170768737793 1093
0.356334924697876 1093
0.3612699508666992 1093
0.3612699508666992 1093
0.362091064453125 1093
0.36260199546813965 1093
0.363008975982666 1093
0.363008975982666 1093
0.363008975982666 1093
0.3631260395050049 1093
0.363523006439209 1093
0.36390209197998047 1093
0.36508703231811523 1093
0.36508703231811523 1093
0.36508703231811523 1093
0.3654959201812744 1093
0.3654959201812744 1093
0.36574292182922363 1093
0.36770105361938477 1093
0.3722848892211914 1093
0.3722848892211914 1093
0.3722848892211914 1093
0.3722848892211914 1093
0.3722848892211914 1093
0.37398600578308105 1093
0.37398600578308105 1093
0.3751029968261719 1093
0.37668800354003906 1093
0.37668800354003906 1093
0.37668800354003906 1093
0.37700891494750977 1093
0.3779940605163574 1093
0.3779940605163574 1093
0.3779940605163574 1093
0.37885093688964844 1093
0.37885093688964844 1093
0.4066190719604492 1093
0.4066190719604492 1093
0.40682291984558105 1093
0.40682291984558105 1093
0.40682291984558105 1093
0.40707993507385254 1093
0.40707993507385254 1093
0.40761899948120117 1093
0.40761899948120117 1093
0.40761899948120117 1093
0.40761899948120117 1093
0.40761899948120117 1093
0.40761899948120117 1093
0.40789294242858887 1093
0.40789294242858887 1093
0.40789294242858887 1093
0.4150550365447998 1093
0.4150550365447998 1093
0.41542792320251465 1093
0.41542792320251465 1093
0.41579198837280273 1093
0.41579198837280273 1093
0.41579198837280273 1093
0.41579198837280273 1093
0.41613197326660156 1093
0.41613197326660156 1093
0.41613197326660156 1093
0.41613197326660156 1093
0.41650891304016113 1093
0.41650891304016113 1093
0.41650891304016113 1093
0.41650891304016113 1093
0.41688990592956543 1093
0.41688990592956543 1093
0.41688990592956543 1093
0.41688990592956543 1093
0.41727209091186523 1093
0.41727209091186523 1093
0.41727209091186523 1093
0.41727209091186523 1093
0.41727209091186523 1093
0.41764307022094727 1093
0.41764307022094727 1093
0.41764307022094727 1093
0.41764307022094727 1093
0.41802501678466797 1093
0.41802501678466797 1093
0.41802501678466797 1093
0.41802501678466797 1093
0.41840505599975586 1093
0.41840505599975586 1093
0.41840505599975586 1093
0.41840505599975586 1093
0.4191908836364746 1093
0.4191908836364746 1093
0.4191908836364746 1093
0.4213099479675293 1093
0.421658992767334 1093
0.421658992767334 1093
0.421658992767334 1093
0.4220390319824219 1093
0.4232170581817627 1093
0.4232170581817627 1093
0.42359304428100586 1093
0.4239809513092041 1093
0.42446303367614746 1093
0.4249401092529297 1093
0.4249401092529297 1093
0.4249401092529297 1093
0.42534804344177246 1093
0.42534804344177246 1093
0.42579007148742676 1093
0.42579007148742676 1093
0.42579007148742676 1093
0.4265289306640625 1093
0.42699599266052246 1093
0.42699599266052246 1093
0.42745304107666016 1093
0.42791199684143066 1093
0.42791199684143066 1093
0.42791199684143066 1093
0.42893409729003906 1093
0.42893409729003906 1093
0.4296538829803467 1093
0.4296538829803467 1093
0.43002796173095703 1093
0.43002796173095703 1093
0.43002796173095703 1093
0.4309558868408203 1093
0.4309558868408203 1093
0.4309558868408203 1093
0.4309558868408203 1093
0.4309558868408203 1093
0.43138694763183594 1093
0.43138694763183594 1093
0.4322218894958496 1093
0.4331400394439697 1093
0.4331400394439697 1093
0.4334878921508789 1093
0.4334878921508789 1093
0.4334878921508789 1093
0.43382906913757324 1093
0.43417787551879883 1093
0.4345560073852539 1093
0.4345560073852539 1093
0.43932509422302246 1093
0.4396629333496094 1093
0.4400019645690918 1093
0.4400019645690918 1093
0.4400019645690918 1093
0.4400019645690918 1093
0.4403560161590576 1093
0.4403560161590576 1093
0.4403560161590576 1093
0.4403560161590576 1093
0.4407010078430176 1093
0.4407010078430176 1093
0.4414100646972656 1093
0.4417550563812256 1093
0.4421079158782959 1093
0.4424569606781006 1093
0.4428119659423828 1093
0.4431619644165039 1093
0.4435091018676758 1093
0.4438669681549072 1093
0.44466590881347656 1093
0.44466590881347656 1093
0.44501805305480957 1093
0.44536709785461426 1093
0.44571709632873535 1093
0.4464240074157715 1093
0.4468560218811035 1093
0.44713306427001953 1093
0.45198702812194824 1093
0.45198702812194824 1093
0.45297908782958984 1093
0.45297908782958984 1093
0.45297908782958984 1093
0.45297908782958984 1093
0.4539670944213867 1093
0.4539670944213867 1093
