1048620
0.0 1500
0.00043487548828125 1500
0.0014128684997558594 1500
0.003576993942260742 1500
0.004287004470825195 1500
0.0064029693603515625 1500
0.0074160099029541016 1500
0.009338855743408203 1500
0.010267972946166992 1500
0.011270999908447266 1500
0.014325857162475586 1500
0.014436006546020508 1500
0.016678810119628906 1500
0.01737499237060547 1500
0.019450902938842773 1500
0.020856857299804688 1500
0.022619962692260742 1500
0.023283004760742188 1500
0.02476191520690918 1500
0.026713848114013672 1500
0.02753901481628418 1500
0.030914783477783203 1500
0.031000852584838867 1500
0.03242897987365723 1500
0.03334379196166992 1500
0.03548288345336914 1500
0.03626894950866699 1500
0.03743386268615723 1500
0.03937792778015137 1500
0.041667938232421875 1356
0.04231882095336914 1500
0.04330778121948242 1500
0.04533100128173828 1500
0.046681880950927734 1500
0.047804832458496094 1500
0.04950594902038574 1500
0.05053877830505371 1500
0.05415201187133789 1500
0.05415201187133789 184
0.05415201187133789 1500
0.05538678169250488 1500
0.05635690689086914 1500
0.058792829513549805 1500
0.059456825256347656 1500
0.06169891357421875 1500
0.06244397163391113 1500
0.06449079513549805 1500
0.06537079811096191 1500
0.06686687469482422 1500
0.06862592697143555 1500
0.06944394111633301 1500
0.07140278816223145 1500
0.07239580154418945 1500
0.07473087310791016 1500
0.07663488388061523 1500
0.0773468017578125 1500
0.07852888107299805 1500
0.07930684089660645 1500
0.08148980140686035 1500
0.08258795738220215 1500
0.08470582962036133 1500
0.08545684814453125 1500
0.08778786659240723 1500
0.08833599090576172 1500
0.0903618335723877 1500
0.09157896041870117 1500
0.09255385398864746 1500
0.09563589096069336 1500
0.09563589096069336 1500
0.09760594367980957 1500
0.09861898422241211 1500
0.10096001625061035 1500
0.10164594650268555 1500
0.10380697250366211 1500
0.10430383682250977 1500
0.10572290420532227 1500
0.10748100280761719 1500
0.10829591751098633 1500
0.11065292358398438 1500
0.11136698722839355 1500
0.11366391181945801 1500
0.11432600021362305 1500
0.11645078659057617 1500
0.11760377883911133 1500
0.11858677864074707 1500
0.12054085731506348 1500
0.12132382392883301 1356
0.12368988990783691 1500
0.1258089542388916 1500
0.1258089542388916 1500
0.12742900848388672 1500
0.12862801551818848 1500
0.1302318572998047 1500
0.1318190097808838 1500
0.13332796096801758 1500
0.13444781303405762 1500
0.13645100593566895 1500
0.1374509334564209 1500
0.13833093643188477 1500
0.1405339241027832 1500
0.1415719985961914 1500
0.14330387115478516 1500
0.1443159580230713 1500
0.14672589302062988 1500
0.14756298065185547 1500
0.14958596229553223 1500
0.15052294731140137 1500
0.15140986442565918 1500
0.1535968780517578 1500
0.15439081192016602 1500
0.15625286102294922 1500
0.15741586685180664 1500
0.15937399864196777 1500
0.16060900688171387 1500
0.16401290893554688 1500
0.16408896446228027 1500
0.1647047996520996 1500
0.16697478294372559 1500
0.1673579216003418 1500
0.17048192024230957 1500
0.17048192024230957 1500
0.17279696464538574 1500
0.1733379364013672 1500
0.1756598949432373 1500
0.17623686790466309 1500
0.1787109375 1500
0.17941594123840332 1500
0.18025684356689453 184
0.18156695365905762 1500
0.18266582489013672 1500
0.18438386917114258 1500
0.1854109764099121 1500
0.18659281730651855 1500
0.18850994110107422 1500
0.18964195251464844 1500
0.19167685508728027 1500
0.1927039623260498 1500
0.19471478462219238 1500
0.19540095329284668 1500
0.19838190078735352 1500
0.1986708641052246 1500
0.19968485832214355 1500
0.2013537883758545 1500
0.20244288444519043 1500
0.2047429084777832 1500
0.20540189743041992 1500
0.20763492584228516 1500
0.20872282981872559 1500
0.21047496795654297 1500
0.21152091026306152 1500
0.212432861328125 1500
0.2143878936767578 1500
0.21532893180847168 1500
0.21747279167175293 1500
0.21956300735473633 1500
0.22095584869384766 1500
0.22149991989135742 1500
0.22399497032165527 1500
0.22460198402404785 1500
0.2258129119873047 1500
0.2277820110321045 1500
0.22837495803833008 1500
0.23082590103149414 1500
0.23168683052062988 1500
0.23368382453918457 1500
0.23440980911254883 1500
0.23637080192565918 1500
0.23733091354370117 1500
0.23868799209594727 1500
0.24055194854736328 1500
0.24253082275390625 1500
0.2433338165283203 1500
0.2443408966064453 1500
0.24645280838012695 1500
0.24743890762329102 1500
0.25086092948913574 1500
0.25086092948913574 1500
0.25151801109313965 1500
0.2536289691925049 1500
0.25426387786865234 1500
0.2567908763885498 1500
0.25723886489868164 1500
0.2606658935546875 1500
0.2606658935546875 1500
0.2624058723449707 1500
0.26359081268310547 1500
0.2644078731536865 1500
0.26677489280700684 1500
0.26743388175964355 1500
0.2697768211364746 1500
0.2710399627685547 1500
0.27286195755004883 1500
0.2732667922973633 1500
0.2759218215942383 1500
0.2764408588409424 1500
0.2774639129638672 1500
0.2792799472808838 1500
0.2810518741607666 1500
0.28272581100463867 1500
0.2834508419036865 1500
0.28566479682922363 1500
0.2864949703216553 1500
0.28874778747558594 1500
0.2894408702850342 1500
0.29033493995666504 1500
0.29276394844055176 1500
0.2932260036468506 1500
0.2956387996673584 1500
0.2962758541107178 1500
0.2989058494567871 1500
0.29922986030578613 1500
0.30297183990478516 1500
0.30297183990478516 1500
0.30326199531555176 1500
0.30577683448791504 1500
0.30632996559143066 1500
0.30878186225891113 1500
0.3094789981842041 1500
0.3128049373626709 1500
0.3128819465637207 1500
0.3145418167114258 1500
0.3155357837677002 1500
0.3166379928588867 1500
0.31858301162719727 1500
0.31954479217529297 1500
0.3214437961578369 1500
0.32367897033691406 1500
0.32472991943359375 1500
0.32529497146606445 1500
0.3277108669281006 1500
0.3284947872161865 1500
0.32939600944519043 1500
0.33138298988342285 1500
0.3337388038635254 1500
0.33475685119628906 1500
0.3354837894439697 1500
0.33753085136413574 1500
0.33877992630004883 1500
0.3404858112335205 1500
0.34166693687438965 1500
0.34340786933898926 1500
0.3443179130554199 1500
0.3456428050994873 1500
0.34748196601867676 1500
0.34859681129455566 1500
0.3506948947906494 1500
0.3512279987335205 1500
0.35373997688293457 1500
0.35527801513671875 1500
0.35660600662231445 1500
0.3583259582519531 1500
0.35976099967956543 1500
0.36131787300109863 1500
0.3626139163970947 1500
0.3635129928588867 1500
0.36533188819885254 1500
0.3666088581085205 1500
0.36869096755981445 1500
0.36923885345458984 1500
0.3716549873352051 1500
0.37222790718078613 1500
0.375377893447876 1500
0.375532865524292 1500
0.3770267963409424 1500
0.37863683700561523 1500
0.37936997413635254 1500
0.38127589225769043 1500
0.38251185417175293 1500
0.38521480560302734 1500
0.3854498863220215 1500
0.3889119625091553 1500
0.38895392417907715 1500
0.39066195487976074 1500
0.391589879989624 1500
0.39263486862182617 1500
0.39454078674316406 1500
0.3952798843383789 1500
0.39746999740600586 1500
0.398392915725708 1500
0.4003779888153076 1500
0.40164899826049805 1500
0.4037668704986572 1500
0.404296875 1500
0.40562891960144043 1500
0.40744590759277344 1500
0.40851688385009766 1500
0.4103708267211914 1500
0.4114530086517334 1500
0.41367292404174805 1500
0.4142029285430908 1500
0.41639184951782227 1500
0.41728687286376953 1500
0.41948699951171875 1500
0.4207038879394531 1500
0.42238879203796387 1500
0.423724889755249 1500
0.4244558811187744 1500
0.4264039993286133 1500
0.4275939464569092 1500
0.42945194244384766 1500
0.4305589199066162 1500
0.43347597122192383 1500
0.43347597122192383 1500
0.4358348846435547 1500
0.43637990951538086 1500
0.43737101554870605 1500
0.43953490257263184 1500
0.44049882888793945 1500
0.4424428939819336 1500
0.44335079193115234 1500
0.44565701484680176 1500
0.44640088081359863 1500
0.4487168788909912 1500
0.4494597911834717 1500
0.4503178596496582 1500
0.45234179496765137 1500
0.45328187942504883 1500
0.45636487007141113 1500
0.45654797554016113 1500
0.45876479148864746 1500
0.45930981636047363 1500
0.46157288551330566 1500
0.46251988410949707 1500
0.4633469581604004 1500
0.46530795097351074 1500
0.46639299392700195 1500
0.46823596954345703 1500
0.4697999954223633 1500
0.4712989330291748 1500
0.4727458953857422 1500
0.47429490089416504 1500
0.47553300857543945 1500
0.4765019416809082 1500
0.4784657955169678 1500
0.4806039333343506 1500
0.4816927909851074 1500
0.482867956161499 1500
0.4853239059448242 1500
0.4853999614715576 1500
0.4873678684234619 1500
0.4883279800415039 1500
0.49074292182922363 1500
0.4922788143157959 1500
0.4922788143157959 1500
0.4947788715362549 1500
0.49559593200683594 1500
0.49751996994018555 1500
0.49868083000183105 1500
0.5004799365997314 1500
0.5013458728790283 1500
0.5048089027404785 1500
0.5048089027404785 1500
0.5058348178863525 1500
0.5075628757476807 1500
0.508389949798584 1500
0.5107989311218262 1500
0.511326789855957 1500
0.5137310028076172 1500
0.5146369934082031 1500
0.5163958072662354 1500
0.5176370143890381 1500
0.5183098316192627 1500
0.5204699039459229 1500
0.5215108394622803 1500
0.523838996887207 1500
0.524540901184082 1500
0.5265448093414307 1500
0.5274558067321777 1500
0.5294909477233887 1500
0.5305860042572021 1500
0.5314569473266602 1500
0.5338327884674072 1500
0.5344409942626953 1500
0.5366978645324707 1500
0.5372929573059082 1500
0.5397858619689941 1500
0.5406429767608643 1500
0.5426108837127686 1500
0.5434889793395996 1500
0.5446429252624512 1500
0.5464749336242676 1500
0.5474858283996582 1500
0.5492699146270752 1500
0.5505919456481934 1500
0.5526068210601807 1500
0.5535979270935059 1500
0.5553069114685059 1500
0.5564179420471191 1500
0.5574548244476318 1500
0.5593957901000977 1500
0.5605978965759277 1500
0.563431978225708 1500
0.563431978225708 1500
0.5654540061950684 1500
0.5662508010864258 1500
0.5686988830566406 1500
0.5694339275360107 1500
0.5709049701690674 1500
0.5728728771209717 1500
0.5736849308013916 1500
0.575617790222168 1500
0.5765988826751709 1500
0.5783658027648926 1500
0.5794699192047119 1500
0.5814788341522217 1500
0.5827698707580566 1500
0.5834829807281494 1500
0.5854148864746094 1500
0.5874228477478027 1500
0.5884718894958496 1500
0.5893189907073975 1500
0.5914947986602783 1500
0.5922768115997314 1500
0.5947599411010742 1500
0.5953319072723389 1500
0.5966229438781738 1500
0.5993208885192871 1500
0.5993208885192871 1356
0.6013169288635254 1500
0.6026318073272705 1500
0.6033589839935303 1500
0.6054418087005615 1500
0.606334924697876 1500
0.608489990234375 1500
0.6097447872161865 1500
0.6112918853759766 1500
0.6126589775085449 1500
0.6144049167633057 1500
0.6152849197387695 1500
0.6164629459381104 1500
0.6183159351348877 1500
0.6197638511657715 1500
0.6213870048522949 1500
0.6226339340209961 1500
0.6242740154266357 1500
0.6254479885101318 1500
0.6277999877929688 184
0.62795090675354 1500
0.6283400058746338 1500
0.6304090023040771 1500
0.6314737796783447 1500
0.633760929107666 1500
0.6344428062438965 1500
0.6353979110717773 1500
0.6376547813415527 1500
0.6385629177093506 1500
0.64056396484375 1500
0.6413168907165527 1500
0.6434400081634521 1500
0.6443519592285156 1500
0.6466028690338135 1500
0.6474928855895996 1500
0.6486787796020508 1500
0.650676965713501 1500
0.6513328552246094 1500
0.653580904006958 1500
0.654512882232666 1500
0.6570878028869629 1500
0.6575419902801514 1500
0.6597650051116943 1500
0.6607170104980469 1500
0.662463903427124 1500
0.6637179851531982 1500
0.6647717952728271 1500
0.6665349006652832 1500
0.6684799194335938 1500
0.6695549488067627 1500
0.6716358661651611 1500
0.6725180149078369 1500
0.6745729446411133 1500
0.675433874130249 1500
0.6765649318695068 1500
0.678656816482544 1500
0.6795690059661865 1500
0.6816339492797852 1500
0.6827208995819092 1500
0.6845839023590088 1500
0.6854779720306396 1500
0.6876068115234375 1500
0.6899058818817139 1500
0.6899847984313965 1500
0.691734790802002 1500
0.692659854888916 1500
0.6949808597564697 1500
0.6955718994140625 1500
0.6976628303527832 1500
0.698753833770752 1500
0.7004098892211914 1500
0.7016599178314209 1500
0.7024168968200684 1500
0.7046129703521729 1500
0.7053608894348145 1500
0.7077908515930176 1500
0.7085578441619873 1500
0.7103729248046875 1500
0.7115089893341064 1500
0.7137198448181152 1500
0.7143049240112305 1500
0.7154419422149658 1500
0.7179749011993408 1500
0.7183489799499512 1500
0.7206258773803711 1500
0.721362829208374 1500
0.7247869968414307 1500
0.7247869968414307 1500
0.7288827896118164 1500
0.7288827896118164 1500
0.7288827896118164 1500
0.7304568290710449 1500
0.7316188812255859 1500
0.733555793762207 1500
0.7359399795532227 1500
0.7366929054260254 1500
0.7373559474945068 1500
0.7417678833007812 1500
0.7417678833007812 1500
0.7417678833007812 1500
0.7433428764343262 1500
0.744736909866333 1500
0.7480208873748779 1500
0.7480208873748779 1500
0.7494440078735352 1500
0.7506868839263916 1500
0.752633810043335 1500
0.7536218166351318 1500
0.7547779083251953 1500
0.7564728260040283 1500
0.758882999420166 1500
0.7596068382263184 1500
0.7606489658355713 1500
0.7627987861633301 1500
0.7634289264678955 1500
0.7655878067016602 1500
0.7665698528289795 1500
0.7677209377288818 1500
0.7699999809265137 1500
0.7704958915710449 1500
0.7727220058441162 1500
0.7735378742218018 1500
0.7754499912261963 1500
0.7765038013458252 1500
0.7786509990692139 1500
0.7795310020446777 1500
0.7819387912750244 1500
0.7826759815216064 1500
0.7836189270019531 1500
0.7856149673461914 1500
0.786369800567627 1500
0.7887527942657471 1500
0.7895529270172119 1500
0.7915499210357666 1500
0.7925479412078857 1500
0.7947108745574951 1500
0.7958009243011475 1500
0.7965359687805176 1500
0.7987799644470215 1500
0.7996218204498291 1500
0.8017787933349609 1500
0.8024067878723145 1500
0.8046979904174805 1500
0.8066279888153076 1500
0.8077249526977539 1500
0.8083548545837402 1500
0.8097288608551025 1500
0.8113808631896973 1500
0.8125929832458496 1500
0.8143529891967773 1500
0.815565824508667 1500
0.8185129165649414 1500
0.8185129165649414 1500
0.8206319808959961 1500
0.821692943572998 1500
0.8228878974914551 1500
0.8243708610534668 1500
0.8263390064239502 1500
0.8274669647216797 1500
0.8284568786621094 1500
0.8317148685455322 1500
0.8317148685455322 1500
0.83353590965271 1500
0.8344769477844238 1500
0.8353679180145264 1500
0.8375389575958252 1500
0.838547945022583 1500
0.8405327796936035 1500
0.8416218757629395 1500
0.8434998989105225 1500
0.8445439338684082 1500
0.8463919162750244 1500
0.847430944442749 1500
0.8483548164367676 1500
0.8504149913787842 1500
0.8515570163726807 1500
0.8533167839050293 1500
0.8544788360595703 1500
0.8565018177032471 1500
0.8573389053344727 1500
0.8595049381256104 1500
0.8603448867797852 1500
0.8626878261566162 1500
0.8634059429168701 1500
0.8672869205474854 1500
0.8674499988555908 1500
0.8688459396362305 1500
0.8693099021911621 1500
0.8706638813018799 1500
0.8722858428955078 1500
0.8736088275909424 1500
0.8753988742828369 1500
0.87652587890625 1500
0.8784258365631104 1500
0.8796279430389404 1500
0.8817789554595947 1500
0.8825798034667969 1500
0.8835937976837158 1500
0.8852939605712891 1500
0.8865737915039062 1500
0.8885159492492676 1500
0.8896379470825195 1500
0.8915410041809082 1500
0.8924648761749268 1500
0.8948588371276855 1500
0.8954818248748779 1500
0.8965468406677246 1500
0.8987298011779785 1500
0.8993279933929443 1500
0.9017279148101807 1500
0.9024338722229004 1500
0.904857873916626 1500
0.9054169654846191 1500
0.9077479839324951 1500
0.9082639217376709 1500
0.9096148014068604 1500
0.9126038551330566 1500
0.9126038551330566 1500
0.9146878719329834 1500
0.9156229496002197 1500
0.9178009033203125 1500
0.9184098243713379 1500
0.9207639694213867 1500
0.9218118190765381 1500
0.9233589172363281 1500
0.9250829219818115 1500
0.9256060123443604 1500
0.9276549816131592 1500
0.9284689426422119 1500
0.9305520057678223 1500
0.9315969944000244 1500
0.9356389045715332 1500
0.9356799125671387 1500
0.9366209506988525 1500
0.9376800060272217 1500
0.9383449554443359 1500
0.9408149719238281 1500
0.9412479400634766 1500
0.9444239139556885 1500
0.9444239139556885 1500
0.9466128349304199 1500
0.9474399089813232 1500
0.9497687816619873 1500
0.9502818584442139 1500
0.9513199329376221 1500
0.953697919845581 1500
0.956000804901123 1500
0.956352949142456 1500
0.9574739933013916 1500
0.9594588279724121 1500
0.9606208801269531 1500
0.962655782699585 1500
0.9637629985809326 1500
0.9665219783782959 1500
0.9665219783782959 1500
0.9683058261871338 1500
0.9749939441680908 1500
0.9749939441680908 1500
0.9749939441680908 1500
0.9749939441680908 1500
0.9758989810943604 1500
0.9762959480285645 1500
0.978813886642456 1500
0.9795928001403809 1500
0.9818558692932129 1500
0.9825878143310547 1500
0.9840619564056396 1500
0.9856278896331787 1500
0.9866979122161865 1500
0.9888529777526855 1500
0.9910128116607666 1500
0.9917278289794922 1500
0.9927818775177002 1500
0.9947848320007324 1500
0.995391845703125 1500
0.9966118335723877 1500
0.9985349178314209 1500
0.9993329048156738 1500
1.0016398429870605 1500
1.0024638175964355 1500
1.0047509670257568 1500
1.0056369304656982 1500
1.0079829692840576 1500
1.0085439682006836 1500
1.0095889568328857 1500
