1049388
0.0 1500
0.0021381378173828125 1500
0.0030040740966796875 1500
0.005262136459350586 1500
0.005956172943115234 1500
0.007965087890625 1500
0.008939027786254883 1500
0.011057138442993164 1500
0.012171030044555664 1500
0.013015031814575195 1500
0.015341043472290039 1500
0.016111135482788086 1500
0.018388032913208008 1500
0.018987178802490234 1500
0.02199101448059082 1500
0.02199101448059082 1500
0.02405095100402832 1500
0.024940967559814453 1500
0.026028156280517578 1500
0.028046131134033203 1500
0.029134035110473633 1500
0.031100034713745117 1500
0.03197813034057617 1500
0.03401613235473633 1500
0.03513598442077637 1500
0.03694295883178711 1500
0.03827095031738281 1500
0.038915157318115234 1500
0.041110992431640625 1500
0.04188799858093262 1500
0.04411602020263672 1500
0.045031070709228516 1500
0.04735612869262695 1500
0.048274993896484375 1500
0.050251007080078125 1500
0.05124807357788086 1500
0.0520479679107666 1500
0.054425954818725586 1500
0.05488300323486328 1500
0.058585166931152344 1500
0.058585166931152344 1500
0.0602879524230957 1500
0.061103105545043945 1500
0.06359601020812988 1500
0.06431007385253906 1500
0.06542301177978516 1500
0.06700015068054199 1500
0.06789112091064453 1500
0.07003116607666016 1500
0.07104015350341797 1500
0.07297110557556152 1500
0.0739281177520752 1500
0.07590103149414062 1500
0.07687711715698242 1500
0.07802510261535645 1500
0.07986903190612793 1500
0.08088111877441406 1500
0.08290410041809082 1500
0.08432507514953613 1500
0.0860440731048584 1500
0.08685612678527832 1500
0.08936500549316406 1500
0.0898289680480957 1500
0.0909721851348877 1500
0.09321808815002441 1500
0.09418416023254395 1500
0.09595918655395508 1500
0.0969090461730957 1500
0.0989081859588623 1500
0.09998416900634766 1500
0.10243916511535645 1500
0.10297513008117676 1500
0.10434603691101074 1500
0.10607314109802246 1500
0.10700297355651855 1500
0.10903811454772949 1500
0.1101219654083252 1500
0.11198115348815918 1500
0.11302018165588379 1500
0.11510109901428223 1500
0.11594009399414062 1500
0.11700010299682617 1500
0.11899900436401367 1500
0.12037801742553711 1500
0.12218999862670898 1500
0.1229851245880127 1500
0.1249699592590332 1500
0.12604403495788574 1500
0.1281571388244629 1500
0.12894201278686523 1500
0.13001012802124023 1500
0.13207316398620605 1500
0.1329810619354248 1500
0.13495111465454102 1500
0.1364760398864746 1500
0.13802313804626465 1500
0.13889408111572266 1500
0.14119410514831543 1500
0.14189505577087402 1500
0.14299607276916504 1500
0.14499616622924805 1500
0.14608407020568848 1500
0.14797401428222656 1500
0.14902806282043457 1500
0.15119409561157227 1500
0.15187406539916992 1500
0.15724611282348633 1500
0.15724611282348633 1500
0.15724611282348633 1500
0.15822100639343262 1500
0.1589200496673584 1500
0.16109800338745117 1500
0.16185402870178223 1500
0.16748714447021484 1500
0.16748714447021484 1500
0.17021918296813965 1500
0.17021918296813965 1500
0.17021918296813965 1500
0.1709439754486084 1500
0.17295408248901367 1500
0.17384696006774902 1500
0.17497014999389648 1500
0.17687702178955078 1500
0.177962064743042 1500
0.18003606796264648 1500
0.18118715286254883 1500
0.18285107612609863 1500
0.1839461326599121 1500
0.1858539581298828 1500
0.18691110610961914 1500
0.18810701370239258 1500
0.19041013717651367 1500
0.19086313247680664 1500
0.19411897659301758 1500
0.19411897659301758 1500
0.1958789825439453 1500
0.19714808464050293 1500
0.1993579864501953 1500
0.19992995262145996 1500
0.20109200477600098 1500
0.20300602912902832 1500
0.2038719654083252 1500
0.20591402053833008 1500
0.20693111419677734 1500
0.20910215377807617 1500
0.21017003059387207 1500
0.21192097663879395 1500
0.2130110263824463 1500
0.21411514282226562 1500
0.21590018272399902 1500
0.21686315536499023 1500
0.21881508827209473 1500
0.22002005577087402 1500
0.2219691276550293 1500
0.2230541706085205 1500
0.22516417503356934 1500
0.22584104537963867 1500
0.22695517539978027 1500
0.22887897491455078 1500
0.22989511489868164 1500
0.23601603507995605 1500
0.23601603507995605 1500
0.23601603507995605 1500
0.23601603507995605 1500
0.23790407180786133 1500
0.2389969825744629 1500
0.2401740550994873 1500
0.24219918251037598 1500
0.2429821491241455 1500
0.245103120803833 1500
0.2458951473236084 1500
0.24812102317810059 1500
0.2488110065460205 1500
0.2510111331939697 1500
0.2518460750579834 1500
0.2529160976409912 1500
0.25522518157958984 1500
0.2562069892883301 1500
0.25786399841308594 1500
0.25898098945617676 1500
0.2609391212463379 1500
0.2619750499725342 1500
0.26431703567504883 1500
0.2649259567260742 1500
0.2660810947418213 1500
0.2679710388183594 1500
0.26889896392822266 1500
0.2708730697631836 1500
0.2719709873199463 1500
0.2739541530609131 1500
0.2748279571533203 1500
0.27697300910949707 1500
0.27788209915161133 1500
0.278961181640625 1500
0.28102707862854004 1500
0.28200316429138184 1500
0.2841451168060303 1500
0.28534913063049316 1500
0.28726911544799805 1500
0.2880990505218506 1500
0.2899901866912842 1500
0.29134607315063477 1500
0.2919449806213379 1500
0.29424595832824707 1500
0.2948629856109619 1500
0.2982931137084961 1500
0.2982931137084961 1500
0.2998621463775635 1500
0.30086517333984375 1500
0.3030281066894531 1500
0.30417609214782715 1500
0.30484795570373535 1500
0.3068881034851074 1500
0.30795812606811523 1500
0.31111812591552734 1500
0.3112339973449707 1500
0.31305408477783203 1500
0.31386613845825195 1500
0.3159780502319336 1500
0.316845178604126 1500
0.31812500953674316 1500
0.31989312171936035 1500
0.320965051651001 1500
0.3243591785430908 1500
0.32494115829467773 1500
0.32636404037475586 1500
0.32686495780944824 1500
0.3289480209350586 1500
0.32999205589294434 1500
0.3328571319580078 1500
0.33683204650878906 1500
0.33683204650878906 1500
0.33683204650878906 1500
0.3380110263824463 1500
0.33886218070983887 1500
0.3401780128479004 1500
0.34195613861083984 1500
0.3430631160736084 1500
0.3452451229095459 1500
0.3460571765899658 1500
0.3480250835418701 1500
0.34905004501342773 1500
0.35089707374572754 1500
0.3520481586456299 1500
0.3530101776123047 1500
0.35570216178894043 1500
0.3559150695800781 1500
0.35825610160827637 1500
0.3589200973510742 1500
0.3613271713256836 1500
0.36197400093078613 1500
0.36403918266296387 1500
0.36495018005371094 1500
0.36600613594055176 1500
0.36829209327697754 1500
0.36893510818481445 1500
0.3713250160217285 1500
0.3718230724334717 1500
0.37395310401916504 1500
0.3748900890350342 1500
0.37714195251464844 1500
0.3779730796813965 1500
0.3789560794830322 1500
0.38133716583251953 1500
0.38189697265625 1500
0.3840620517730713 1500
0.3849639892578125 1500
0.38687705993652344 1500
0.3878750801086426 1500
0.39028310775756836 1500
0.39116907119750977 1500
0.3920741081237793 1500
0.3938760757446289 1500
0.3951849937438965 1500
0.3970801830291748 1500
0.3992581367492676 1500
0.40003108978271484 1500
0.4008650779724121 1500
0.4031870365142822 1500
0.4039640426635742 1500
0.4048490524291992 1500
0.4068629741668701 1500
0.4082801342010498 1500
0.41006898880004883 1500
0.4119691848754883 1500
0.4132680892944336 1500
0.41396212577819824 1500
0.4159879684448242 1500
0.4171409606933594 1500
0.41889500617980957 1500
0.4198760986328125 1500
0.4210071563720703 1500
0.42329907417297363 1500
0.424252986907959 1500
0.4261791706085205 1500
0.4273250102996826 1500
0.4290931224822998 1500
0.42997097969055176 1500
0.4319159984588623 1500
0.4329681396484375 1500
0.43407607078552246 1500
0.43596816062927246 1500
0.4386131763458252 1500
0.4393930435180664 1500
0.44026613235473633 1500
0.4422450065612793 1500
0.442950963973999 1500
0.4451560974121094 1500
0.44591307640075684 1500
0.4470939636230469 1500
0.4501521587371826 1500
0.4501521587371826 1169
0.5309131145477295 40
0.5342600345611572 1500
0.5342600345611572 1500
0.5342600345611572 1500
0.5342600345611572 1500
0.5342600345611572 1500
0.5342600345611572 1500
0.5342600345611572 1500
0.5350191593170166 1500
0.5358669757843018 1500
0.5371501445770264 1500
0.5390479564666748 1500
0.5398750305175781 393
0.5409071445465088 1500
0.5419671535491943 1500
0.5439140796661377 1500
0.5451030731201172 1500
0.5472769737243652 1500
0.5478529930114746 1500
0.5489270687103271 1500
0.5511219501495361 1500
0.5521450042724609 1500
0.5539100170135498 1500
0.5548601150512695 1500
0.5568530559539795 393
0.5569911003112793 1500
0.5579030513763428 1500
0.5600769519805908 1500
0.5608789920806885 1500
0.5629689693450928 1500
0.5638620853424072 1500
0.5659410953521729 1500
0.5669021606445312 1500
0.568897008895874 1500
0.5698809623718262 1500
0.571911096572876 1500
0.5730490684509277 393
0.5730490684509277 1500
0.5749411582946777 1500
0.5758860111236572 1500
0.577908992767334 1500
0.578869104385376 1500
0.5809311866760254 1500
0.5818490982055664 1500
0.5830230712890625 1500
0.584846019744873 1500
0.5859639644622803 1500
0.5881161689758301 1500
0.5903439521789551 1500
0.5908811092376709 1500
0.5918290615081787 1500
0.5939140319824219 1500
0.5948560237884521 1500
0.5959270000457764 1500
0.5978250503540039 1500
0.5988600254058838 1500
0.6009500026702881 1500
0.6018791198730469 1500
0.6050000190734863 1500
0.6050989627838135 1500
0.6071159839630127 1500
0.6078619956970215 1500
0.608889102935791 1500
0.6110589504241943 1500
0.6118791103363037 1500
0.6138370037078857 1500
0.6150181293487549 1500
0.6168911457061768 1500
0.618865966796875 1500
0.6199030876159668 1500
0.620887041091919 1500
0.6221001148223877 1500
0.6240811347961426 1500
0.6248910427093506 1500
0.6268651485443115 1500
0.628136157989502 1500
0.6301209926605225 1500
0.6308441162109375 1500
0.6331510543823242 1500
0.6342160701751709 1500
0.6349091529846191 1500
0.6369199752807617 1500
0.6378190517425537 1500
0.6399021148681641 1500
0.6408591270446777 1500
0.643186092376709 1500
0.6439249515533447 1500
0.6470451354980469 1500
0.6470451354980469 1500
0.6478230953216553 1500
0.6499490737915039 1500
0.6511080265045166 1500
0.65311598777771 1500
0.6538381576538086 1500
0.6560521125793457 1500
0.6572310924530029 1500
0.6591861248016357 1500
0.6598060131072998 1500
0.6619939804077148 1500
0.6630661487579346 1500
0.6638619899749756 1500
0.6658461093902588 1500
0.6671280860900879 1500
0.6688549518585205 1500
0.6699960231781006 1500
0.6718840599060059 1500
0.6728501319885254 1500
0.674036979675293 1500
0.6761460304260254 1500
0.6770620346069336 1500
0.6788640022277832 1500
0.6799740791320801 1500
0.6818850040435791 1500
0.6830010414123535 1500
0.6853411197662354 1500
0.685845136642456 1500
0.6872940063476562 1500
0.6889560222625732 1500
0.6903159618377686 1500
0.6918590068817139 1500
0.6929919719696045 1500
0.6948661804199219 1500
0.6958801746368408 1500
0.6980841159820557 1500
0.6988341808319092 1500
0.6998500823974609 1500
0.7020061016082764 1500
0.7030839920043945 1500
0.7062849998474121 1500
0.7063851356506348 1500
0.7078430652618408 1500
0.7091319561004639 1500
0.7109241485595703 1500
0.7118430137634277 1500
0.7129881381988525 1500
0.7153520584106445 1500
0.7160301208496094 1500
0.7181110382080078 1500
0.7198581695556641 1500
0.7210090160369873 1500
0.7218890190124512 1500
0.723945140838623 1500
0.725085973739624 1500
0.725944995880127 1500
0.7278671264648438 1500
0.7288370132446289 1500
0.7365591526031494 1500
0.7365591526031494 1500
0.7365591526031494 1500
0.7365591526031494 1500
0.7370240688323975 1500
0.7377781867980957 1500
0.7389969825744629 1500
0.7408390045166016 1500
0.7418651580810547 1500
0.7444751262664795 1500
0.745185136795044 1500
0.7469980716705322 1500
0.7478289604187012 1500
0.7499501705169678 1500
0.7523500919342041 1500
0.7523500919342041 1500
0.7538731098175049 1500
0.7548480033874512 1500
0.7586550712585449 1500
0.7586550712585449 1500
0.75996994972229 1500
0.7608599662780762 1500
0.7629971504211426 1500
0.7638850212097168 1500
0.7661800384521484 1500
0.7668781280517578 1500
0.7693581581115723 1500
0.7702319622039795 1500
0.7708909511566162 1500
0.7768921852111816 1500
0.7768921852111816 1500
0.7768921852111816 1500
0.7768921852111816 1500
0.7790570259094238 1500
0.7809920310974121 1500
0.7819280624389648 1500
0.7832131385803223 1500
0.7839109897613525 1500
0.7863690853118896 1500
0.7871670722961426 1500
0.7893271446228027 1500
0.7898449897766113 1500
0.7922160625457764 1500
0.7940330505371094 1500
0.7948360443115234 1500
0.7959599494934082 1500
0.7972540855407715 1500
0.8012430667877197 1500
0.8012430667877197 1500
0.8019299507141113 1500
0.803023099899292 1500
0.8048269748687744 1500
0.8060531616210938 1500
0.8079280853271484 1500
0.8088531494140625 1500
0.8123531341552734 1500
0.8123531341552734 1500
0.813086986541748 1500
0.815222978591919 1500
0.815925121307373 1500
0.817885160446167 1500
0.818864107131958 1500
0.8209359645843506 1500
0.8222801685333252 1500
0.8229069709777832 1500
0.8250479698181152 1500
0.8259081840515137 1500
0.8279609680175781 1500
0.8288531303405762 1500
0.8310050964355469 1500
0.8320760726928711 1500
0.8338711261749268 1500
0.8349330425262451 1500
0.8358690738677979 1500
0.8379571437835693 1500
0.8388819694519043 1500
0.8410489559173584 1500
0.8421251773834229 1500
0.8453080654144287 1500
0.8453080654144287 1500
0.8522469997406006 1500
0.8522469997406006 1500
0.8522469997406006 1500
0.8522469997406006 1500
0.8522469997406006 1500
0.8540201187133789 1500
0.8549649715423584 1500
0.856971025466919 1500
0.8581111431121826 1500
0.8599669933319092 1500
0.8609089851379395 1500
0.8618590831756592 1500
0.8639011383056641 1500
0.8651101589202881 1500
0.8668661117553711 1500
0.8690180778503418 1500
0.8698780536651611 1500
0.8708400726318359 1500
0.8734641075134277 1500
0.8744320869445801 1500
0.8751590251922607 1500
0.8771190643310547 1500
0.8778760433197021 1500
0.8799901008605957 1500
0.8810641765594482 1500
0.8833041191101074 1500
0.8839361667633057 1500
0.8859100341796875 1500
0.8868269920349121 1500
0.887890100479126 1500
0.8901910781860352 1500
0.8909130096435547 1500
0.8930511474609375 1500
0.8938610553741455 1500
0.8960251808166504 1500
0.8968551158905029 1500
0.8990621566772461 1500
0.899813175201416 1500
0.9011399745941162 1500
0.9041171073913574 1500
0.9043300151824951 1500
0.905886173248291 1500
0.906851053237915 1500
0.9089210033416748 1500
0.9098320007324219 1500
0.9123721122741699 1500
0.9133470058441162 1500
0.9200661182403564 1500
0.9200661182403564 1500
0.9200661182403564 1500
0.9200661182403564 1500
0.9201960563659668 1500
0.9222309589385986 1500
0.9230930805206299 1500
0.9263629913330078 1500
0.9263629913330078 1500
0.9270219802856445 1500
0.9292211532592773 1500
0.9300811290740967 1500
0.931941032409668 1500
0.9329280853271484 1500
0.9353621006011963 1500
0.9360320568084717 1500
0.9378910064697266 1500
0.9388949871063232 1500
0.9398431777954102 1500
0.9419989585876465 1500
0.9429960250854492 1500
0.9450609683990479 1500
0.9459571838378906 1500
0.9519481658935547 1500
0.9519481658935547 1500
0.9519481658935547 1500
0.9519481658935547 1500
0.9533450603485107 1500
0.9551060199737549 1500
0.9561779499053955 1500
0.958078145980835 1500
0.9592111110687256 1500
0.9610631465911865 1500
0.9618651866912842 1500
0.9642081260681152 1500
0.9649760723114014 1500
0.9659020900726318 1500
0.9679350852966309 1500
0.9692211151123047 1500
0.9711410999298096 1500
0.9729840755462646 1500
0.974250078201294 1500
0.9751031398773193 1500
0.9772701263427734 1500
0.9778530597686768 1500
0.9790639877319336 1500
0.980910062789917 1500
0.982201099395752 1500
0.985192060470581 1500
0.985192060470581 1500
0.986915111541748 1500
0.9879791736602783 1500
0.990166187286377 1500
0.990955114364624 1500
0.991894006729126 1500
0.9939999580383301 1500
0.9948821067810059 1500
0.9970221519470215 1500
0.9981429576873779 1500
0.999873161315918 1500
1.0008220672607422 1500
1.003288984298706 1500
1.0039870738983154 1500
1.0050790309906006 1500
1.0069000720977783 1500
1.0078949928283691 1500
1.010195016860962 1500
1.011017084121704 1500
1.0132789611816406 1500
1.014146089553833 1500
1.016221046447754 1500
1.016836166381836 1500
1.0179791450500488 1500
1.020146131515503 1500
1.0219581127166748 1500
1.0230021476745605 1500
1.0242760181427002 1500
1.0261311531066895 1500
1.026893138885498 1500
1.0291111469268799 1500
1.0301439762115479 1500
1.0324690341949463 1500
1.0329790115356445 1500
1.0340821743011475 1500
1.0359501838684082 1500
1.0371840000152588 1500
1.038973093032837 1500
1.0402710437774658 1500
1.0421769618988037 1500
1.043045997619629 1500
1.0448830127716064 1500
1.0460879802703857 1500
1.0473041534423828 1500
1.048896074295044 1500
1.0501651763916016 1500
1.052138090133667 1500
1.053434133529663 1500
1.0549540519714355 1500
1.0559539794921875 1500
1.0579571723937988 1500
1.0588619709014893 1500
1.060110092163086 1500
1.0619561672210693 1500
1.0630831718444824 1500
1.0652680397033691 1500
1.065843105316162 1500
1.0678391456604004 1500
1.0689280033111572 1500
1.0710971355438232 1500
1.0718331336975098 1500
1.073138952255249 1500
1.0749731063842773 1500
1.0758581161499023 1500
1.0780601501464844 1500
1.0788559913635254 1500
1.0812711715698242 1500
1.0818700790405273 1500
1.0839860439300537 1500
