1049975
0.0 1500
0.00197601318359375 1500
0.002988100051879883 1500
0.004989147186279297 1500
0.005874156951904297 1500
0.008369207382202148 1500
0.009162187576293945 1500
0.010622978210449219 1500
0.012014150619506836 1500
0.013252019882202148 1500
0.015088081359863281 1500
0.01602315902709961 1500
0.01918315887451172 1500
0.01928114891052246 1500
0.021142005920410156 1500
0.02197718620300293 1500
0.023240089416503906 1500
0.025032997131347656 1500
0.025969982147216797 1500
0.028218984603881836 1500
0.029326200485229492 1500
0.0309600830078125 1500
0.03212404251098633 1500
0.03410601615905762 1500
0.03496408462524414 1500
0.03618311882019043 1500
0.03831911087036133 1500
0.03906416893005371 1500
0.04125499725341797 1500
0.04190802574157715 1500
0.04581618309020996 1500
0.045942068099975586 1500
0.04713916778564453 1500
0.04816699028015137 1500
0.049372196197509766 1500
0.051029205322265625 1500
0.052052974700927734 1500
0.05430316925048828 1500
0.05488300323486328 1500
0.05741405487060547 1500
0.05798912048339844 1500
0.060389041900634766 1500
0.06092119216918945 1500
0.06195497512817383 1500
0.06419014930725098 1500
0.06502008438110352 1500
0.06679701805114746 1500
0.06845998764038086 1500
0.07045602798461914 1500
0.0710291862487793 1500
0.07294797897338867 1500
0.07433509826660156 1500
0.07518315315246582 1500
0.07731008529663086 1500
0.07784199714660645 1500
0.08047819137573242 1500
0.08105802536010742 1500
0.08300209045410156 1500
0.08385300636291504 1500
0.08648514747619629 1500
0.0870811939239502 1500
0.08784008026123047 1500
0.09110403060913086 1500
0.09114408493041992 1500
0.09329819679260254 1500
0.09409618377685547 1500
0.09776520729064941 1500
0.09776520729064941 1500
0.09889101982116699 1500
0.10021114349365234 1500
0.10099911689758301 1500
0.10324597358703613 1500
0.1042180061340332 1500
0.10617208480834961 1500
0.10730099678039551 1500
0.10908198356628418 1500
0.1100320816040039 1500
0.11399698257446289 1500
0.11399698257446289 1500
0.11443209648132324 1500
0.11624598503112793 1500
0.1168220043182373 1500
0.11910414695739746 1500
0.12004303932189941 1500
0.12355208396911621 1500
0.12355208396911621 1500
0.12540698051452637 1500
0.12610220909118652 1500
0.12764310836791992 1500
0.12900900840759277 1500
0.13048601150512695 1500
0.13323712348937988 1500
0.13323712348937988 1500
0.1362771987915039 1500
0.1362771987915039 1500
0.13902020454406738 1500
0.13902020454406738 1500
0.14012718200683594 1500
0.14177799224853516 1500
0.14319109916687012 1500
0.14485812187194824 1500
0.14649701118469238 1500
0.14793109893798828 1500
0.14955711364746094 1500
0.1518230438232422 1500
0.1518230438232422 1500
0.15295910835266113 1500
0.15536904335021973 1500
0.1558520793914795 1500
0.1580190658569336 1500
0.1598811149597168 1500
0.1613020896911621 1500
0.16294407844543457 1500
0.16420817375183105 1500
0.1663529872894287 1500
0.1674962043762207 1500
0.16900014877319336 1500
0.17034316062927246 1500
0.17197203636169434 1500
0.1733551025390625 1500
0.17521905899047852 1500
0.17626500129699707 1500
0.17833614349365234 1500
0.1801140308380127 1500
0.18154501914978027 1500
0.18337798118591309 1500
0.18488502502441406 1500
0.1860201358795166 1500
0.18788719177246094 1500
0.1895601749420166 1500
0.19135713577270508 1500
0.19245219230651855 1500
0.19410419464111328 1500
0.19527912139892578 1500
0.19692301750183105 1500
0.19813299179077148 1500
0.19985198974609375 1500
0.20119810104370117 1500
0.20232009887695312 1500
0.20333313941955566 1500
0.20512008666992188 1500
0.20732617378234863 1500
0.2085120677947998 1500
0.2092270851135254 1500
0.21114015579223633 1500
0.21236801147460938 1500
0.21383118629455566 1500
0.21593999862670898 1500
0.21727418899536133 1500
0.21892809867858887 1500
0.22017216682434082 1500
0.22220802307128906 1500
0.2231130599975586 1500
0.22527217864990234 1500
0.22701001167297363 1500
0.2279679775238037 1500
0.23034214973449707 1500
0.23183298110961914 1500
0.23339104652404785 1500
0.23509907722473145 1500
0.2361609935760498 1500
0.23815608024597168 1500
0.23997211456298828 1500
0.2418520450592041 1500
0.2430860996246338 1500
0.2453479766845703 1500
0.2461531162261963 1500
0.24813508987426758 1500
0.24892020225524902 1500
0.2512390613555908 1500
0.25281405448913574 1500
0.25410914421081543 1500
0.2563180923461914 1500
0.2581331729888916 1500
0.2593860626220703 1500
0.2608921527862549 1500
0.26322507858276367 1500
0.2640681266784668 1500
0.2651641368865967 1500
0.26728010177612305 1500
0.26790308952331543 1500
0.26991820335388184 1500
0.2712249755859375 1500
0.272813081741333 1500
0.2737901210784912 1500
0.2756772041320801 1500
0.2768371105194092 1500
0.28140902519226074 1500
0.28140902519226074 1500
0.28214597702026367 1500
0.2842280864715576 1500
0.28593015670776367 1500
0.2880821228027344 1500
0.28929805755615234 1500
0.29122400283813477 1500
0.29291200637817383 1500
0.2941122055053711 1500
0.296328067779541 1500
0.2974741458892822 1500
0.299375057220459 1500
0.2999100685119629 1500
0.3025650978088379 1500
0.3065450191497803 1500
0.3065450191497803 1500
0.30731201171875 1500
0.3092210292816162 1500
0.30989503860473633 1500
0.31195902824401855 1500
0.31316614151000977 1500
0.31514716148376465 1500
0.31699609756469727 1500
0.31806015968322754 1500
0.31991004943847656 1500
0.3218209743499756 1500
0.3228611946105957 1500
0.32501912117004395 1500
0.32634902000427246 1500
0.328045129776001 1500
0.3297841548919678 1500
0.33097314834594727 1500
0.33280515670776367 1500
0.33394718170166016 1500
0.3363790512084961 1500
0.3379251956939697 1500
0.34310007095336914 1500
0.34310007095336914 1500
0.34310007095336914 1500
0.34392714500427246 1500
0.34619712829589844 1500
0.34977006912231445 1500
0.34977006912231445 1500
0.3504011631011963 1500
0.3522300720214844 1500
0.3546290397644043 1500
0.3548750877380371 1500
0.3571012020111084 1500
0.3581681251525879 1500
0.36004114151000977 1500
0.3612961769104004 1500
0.36347103118896484 1500
0.3643310070037842 1500
0.3655970096588135 1500
0.3671140670776367 1500
0.36858320236206055 1500
0.3700079917907715 1500
0.3712739944458008 1500
0.37287020683288574 1500
0.3738851547241211 1500
0.37613606452941895 1500
0.37705016136169434 1500
0.3793621063232422 1500
0.3807961940765381 1500
0.3818550109863281 1500
0.3833160400390625 1500
0.38388705253601074 1500
0.3863852024078369 1500
0.38718605041503906 1500
0.3890571594238281 1500
0.3900890350341797 1500
0.39129114151000977 1500
0.39223599433898926 1500
0.393125057220459 1500
0.395266056060791 1500
0.39631009101867676 1500
0.39696311950683594 1500
0.39821910858154297 1500
0.3999321460723877 1500
0.4014120101928711 1500
0.4023160934448242 1500
0.40370917320251465 1500
0.4039781093597412 1500
0.40659308433532715 1500
0.4071831703186035 1500
0.4090759754180908 1500
0.409883975982666 1500
0.412337064743042 1500
0.413316011428833 1500
0.41539716720581055 1500
0.4162161350250244 1500
0.41721105575561523 1500
0.4189779758453369 1500
0.42221999168395996 1500
0.42221999168395996 1500
0.42342209815979004 1500
0.42494916915893555 1500
0.4262580871582031 1500
0.42803215980529785 1500
0.42929601669311523 1500
0.4310481548309326 1500
0.43216419219970703 1500
0.4329240322113037 1500
0.43555712699890137 1500
0.4358851909637451 1500
0.43699002265930176 1500
0.4383699893951416 1500
0.4403049945831299 1500
0.44135618209838867 1500
0.44318699836730957 1500
0.4439120292663574 1500
0.4449920654296875 1500
0.447498083114624 1500
0.4483070373535156 1500
0.45011210441589355 1500
0.4512350559234619 1500
0.4530069828033447 1500
0.4549431800842285 1500
0.4563720226287842 1500
0.45844221115112305 1500
0.45981502532958984 1500
0.4608151912689209 1500
0.46282410621643066 1500
0.46390509605407715 1500
0.46500301361083984 1500
0.46698808670043945 1500
0.467907190322876 1500
0.46910810470581055 1500
0.4702320098876953 1500
0.4711899757385254 1500
0.4722561836242676 1500
0.4731290340423584 1500
0.4748380184173584 1500
0.4758760929107666 1500
0.4772481918334961 1500
0.4788360595703125 1500
0.4799010753631592 1500
0.4810161590576172 1500
0.48296618461608887 1500
0.48403501510620117 1500
0.4849061965942383 1500
0.4864671230316162 1500
0.4878101348876953 1500
0.4889969825744629 1500
0.4904060363769531 1500
0.49105215072631836 1500
0.4929029941558838 1500
0.4942741394042969 1500
0.4950129985809326 1500
0.4959111213684082 1500
0.4978451728820801 1500
0.49891209602355957 1500
0.5 1500
0.5019681453704834 1500
0.5028581619262695 1500
0.5089781284332275 1500
0.5089781284332275 1500
0.5089781284332275 1500
0.5089781284332275 1500
0.5109841823577881 1500
0.5118930339813232 1500
0.5129971504211426 1500
0.5164380073547363 1500
0.5164380073547363 1500
0.5181090831756592 1500
0.5200741291046143 1500
0.5208771228790283 1500
0.5219659805297852 1500
0.523900032043457 1500
0.526298999786377 1500
0.526298999786377 1500
0.5278491973876953 1500
0.5301761627197266 1500
0.5318629741668701 1500
0.5318629741668701 1500
0.5340211391448975 1500
0.543205976486206 1500
0.543205976486206 1500
0.543205976486206 1500
0.543205976486206 1500
0.543205976486206 1500
0.543205976486206 1500
0.5441000461578369 1500
0.5465631484985352 1500
0.5481209754943848 1500
0.5481760501861572 1500
0.5498499870300293 1500
0.5527801513671875 1500
0.5527801513671875 1500
0.5579471588134766 1500
0.5579471588134766 1500
0.5579471588134766 1500
0.5583651065826416 1500
0.5598061084747314 1500
0.5621500015258789 1500
0.56308913230896 1500
0.565028190612793 1500
0.5651440620422363 1500
0.568505048751831 1500
0.568505048751831 1500
0.5713891983032227 1500
0.5713891983032227 1500
0.574409008026123 1500
0.574409008026123 1500
0.577261209487915 1500
0.5773141384124756 1500
0.5779590606689453 1500
0.5802609920501709 1500
0.5812580585479736 1500
0.5848040580749512 1500
0.5848040580749512 1500
0.5862851142883301 1500
0.5885109901428223 1500
0.5894360542297363 1500
0.5899820327758789 1500
0.5910890102386475 1500
0.592980146408081 1500
0.5942411422729492 1500
0.5976510047912598 1500
0.5976510047912598 1500
0.5991799831390381 1500
0.6001181602478027 1500
0.6019010543823242 1500
0.6028141975402832 1500
0.6042091846466064 1500
0.6064372062683105 1500
0.6085159778594971 1500
0.6091201305389404 1500
0.6102650165557861 1500
0.6119630336761475 1500
0.6128861904144287 1500
0.6149930953979492 1500
0.6161720752716064 1500
0.6175901889801025 1500
0.6192309856414795 1500
0.622366189956665 1500
0.622366189956665 1500
0.6232631206512451 1500
0.6251201629638672 1500
0.6259040832519531 1500
0.6284151077270508 1500
0.6292290687561035 1500
0.6299750804901123 1500
0.6332111358642578 1500
0.634101152420044 1500
0.6350281238555908 1500
0.6359891891479492 1500
0.6393589973449707 1500
0.6393589973449707 1500
0.6411120891571045 1500
0.641895055770874 1500
0.6444880962371826 1500
0.644827127456665 1500
0.6471641063690186 1500
0.6477770805358887 1500
0.6488070487976074 1500
0.6522190570831299 1500
0.6522550582885742 1500
0.6545391082763672 1500
0.6547939777374268 1500
0.6568942070007324 1500
0.6578671932220459 1500
0.6603000164031982 1500
0.6608791351318359 1500
0.661870002746582 1500
0.6639111042022705 1500
0.6652481555938721 1500
0.6673221588134766 1500
0.6679091453552246 1500
0.6711020469665527 1500
0.6711020469665527 1500
0.6732370853424072 1500
0.6737821102142334 1500
0.6749050617218018 1500
0.6768600940704346 1500
0.677839994430542 1500
0.6798911094665527 1500
0.6808030605316162 1500
0.6829290390014648 1500
0.6838960647583008 1500
0.6873271465301514 1500
0.6873271465301514 1500
0.6877930164337158 1500
0.6905341148376465 1500
0.6908349990844727 1500
0.692924976348877 1500
0.6938331127166748 1500
0.6970651149749756 1500
0.6970651149749756 1500
0.6992630958557129 1500
0.699843168258667 1500
0.7010841369628906 1500
0.702934980392456 1500
0.7038991451263428 1500
0.7058770656585693 1500
0.7068920135498047 1500
0.7092220783233643 1500
0.7098901271820068 1500
0.7129611968994141 1500
0.7129611968994141 1500
0.7138950824737549 1500
0.7177841663360596 1500
0.7177841663360596 1500
0.7193160057067871 1500
0.7217991352081299 1500
0.7227280139923096 1500
0.7229690551757812 1500
0.7254600524902344 1500
0.7257599830627441 1500
0.7283141613006592 1500
0.7288310527801514 1500
0.7321321964263916 1500
0.7322440147399902 1500
0.7327790260314941 1500
0.7361271381378174 1500
0.7361271381378174 1500
0.7378811836242676 1500
0.7388169765472412 1500
0.741919994354248 1500
0.741919994354248 1500
0.7437961101531982 1500
0.7449309825897217 1500
0.7458209991455078 1500
0.7479732036590576 1500
0.7488670349121094 1500
0.7512750625610352 1500
0.7523510456085205 1500
0.7540600299835205 1500
0.755061149597168 1500
0.757108211517334 1500
0.7584002017974854 1500
0.7591750621795654 1500
0.7627360820770264 1500
0.7627360820770264 1500
0.7640740871429443 1500
0.7667880058288574 1500
0.7685091495513916 1500
0.7686231136322021 1500
0.7699680328369141 1500
0.7712771892547607 1500
0.7718901634216309 1500
0.7739651203155518 1500
0.774846076965332 1500
0.7772212028503418 1500
0.7782671451568604 1500
0.7804841995239258 1500
0.7813100814819336 1500
0.7833330631256104 1500
0.784358024597168 1500
0.7849891185760498 1500
0.7869431972503662 1500
0.7881500720977783 1500
0.7902560234069824 1500
0.7914490699768066 1500
0.7932260036468506 1500
0.7938611507415771 1500
0.7959949970245361 1500
0.7969040870666504 1500
0.7978000640869141 1500
0.8003261089324951 1500
0.8014731407165527 1500
0.8033711910247803 1500
0.8039431571960449 1500
0.8060100078582764 1500
0.8070611953735352 1500
0.8092670440673828 1500
0.8099761009216309 1500
0.8110120296478271 1500
0.8131520748138428 1500
0.8145520687103271 1500
0.816176176071167 1500
0.8171350955963135 1500
0.8192641735076904 1500
0.8234591484069824 1500
0.8234591484069824 1500
0.8234591484069824 1500
0.8239760398864746 1500
0.8258521556854248 1500
0.8281700611114502 1500
0.8291311264038086 1500
0.8312690258026123 1500
0.8333210945129395 1500
0.8333210945129395 1500
0.834834098815918 1500
0.8359990119934082 1500
0.8382999897003174 1500
0.8389341831207275 1500
0.8411531448364258 1500
0.8418221473693848 1500
0.8430120944976807 1500
0.8449501991271973 1500
0.8461019992828369 1500
0.8479790687561035 1500
0.8492741584777832 1500
0.8498702049255371 1500
0.852114200592041 1500
0.8528530597686768 1500
0.8561980724334717 1500
0.8561980724334717 1500
0.8583240509033203 1500
0.8587820529937744 1500
0.8613340854644775 1500
0.8617820739746094 1500
0.8643209934234619 1500
0.8651981353759766 1500
0.8659369945526123 1500
0.8679640293121338 1500
0.8692221641540527 1500
0.8719961643218994 1500
0.8719961643218994 1500
0.8741271495819092 1500
0.8749129772186279 1500
0.8759222030639648 1500
0.8781650066375732 1500
0.8787901401519775 1500
0.8810431957244873 1500
0.881890058517456 1500
0.8840301036834717 1500
0.8848090171813965 1500
0.8871300220489502 1500
0.8878250122070312 1500
0.888848066329956 1500
0.8907711505889893 1500
0.8919951915740967 1500
0.8939480781555176 1500
0.8949592113494873 1500
0.8968000411987305 1500
0.8981091976165771 1500
0.9001209735870361 1500
0.9008650779724121 1500
0.9023821353912354 1500
0.9038550853729248 1500
0.9048421382904053 1500
0.9072000980377197 1500
0.9078080654144287 1500
0.9102611541748047 1500
0.9108130931854248 1500
0.9132730960845947 1500
0.9145760536193848 1500
0.9149332046508789 1500
0.9171831607818604 1500
0.9180521965026855 1500
0.9202370643615723 1500
0.9208590984344482 1500
0.9230971336364746 1500
0.9238619804382324 1500
0.9260661602020264 1500
0.9268209934234619 1500
0.927962064743042 1500
0.9298670291900635 1500
0.9309279918670654 1500
0.9329471588134766 1500
0.9338300228118896 1500
0.936129093170166 1500
0.9373509883880615 1500
0.9389691352844238 1500
0.9397761821746826 1475
0.9409041404724121 1500
0.9430670738220215 1500
0.9440090656280518 1500
0.9458191394805908 1500
0.946897029876709 1500
0.9487941265106201 1500
0.9501621723175049 1500
0.9521851539611816 1500
0.952937126159668 1500
0.9538021087646484 1500
0.9559381008148193 1500
0.9568572044372559 1500
0.9589049816131592 1500
0.959827184677124 1500
0.963346004486084 1500
0.9634840488433838 1500
0.9651820659637451 1500
0.9659380912780762 1500
0.9667901992797852 1500
0.9691891670227051 1500
0.9699220657348633 1500
0.9719870090484619 1500
0.9730939865112305 1500
0.9752261638641357 1500
0.9758701324462891 1500
0.9779610633850098 1500
0.9787600040435791 1500
0.9809482097625732 1500
0.9817900657653809 1500
0.9829950332641602 1500
0.9852240085601807 1500
0.9857800006866455 1500
0.9879519939422607 1500
0.9891200065612793 1500
0.9919722080230713 1500
0.9919722080230713 1500
0.9940721988677979 1500
0.9951350688934326 1500
0.9959111213684082 1500
0.9979641437530518 1500
0.9990341663360596 1500
1.0010871887207031 1500
1.0018742084503174 1500
1.0045981407165527 1500
1.0049231052398682 1500
1.0082051753997803 1500
1.0083270072937012 1500
1.0091760158538818 1500
1.0113630294799805 1500
1.0117731094360352 1500
1.0155951976776123 1500
1.0155951976776123 1500
1.0168390274047852 1500
1.0178780555725098 1500
1.020017147064209 1500
