1050000
0.0 1500
0.0010089874267578125 1500
0.003094911575317383 1500
0.003712892532348633 1500
0.004971981048583984 1500
0.0069348812103271484 1500
0.007749080657958984 1500
0.01001286506652832 1500
0.010966062545776367 1500
0.012974023818969727 1500
0.013911008834838867 1500
0.015924930572509766 1500
0.016730070114135742 1500
0.0178680419921875 1500
0.019896984100341797 1500
0.020817041397094727 1500
0.02268195152282715 1500
0.023768901824951172 1500
0.0260159969329834 1500
0.027112960815429688 1500
0.028046846389770508 1500
0.030426979064941406 1500
0.03093099594116211 1500
0.03308606147766113 1500
0.033750057220458984 1500
0.0359649658203125 1500
0.03681302070617676 1500
0.0392758846282959 1500
0.03976297378540039 1500
0.04117703437805176 1500
0.04301095008850098 1500
0.044046878814697266 1500
0.045929908752441406 1500
0.04691290855407715 1500
0.04890894889831543 1500
0.051117897033691406 1500
0.05173897743225098 1500
0.05297684669494629 1500
0.054054975509643555 1500
0.055938005447387695 1500
0.056874990463256836 1500
0.059040069580078125 1500
0.05980706214904785 1500
0.06292200088500977 1500
0.06292200088500977 1500
0.06502699851989746 1500
0.06580185890197754 1500
0.06691884994506836 1500
0.0691380500793457 1500
0.06986594200134277 1500
0.07232284545898438 1500
0.07296490669250488 1500
0.07512903213500977 1500
0.07613801956176758 1500
0.07768106460571289 1500
0.07893991470336914 1500
0.08008599281311035 1500
0.0819859504699707 1500
0.08284187316894531 1500
0.0846099853515625 1500
0.08761191368103027 1500
0.08817291259765625 1500
0.08890891075134277 1500
0.09080100059509277 1500
0.09193086624145508 1500
0.09293389320373535 1500
0.09519600868225098 1500
0.09588289260864258 1500
0.0991370677947998 1500
0.0991370677947998 1500
0.10113692283630371 1500
0.10185003280639648 1500
0.1039888858795166 1500
0.10470986366271973 1500
0.10604000091552734 1500
0.10792303085327148 1500
0.10920095443725586 1500
0.11122393608093262 1500
0.11224007606506348 1500
0.11368489265441895 1500
0.1148228645324707 1500
0.1170649528503418 1500
0.11815690994262695 1500
0.11974287033081055 1500
0.12084388732910156 1500
0.12396502494812012 1500
0.12396502494812012 1500
0.12591004371643066 1500
0.1271190643310547 1500
0.12792301177978516 1500
0.13007092475891113 1500
0.1306920051574707 1500
0.13278484344482422 1500
0.1338949203491211 1500
0.1361069679260254 1500
0.13695406913757324 1500
0.13915085792541504 1500
0.13973402976989746 1500
0.1407489776611328 1500
0.14280104637145996 1500
0.14388084411621094 1500
0.14584589004516602 1500
0.14691901206970215 1500
0.14885687828063965 1500
0.1499190330505371 1500
0.15195202827453613 1500
0.15305399894714355 1500
0.15373897552490234 1500
0.1559889316558838 1500
0.15795207023620605 1500
0.1591019630432129 1500
0.16233587265014648 1500
0.16233587265014648 1500
0.1643660068511963 1500
0.16483402252197266 1500
0.16586995124816895 1500
0.16795992851257324 1500
0.1689310073852539 1500
0.17119193077087402 1500
0.17174005508422852 1500
0.1736130714416504 1500
0.1750779151916504 1500
0.17696499824523926 1500
0.17781901359558105 1500
0.17878293991088867 1500
0.1809840202331543 1500
0.18182086944580078 1500
0.18396902084350586 1500
0.18484902381896973 1500
0.1869800090789795 1500
0.18773984909057617 1500
0.18997693061828613 1500
0.19110488891601562 1500
0.191878080368042 1500
0.19391393661499023 1500
0.19499802589416504 1500
0.19807100296020508 1500
0.19820284843444824 1500
0.2006669044494629 1500
0.2006669044494629 1500
0.20279788970947266 1500
0.2039499282836914 1500
0.20488905906677246 1500
0.20672106742858887 1500
0.20794296264648438 1500
0.20984101295471191 1500
0.21076202392578125 1500
0.21368694305419922 1500
0.21368694305419922 1500
0.21571588516235352 1500
0.216871976852417 1500
0.21776103973388672 1500
0.2208859920501709 1500
0.22100400924682617 1500
0.2228238582611084 1500
0.22370100021362305 1500
0.2258138656616211 1500
0.22666692733764648 1500
0.2290210723876953 1500
0.22975897789001465 1500
0.23075485229492188 1500
0.23277902603149414 1500
0.23351192474365234 1500
0.23570990562438965 1500
0.23690295219421387 1500
0.23898601531982422 1500
0.23955106735229492 1500
0.2419440746307373 1500
0.24280500411987305 1500
0.24389386177062988 1500
0.24585485458374023 1500
0.24689102172851562 1500
0.24892401695251465 1500
0.24988198280334473 1500
0.2519528865814209 1500
0.2527329921722412 1500
0.25510191917419434 1500
0.2567150592803955 1500
0.2567150592803955 1500
0.25891995429992676 1500
0.2596719264984131 1500
0.26189684867858887 1500
0.2653820514678955 1500
0.2653820514678955 1500
0.26582884788513184 1500
0.26773691177368164 1500
0.26865506172180176 1500
0.27001285552978516 1500
0.2721848487854004 1500
0.2728769779205322 1500
0.2750229835510254 1500
0.27575087547302246 1500
0.2778599262237549 1500
0.2790830135345459 1500
0.2809910774230957 1500
0.2816898822784424 1500
0.28279995918273926 1500
0.2847459316253662 1500
0.2858870029449463 1500
0.28772807121276855 1500
0.2889089584350586 1500
0.2909409999847412 1500
0.29166507720947266 1500
0.2937319278717041 1500
0.29573607444763184 1500
0.29834699630737305 1500
0.29875898361206055 1500
0.2997400760650635 1500
0.30076098442077637 1500
0.30260801315307617 1500
0.3036799430847168 1500
0.30664587020874023 1500
0.30691003799438477 1500
0.3087890148162842 1500
0.30989789962768555 1500
0.31174802780151367 1500
0.31282687187194824 1500
0.31496691703796387 1500
0.3156728744506836 1500
0.3176288604736328 1500
0.31867194175720215 1500
0.31992506980895996 1500
0.3219139575958252 1500
0.3229548931121826 1500
0.32505297660827637 1500
0.32566189765930176 1500
0.3280370235443115 1500
0.32882189750671387 1500
0.3299429416656494 1500
0.33173084259033203 1500
0.3328390121459961 1500
0.3345639705657959 1500
0.3356599807739258 1500
0.33759093284606934 1500
0.3388199806213379 1500
0.34070706367492676 1500
0.34187984466552734 1500
0.3428809642791748 1500
0.34471702575683594 1500
0.345613956451416 1500
0.3476829528808594 1500
0.34867191314697266 1500
0.3508739471435547 1500
0.35179901123046875 1500
0.3538780212402344 1500
0.35457897186279297 1500
0.3559889793395996 1500
0.35779595375061035 1500
0.3587338924407959 1500
0.36097192764282227 1500
0.36168599128723145 1500
0.36502790451049805 1500
0.36502790451049805 1500
0.366818904876709 1500
0.3677229881286621 1500
0.3688979148864746 1500
0.3708209991455078 1500
0.3717029094696045 1500
0.3738999366760254 1500
0.3749558925628662 1500
0.3767268657684326 1500
0.3778679370880127 1500
0.3810238838195801 1500
0.3810238838195801 1500
0.38172388076782227 1500
0.3838920593261719 1500
0.38464903831481934 1500
0.38665199279785156 1500
0.3878190517425537 1500
0.3896980285644531 1500
0.39086008071899414 1500
0.3929009437561035 1500
0.39376091957092285 1500
0.39592885971069336 1500
0.39665794372558594 1500
0.39782285690307617 1500
0.4000110626220703 1500
0.4008140563964844 1500
0.4028148651123047 1500
0.40353894233703613 1500
0.40598487854003906 1500
0.40691089630126953 1500
0.4076519012451172 1500
0.40992188453674316 1500
0.41213297843933105 1500
0.4132120609283447 1500
0.4137918949127197 1500
0.41561388969421387 1500
0.41687488555908203 1500
0.41864490509033203 1500
0.41991090774536133 1500
0.4206728935241699 1500
0.4228229522705078 1500
0.4237709045410156 1500
0.4259068965911865 1500
0.42673301696777344 1500
0.42885398864746094 1500
0.4298670291900635 1500
0.43266987800598145 1500
0.432858943939209 1500
0.4336838722229004 1500
0.4358229637145996 1500
0.4371609687805176 1500
0.4386930465698242 1500
0.4397399425506592 1500
0.44318389892578125 1500
0.44318389892578125 1500
0.4447288513183594 1500
0.4458119869232178 1500
0.4466550350189209 1500
0.4486269950866699 1500
0.4497990608215332 1500
0.45179200172424316 1500
0.45261096954345703 1500
0.45482492446899414 1500
0.45560193061828613 1500
0.45786595344543457 1500
0.4587230682373047 1500
0.459852933883667 1500
0.4618399143218994 1500
0.4628889560699463 1500
0.4647560119628906 1500
0.4659290313720703 1500
0.467756986618042 1500
0.4686238765716553 1500
0.47072696685791016 1500
0.4717409610748291 1500
0.472836971282959 1500
0.4748358726501465 1500
0.4756278991699219 1500
0.48186492919921875 1500
0.48186492919921875 1500
0.48186492919921875 1500
0.48192286491394043 1500
0.4847750663757324 1500
0.4857058525085449 1500
0.4878559112548828 1500
0.4887518882751465 1500
0.4896519184112549 1500
0.49186086654663086 1500
0.492919921875 1500
0.49489593505859375 1500
0.495589017868042 1500
0.49765706062316895 1500
0.5000698566436768 1500
0.5009939670562744 1500
0.507498025894165 1500
0.507498025894165 1500
0.507498025894165 1500
0.507498025894165 1500
0.508030891418457 1500
0.5086798667907715 1500
0.5165648460388184 1500
0.5165648460388184 1500
0.5165648460388184 1500
0.5165648460388184 1500
0.517197847366333 1500
0.5189168453216553 1500
0.5198190212249756 1500
0.5211489200592041 1500
0.5229480266571045 1500
0.5248739719390869 1500
0.5259170532226562 1500
0.5278019905090332 1500
0.5289418697357178 1500
0.529757022857666 1500
0.5332400798797607 1500
0.5332400798797607 1500
0.5346379280090332 1500
0.535956859588623 1500
0.5377850532531738 1500
0.5408179759979248 1500
0.5408179759979248 1500
0.5420598983764648 1500
0.5427529811859131 1500
0.5450148582458496 1500
0.5458400249481201 1500
0.5489099025726318 1500
0.5489099025726318 1500
0.5510048866271973 1500
0.5531089305877686 1500
0.5538220405578613 1500
0.5548250675201416 1500
0.5557398796081543 1500
0.5576760768890381 1500
0.5587670803070068 1500
0.5608859062194824 1500
0.5619299411773682 1500
0.5646460056304932 1500
0.5646460056304932 1500
0.5669090747833252 1500
0.5677318572998047 1500
0.5686969757080078 1500
0.5709359645843506 1500
0.5717759132385254 1500
0.5737879276275635 1500
0.5748589038848877 1500
0.5768978595733643 1500
0.5791258811950684 1500
0.581367015838623 1500
0.581367015838623 1500
0.5815999507904053 1500
0.5839588642120361 1500
0.5847959518432617 1500
0.5868699550628662 1500
0.5877130031585693 1500
0.5898630619049072 1500
0.5906660556793213 1500
0.5940470695495605 1500
0.5940470695495605 1500
0.5948660373687744 1500
0.5967090129852295 1500
0.5976788997650146 1500
0.599998950958252 1500
0.6007649898529053 1500
0.603039026260376 1500
0.60384202003479 1500
0.605910062789917 1500
0.6068098545074463 1500
0.6090328693389893 1500
0.6101598739624023 1500
0.6107199192047119 1500
0.612980842590332 1500
0.6138479709625244 1500
0.6157729625701904 1500
0.6167950630187988 1500
0.6191668510437012 1500
0.6198818683624268 1500
0.6215519905090332 1500
0.6227250099182129 1500
0.623633861541748 1500
0.6258759498596191 1500
0.6267740726470947 1500
0.6291148662567139 1500
0.6297829151153564 1500
0.6321299076080322 1500
0.6326830387115479 1500
0.6336770057678223 1500
0.6376299858093262 1500
0.6376299858093262 1500
0.638746976852417 1500
0.6396908760070801 1500
0.6418869495391846 1500
0.6426188945770264 1500
0.6450920104980469 1500
0.6466999053955078 1500
0.6469829082489014 1500
0.6489160060882568 1500
0.6498599052429199 1500
0.6516330242156982 1500
0.6528148651123047 1500
0.6549320220947266 1500
0.6558239459991455 1500
0.6580929756164551 1500
0.6590409278869629 1500
0.6611020565032959 1500
0.6618790626525879 1500
0.6629838943481445 1500
0.6662330627441406 1500
0.6662330627441406 1500
0.6678750514984131 1500
0.6687328815460205 1500
0.6708550453186035 1500
0.6717190742492676 1500
0.6738228797912598 1500
0.6748459339141846 1500
0.675663948059082 1500
0.6778709888458252 1500
0.6788508892059326 1500
0.6809098720550537 1500
0.6818130016326904 1500
0.6839029788970947 1500
0.6850569248199463 1500
0.6869380474090576 1500
0.6877889633178711 1500
0.6886169910430908 1500
0.6910989284515381 1500
0.6918859481811523 1500
0.6938588619232178 1500
0.6946299076080322 1500
0.6969819068908691 1500
0.6976969242095947 1500
0.6999189853668213 1500
0.7006549835205078 1500
0.7018640041351318 1500
0.703747034072876 1500
0.7047240734100342 1500
0.7070159912109375 1500
0.7089300155639648 1500
0.7098848819732666 1500
0.7110018730163574 1500
0.7131249904632568 1500
0.713749885559082 1500
0.7148380279541016 1500
0.7169158458709717 1500
0.7178909778594971 1500
0.7200460433959961 1500
0.7207889556884766 1500
0.7241408824920654 1500
0.7241408824920654 1500
0.725722074508667 1500
0.7275149822235107 1500
0.7278029918670654 1500
0.7308468818664551 1500
0.7308468818664551 1500
0.7329139709472656 1500
0.7339508533477783 1500
0.7359709739685059 1500
0.7369289398193359 1500
0.7389209270477295 1500
0.7396299839019775 1500
0.7407228946685791 1500
0.7427749633789062 1500
0.7440369129180908 1500
0.7459540367126465 1500
0.7467470169067383 1500
0.7492339611053467 1500
0.7498829364776611 1500
0.7520148754119873 1500
0.7579870223999023 1500
0.7579870223999023 1500
0.7579870223999023 1500
0.7579870223999023 1500
0.7602639198303223 1500
0.7602639198303223 1500
0.7620968818664551 1500
0.7626659870147705 1500
0.7668960094451904 1500
0.7668960094451904 1500
0.7679450511932373 1500
0.768887996673584 1500
0.7706048488616943 1500
0.7718138694763184 1500
0.773676872253418 1500
0.7749290466308594 1500
0.7768139839172363 1500
0.7778880596160889 1500
0.7790939807891846 1500
0.7814059257507324 1500
0.7817440032958984 1500
0.7839279174804688 1500
0.7846510410308838 1500
0.7867469787597656 1500
0.7879049777984619 1500
0.7898788452148438 1500
0.7907140254974365 1500
0.7919318675994873 1500
0.793734073638916 1500
0.7949528694152832 1500
0.7983360290527344 1500
0.7983360290527344 1500
0.7996969223022461 1500
0.8008389472961426 1500
0.8027429580688477 1500
0.8036930561065674 1500
0.8056859970092773 1500
0.8296630382537842 1500
0.8320329189300537 1500
0.8327939510345459 1500
0.8338470458984375 1500
0.8359439373016357 1500
0.8368818759918213 1500
0.8388469219207764 1500
0.8397769927978516 1500
0.8418560028076172 1500
0.8427689075469971 1500
0.844951868057251 1500
0.8457109928131104 1500
0.8472840785980225 1500
0.851999044418335 1500
0.851999044418335 1500
0.851999044418335 1500
0.8538379669189453 1500
0.8554420471191406 1500
0.8568909168243408 1500
0.8576769828796387 1500
0.8601930141448975 1500
0.8618948459625244 1500
0.8666660785675049 1500
0.8666660785675049 1500
0.8666660785675049 1500
0.8667569160461426 1500
0.8680419921875 1500
0.8697900772094727 1500
0.8710160255432129 1500
0.8728899955749512 1500
0.873837947845459 1500
0.8759260177612305 1500
0.8769490718841553 1500
0.8790478706359863 1500
0.8801319599151611 1500
0.8805830478668213 1500
0.8829779624938965 1500
0.8839089870452881 1500
0.885793924331665 1500
0.8869709968566895 1500
0.890056848526001 1500
0.890056848526001 1500
0.8917629718780518 1500
0.8929190635681152 1500
0.8938260078430176 1500
0.8959479331970215 1500
0.8969600200653076 1500
0.8988358974456787 1500
0.8998639583587646 1500
0.9029700756072998 1500
0.9029910564422607 1500
0.9049050807952881 1500
0.9059610366821289 1500
0.9065020084381104 1500
0.9088239669799805 1500
0.9098219871520996 1500
0.9119269847869873 1500
0.9125978946685791 1500
0.914984941482544 1500
0.9169800281524658 1500
0.9175660610198975 1500
0.919165849685669 1500
0.9198269844055176 1500
0.9216480255126953 1500
0.9230308532714844 1500
0.9247329235076904 1500
0.9259040355682373 1500
0.9278490543365479 1500
0.9289689064025879 1500
0.9307980537414551 1500
0.9320268630981445 1500
0.9327318668365479 1500
0.9351499080657959 1500
0.9358940124511719 1500
0.9377589225769043 1500
0.9386780261993408 1500
0.9410860538482666 1500
0.9416849613189697 1500
0.9440429210662842 1500
0.9452700614929199 1500
0.9463949203491211 1500
0.9478640556335449 1500
0.9488680362701416 1500
0.9510560035705566 1500
0.9516839981079102 1500
0.9539339542388916 1500
0.954679012298584 1500
0.9578368663787842 1500
0.9578578472137451 1500
0.9587869644165039 1500
0.9609649181365967 1500
0.9617688655853271 1500
0.9639918804168701 1500
0.9648408889770508 1500
0.9669609069824219 1500
0.967797040939331 1500
0.9697918891906738 1500
0.9708070755004883 1500
0.9728670120239258 1500
0.9737439155578613 1500
0.9747118949890137 1500
0.9765989780426025 1500
0.9778170585632324 1500
0.9805939197540283 1500
0.9807999134063721 1500
0.9827859401702881 1500
0.9839279651641846 1500
0.9848239421844482 1500
0.9867260456085205 1500
0.9875919818878174 1500
0.989886999130249 1500
0.9907798767089844 1500
0.9928240776062012 1500
0.9943368434906006 1500
0.9958009719848633 1500
0.9966878890991211 1500
0.997704029083252 1500
1.001230001449585 1500
1.001230001449585 1500
1.0031099319458008 1500
1.0041019916534424 1500
1.0060780048370361 1500
1.0067338943481445 1500
1.0087890625 1500
1.0097720623016357 1500
1.0108749866485596 1500
1.0129039287567139 1500
1.0141048431396484 1500
1.0159800052642822 1500
1.0170319080352783 1500
1.018967866897583 1500
1.0197160243988037 1500
1.022083044052124 1500
1.0227689743041992 1500
1.023961067199707 1500
1.0256059169769287 1500
1.0268659591674805 1500
1.0288619995117188 1500
1.0298230648040771 1500
1.0318679809570312 1500
1.0330350399017334 1500
1.0349419116973877 1500
1.035851001739502 1500
1.036733865737915 1500
