1050000
0.0 1500
0.0018129348754882812 1500
0.002804994583129883 1500
0.005223989486694336 1500
0.006186962127685547 1500
0.008131027221679688 1500
0.009081125259399414 1500
0.010915994644165039 1500
0.012230157852172852 1500
0.01312708854675293 1500
0.014862060546875 1500
0.016000986099243164 1500
0.01811504364013672 1500
0.01915907859802246 1500
0.02186894416809082 1500
0.021953105926513672 1500
0.024281024932861328 1500
0.024999141693115234 1500
0.025927066802978516 1500
0.02826714515686035 1500
0.028816938400268555 1500
0.03126811981201172 1500
0.03309512138366699 1500
0.03415799140930176 1500
0.03495001792907715 1500
0.03701210021972656 1500
0.038056135177612305 1500
0.03909707069396973 1500
0.04087495803833008 1500
0.042305946350097656 1500
0.045504093170166016 1500
0.045504093170166016 1500
0.046838998794555664 1500
0.048085927963256836 1500
0.05006694793701172 1500
0.05107903480529785 1500
0.05202293395996094 1500
0.054058074951171875 1500
0.05637001991271973 1500
0.05687999725341797 1500
0.05821394920349121 1500
0.05999398231506348 1500
0.06079912185668945 1500
0.06293010711669922 1500
0.06417107582092285 1500
0.06502413749694824 1500
0.06830906867980957 1500
0.06830906867980957 1500
0.0699920654296875 1500
0.07078409194946289 1500
0.07285308837890625 1500
0.0739130973815918 1500
0.07588410377502441 1500
0.07679104804992676 1500
0.07798910140991211 1500
0.0800940990447998 1500
0.08096909523010254 1500
0.08311200141906738 1500
0.08412003517150879 1500
0.08630800247192383 1500
0.08674907684326172 1500
0.08910894393920898 1500
0.09097599983215332 1500
0.09110498428344727 1500
0.09313797950744629 1500
0.09406304359436035 1500
0.09577393531799316 1500
0.0969390869140625 1500
0.09888195991516113 1500
0.10008597373962402 1500
0.10199904441833496 1500
0.10297513008117676 1500
0.10418009757995605 1500
0.10591006278991699 1500
0.1068871021270752 1500
0.10921096801757812 1500
0.11011600494384766 1500
0.11198806762695312 1500
0.11311101913452148 1500
0.1150050163269043 1500
0.11585402488708496 1500
0.11735916137695312 1500
0.11885499954223633 1500
0.11999392509460449 1500
0.12212800979614258 1500
0.12274909019470215 1500
0.1251821517944336 1500
0.12573003768920898 1500
0.12818098068237305 1500
0.1288590431213379 1500
0.13015294075012207 1500
0.13192296028137207 1500
0.13284802436828613 1500
0.13502097129821777 1500
0.1359100341796875 1500
0.13797307014465332 1500
0.13878893852233887 1500
0.14122414588928223 1500
0.14212894439697266 1500
0.14309310913085938 1500
0.14490604400634766 1500
0.14621210098266602 1500
0.1478271484375 1500
0.14927315711975098 1500
0.15650510787963867 1500
0.15650510787963867 1500
0.15650510787963867 1500
0.15650510787963867 1500
0.15650510787963867 1500
0.15851116180419922 1500
0.1593310832977295 1500
0.16104698181152344 1500
0.1619269847869873 1500
0.16418814659118652 1500
0.16477394104003906 1500
0.17197704315185547 1500
0.17197704315185547 1500
0.17197704315185547 1500
0.17197704315185547 1500
0.17197704315185547 1500
0.17416596412658691 1500
0.17511796951293945 1500
0.17727112770080566 1500
0.17776107788085938 1500
0.18022608757019043 1500
0.18094897270202637 1500
0.1817779541015625 1500
0.18387913703918457 1500
0.18494796752929688 1500
0.18699002265930176 1500
0.18790698051452637 1500
0.19016194343566895 1500
0.19075894355773926 1500
0.19344806671142578 1500
0.19415593147277832 1500
0.19499492645263672 1500
0.19703006744384766 1500
0.19815397262573242 1500
0.1998291015625 1500
0.20106792449951172 1500
0.20307493209838867 1500
0.20394015312194824 1500
0.20610594749450684 1500
0.20707011222839355 1500
0.20783615112304688 1500
0.2101590633392334 1500
0.21077394485473633 1500
0.21291112899780273 1500
0.21403813362121582 1500
0.21614313125610352 1500
0.21706008911132812 1500
0.21903610229492188 1500
0.21996307373046875 1500
0.22105693817138672 1500
0.22287201881408691 1500
0.22426295280456543 1500
0.22604799270629883 1500
0.2270491123199463 1500
0.22923898696899414 1500
0.23001408576965332 1500
0.23186492919921875 1500
0.2330949306488037 1500
0.23396611213684082 1500
0.2361760139465332 1500
0.23704099655151367 1500
0.238983154296875 1500
0.24010396003723145 1500
0.24199295043945312 1500
0.24299907684326172 1500
0.24546408653259277 1500
0.24598407745361328 1500
0.24820494651794434 1500
0.2491469383239746 1500
0.24993205070495605 1500
0.25212812423706055 1500
0.2530860900878906 1500
0.2549021244049072 1500
0.2570779323577881 1500
0.25820398330688477 1500
0.25887012481689453 1500
0.2611100673675537 1500
0.26204800605773926 1500
0.2629821300506592 1500
0.2648930549621582 1500
0.26610302925109863 1500
0.2729310989379883 1500
0.2729310989379883 1500
0.2729310989379883 1500
0.2729310989379883 1500
0.2741889953613281 1500
0.27474212646484375 1500
0.2761521339416504 1500
0.277925968170166 1500
0.27902913093566895 1500
0.28095197677612305 1500
0.2820770740509033 1500
0.28425002098083496 1500
0.28501200675964355 1500
0.2871370315551758 1500
0.28798699378967285 1500
0.2887859344482422 1500
0.2911231517791748 1500
0.2920050621032715 1500
0.29424214363098145 1500
0.2950711250305176 1500
0.2971510887145996 1500
0.2978019714355469 1500
0.30026912689208984 1500
0.3010849952697754 1500
0.30204296112060547 1500
0.30396413803100586 1500
0.3050551414489746 1500
0.3071479797363281 1500
0.30815601348876953 1500
0.3097851276397705 1500
0.31127405166625977 1500
0.3130650520324707 1500
0.3142719268798828 1500
0.3151230812072754 1500
0.31733202934265137 1500
0.3179631233215332 1500
0.3201911449432373 1500
0.3210029602050781 1500
0.3231661319732666 1500
0.32388901710510254 1500
0.3271329402923584 1500
0.3271329402923584 1500
0.32785606384277344 1500
0.3298530578613281 1500
0.3308589458465576 1500
0.3331329822540283 1500
0.33408308029174805 1500
0.3359379768371582 1500
0.3371579647064209 1500
0.33896398544311523 1500
0.34007906913757324 1500
0.34201598167419434 1500
0.3429839611053467 1500
0.3441319465637207 1500
0.34635400772094727 1500
0.34699106216430664 1500
0.3489091396331787 1500
0.35015201568603516 1500
0.35224413871765137 1500
0.3542201519012451 1500
0.3542201519012451 1500
0.35627293586730957 1500
0.3567540645599365 1500
0.3592100143432617 1500
0.36008596420288086 1500
0.36220502853393555 1500
0.3630549907684326 1500
0.3661770820617676 1500
0.3661770820617676 1500
0.3670821189880371 1500
0.3688170909881592 1500
0.3698711395263672 1500
0.37200212478637695 1500
0.37303900718688965 1500
0.3766000270843506 1500
0.3766000270843506 1500
0.37810206413269043 1500
0.3791780471801758 1500
0.3797569274902344 1500
0.3820760250091553 1500
0.3828411102294922 1500
0.3851621150970459 1500
0.3860621452331543 1500
0.38787293434143066 1500
0.3891260623931885 1500
0.39124011993408203 1500
0.3921220302581787 1500
0.39315009117126465 1500
0.394866943359375 1500
0.39576196670532227 1500
0.3981339931488037 1500
0.398759126663208 1500
0.40090298652648926 1500
0.40331315994262695 1500
0.4039170742034912 1500
0.40499305725097656 1500
0.40581202507019043 1500
0.40826416015625 1500
0.4088759422302246 1500
0.4112861156463623 1500
0.41199302673339844 1500
0.41420602798461914 1500
0.4149460792541504 1500
0.4173860549926758 1500
0.4178769588470459 1500
0.4192521572113037 1500
0.4212169647216797 1500
0.42230796813964844 1500
0.4241640567779541 1500
0.4251999855041504 1500
0.42746400833129883 1500
0.42803096771240234 1500
0.4301011562347412 1500
0.43076300621032715 1500
0.4324190616607666 1500
0.4340059757232666 1500
0.4350249767303467 1500
0.4386410713195801 1500
0.4387030601501465 1500
0.4409151077270508 1500
0.441133975982666 1500
0.4428279399871826 1500
0.4438509941101074 1500
0.4453771114349365 1500
0.446943998336792 1500
0.4480099678039551 1500
0.450192928314209 1500
0.4509730339050293 1500
0.4532339572906494 1500
0.4539070129394531 1500
0.45622897148132324 1500
0.45700693130493164 1500
0.4603409767150879 1500
0.4603409767150879 1500
0.4611809253692627 1500
0.46285510063171387 1500
0.4639461040496826 1500
0.46605515480041504 1500
0.46697497367858887 1500
0.468843936920166 1500
0.4698491096496582 1500
0.47159409523010254 1500
0.473207950592041 1500
0.4740290641784668 1500
0.47608399391174316 1500
0.47713303565979004 1500
0.4791591167449951 1500
0.47974109649658203 1500
0.4822080135345459 1500
0.48288798332214355 1500
0.48407506942749023 1500
0.486083984375 1500
0.48680996894836426 1500
0.4890861511230469 1500
0.4900331497192383 1500
0.4920940399169922 1500
0.493196964263916 1500
0.49509096145629883 1500
0.4961519241333008 1500
0.49687910079956055 1500
0.49919795989990234 1500
0.4998509883880615 1500
0.5020999908447266 1500
0.502748966217041 1500
0.5062530040740967 1500
0.5062530040740967 1500
0.5078339576721191 1500
0.5090041160583496 1500
0.5100350379943848 1500
0.511991024017334 1500
0.5129530429840088 1500
0.515247106552124 1500
0.5160410404205322 1500
0.5180561542510986 1500
0.518895149230957 1500
0.5211429595947266 1500
0.5219330787658691 1500
0.5227811336517334 1500
0.5264110565185547 1500
0.5264110565185547 1500
0.5280890464782715 1500
0.5290491580963135 1500
0.5311639308929443 1500
0.531857967376709 1500
0.5342550277709961 1500
0.5347499847412109 1500
0.5358660221099854 1500
0.537783145904541 1500
0.5387589931488037 1500
0.5408129692077637 1500
0.5422720909118652 1500
0.5441930294036865 1500
0.5450229644775391 1500
0.5468809604644775 1500
0.5477850437164307 1500
0.5490479469299316 1500
0.5511341094970703 1500
0.5518779754638672 1500
0.5553481578826904 1500
0.5553481578826904 1500
0.5568740367889404 1500
0.5578329563140869 1500
0.5602259635925293 1500
0.5607481002807617 1500
0.561898946762085 1500
0.5641851425170898 1500
0.5650341510772705 1500
0.5683460235595703 1500
0.5684070587158203 1500
0.5697741508483887 1500
0.5714170932769775 1500
0.5731849670410156 1500
0.5740411281585693 1500
0.574800968170166 1500
0.5770180225372314 1500
0.5777599811553955 1500
0.5804159641265869 1500
0.5807421207427979 1500
0.5831871032714844 1500
0.5841331481933594 1500
0.5859129428863525 1500
0.586773157119751 1500
0.587878942489624 1500
0.5901150703430176 1500
0.5909509658813477 1500
0.5930840969085693 1500
0.5941629409790039 1500
0.5958960056304932 1500
0.5969290733337402 1500
0.5991320610046387 1500
0.599837064743042 1500
0.6013541221618652 1500
0.6031069755554199 1500
0.6040079593658447 1500
0.6061100959777832 1500
0.6068871021270752 1500
0.6093559265136719 1500
0.6100020408630371 1500
0.6118850708007812 1500
0.6127870082855225 1500
0.6140279769897461 1500
0.6164381504058838 1500
0.6170430183410645 1500
0.619326114654541 1500
0.6201469898223877 1500
0.6220500469207764 1500
0.6230239868164062 1500
0.6249070167541504 1500
0.6262590885162354 1500
0.6270689964294434 1500
0.6288161277770996 1500
0.6300561428070068 1500
0.6318509578704834 1500
0.6327719688415527 1500
0.6350829601287842 1500
0.6361210346221924 1500
0.6377849578857422 1500
0.638801097869873 1500
0.6411631107330322 1500
0.6419470310211182 1500
0.6431739330291748 1500
0.6451520919799805 1500
0.645902156829834 1500
0.6481420993804932 1500
0.6489720344543457 1500
0.6534979343414307 1500
0.6534979343414307 1500
0.6541080474853516 1500
0.6549820899963379 1500
0.6614899635314941 1500
0.6614899635314941 1500
0.6614899635314941 1500
0.6614899635314941 1500
0.662153959274292 1500
0.6642971038818359 1500
0.6653361320495605 1500
0.6676959991455078 1500
0.6678869724273682 1500
0.6690411567687988 1500
0.6709649562835693 1500
0.6752750873565674 1500
0.6752750873565674 1500
0.6752750873565674 1500
0.6772410869598389 1500
0.6779389381408691 1500
0.6815071105957031 1500
0.6815071105957031 1500
0.6819300651550293 1500
0.6838700771331787 1500
0.6849820613861084 1500
0.6869540214538574 1500
0.6877260208129883 1500
0.6900711059570312 1500
0.6914000511169434 1500
0.6933259963989258 1500
0.6939799785614014 1500
0.6949429512023926 1500
0.6969089508056641 1500
0.6981849670410156 1500
0.700066089630127 1500
0.7012550830841064 1500
0.7031149864196777 1500
0.7041161060333252 1500
0.7068660259246826 1500
0.7068660259246826 1500
0.7078649997711182 1500
0.7103660106658936 1500
0.7110371589660645 1500
0.7132360935211182 1500
0.714040994644165 1500
0.7159409523010254 1500
0.7172229290008545 1500
0.7191910743713379 1500
0.7202091217041016 1500
0.720999002456665 1500
0.7228391170501709 1500
0.723992109298706 1500
0.7261919975280762 1500
0.7267699241638184 1500
0.7291131019592285 1500
0.7298870086669922 1500
0.7319090366363525 1500
0.7329070568084717 1500
0.7340569496154785 1500
0.7361979484558105 1500
0.7367751598358154 1500
0.7389359474182129 1500
0.740103006362915 1500
0.7420730590820312 1500
0.7430119514465332 1500
0.7450940608978271 1500
0.7460920810699463 1500
0.7470941543579102 1500
0.7493419647216797 1500
0.7558989524841309 1500
0.7558989524841309 1500
0.7558989524841309 1500
0.7558989524841309 1500
0.7560560703277588 1500
0.7579591274261475 1500
0.7604060173034668 1500
0.7604060173034668 1500
0.761894941329956 1500
0.7630231380462646 1500
0.7649481296539307 1500
0.7660701274871826 1500
0.7680680751800537 1500
0.7689609527587891 1500
0.7720940113067627 1500
0.7720940113067627 1500
0.7727689743041992 1500
0.7749741077423096 1500
0.7760951519012451 1500
0.7780699729919434 1500
0.7790689468383789 1500
0.7812061309814453 1500
0.7818670272827148 1500
0.785283088684082 1500
0.785283088684082 1500
0.7858531475067139 1500
0.7881500720977783 1500
0.7889831066131592 1500
0.7913949489593506 1500
0.7921669483184814 1500
0.7941091060638428 1500
0.7951569557189941 1500
0.7971351146697998 1500
0.7983219623565674 1500
0.7988841533660889 1500
0.8010349273681641 1500
0.8017821311950684 1500
0.804002046585083 1500
0.8049130439758301 1500
0.8070769309997559 1500
0.8078601360321045 1500
0.8103311061859131 1500
0.81113600730896 1500
0.812006950378418 1500
0.8142900466918945 1500
0.8150539398193359 1500
0.8169801235198975 1500
0.8177299499511719 1500
0.820235013961792 1500
0.8210220336914062 1500
0.8233320713043213 1500
0.8237471580505371 1500
0.8252360820770264 1500
0.8269479274749756 1500
0.8279421329498291 1500
0.8299839496612549 1500
0.8307840824127197 1500
0.8334970474243164 1500
0.8341629505157471 1500
0.8361361026763916 1500
0.8368549346923828 1500
0.8377490043640137 1500
0.8401939868927002 1500
0.8407559394836426 1500
0.8431780338287354 1500
0.8441281318664551 1500
0.846203088760376 1500
0.8468971252441406 1500
0.849358081817627 1500
0.8498399257659912 1500
0.8509700298309326 1500
0.8542981147766113 1500
0.8542981147766113 1500
0.8562970161437988 1500
0.8568990230560303 1500
0.859328031539917 1500
0.8643169403076172 1500
0.8643169403076172 1500
0.8643169403076172 1500
0.8665239810943604 1500
0.8665239810943604 1500
0.8679180145263672 1500
0.8691680431365967 1500
0.8698270320892334 1500
0.874669075012207 1500
0.875391960144043 1500
0.875391960144043 1500
0.8763151168823242 1500
0.8779721260070801 1500
0.8790359497070312 1500
0.8810441493988037 1500
0.8820381164550781 1500
0.8841140270233154 1500
0.8851261138916016 1500
0.8869869709014893 1500
0.8878049850463867 1500
0.8890550136566162 1500
0.8912351131439209 1500
0.8921020030975342 1500
0.8938620090484619 1500
0.8949620723724365 1500
0.8970320224761963 1500
0.898190975189209 1500
0.9001281261444092 1500
0.9007999897003174 1500
0.9022390842437744 1500
0.903792142868042 1500
0.9089360237121582 1500
0.9089360237121582 1500
0.9089360237121582 1500
0.91001296043396 1500
0.9109561443328857 1500
0.9143569469451904 1500
0.9143569469451904 1500
0.9149560928344727 1500
0.917233943939209 1500
0.9180819988250732 1500
0.9199299812316895 1500
0.9210119247436523 1500
0.9231529235839844 1500
0.9241011142730713 1500
0.9261250495910645 1500
0.9267849922180176 1500
0.9291939735412598 1500
0.9308969974517822 1500
0.9311039447784424 1500
0.9331619739532471 1500
0.9341881275177002 1500
0.9361059665679932 1500
0.9370059967041016 1500
0.9391231536865234 1500
0.9402279853820801 1500
0.9420599937438965 1500
0.9430601596832275 1500
0.9450039863586426 1500
0.945950984954834 1500
0.9485030174255371 1500
0.949044942855835 1500
0.9499320983886719 1500
0.9520950317382812 1500
0.9531121253967285 1500
0.9548900127410889 1500
0.9558010101318359 1500
0.9588601589202881 1500
0.9588601589202881 1500
0.9617149829864502 1500
0.962191104888916 1500
0.9627649784088135 1500
0.9650321006774902 1500
0.9659769535064697 1500
0.967864990234375 1500
0.9690520763397217 1500
0.971182107925415 1500
0.971890926361084 1500
0.9730961322784424 1500
0.9753849506378174 1500
0.9760241508483887 1500
0.9781360626220703 1500
0.9789681434631348 1500
0.9822649955749512 1500
0.9822649955749512 1500
0.9840500354766846 1500
0.9850180149078369 1500
0.9858770370483398 1500
0.987847089767456 1500
0.9888360500335693 1500
0.9912090301513672 1500
0.9922010898590088 1500
0.9941620826721191 1500
0.9949190616607666 1500
0.9972281455993652 1500
0.9978489875793457 1500
0.9989891052246094 1500
1.0011141300201416 1500
1.0019829273223877 1500
1.0052571296691895 1500
1.0052571296691895 1500
1.00714111328125 1500
1.0081050395965576 1500
1.009809970855713 1500
1.010977029800415 1500
