1049185
0.0 1478
0.0007030963897705078 1478
0.0010919570922851562 1478
0.0010919570922851562 1478
0.0017631053924560547 1478
0.0017631053924560547 1478
0.0025391578674316406 1478
0.0031011104583740234 1478
0.0031011104583740234 1478
0.004027128219604492 1478
0.004693031311035156 1478
0.004693031311035156 1478
0.005061149597167969 1478
0.005599021911621094 1478
0.05606698989868164 1478
0.05646514892578125 1478
0.05646514892578125 1478
0.05728912353515625 1478
0.05785799026489258 1478
0.05785799026489258 1478
0.0581820011138916 1478
0.058557987213134766 1478
0.058557987213134766 1478
0.0598599910736084 1478
0.06023907661437988 1478
0.06023907661437988 1478
0.06058812141418457 1478
0.0617060661315918 1478
0.0617060661315918 1478
0.06269407272338867 1478
0.06269407272338867 390
0.07735800743103027 1109
0.09440898895263672 1478
0.09440898895263672 1478
0.09503698348999023 321
0.12514209747314453 1478
0.12550711631774902 1478
0.12618803977966309 1478
0.12653112411499023 1478
0.12691593170166016 1478
0.12691593170166016 609
0.15410304069519043 1478
0.15410304069519043 1478
0.15439200401306152 1478
0.15507102012634277 1478
0.19763803482055664 1478
0.19763803482055664 1478
0.1986241340637207 1478
0.1986241340637207 1478
0.21606898307800293 1478
0.21712899208068848 1478
0.26020193099975586 1109
0.26045703887939453 1478
0.27907800674438477 1478
0.2794311046600342 1478
0.3421480655670166 1478
0.3421480655670166 1478
0.34262800216674805 1478
0.34262800216674805 1478
0.3430650234222412 1478
0.3430650234222412 1478
0.34349703788757324 1478
0.34383296966552734 1478
0.3441810607910156 1478
0.34464001655578613 1478
0.34464001655578613 1478
0.34511899948120117 1478
0.34537601470947266 1478
0.34572696685791016 1478
0.34606504440307617 1478
0.34606504440307617 1478
0.34642910957336426 1478
0.34694910049438477 1478
0.34770894050598145 1478
0.34806013107299805 1478
0.34841203689575195 1478
0.34841203689575195 1478
0.3489830493927002 1478
0.3489830493927002 1478
0.3493771553039551 1478
0.349714994430542 1478
0.349714994430542 1478
0.35036516189575195 1478
0.35098695755004883 1478
0.35098695755004883 1478
0.3515470027923584 1478
0.3515470027923584 1478
0.352039098739624 1478
0.352039098739624 1478
0.3523859977722168 1478
0.3523859977722168 1147
0.3788459300994873 1478
0.4422149658203125 52
0.44315099716186523 1478
0.44315099716186523 1478
0.4437410831451416 1478
0.4437410831451416 1478
0.4437410831451416 1478
0.4441499710083008 1478
0.44463014602661133 1478
0.44537806510925293 1478
0.44537806510925293 1478
0.44584202766418457 1478
0.44584202766418457 1478
0.44667911529541016 1478
0.44667911529541016 1478
0.4470541477203369 1478
0.4475369453430176 1478
0.44811511039733887 1478
0.4486091136932373 1478
0.4490940570831299 1478
0.4504380226135254 1478
0.4504380226135254 1478
0.45055294036865234 1478
0.45097899436950684 1478
0.45097899436950684 1478
0.4519021511077881 1478
0.4519021511077881 1478
0.4528839588165283 878
0.4810929298400879 1109
0.48149800300598145 1478
0.4819519519805908 1478
0.4819519519805908 1478
0.48230910301208496 1478
0.5113420486450195 76
0.5125031471252441 1478
0.5132279396057129 1478
0.513606071472168 1478
0.513944149017334 1478
0.5143771171569824 1478
0.5143771171569824 1478
0.5148849487304688 1478
0.5152020454406738 1478
0.5155260562896729 1478
0.5155260562896729 1478
0.5162420272827148 1478
0.5164411067962646 1478
0.5168149471282959 1478
0.5171670913696289 1478
0.5171670913696289 809
0.544748067855835 1478
0.544748067855835 1478
0.5451090335845947 1478
0.5454039573669434 1478
0.5458190441131592 1478
0.5458190441131592 1478
0.5464999675750732 1478
0.5468380451202393 1478
0.5468380451202393 1478
0.5476901531219482 1478
0.5480639934539795 1478
0.5480639934539795 1478
0.5484931468963623 1478
0.5484931468963623 121
0.5837810039520264 1478
0.5841879844665527 1478
0.5849010944366455 1478
0.5856220722198486 1478
0.5856220722198486 1478
0.5860409736633301 1478
0.5860409736633301 1478
0.6057190895080566 1478
0.6060669422149658 1478
0.6063871383666992 1478
0.6063871383666992 1478
0.6067471504211426 1478
0.6071269512176514 1478
0.6075129508972168 1478
0.6079039573669434 1478
0.6367001533508301 76
0.6373910903930664 1478
0.6384539604187012 1478
0.6391651630401611 1478
0.6391651630401611 1478
0.6400289535522461 1478
0.6515700817108154 1478
0.6519920825958252 1478
0.6519920825958252 1478
0.6528689861297607 1378
0.6681170463562012 1478
0.6685130596160889 1478
0.669029951095581 1478
0.669029951095581 1478
0.6694591045379639 1478
0.6694591045379639 1478
0.6698191165924072 1478
0.6698191165924072 1478
0.6701631546020508 1478
0.6705219745635986 1478
0.670863151550293 1478
0.6712319850921631 1478
0.6716301441192627 1478
0.6716301441192627 1478
0.6720950603485107 1478
0.6720950603485107 1478
0.6724851131439209 1478
0.6729309558868408 1478
0.6729309558868408 1478
0.6735391616821289 1478
0.6738171577453613 1478
0.6741659641265869 1478
0.6741659641265869 121
0.7092070579528809 76
0.7099809646606445 1478
0.7099809646606445 1478
0.710737943649292 1478
0.7110230922698975 1478
0.7118120193481445 1478
0.7125179767608643 1478
0.7125179767608643 1478
0.7130990028381348 1478
0.7135679721832275 1478
0.7135679721832275 1478
0.7139389514923096 1478
0.7139389514923096 1478
0.7149980068206787 1478
0.7149980068206787 1478
0.7151200771331787 1478
0.7151200771331787 1478
0.7155001163482666 1478
0.7155001163482666 1478
0.7160091400146484 1478
0.7160091400146484 1478
0.7167050838470459 1478
0.7167050838470459 1478
0.7170150279998779 1478
0.7170150279998779 1478
0.7177751064300537 1478
0.7177751064300537 1478
0.7180931568145752 1478
0.7185471057891846 1478
0.7185471057891846 1478
0.7198081016540527 1478
0.7198081016540527 1478
0.7198081016540527 1478
0.7206909656524658 1478
0.7311029434204102 1478
0.7314341068267822 1478
0.7317860126495361 1478
0.7317860126495361 1009
0.7321240901947021 1478
0.7321240901947021 1478
0.7325429916381836 1109
0.7827661037445068 1478
0.7827661037445068 1478
0.783210039138794 1478
0.783210039138794 1478
0.7838649749755859 1478
0.7838649749755859 1478
0.7838649749755859 321
0.8110649585723877 100
0.8110649585723877 1478
0.8126599788665771 1478
0.8126599788665771 1478
0.8126599788665771 1478
0.8126599788665771 1478
0.8126599788665771 1478
0.8133561611175537 1478
0.8143391609191895 1478
0.8143391609191895 1478
0.8143391609191895 1478
0.8160619735717773 1478
0.8160619735717773 1478
0.8160619735717773 1478
0.8165600299835205 1478
0.8169450759887695 1478
0.8173000812530518 1478
0.8176839351654053 1478
0.8176839351654053 1478
0.8181021213531494 1478
0.8186430931091309 1478
0.8186430931091309 1478
0.8190081119537354 1478
0.8190081119537354 1478
0.8190081119537354 709
0.8195180892944336 1478
0.819904088973999 1478
0.819904088973999 778
0.819904088973999 1109
0.8391399383544922 76
0.8398699760437012 1478
0.8402681350708008 1478
0.8402681350708008 778
0.8411190509796143 1478
0.8411190509796143 1478
0.8418309688568115 1478
0.8418309688568115 1478
0.8420579433441162 1478
0.8420579433441162 1478
0.842548131942749 1478
0.842548131942749 1478
0.8437049388885498 1478
0.8437049388885498 1478
0.8441071510314941 1478
0.8441071510314941 1478
0.8445389270782471 1478
0.8445389270782471 121
0.8948450088500977 52
0.8948450088500977 1478
0.8951671123504639 1478
0.8951671123504639 1478
0.896064043045044 1478
0.896064043045044 1478
0.897097110748291 1478
0.897097110748291 1478
0.8975250720977783 1478
0.8975250720977783 1478
0.8980591297149658 1478
0.8980591297149658 1478
0.8988001346588135 1478
0.8988001346588135 1478
0.8991429805755615 1478
0.8991429805755615 1478
0.8995261192321777 1478
0.9001340866088867 1478
0.9010701179504395 1478
0.9010701179504395 1478
0.9015300273895264 1478
0.9020740985870361 1478
0.9027941226959229 1478
0.9027941226959229 1478
0.9032261371612549 1478
0.9032261371612549 1478
0.9035561084747314 1478
0.9039270877838135 1478
0.9039270877838135 1478
0.9042670726776123 1478
0.9046480655670166 1478
0.9046480655670166 1478
0.9050400257110596 1478
0.9050400257110596 1478
0.9054019451141357 1478
0.9058761596679688 1478
0.906257152557373 1478
0.9066100120544434 1478
0.907142162322998 1478
0.907142162322998 1478
0.9076809883117676 1478
0.9080710411071777 1047
0.938215970993042 1478
0.938215970993042 1478
0.9386000633239746 1478
0.9390079975128174 1478
0.9701249599456787 1478
0.9708559513092041 1478
0.971235990524292 1478
0.9716429710388184 1478
0.9720380306243896 1478
0.9720380306243896 1478
0.9724271297454834 1478
0.9730560779571533 1478
0.9737930297851562 1378
1.0011060237884521 1478
1.0016379356384277 1478
1.0016379356384277 1478
1.0020720958709717 1478
1.0020720958709717 1478
1.0024890899658203 1478
1.0029809474945068 1478
1.0036590099334717 1478
1.0272560119628906 1478
1.0275940895080566 1478
1.0426061153411865 52
1.0430569648742676 1478
1.043637990951538 1109
1.0616869926452637 100
1.0624780654907227 1478
1.062958002090454 1478
1.062958002090454 1478
1.0636470317840576 1478
1.0641040802001953 1478
1.0641040802001953 1478
1.06449294090271 1478
1.0648751258850098 1478
1.0648751258850098 1478
1.0655651092529297 1478
1.0659401416778564 1478
1.066542148590088 1478
1.066542148590088 1478
1.067060947418213 1478
1.067060947418213 1478
1.0675721168518066 1478
1.067950963973999 1478
1.067950963973999 1478
1.0685250759124756 1478
1.0690600872039795 1478
1.0690600872039795 1478
1.0705230236053467 1478
1.0705230236053467 1478
1.0705230236053467 1478
1.0705230236053467 978
1.092198133468628 52
1.0929441452026367 1478
1.0935900211334229 1478
1.0940139293670654 1478
1.0940139293670654 1478
1.094851016998291 1478
1.094851016998291 1478
1.0952041149139404 1478
1.0956530570983887 1478
1.0956530570983887 1478
1.096208095550537 1478
1.0970361232757568 1478
1.0970361232757568 1478
1.0975401401519775 1478
1.0975401401519775 1478
1.0980401039123535 1478
1.0980401039123535 1478
1.098487138748169 1478
1.098487138748169 1478
1.0990369319915771 1478
1.099501132965088 1478
1.099501132965088 1478
1.099501132965088 1478
1.0999410152435303 1478
1.1003930568695068 1478
1.1010949611663818 1478
1.1015269756317139 1478
1.1015269756317139 1478
1.1021389961242676 1478
1.1025240421295166 1478
1.1030941009521484 1478
1.1030941009521484 1478
1.1036560535430908 1478
1.1040871143341064 1478
1.1040871143341064 1478
1.1044061183929443 1478
1.1049220561981201 1478
1.1052980422973633 1478
1.1057510375976562 1478
1.1060669422149658 1478
1.1060669422149658 1047
1.1064789295196533 1133
1.121155023574829 1478
1.121155023574829 1478
1.1220030784606934 1478
1.122223138809204 1378
1.1686551570892334 1478
1.1686551570892334 1478
1.1690411567687988 1478
1.1690411567687988 1478
1.1698861122131348 1478
1.1698861122131348 1478
1.1703181266784668 1478
1.170706033706665 1478
1.1710951328277588 1478
1.171489953994751 1478
1.171489953994751 1478
1.171489953994751 321
1.1987271308898926 52
1.1991641521453857 1478
1.1995971202850342 1478
1.1995971202850342 1478
1.2001099586486816 1478
1.2001099586486816 1478
1.200775146484375 1478
1.2011590003967285 1478
1.2011590003967285 1478
1.2020010948181152 1478
1.2024190425872803 1478
1.2024190425872803 1478
1.2299981117248535 1478
1.2303390502929688 1478
1.2310619354248047 1478
1.2314081192016602 1478
1.2318611145019531 1478
1.2318611145019531 1478
1.2322070598602295 1478
1.2325451374053955 1478
1.2325451374053955 1478
1.2325451374053955 221
1.2653460502624512 1478
1.277759075164795 1478
1.27811598777771 1478
1.27811598777771 1109
1.294072151184082 1478
1.294072151184082 1478
1.29441499710083 1478
1.29441499710083 321
1.3270859718322754 1478
1.3270859718322754 1009
1.3470799922943115 52
1.347715139389038 1478
1.3480701446533203 1478
1.3480701446533203 1478
1.3485469818115234 1109
1.354438066482544 76
1.3551349639892578 1478
1.3558199405670166 1478
1.3696730136871338 52
1.3700201511383057 1478
1.3706929683685303 1478
1.3706929683685303 1478
1.3711111545562744 1478
1.3711111545562744 1478
1.3716039657592773 1478
1.3721051216125488 1478
1.3721051216125488 1478
1.3724911212921143 1478
1.3729500770568848 1478
1.3733201026916504 1478
1.3736939430236816 1478
1.3736939430236816 1478
1.3741569519042969 1478
1.3741569519042969 1478
1.374873161315918 1478
1.374873161315918 1478
1.375195026397705 1478
1.375688076019287 1478
1.375688076019287 1478
1.3761041164398193 1478
1.3764841556549072 1478
1.376863956451416 1478
1.377274990081787 1478
1.3776390552520752 1478
1.3776390552520752 1478
1.3783760070800781 1478
1.3788349628448486 1478
1.3788349628448486 1478
1.3792200088500977 1478
1.3796789646148682 1478
1.3796789646148682 1478
1.3800959587097168 1478
1.3810181617736816 1478
1.3815290927886963 1478
1.382025957107544 1478
1.382025957107544 1478
1.3824310302734375 1478
1.3828051090240479 1478
1.3828051090240479 1478
1.383268117904663 1478
1.3837220668792725 1478
1.3837220668792725 1478
1.3841819763183594 1478
1.3841819763183594 1478
1.3851630687713623 1478
1.3851630687713623 1478
1.3853940963745117 1478
1.3859169483184814 1478
1.3859169483184814 1478
1.3864171504974365 1478
1.3864171504974365 478
1.4181981086730957 1478
1.4185309410095215 1478
1.418903112411499 1478
1.4193229675292969 1478
1.4193229675292969 1478
1.4197189807891846 1478
1.4200770854949951 1478
1.4200770854949951 1478
1.420732021331787 1478
1.420732021331787 1478
1.4210679531097412 1478
1.4210679531097412 1478
1.4215059280395508 1478
1.4220809936523438 1478
1.4220809936523438 1478
1.4226269721984863 1478
1.4226269721984863 1478
1.4230811595916748 1478
1.4230811595916748 121
1.4481620788574219 1478
1.483726978302002 52
1.4850659370422363 1478
1.4853360652923584 1378
1.485908031463623 1478
1.4862029552459717 1478
1.4865880012512207 1478
1.4865880012512207 1478
1.4879820346832275 1478
1.4879820346832275 1478
1.4879820346832275 1478
1.4879820346832275 1478
1.4879820346832275 1478
1.4889099597930908 1478
1.489901065826416 1478
1.489901065826416 1378
1.5120790004730225 1478
1.5123381614685059 1478
1.5123381614685059 1478
1.5128700733184814 1378
1.5128700733184814 1478
1.5425770282745361 76
1.543154001235962 1478
1.5467841625213623 1109
1.5731580257415771 1478
1.573591947555542 1478
1.573979139328003 1478
1.574587106704712 1478
1.574981927871704 1478
1.574981927871704 1478
1.5753390789031982 1478
1.5753390789031982 1478
1.576019048690796 1478
1.576019048690796 221
1.6045949459075928 1478
1.6367390155792236 1478
1.6370599269866943 1478
1.6374099254608154 1478
1.6379010677337646 1478
1.6379010677337646 1478
1.6387231349945068 1378
1.6971631050109863 100
1.6979830265045166 1478
1.6983280181884766 1478
1.6986751556396484 1478
1.6986751556396484 1478
1.6990771293640137 1478
1.6994249820709229 1478
1.6998751163482666 1478
1.6998751163482666 1478
1.7002220153808594 1009
1.7141261100769043 1478
1.7141261100769043 1478
1.7147510051727295 1478
1.7147510051727295 1478
1.7151610851287842 1478
1.7151610851287842 1478
1.715404987335205 1478
1.715806007385254 1478
1.7164239883422852 1478
1.7164239883422852 1478
1.7171390056610107 1478
1.717406988143921 1478
1.7177979946136475 1478
1.7181811332702637 1478
1.7184910774230957 1478
1.7189569473266602 1478
1.7189569473266602 1478
1.7196340560913086 1478
1.7196340560913086 1478
1.7203929424285889 1478
1.7203929424285889 1478
1.721086025238037 1478
1.721086025238037 1478
1.721992015838623 1478
1.721992015838623 1478
1.7221660614013672 1478
1.7221660614013672 1478
1.7221660614013672 1478
1.7230520248413086 1478
1.7230520248413086 878
1.7285511493682861 52
1.7291910648345947 1478
1.7301239967346191 1478
1.7301239967346191 1478
1.7310681343078613 1478
1.731492042541504 1478
1.7326290607452393 1478
1.7326290607452393 1478
1.733124017715454 1478
1.733124017715454 1478
1.7334439754486084 1478
1.7339980602264404 1478
1.7343370914459229 1478
1.7343370914459229 1478
1.7346770763397217 1478
1.7350659370422363 1478
1.7350659370422363 1478
1.7365350723266602 1478
1.7365350723266602 1478
1.7370920181274414 1478
1.7370920181274414 1478
1.737442970275879 1478
1.7378439903259277 1478
1.7378439903259277 1478
1.738219976425171 1478
1.7387380599975586 1478
1.7387380599975586 878
1.759829044342041 1478
1.7600300312042236 1478
1.7604320049285889 1478
1.7604320049285889 1478
1.7608590126037598 1478
1.7608590126037598 1478
1.7608590126037598 321
1.7930541038513184 1478
1.8235580921173096 52
1.824110984802246 1478
1.8246221542358398 1478
1.8246221542358398 1478
1.825472116470337 1478
1.825472116470337 1478
1.825989007949829 1478
1.825989007949829 1478
1.8263189792633057 1478
1.8263189792633057 1478
1.8269109725952148 1478
1.8274130821228027 1478
1.8279221057891846 1478
1.8279221057891846 1478
1.8283181190490723 1478
1.8283181190490723 1478
1.828916072845459 1478
1.828916072845459 1478
1.8294141292572021 1478
1.8294141292572021 1478
1.8299131393432617 1478
1.8303170204162598 1478
1.8303170204162598 1478
1.8309149742126465 1478
1.8309149742126465 1278
1.8561151027679443 1478
1.8564460277557373 1478
1.8569059371948242 1478
1.8858730792999268 1478
1.9158830642700195 1133
1.948117971420288 1478
1.948117971420288 1478
1.9490301609039307 1478
1.9490301609039307 1478
1.9494259357452393 1478
1.9497349262237549 1478
1.9501330852508545 1478
1.9507040977478027 1478
1.9507040977478027 1478
1.9510741233825684 1478
1.9518640041351318 1478
1.952660083770752 1478
1.9529991149902344 1478
1.9529991149902344 1478
1.9529991149902344 121
1.9713399410247803 52
1.9716501235961914 1478
1.9718611240386963 1378
1.9718611240386963 1109
1.978492021560669 76
1.979651927947998 1478
1.979651927947998 1478
1.9804799556732178 1478
1.9808530807495117 1478
2.0131211280822754 1478
2.0135200023651123 1478
2.0138909816741943 1478
2.0144951343536377 1478
2.015066146850586 1478
2.015066146850586 1478
2.0154120922088623 1478
2.0158779621124268 1478
2.0158779621124268 1478
2.0162529945373535 1478
2.0166471004486084 1478
2.017056941986084 1478
2.017056941986084 1478
2.017401933670044 1478
2.017764091491699 1478
2.017764091491699 1478
2.0186469554901123 1478
2.0190610885620117 1478
2.0194239616394043 1478
2.019771099090576 1478
