14014
0.0 56
1.3314489999999997 55
1.3319579999999998 54
1.7239730000000004 74
2.098685 31
12.099153000000001 31
21.803665 74
22.098663 31
22.181455 54
22.237816 56
32.099184 31
41.853992000000005 73
42.09968 31
42.257752 55
42.261747 54
42.399768 51
42.453009 55
42.553801 55
42.553837 55
42.604708 55
42.604737 55
42.655722000000004 55
42.655752 55
42.655779 55
42.707757 55
42.707788 55
42.707815000000004 55
42.707843000000004 55
42.757734 55
42.757766000000004 55
42.809751000000006 55
42.809786 55
42.809814 55
42.809863 55
42.859732 55
42.910766 63
42.910797 55
42.910825 55
42.961788000000006 55
42.961818 55
42.961845000000004 55
43.015162000000004 55
43.015197 55
43.015226000000006 55
43.015253 55
43.015283000000004 55
43.015313 55
43.121135 55
43.12118 55
43.121205 55
43.172740000000005 55
43.172772 55
43.1728 55
43.172826 55
43.222771 55
43.222803 55
43.273799000000004 55
43.273831 55
43.325689000000004 55
43.325729 55
43.325758 55
43.325806 55
43.375879000000005 55
43.375918000000006 55
43.429018 63
43.429056 55
43.429084 55
43.429111 55
43.429142 55
43.429172 55
43.429201 55
43.429229 55
43.429258000000004 55
43.429287 55
43.429316 55
43.429345000000005 55
43.429374 55
43.429402 55
43.429431 55
43.42946 55
43.429488 55
43.429517000000004 55
43.429546 55
43.429574 55
43.429603 55
43.429632000000005 55
43.483976000000006 63
43.484012 55
43.484041000000005 55
43.484068 55
43.484096 55
43.484123000000004 55
43.484148000000005 55
43.484175 55
43.484201 55
43.484228 55
43.484254 55
43.484280000000005 55
43.484306000000004 55
43.484333 55
43.484359000000005 55
43.484385 55
43.484412 55
43.484438000000004 55
43.484464 55
43.48449 55
43.484516 55
43.484543 55
43.539968 55
43.539999 55
43.540026000000005 55
43.540053 55
43.540079000000006 55
43.540106 55
43.540132 55
43.540158000000005 55
43.540185 55
43.540212000000004 55
43.540238 55
43.540264 55
43.540291 55
43.540317 55
43.540343 55
43.54037 55
43.540396 55
43.540422 55
43.540449 55
43.540474 55
43.540501 55
43.540527000000004 55
43.595947 63
43.595977000000005 55
43.596005000000005 55
43.596031 55
43.596058 55
43.596084000000005 55
43.596111 55
43.596137 55
43.596164 55
43.59619 55
43.596216000000005 55
43.596242000000004 55
43.596269 55
43.596295000000005 55
43.596321 55
43.596347 55
43.596374000000004 55
43.5964 55
43.596426 55
43.596453000000004 55
43.596479 55
43.596505 55
43.650979 63
43.65101 55
43.651037 55
43.651064000000005 55
43.65109 55
43.651117 55
43.651143000000005 55
43.651169 55
43.651195 55
43.651222000000004 55
43.651248 55
43.651274 55
43.651301000000004 55
43.651327 55
43.651353 55
43.651379000000006 55
43.651405000000004 55
43.651431 55
43.651457 55
43.651484 55
43.651509000000004 55
43.651536 55
43.651561 55
43.651588000000004 55
43.706945000000005 63
43.706976000000004 55
43.707003 55
43.70703 55
43.707057 55
43.707084 55
43.70711 55
43.707136000000006 55
43.707163 55
43.707189 55
43.707215000000005 55
43.707241 55
43.707268 55
43.707294000000005 55
43.70732 55
43.707347000000006 55
43.707373000000004 55
43.707399 55
43.707425 55
43.707451 55
43.707476 55
43.707503 55
43.707529 55
43.758958 55
43.758991 55
43.759018000000005 55
43.759045 55
43.759072 55
43.759098 55
43.759125000000004 55
43.759151 55
43.759177 55
43.759204000000004 55
43.75923 55
43.759256 55
43.759282 55
43.759308000000004 55
43.759335 55
43.808742 55
43.899772000000006 55
43.899803000000006 55
44.001780000000004 64
44.005931000000004 82
44.034868 54
45.503864 55
49.551565000000004 47
50.350186 47
51.551712 47
52.103692 31
52.350479 47
53.551501 46
54.449345 47
58.098905 174
58.102547 48
58.410313 265
58.410398 175
58.411309 53
58.411627 47
62.14969000000001 31
71.906749 72
72.15719200000001 31
72.773632 48
72.77376 76
78.899767 56
79.312723 56
79.314181 48
82.200732 31
88.61885600000001 55
88.618996 47
92.201614 31
95.769634 55
101.959965 72
102.201714 31
112.202233 31
